931 955 925 992 921 917 949 984 973 969 988 960 998 982 904 999 923 946 964 926 986 972 936 930 953 918 908 954 980 950 929 902 997 989 981 907 977 965 915 944 959 914 937 916 913 941 939 971 975 976 978 934 974 958 983 935 909 919 911 961 947 938 942 994 943 966 912 920 901 910 924 922 996 927 940 987 962 906 903 905 993 990 963 967 956 995 952 985 932 945 979 991 968
31 15 58 38 97 39 0 85 95 86 84 6 32 43 81 27 46 98 82 57 12 17 87 53 66 77 7 96 19 22 14 47 44 67 50 72 79 49 99 89 26 63 42 83 92 16 25 10 3 60 23 18 40 51 20 9 76 24 65 88 90 2 28 21 37 61 59 91 30 48 35 69 94 71 36 68 56 73 4 11 34 75 13 55 29 64 33 45 80 74 54 62 52
126 142 131 174 157 108 188 109 103 196 127 160 185 194 163 124 102 144 132 116 141 177 105 117 112 176 152 167 197 130 179 184 192 115 143 133 171 154 166 145 128 186 187 199 162 164 148 170 119 180 139 120 104 182 150 169 138 147 135 140 149 173 165 134 110 155 153 193 114 178 136 172 146 181 183 113 168 106 161 137 125 195 123
497 478 412 404 490 461 455 432 431 485 499 435 439 460 406 407 442 424 414 491 430 429 463 423 470 465 453 479 427 467 441 495 477 481 419 466 420 426 450 459 437 476 408 451 447 405 456 493 471 436 462 488 480 434 433 422 416 409 410 445 468 448 484 457 417 452 489 483 428 438 498 475 482 492 474 415 411 454 458 446 444 401 494 469 413 402 449 487 443 486 464 473 403 425
854 885 895 899 815 809 857 867 851 825 847 884 882 864 834 813 816 820 835 889 817 878 873 852 886 877 891 860 826 831 845 890 812 863 848 840 870 829 892 803 893 804 841 821 822 806 839 894 827 823 833 862 800 828 836 858 846 850 830 883 880 866 871 814 818 819 875 853 887 861 868 844 824 874 888 808 838 876 807 849 865 898 810 811 869 805 872 832 897 896 837 843
274 235 227 265 277 276 289 284 251 253 208 203 281 257 272 267 290 268 218 259 232 246 219 252 256 210 221 273 242 200 262 209 248 216 230 288 266 278 293 240 287 207 229 255 285 205 299 236 249 217 258 280 214 228 250 234 245 212 297 292 223 254 247 261 283 204 263 233 286 275 291 298 222 202 295 294 279 244 270 238 206 226 282 237 239 241 231 213 225
750 771 781 720 740 798 774 755 711 719 762 799 702 796 737 722 739 717 765 751 714 734 759 793 704 770 709 735 758 763 766 705 712 790 767 761 730 787 732 776 741 710 728 733 742 797 773 795 724 752 753 784 769 786 748 778 738 777 703 780 749 731 736 746 772 718 791 743 721 756 707 783 701 764 744 754 792 723 757 715 760 716 779 708 794 782 747 768 788 729 713
647 657 677 644 682 636 650 617 667 630 669 645 602 661 646 690 609 638 655 659 626 664 613 651 693 679 601 616 673 691 678 699 603 618 662 680 608 640 604 666 654 639 656 660 653 605 696 614 633 635 663 643 658 665 634 652 695 628 641 637 622 694 688 681 631 607 649 674 692 697 686 629 611 632 675 685 672 683 620 668 615 621 676 698 684 642 671 670 627 648 625
802
537 506 516 578 573 552 591 596 535 543 561 517 565 510 549 505 563 547 593 511 523 597 534 556 584 502 598 569 525 590 507 546 562 588 575 509 528 514 512 531 559 504 529 576 521 524 589 560 554 550 551 585 545 501 582 580 520 557 540 586 518 539 508 519 566 541 536 532 564 574 544 526 594 515 599 567 503 571 581 577 530 555 538 579 542 533 570 513 595 568 583 527
8
322 362 378 381 306 368 318 323 386 308 307 358 353 314 341 394 345 329 328 344 377 370 346 319 349 391 393 337 330 334 350 390 369 332 389 398 324 339 396 399 367 325 397 359 383 315 321 342 360 364 375 351 326 340 343 365 387 309 305 313 317 372 347 388 303 312 338 382 357 395 354 336 356 311 379 320 348 327 363 331 300 352 302 355 380 310 371 333 361 366 385 392
264
548
612
801
111
421
418
304
151
689
957
384
100
970
619
1
129
587
700
706
159
726
933
745
260
107
190
70
122
158
215
191
951
198
5
78
41
522
156
243
789
859
900
376
558
400
440
600
335
624
121
175
201
500
623
572
220
373
271
727
842
118
785
928
606
687
472
269
725
316
374
93
496
879
775
553
856
296
301
101
592
211
189
610
855
881
224
948