947 971 955 920 911 969 980 902 924 901 994 907 949 940 995 999 925 935 990 930 959 964 960 973 984 912 987 908 919 941 917 952 953 961 977 946 904 966 939 943 956 916 921 905 991 945 993 976 972 967 931 986 978 965 938 968 936 932 923 918 985 989 982 909 997 915 983 929 963 981 927 988 906 903 910 913 979 954 950 975 926 914 944 998 974 962 996 992 934 922 958 942 937
89 75 64 40 77 27 74 10 58 49 96 20 12 59 37 99 29 48 28 88 39 15 72 6 91 81 45 84 14 19 30 13 51 85 44 47 82 60 95 69 71 3 50 26 33 52 0 17 7 83 25 94 65 53 56 38 68 43 79 55 80 18 22 11 73 4 16 63 61 31 21 92 98 62 34 54 23 67 2 66 9 90 86 76 36 24 32 46 42 87 57 97 35
168 186 180 117 116 112 160 143 155 127 148 110 177 144 165 178 133 126 136 176 142 141 105 153 182 157 120 103 114 174 192 145 197 169 149 132 138 119 109 193 134 140 179 161 196 195 163 131 173 170 124 154 130 167 171 108 104 184 199 139 115 185 181 194 123 102 147 113 152 188 172 183 187 128 164 146 137 166 162 150 125 106 135
494 409 486 437 425 497 434 451 436 498 408 481 420 438 457 479 480 476 435 445 485 482 458 405 490 493 448 447 471 487 413 499 402 453 467 414 454 484 404 452 427 417 483 422 403 429 488 456 446 459 401 415 441 462 416 407 465 442 444 477 433 424 430 432 468 423 419 428 495 412 492 411 470 474 478 450 491 466 410 475 455 449 469 460 461 439 463 443 473 431 406 489 426 464
844 811 807 843 809 803 819 851 826 854 895 858 886 852 878 810 836 825 868 876 845 866 888 896 891 828 817 824 875 877 827 882 862 869 867 853 818 829 846 808 892 897 839 890 857 883 800 831 837 873 864 865 805 850 887 898 860 833 847 815 806 885 871 849 899 884 889 814 880 823 870 874 894 841 821 838 848 820 830 840 813 822 872 893 861 804 863 812 816 835 834 832
204 233 235 216 291 206 258 229 230 276 285 226 259 245 213 287 298 232 294 265 208 222 231 299 290 268 293 219 236 297 263 277 228 252 218 279 275 249 273 261 295 284 207 237 274 212 223 210 272 292 205 251 248 257 244 241 227 202 255 267 256 254 225 247 253 266 239 221 288 214 238 280 282 217 281 286 250 240 234 209 289 270 242 203 283 278 246 262 200
709 707 719 767 704 792 755 784 716 705 757 770 774 759 752 735 780 713 733 751 779 793 737 729 797 772 760 712 742 724 702 717 714 749 791 799 741 734 773 763 795 771 721 720 731 782 744 750 788 766 748 777 787 701 711 703 718 756 736 764 740 790 778 769 723 728 776 796 722 758 761 794 739 786 732 730 768 754 783 710 753 781 798 708 715 747 762 738 743 746 765
650 614 668 673 684 697 655 688 646 679 662 644 657 603 625 628 615 675 671 690 637 693 691 683 636 672 638 618 656 643 648 626 611 604 632 645 630 694 678 686 654 685 659 699 629 647 664 649 698 692 622 666 627 676 609 695 641 661 658 669 682 681 653 677 605 670 665 620 652 634 696 621 608 660 640 613 680 639 663 633 667 601 607 674 602 651 635 616 642 631
802
545 557 519 547 582 527 598 589 576 593 509 559 525 586 524 520 571 563 549 591 505 562 578 538 561 546 580 588 594 550 517 537 521 554 529 515 564 555 541 530 531 540 503 566 552 502 534 535 506 542 544 573 510 565 532 526 536 513 596 597 574 575 579 585 533 504 577 507 583 528 508 584 590 551 516 511 570 518 567 539 501 556 569 512 581 599 560 595 523 568 543 514
8
398 395 375 396 361 319 392 353 313 382 341 305 360 381 337 357 317 308 328 321 336 390 380 393 310 338 348 351 389 394 345 343 359 356 306 322 391 339 349 333 363 300 365 399 379 329 350 309 318 354 312 323 307 370 358 355 352 327 368 344 325 362 314 331 346 397 347 303 311 334 332 372 320 385 315 342 388 367 387 364 386 377 369 324 340 302 366 383 330 326 371 378
264
548
612
801
111
421
418
304
151
689
957
384
100
970
619
1
129
587
700
706
159
726
933
745
260
107
190
70
122
158
215
191
951
198
5
78
41
522
156
243
789
859
900
376
558
400
440
600
335
624
121
175
201
500
617
623
572
220
373
271
727
842
118
785
928
606
687
472
269
725
316
374
93
496
879
775
553
856
296
301
101
592
211
189
610
855
881
224
948