992 936 987 994 915 937 965 909 971 911 916 914 926 985 929 967 990 924 902 980 974 997 934 931 952 920 917 922 991 913 938 904 988 958 983 942 955 984 927 963 959 969 989 939 941 950 907 973 923 998 935 961 972 912 943 905 903 945 981 946 930 993 949 947 940 976 960 995 979 932 999 954 906 964 978 975 962 982 925 944 910 921 908 996 977 919 986 956 968 918 901 953 966
30 97 92 71 53 46 52 11 56 0 99 27 89 79 29 31 28 60 14 43 35 37 67 94 47 39 65 55 58 18 72 32 61 74 73 38 90 54 10 95 12 24 25 22 57 69 68 6 2 15 86 82 62 4 9 33 66 75 40 87 77 50 64 80 34 85 63 98 88 26 17 36 44 20 45 21 13 23 42 16 81 91 76 19 48 84 96 3 49 51 83 59 7
125 161 154 113 178 117 147 140 133 146 173 163 126 114 136 137 150 164 169 110 165 127 168 115 105 148 157 130 180 194 109 152 116 187 108 144 172 184 162 185 188 131 134 182 166 145 183 149 170 124 174 177 102 135 160 106 196 171 199 103 193 176 155 104 153 167 138 120 179 141 186 132 139 143 195 181 123 192 119 197 112 142 128
438 468 403 426 428 439 425 442 494 479 433 461 405 402 443 460 420 415 475 452 487 445 435 437 412 429 416 414 469 413 410 423 499 456 485 401 474 489 458 467 470 408 497 451 424 430 483 444 493 465 473 453 486 422 436 419 495 490 406 482 464 484 447 457 491 417 463 455 462 432 407 448 427 404 431 471 409 476 477 450 441 492 459 498 478 446 488 454 480 481 434 411 466 449
853 874 897 832 825 805 875 885 815 808 834 827 888 800 889 804 848 814 818 893 803 824 895 886 880 817 813 883 876 846 882 845 851 863 878 843 831 837 847 867 877 828 866 812 823 841 872 850 890 835 839 830 826 870 898 864 819 871 892 807 816 857 861 860 873 833 840 891 838 869 821 820 854 806 899 852 811 809 894 836 868 865 810 896 862 858 887 844 884 822 829 849
233 216 276 239 203 218 232 221 294 286 256 214 274 281 262 284 254 287 226 212 246 282 279 263 200 207 227 266 257 241 299 267 240 234 258 270 206 259 297 251 219 222 252 228 235 272 245 268 285 209 255 238 278 261 253 217 210 231 292 291 275 283 223 295 236 293 277 298 280 229 204 213 208 290 288 230 248 225 242 289 273 249 244 250 202 247 237 265 205
722 755 791 765 747 730 794 732 793 772 768 788 798 724 713 759 757 716 799 701 786 748 744 739 750 738 779 742 762 776 731 746 766 733 703 777 758 734 796 760 751 735 707 795 715 740 728 778 723 714 741 767 737 704 783 770 736 705 717 743 752 718 761 797 753 720 756 710 792 754 781 780 787 709 764 763 773 702 774 719 721 711 729 784 782 712 749 790 708 771 769
645 654 694 677 641 682 665 656 603 663 629 630 684 640 670 664 628 660 643 655 696 633 662 613 636 671 652 679 691 657 650 615 685 676 658 693 622 620 646 699 601 602 607 608 632 666 659 604 651 642 667 634 678 683 692 669 639 609 648 611 675 618 680 653 637 614 625 605 626 672 681 690 649 644 621 627 697 674 673 635 616 631 668 661 688 695 638 647 698
802
526 593 589 532 502 511 568 570 586 575 504 535 539 525 565 545 534 567 531 591 516 583 515 596 547 556 523 546 566 507 552 508 564 574 554 585 538 501 560 561 551 503 597 520 517 527 544 571 595 543 512 513 555 509 505 550 584 573 549 530 519 557 582 524 540 588 598 590 533 563 506 521 528 541 580 569 581 559 536 578 537 577 562 518 529 514 510 594 599 579 576 542
8
366 321 394 341 326 389 369 332 320 327 328 319 359 381 310 353 377 318 313 351 399 344 378 382 342 347 390 350 365 375 345 307 360 356 312 339 379 309 372 329 337 387 333 324 311 395 391 300 393 388 380 364 361 367 383 368 349 305 306 303 348 315 362 343 371 357 317 398 397 314 308 302 385 352 358 340 363 325 331 330 370 323 354 346 355 322 338 392 336 386 396 334
264
548
612
801
111
421
418
304
151
689
957
384
100
970
619
1
129
587
700
706
159
726
933
745
260
107
190
70
122
158
215
191
951
198
5
78
41
522
156
243
789
859
900
376
558
400
440
600
335
624
121
175
201
500
617
623
572
220
373
271
727
842
118
785
928
686
606
687
472
269
725
316
374
93
496
879
775
553
856
296
301
101
592
211
189
610
855
881
224
948