967 915 950 921 961 968 947 978 973 995 934 925 909 941 949 926 963 959 966 976 962 987 904 903 981 930 977 910 984 994 997 920 913 991 919 964 927 923 993 952 989 965 943 901 922 932 980 972 908 999 944 982 983 937 986 912 956 917 974 990 971 992 955 960 935 938 905 929 988 940 939 969 907 998 924 958 953 902 975 946 942 916 914 985 945 906 931 911 954 996 936 918 979
90 73 32 43 76 31 74 4 18 55 91 28 96 82 47 84 52 63 42 16 15 37 62 33 25 34 40 54 12 99 22 26 95 17 38 21 89 13 88 69 48 87 20 11 7 68 44 57 59 19 61 60 71 51 75 77 58 3 65 0 35 85 50 23 79 64 29 39 97 83 45 6 27 49 14 66 67 2 94 36 46 80 24 92 9 30 86 56 53 98 81 10 72
105 184 188 170 179 113 165 160 162 196 183 119 164 177 146 124 104 161 136 186 168 172 173 169 199 148 155 112 114 128 167 197 142 132 178 135 174 176 108 127 185 144 145 150 149 154 110 182 138 117 131 109 141 115 147 194 120 102 125 123 126 192 195 133 152 116 106 180 193 157 134 163 181 139 153 166 143 130 103 137 187 140 171
480 445 443 476 450 444 459 406 463 439 497 455 483 431 464 402 468 458 423 499 425 479 426 403 457 401 461 435 478 495 438 415 492 414 427 430 465 454 436 441 469 488 416 433 429 410 474 422 419 475 412 449 420 466 490 451 467 470 434 462 424 482 448 487 442 471 409 456 413 411 484 407 473 446 493 408 498 453 432 428 481 494 405 452 486 417 460 404 489 485 437 491 447
835 864 814 818 826 819 883 861 862 811 854 849 805 858 882 843 890 878 893 860 863 850 816 899 840 821 897 823 851 891 830 834 806 815 803 836 813 857 828 831 869 846 868 894 820 848 825 833 876 875 809 889 872 853 829 892 837 898 880 874 827 838 870 839 807 866 884 871 888 887 867 896 873 808 804 845 852 824 885 822 886 865 832 877 810 841 847 812 844 895 800 817
294 240 284 283 249 213 235 290 289 274 253 231 272 267 280 216 230 273 204 222 232 299 209 276 251 217 223 238 279 205 285 200 266 262 298 210 288 228 291 212 206 203 292 225 255 236 281 287 239 252 282 265 268 286 227 250 270 256 254 226 218 258 277 233 208 263 261 297 221 278 275 246 247 244 257 237 241 219 242 229 295 202 234 248 245 293 207 259 214
730 724 749 774 750 734 732 759 712 708 770 796 769 791 722 752 714 731 716 779 723 761 739 701 735 715 717 737 766 743 768 767 709 798 793 792 718 729 776 762 772 738 744 778 710 754 797 741 742 790 764 711 719 740 788 794 780 751 795 720 783 784 781 782 756 786 733 705 758 757 707 748 760 753 763 728 747 746 736 713 765 773 771 702 755 787 704 703 777 721 799
635 693 618 651 615 650 674 622 633 607 660 638 668 643 637 621 683 656 647 685 603 695 654 659 611 680 684 602 658 681 666 629 671 628 613 688 676 636 690 625 601 691 627 682 645 692 675 677 697 604 620 667 652 664 631 639 699 673 626 632 630 609 662 657 672 648 605 655 669 649 640 665 670 608 696 646 614 642 644 694 679 634 663 616 653 641 698 678 661
802
576 550 565 518 531 540 514 581 523 506 573 586 509 574 568 579 512 532 524 525 511 594 516 545 504 529 505 596 502 539 554 543 533 563 530 542 571 552 598 589 535 578 517 557 536 515 519 584 560 582 510 595 575 544 577 513 567 588 561 556 503 569 555 528 501 547 559 534 585 570 590 538 520 521 593 546 580 566 599 508 551 562 583 591 541 527 507 526 537 597 564 549
8
348 341 357 327 366 365 398 360 371 391 397 387 350 370 336 319 339 325 388 313 368 340 331 302 320 346 377 343 310 306 395 363 333 375 305 334 347 393 396 353 311 352 342 326 390 318 364 361 369 312 309 386 392 332 367 385 351 317 344 337 323 315 314 355 382 380 349 303 394 354 345 378 329 330 356 359 383 324 362 308 321 372 379 300 358 328 389 322 338 381 399 307
264
548
612
801
111
421
418
304
151
689
957
384
100
970
619
1
129
587
700
706
159
726
933
745
260
107
477
190
70
122
158
215
191
951
198
5
78
41
522
156
243
789
859
900
376
558
400
440
600
335
624
121
175
201
500
617
623
572
220
373
271
727
842
118
785
928
686
606
687
472
269
725
316
374
93
496
879
775
553
856
296
301
101
592
211
189
610
855
881
224
948