966 926 986 930 937 947 905 969 992 909 999 916 917 906 972 956 910 976 961 973 938 929 977 934 943 984 922 932 963 944 967 953 931 904 935 924 918 920 919 964 901 939 921 945 981 927 949 971 985 942 923 952 997 959 982 946 954 994 960 902 978 993 962 955 907 936 925 988 965 911 958 979 998 912 950 915 914 968 990 941 974 903 989 980 991 983 908 996 940 913 995 975
42 59 17 86 98 47 92 37 90 53 0 74 68 7 3 58 4 24 14 51 79 18 12 88 80 54 56 57 99 72 71 40 28 91 34 65 45 20 35 43 83 97 67 23 62 39 94 26 29 76 69 89 63 22 9 60 6 16 49 66 77 84 96 73 50 30 46 64 36 48 10 52 82 11 33 44 85 95 32 2 25 19 81 27 87 61 15 13 21 38 31 75 55
131 120 128 133 153 183 140 130 181 105 185 141 108 116 103 174 192 177 142 113 145 161 186 176 112 137 143 193 178 117 188 187 119 157 110 196 126 136 146 138 109 167 123 148 106 162 132 135 197 102 144 171 163 173 164 165 179 166 104 180 160 155 139 182 147 184 172 169 170 150 124 194 115 149 114 125 134 195 168 154 199 127 152
430 498 439 424 471 413 460 420 408 458 433 462 414 427 459 415 492 457 499 467 401 488 487 454 463 437 495 480 465 453 482 428 448 484 404 434 464 432 478 491 452 489 422 449 475 403 479 419 456 445 447 423 405 490 410 411 450 474 446 409 444 426 417 436 497 486 470 442 455 435 412 493 461 481 469 476 485 468 483 429 494 451 438 416 406 425 407 473 441 466 443 431 402
891 813 800 894 815 849 862 817 820 838 846 845 851 830 812 887 870 897 808 829 868 850 876 803 880 854 836 821 839 837 844 824 861 806 832 892 878 882 890 819 888 866 804 885 886 898 884 805 863 896 874 852 893 831 848 860 811 857 895 840 835 864 877 889 834 822 869 807 847 899 875 816 814 843 865 827 809 818 823 867 826 853 825 833 873 883 841 810 858 871 872 828
200 248 295 274 255 263 273 267 208 265 277 280 237 257 258 261 247 278 251 290 292 253 240 241 287 232 275 230 228 250 218 242 259 239 276 279 234 294 254 203 229 299 283 212 293 268 202 272 298 235 204 285 291 244 214 233 207 284 266 249 216 281 270 231 217 209 252 210 227 206 262 288 286 205 223 297 236 225 245 219 226 213 256 221 282 246 238 289 222
795 767 758 791 799 761 744 756 712 714 717 730 713 748 782 751 753 746 798 768 794 765 793 705 709 755 766 763 783 729 786 733 797 715 777 776 704 719 738 754 701 736 720 703 702 788 723 734 770 757 750 752 762 740 790 711 743 722 778 708 739 781 735 769 759 796 749 792 779 721 780 718 787 731 707 724 747 732 737 771 742 764 773 716 774 710 772 760 728 741 784
609 640 608 699 695 661 680 697 666 627 620 625 664 658 667 628 669 653 683 604 639 675 685 671 635 662 643 650 694 601 629 603 678 663 632 668 656 648 679 652 670 655 649 691 616 634 644 654 646 674 681 651 682 665 618 613 641 693 615 698 614 638 605 688 660 696 645 637 677 636 672 659 611 657 684 633 642 676 621 692 673 630 690 602 626 631 607 647 622
802
545 586 512 506 525 528 510 539 526 521 535 544 530 570 598 517 552 574 531 577 534 508 566 537 593 501 556 541 591 589 573 599 533 542 513 505 576 561 563 597 549 579 585 551 559 515 596 568 518 547 532 538 523 555 504 502 507 562 550 594 529 527 560 565 588 582 580 509 569 519 503 554 540 575 514 571 511 584 557 516 567 564 543 524 581 578 536 595 546 520 583 590
8
336 391 327 310 395 352 331 388 380 315 354 321 306 398 325 303 369 313 322 363 386 347 332 371 368 318 385 396 362 379 378 367 314 389 344 319 393 309 351 346 320 355 381 365 397 358 308 328 338 300 307 302 377 372 350 312 349 334 324 333 341 353 348 339 337 311 382 317 356 330 375 387 390 326 357 343 399 359 340 364 394 342 360 366 323 361 305 329 383 345 370 392
264
548
612
801
111
421
418
304
151
689
957
384
100
970
619
1
987
129
587
700
706
159
726
933
745
260
107
477
190
70
122
158
215
191
951
198
5
78
41
522
156
243
789
859
900
376
558
400
440
600
335
624
121
175
201
500
617
623
572
220
373
271
727
842
118
785
928
686
606
687
472
269
725
316
374
93
496
879
775
553
856
296
301
101
592
211
189
610
855
881
224
948