996 954 912 968 975 977 998 942 956 936 916 974 972 937 960 914 976 997 983 917 905 950 964 949 926 913 945 927 935 944 991 911 910 966 984 929 932 930 918 958 985 941 981 909 973 965 924 934 943 906 904 921 908 920 962 979 992 961 989 947 959 952 969 993 939 982 903 986 967 946 990 953 915 971 919 925 940 994 901 999 902 938 907 931 988 980 963 922 995 955 923 978
33 24 39 3 48 87 28 88 21 66 26 6 81 59 10 83 50 42 11 25 96 58 84 19 63 47 46 75 18 9 72 49 2 15 85 22 99 95 92 56 37 73 52 98 94 38 86 14 31 61 4 57 51 16 90 54 23 20 67 68 79 12 64 89 34 53 40 62 32 74 7 43 82 69 0 60 29 55 71 36 35 30 44 77 17 76 27 65 91 80 13 97 45
180 178 112 194 108 193 139 184 181 140 120 164 188 192 170 153 141 148 145 128 169 171 137 149 177 183 142 134 109 186 135 167 174 199 154 138 116 106 103 114 182 132 131 143 119 163 152 150 117 126 146 166 102 162 197 195 130 161 110 124 165 155 144 104 157 185 187 133 105 113 127 168 179 172 115 125 196 123 136 160 173 147 176
439 406 434 433 480 444 426 449 415 466 428 420 451 482 469 494 461 401 457 445 423 497 462 450 453 481 429 402 476 405 431 417 475 458 487 473 437 470 413 443 495 455 425 410 485 422 409 491 412 454 456 442 447 464 478 488 408 411 459 465 452 441 435 490 446 438 448 460 479 424 419 403 471 430 416 486 483 499 432 498 484 463 436 427 407 467 414 493 468 492 404 489 474
895 863 808 888 884 834 891 832 843 865 850 872 811 893 804 880 874 823 814 829 822 847 824 833 889 853 875 886 878 828 857 854 818 851 839 806 894 838 867 852 803 837 846 887 810 896 841 836 866 826 835 876 816 858 820 819 805 800 830 864 877 821 868 883 899 812 813 885 892 827 825 844 862 861 860 897 870 848 809 840 849 807 815 873 890 882 831 817 871 869 845 898
273 244 247 248 287 218 200 209 258 234 297 277 232 265 228 285 261 280 205 241 293 242 219 251 291 272 267 252 207 235 262 256 257 288 229 214 236 263 202 294 289 208 284 238 237 246 281 221 240 292 250 286 274 213 298 299 222 295 275 276 231 226 290 227 283 282 270 216 255 279 206 278 253 223 212 249 266 245 254 230 217 203 210 225 239 259 233 268 204
799 756 778 771 724 793 779 720 729 749 774 794 767 761 703 782 713 768 759 715 796 735 753 736 732 738 716 710 776 788 766 763 714 742 717 737 750 746 751 795 755 769 758 711 704 733 798 740 747 764 712 709 708 791 723 797 722 792 762 701 790 748 757 721 743 773 702 734 784 787 731 772 719 752 730 777 754 760 783 744 705 780 718 786 765 728 781 707 770 741 739
622 693 691 663 637 642 633 605 661 602 647 668 629 631 636 613 699 692 678 616 620 626 683 690 667 630 698 673 621 659 660 649 643 614 611 628 669 653 684 632 674 675 627 670 650 685 662 655 609 696 607 658 666 679 618 680 654 634 652 645 682 657 664 639 672 648 625 694 641 603 656 688 697 695 646 644 665 677 615 676 635 638 681 608 604 651 640 671 601
802
562 593 564 575 573 531 560 533 537 530 541 594 525 516 505 545 596 501 566 563 583 503 570 554 584 509 591 544 508 557 590 561 515 528 539 597 589 511 551 599 588 552 527 542 536 526 512 513 534 569 578 565 556 521 576 567 549 571 581 582 559 585 568 543 523 540 598 502 532 519 504 510 506 507 577 550 586 518 520 514 574 529 547 579 580 595 535 517 546 538 555 524
8
311 371 336 366 388 314 356 319 340 334 368 370 377 337 346 308 381 378 303 307 344 300 323 358 345 339 361 398 399 397 363 367 369 325 395 392 330 318 380 353 375 328 309 333 329 338 348 372 341 352 394 317 350 342 332 396 349 359 360 312 327 379 354 310 382 387 393 351 365 326 320 386 347 324 321 362 306 364 302 305 315 389 385 322 343 391 390 313 357 383 331
264
548
612
801
111
421
418
355
304
151
689
957
384
100
970
619
1
987
129
587
700
706
159
726
933
745
260
107
477
190
70
122
158
215
191
951
198
5
78
41
522
156
243
789
859
900
376
558
400
440
600
335
624
121
175
201
500
617
623
572
220
373
271
727
842
118
785
928
686
606
687
472
269
725
316
374
93
496
879
775
553
856
296
301
101
592
211
189
610
855
881
224
948