982 929 955 923 938 986 913 969 963 946 999 935 972 907 975 954 997 953 943 949 924 912 927 934 910 978 989 947 932 968 918 909 988 904 958 931 980 908 996 974 992 959 921 965 911 901 905 985 960 964 967 991 941 940 916 920 950 995 952 984 977 973 966 906 998 915 945 993 990 944 971 994 902 942 930 903 917 922 983 979 956 976 936 937 919 914 925 961 939 926 962 981
57 32 75 82 77 85 89 35 24 13 80 42 29 39 34 53 72 73 19 81 33 51 3 17 69 14 9 95 48 7 0 21 38 36 61 68 2 88 16 66 25 15 60 94 30 64 86 22 40 46 31 45 11 98 37 99 52 23 79 4 84 58 12 20 91 96 76 10 54 63 55 65 28 87 27 92 62 44 43 26 50 74 71 6 59 97 47 90 83 49 18 67
112 108 149 126 115 167 185 143 145 124 113 164 166 193 147 162 130 196 180 192 195 125 165 154 150 178 144 168 123 160 199 177 181 183 103 153 131 116 128 173 134 135 172 133 148 104 139 120 170 179 117 169 141 110 176 194 102 157 197 186 182 138 119 140 127 106 152 136 171 114 142 146 174 105 161 187 155 132 184 163 109 188 137
492 429 406 407 484 445 471 481 469 460 494 444 464 437 486 490 465 499 463 438 402 439 435 461 487 489 410 470 475 452 442 488 468 482 480 451 411 415 405 458 466 449 448 430 424 436 403 423 409 401 417 413 422 425 412 479 433 462 483 478 497 416 459 491 498 454 414 473 431 476 455 474 485 443 447 434 453 493 450 467 426 404 441 419 457 420 456 432 495 427 408 446 428
890 846 883 811 808 852 893 853 818 891 845 860 837 862 820 889 839 834 882 836 829 823 898 806 822 892 814 863 869 805 833 870 854 850 885 880 858 841 821 832 849 809 861 807 868 843 828 800 873 894 848 810 886 871 899 857 866 840 812 830 816 827 897 864 826 819 867 813 884 875 872 874 815 824 817 803 878 877 835 887 895 847 831 876 865 851 896 825 804 844 888 838
267 221 240 244 216 209 208 292 218 266 203 295 283 254 246 239 274 252 250 238 290 288 245 249 279 222 281 270 200 232 289 206 225 291 278 280 258 237 233 242 230 287 282 251 235 212 223 228 202 272 262 273 263 219 298 276 277 236 284 299 253 255 213 261 248 204 285 259 297 214 294 293 231 217 229 205 241 286 257 226 227 268 275 207 256 234 265 247 210
772 737 712 761 747 764 750 774 773 735 741 760 702 788 758 701 704 729 744 716 798 728 778 755 733 753 720 707 721 734 717 719 742 756 749 722 739 771 724 731 796 709 795 781 715 797 748 790 783 782 787 768 752 718 743 736 723 769 751 779 765 713 754 703 786 767 770 799 705 766 762 714 776 777 740 738 710 763 792 732 791 780 757 708 746 794 759 784 711 793 730
661 677 664 607 693 660 654 630 658 642 646 694 635 665 680 662 652 609 602 650 632 615 634 638 631 669 678 640 601 649 643 656 699 604 622 655 695 641 633 613 644 684 667 626 674 690 647 698 614 603 657 648 666 639 685 679 637 629 696 675 611 676 659 616 625 618 692 628 670 653 671 651 672 608 697 627 681 688 645 691 683 682 668 636 605 663 620 673 621
802
567 563 561 526 505 597 514 588 541 515 544 534 510 519 575 571 542 556 502 565 533 579 599 566 507 523 564 593 578 527 532 577 509 576 551 521 585 594 568 520 517 560 530 538 584 546 591 518 596 555 503 545 570 504 516 501 531 583 513 539 529 506 573 581 569 595 540 582 574 512 525 535 547 598 537 557 562 590 550 508 528 511 580 552 554 543 549 586 559 589 536 524
8
379 309 358 363 365 394 377 302 313 312 347 385 342 397 350 383 396 362 386 345 388 306 328 395 346 323 398 372 337 327 303 300 319 392 390 378 333 349 354 338 341 318 321 334 359 381 311 322 339 307 399 367 320 391 375 371 369 351 360 314 343 387 330 353 344 340 331 389 336 325 317 393 368 326 308 324 329 382 332 305 315 366 356 348 310 361 380 370 352 357 364
264
548
612
801
111
56
421
418
355
304
151
689
957
384
100
970
619
1
987
129
587
700
706
159
726
933
745
260
107
477
190
70
122
158
215
191
951
198
5
78
41
522
156
243
789
859
900
376
558
400
440
600
335
624
121
175
201
500
617
623
572
220
373
271
727
842
118
785
928
686
606
687
472
269
725
316
374
93
496
879
775
553
856
296
301
101
592
211
189
610
855
881
224
948