985 967 979 902 913 996 963 992 993 998 938 939 962 935 943 952 907 931 984 916 910 958 926 959 975 983 988 964 904 920 981 925 989 973 901 917 930 968 949 978 944 971 927 972 991 936 965 911 914 986 912 997 953 923 940 903 994 924 960 976 969 915 980 990 974 966 937 921 961 918 954 947 909 955 941 945 908 982 932 929 942 950 977 905 999 956 934 946 919 995 922 906
22 66 60 44 2 90 48 83 7 33 77 97 63 39 18 80 84 4 58 50 13 51 49 99 32 79 36 23 74 71 29 12 24 6 21 16 14 10 26 20 64 9 82 47 69 38 0 42 35 91 25 89 34 52 62 72 40 43 15 37 28 27 61 92 68 96 95 3 65 19 55 53 54 98 76 75 81 45 87 59 17 88 85 31 73 46 94 11 86 57 67
141 148 110 147 152 185 125 103 117 167 166 104 142 192 155 131 137 102 130 143 176 115 134 119 150 154 177 194 193 174 112 146 196 149 161 199 169 105 173 116 140 133 182 123 165 164 145 170 136 127 106 197 168 188 153 183 178 181 157 135 120 128 179 113 139 187 163 171 108 186 184 114 160 126 124 138 144 132 172 195 109 180 162
448 436 469 410 466 455 420 435 495 444 434 475 489 488 433 419 407 437 478 412 414 446 470 459 402 494 428 461 416 492 425 463 432 467 413 484 490 423 441 422 465 460 439 406 474 464 417 498 479 447 449 476 430 458 427 403 438 454 404 497 411 442 445 482 408 451 462 457 485 415 483 450 443 487 424 480 452 481 473 493 491 401 429 453 456 499 405 431 468 471 426 409 486
803 876 847 818 834 851 815 820 854 839 850 826 872 824 878 883 829 888 804 810 832 840 891 887 862 817 889 819 811 848 823 863 860 853 835 877 864 870 821 866 805 885 898 899 897 892 858 844 813 831 822 845 857 846 882 838 873 894 827 812 861 816 841 865 833 896 880 890 884 852 836 869 895 830 867 806 886 893 808 814 875 828 871 837 868 807 849 825 843 809 800 874
262 294 228 255 252 292 214 244 283 239 235 213 273 289 256 221 274 205 278 200 290 232 250 253 288 226 279 254 247 268 287 237 202 275 267 281 241 208 257 246 263 248 285 299 234 225 206 217 242 265 219 233 210 270 295 209 240 282 298 277 291 259 212 238 249 231 293 286 258 272 223 203 230 204 227 297 261 245 284 216 251 266 229 222 280 218 236 276 207
782 716 772 737 799 765 712 747 713 729 763 755 786 701 771 719 704 759 715 778 776 762 720 774 752 736 722 761 769 773 788 709 703 768 780 710 764 733 702 790 791 723 770 731 717 767 792 741 732 797 730 777 744 724 784 749 754 734 798 750 711 707 740 793 743 781 760 796 783 742 779 738 735 748 721 705 753 728 739 766 746 714 756 795 757 787 708 758 751 794 718
678 601 653 652 693 618 628 677 680 635 671 659 609 658 683 647 675 667 604 676 666 629 651 670 608 627 681 639 625 631 613 662 602 637 605 692 614 661 694 620 632 646 668 684 645 621 626 644 607 672 695 616 657 636 669 673 690 698 663 643 640 649 634 615 697 611 638 691 664 674 654 685 660 650 679 642 688 648 630 696 633 603 622 655 699 665 656 641 682
802
501 510 563 516 519 542 565 547 526 534 509 570 538 549 582 568 573 523 545 571 599 575 560 559 530 580 598 561 581 586 585 577 595 531 536 597 504 505 517 524 544 514 555 578 512 525 546 540 503 508 562 506 574 566 567 554 528 539 543 584 537 551 589 532 511 515 588 576 527 513 590 556 591 518 550 521 529 541 579 535 557 564 520 596 593 507 533 502 569 552 594 583
8
361 381 379 336 322 377 324 397 332 306 394 378 338 348 385 349 395 353 300 354 323 375 398 308 372 371 350 390 360 305 392 389 382 386 352 312 345 367 303 333 325 387 318 343 331 330 365 327 344 311 346 359 341 319 393 364 315 314 396 383 368 339 380 313 307 326 342 320 329 310 356 369 370 388 302 321 357 337 334 391 328 351 347 366 399 358 317 309 362 340 363
264
548
612
801
111
56
421
418
355
304
151
689
957
384
100
970
619
1
987
129
587
700
706
159
726
933
745
260
107
30
477
190
70
122
158
215
191
951
198
5
78
41
522
156
243
789
859
900
376
558
400
440
600
335
624
121
175
201
500
617
623
572
220
373
271
727
842
118
785
928
686
606
687
472
269
725
316
374
93
496
879
775
553
856
296
301
101
592
211
189
610
855
881
224
948