980 902 995 946 966 983 952 963 907 911 930 990 942 925 929 941 924 950 997 926 964 996 947 998 960 906 904 935 975 914 955 999 912 901 913 971 940 936 974 969 961 938 986 917 968 920 981 916 903 985 945 965 991 993 976 994 944 958 931 954 927 962 943 959 979 923 967 932 905 910 977 956 934 919 909 972 953 937 921 922 992 918 949 978 915 982 988 984 939 973 989 908
98 89 10 34 77 82 12 53 43 76 32 11 68 80 9 18 74 64 44 24 62 28 55 26 87 35 79 6 48 95 4 46 94 23 91 14 61 22 92 67 21 63 13 47 65 17 16 81 39 86 58 3 49 37 0 85 36 19 42 20 27 84 7 54 90 97 50 25 69 99 52 72 73 31 45 57 2 75 96 40 66 51 88 83 60 59 15 29 38 71 33
187 154 110 161 162 186 146 182 150 103 145 195 184 102 138 136 143 177 167 169 119 160 178 173 105 128 127 168 172 148 123 185 106 196 166 132 131 179 199 153 147 116 165 130 170 194 188 109 142 139 163 112 126 180 115 140 134 157 197 144 133 135 152 174 176 155 149 171 137 192 125 124 183 113 164 117 104 181 193 114 108 120 141
436 430 406 443 444 498 473 433 492 407 450 459 432 468 464 442 420 415 463 471 431 411 413 470 422 456 404 435 499 441 486 487 448 454 474 401 425 439 409 480 412 466 458 488 495 434 408 484 447 453 481 446 497 419 461 478 438 479 475 485 429 469 494 451 489 424 457 449 462 460 426 437 428 491 455 410 427 493 465 402 467 423 476 417 483 452 416 405 403 445 414 490 482
883 899 807 858 815 890 819 880 831 821 860 876 882 854 878 829 840 864 853 806 886 892 813 839 811 834 814 809 887 812 846 826 822 875 835 833 850 873 810 837 820 862 816 897 824 888 805 817 884 871 852 847 808 800 867 885 844 823 865 877 874 828 845 895 898 896 891 803 866 869 868 836 870 841 861 825 863 849 804 832 851 830 827 872 889 818 894 838 893 848 857 843
241 285 209 247 230 294 254 293 210 226 273 242 279 232 284 263 251 282 214 257 203 259 275 206 233 288 235 217 287 255 228 298 216 236 218 245 234 248 261 292 270 202 238 278 207 208 229 281 231 240 266 290 272 295 277 249 252 276 244 291 258 213 286 237 265 253 219 289 274 250 268 297 246 204 222 221 267 256 299 227 262 212 225 200 280 283 205 223
756 783 777 721 757 766 772 782 702 776 768 798 755 711 714 717 797 773 704 793 733 760 735 791 796 750 754 724 759 723 786 761 709 784 747 713 764 762 770 780 710 774 707 771 744 778 799 703 748 718 737 751 712 739 715 787 701 732 763 729 753 752 790 730 795 794 705 742 746 743 779 720 728 740 767 716 719 734 788 758 722 738 736 741 731 769 765 708 781 792 749
604 613 601 634 643 691 620 671 625 603 692 659 648 631 676 696 688 608 649 699 655 679 653 698 647 641 645 609 618 667 674 626 666 681 652 657 644 636 654 615 640 627 656 605 629 635 672 611 682 697 639 621 660 632 683 673 668 607 677 695 616 685 662 675 693 670 680 637 646 650 633 658 664 651 661 628 638 669 690 622 602 665 630 663 678 684 642 614 694
802
524 570 536 568 552 509 580 563 531 594 542 540 532 599 554 518 529 505 596 556 567 569 555 562 543 565 527 576 501 559 544 535 530 504 519 503 547 577 521 514 583 508 539 534 528 564 591 579 502 581 574 545 523 593 550 517 578 551 507 585 590 510 561 512 584 537 589 573 513 525 515 557 516 597 526 571 541 506 538 575 598 533 595 586 546 520 560 582 588 566 549 511
8
367 309 308 398 383 303 375 379 307 372 359 377 322 342 318 371 370 319 363 324 334 368 362 392 352 364 349 385 317 344 328 393 337 315 390 332 386 394 320 351 306 333 348 338 311 353 312 341 396 366 365 360 357 380 339 381 343 326 356 314 347 300 313 346 378 325 330 382 399 350 321 340 310 395 302 345 331 369 305 329 391 389 336 327 323 358 387 397 361 388 354
264
548
612
801
111
56
421
418
355
304
151
689
957
384
239
100
970
619
1
987
129
587
700
706
159
726
933
745
260
107
30
477
190
70
122
158
215
191
951
198
5
78
41
522
156
243
789
859
900
376
558
400
440
600
335
624
121
175
201
500
617
623
572
220
373
271
727
842
118
785
928
686
606
687
472
269
725
316
374
93
496
879
775
553
856
296
301
101
592
211
189
610
855
881
224
948