930 958 923 937 971 944 953 984 960 947 927 946 904 912 902 956 969 925 972 999 978 909 910 967 986 990 911 936 929 993 994 940 998 992 973 985 915 974 955 965 903 952 989 979 916 926 919 982 908 962 906 943 945 995 950 931 976 917 918 939 959 934 920 991 922 997 966 914 942 935 954 983 963 996 921 924 964 905 961 977 913 988 941 932 901 975 949 980 968 981 938 907
32 27 34 35 95 97 29 81 24 44 43 46 72 77 23 42 19 58 2 55 66 88 69 99 64 39 15 26 90 53 51 84 98 16 22 73 82 52 59 38 86 13 85 45 89 60 18 37 79 62 92 10 28 33 91 17 57 20 12 71 9 75 96 3 67 76 50 6 74 47 68 25 0 14 80 36 4 94 49 65 63 83 61 54 11 21 48 31 40 87 7
117 157 162 194 134 152 187 196 123 143 163 171 177 128 160 197 102 150 124 116 195 183 131 199 113 139 179 103 169 115 165 106 109 186 154 104 193 142 173 137 153 112 108 133 126 184 110 188 168 170 105 174 138 140 192 172 114 144 120 166 145 180 182 167 136 164 127 146 148 125 176 155 161 141 130 132 135 147 185 181 119 178 149
498 473 430 406 417 480 462 411 414 404 433 457 449 461 450 454 427 489 441 446 459 437 438 488 468 442 490 456 491 463 469 405 467 481 474 420 431 482 485 410 476 499 448 422 444 494 486 464 407 497 475 487 413 453 409 435 466 412 443 445 495 429 460 478 465 402 415 452 458 451 493 455 425 403 426 447 434 484 423 436 471 439 419 483 432 479 416 428 401 408 470 492 424
830 831 847 869 883 898 866 839 832 895 868 829 865 819 837 877 845 844 813 876 821 872 846 814 825 858 853 896 841 857 882 890 892 828 807 893 873 878 838 886 808 836 818 852 870 889 811 824 815 863 864 871 820 804 810 862 812 803 822 843 823 849 861 840 854 834 851 850 817 835 809 805 848 897 806 880 888 885 827 891 826 874 875 887 894 800 860 867 899 884 816
227 225 268 251 245 250 281 284 216 228 203 278 273 294 265 289 276 244 255 297 295 241 246 217 221 285 207 230 214 279 231 283 229 219 270 275 253 262 206 286 236 202 209 252 272 287 248 267 223 212 277 261 205 210 213 288 259 258 298 200 266 280 222 234 208 247 249 237 293 240 282 292 256 226 235 204 274 218 233 238 232 257 263 291 254 299 242 290
712 761 772 799 736 742 746 788 798 790 710 711 733 741 747 731 737 759 717 763 776 770 707 739 718 771 774 762 768 705 708 702 783 740 773 797 720 719 730 714 729 750 782 738 752 715 791 792 713 764 728 769 765 760 744 749 756 751 794 757 753 780 787 784 703 793 716 766 755 704 779 734 735 781 795 722 786 796 754 767 758 724 709 743 748 723 732 721 778 777 701
653 618 611 664 669 657 604 674 645 695 647 684 643 663 696 629 648 638 671 670 658 697 673 672 646 699 633 632 685 637 634 642 679 655 654 649 626 601 607 620 625 656 660 608 641 688 698 630 602 613 644 680 662 636 694 640 639 614 665 666 659 692 651 668 631 676 675 635 605 616 661 682 677 690 691 615 683 693 650 667 681 622 628 621 603 627 678 609 652
802
554 531 509 552 575 519 556 539 571 549 542 506 536 517 503 526 544 573 565 533 570 550 502 547 538 545 597 551 557 588 559 583 593 578 586 566 569 582 540 596 527 535 579 563 560 521 520 562 568 528 529 515 590 534 505 561 501 504 525 541 580 530 546 511 523 581 595 564 510 537 589 574 591 518 594 543 507 512 584 598 576 513 514 585 567 508 532 577 516 599 524 555
8
397 396 370 386 353 322 375 326 334 380 360 352 318 371 342 390 312 317 309 303 323 337 328 385 354 331 383 361 350 382 363 367 325 356 333 368 308 393 388 372 307 336 365 377 359 339 311 329 313 347 305 310 394 369 362 351 321 346 391 358 344 341 327 366 314 379 306 378 319 357 389 387 398 300 330 338 302 395 324 332 381 315 340 349 364 345 348 343 399 392 320
264
548
833
612
801
111
56
421
418
355
304
151
689
957
384
239
100
970
619
1
987
129
587
700
706
159
726
933
745
260
107
30
477
190
70
122
158
215
191
951
198
5
78
41
522
156
243
789
859
900
376
558
400
440
600
335
624
121
175
201
500
617
623
572
220
373
271
727
842
118
785
928
686
606
687
472
269
725
316
374
93
496
879
775
553
856
296
301
101
592
211
189
610
855
881
224
948