922 916 963 973 940 911 938 927 999 955 988 920 903 958 971 950 996 975 923 967 947 974 954 991 936 992 924 905 902 978 965 998 904 979 959 956 939 952 921 915 907 909 990 960 918 977 966 986 968 910 962 983 908 931 976 945 937 944 929 981 934 961 953 917 941 946 989 943 982 949 919 993 930 913 964 980 997 935 995 926 906 984 969 985 914 912 994 925 932 942 901 972
97 62 57 72 75 84 34 25 67 55 53 31 91 27 17 37 13 87 89 99 26 85 79 2 80 65 90 32 19 36 15 68 86 3 44 23 7 9 33 29 74 28 43 69 81 40 59 63 94 21 51 95 42 39 71 20 35 11 4 92 58 18 76 82 61 46 49 88 77 24 45 22 54 14 64 12 0 52 96 47 98 10 60 48 66 83 73 16 6 50 38
162 124 195 148 114 179 187 149 199 139 150 145 140 117 183 120 184 164 138 168 105 137 119 169 103 127 193 133 177 160 113 125 163 116 130 142 197 173 192 181 176 188 146 143 147 112 166 180 157 128 136 178 123 154 185 152 106 196 155 115 144 174 165 182 110 167 186 102 161 131 170 134 194 104 126 135 153 141 132 109 108 172 171
401 423 470 422 464 419 430 429 406 448 460 447 451 468 442 413 436 492 475 498 445 449 469 428 411 433 426 425 491 405 424 497 407 441 493 439 461 499 444 432 466 474 484 456 454 486 490 467 458 416 403 427 453 455 438 414 465 457 480 408 463 494 415 495 479 450 483 431 452 485 471 410 404 417 462 437 476 459 443 481 409 473 482 435 402 446 412 489 488 434 487 420 478
824 860 804 858 810 827 899 857 847 874 884 848 841 846 809 888 811 821 896 862 849 885 868 876 871 829 883 820 873 818 850 877 835 805 814 834 800 808 882 843 866 886 844 891 895 812 894 864 898 828 867 889 840 830 865 872 897 816 823 817 887 819 822 807 838 863 893 836 806 890 813 845 831 878 826 851 837 861 803 832 839 825 852 870 892 853 875 869 880 815 854
270 225 213 297 295 234 293 230 247 242 288 207 217 238 291 205 276 274 228 204 284 256 241 208 292 203 209 233 262 278 222 263 216 221 245 254 244 231 280 218 277 210 212 253 259 248 299 266 237 268 251 289 267 235 223 236 257 250 285 286 265 290 246 281 229 240 202 287 298 275 258 283 252 227 261 206 249 226 232 200 214 279 219 255 273 272 282 294
711 739 772 735 702 716 786 723 780 718 766 761 708 703 794 773 767 796 774 755 713 771 712 770 760 729 750 744 790 781 701 788 759 704 752 756 778 707 743 751 779 715 734 762 765 738 795 724 754 784 753 741 728 747 791 748 714 709 799 749 746 777 787 768 793 764 757 742 776 722 763 717 731 758 719 732 792 720 721 797 798 769 710 740 782 730 737 736 705 733 783
690 603 635 604 671 674 631 644 614 650 697 685 607 661 642 621 678 643 699 666 636 695 629 691 632 676 673 647 654 696 641 613 698 655 677 633 627 605 648 656 651 667 638 626 672 669 657 653 615 680 611 663 630 640 622 682 620 649 602 694 681 639 662 688 609 658 601 675 634 664 693 670 684 660 628 616 659 618 665 646 652 692 679 608 625 668 645 683 637
802
530 527 526 559 565 554 510 571 508 501 515 534 543 536 557 593 589 502 532 539 518 584 574 523 561 517 563 594 580 521 596 514 546 582 575 579 506 529 590 562 564 551 541 525 578 533 552 511 507 595 531 570 588 545 542 560 513 581 528 512 519 566 569 583 555 504 547 573 516 550 503 540 599 585 568 535 598 586 537 567 538 524 577 591 509 549 556 520 505 597 544
8
368 307 360 300 383 351 370 390 361 354 392 312 340 350 336 389 363 367 313 395 380 310 347 333 386 305 397 329 339 337 343 322 319 385 314 311 308 321 399 325 327 344 387 357 330 358 391 323 362 382 349 320 364 309 338 348 398 334 356 326 306 331 324 359 372 378 352 303 379 328 318 366 346 302 345 332 317 388 369 371 375 341 394 353 365 377 393 342 396 381 315
264
548
833
612
801
111
56
421
418
355
304
151
689
957
384
239
100
970
619
1
987
129
587
700
706
159
726
933
745
260
107
30
477
190
70
122
158
215
191
951
198
5
78
41
522
156
243
789
859
900
376
558
400
440
600
335
624
121
175
201
500
617
623
572
576
220
373
271
727
842
118
785
928
686
606
687
472
269
725
316
374
93
496
879
775
553
856
296
301
101
592
211
189
610
855
881
224
948