932 943 963 998 958 973 909 949 980 974 962 954 921 901 978 935 938 902 979 908 912 990 931 969 904 999 972 983 929 941 977 997 916 919 936 961 942 906 955 992 991 967 905 953 976 940 920 922 944 924 950 930 959 925 913 975 988 964 947 966 934 923 996 937 952 968 993 915 917 995 994 907 927 989 926 918 985 971 981 956 986 960 903 946 982 984 945 965 914 910 911 939
55 4 14 77 57 82 36 88 6 20 3 54 64 19 47 17 7 60 37 29 79 18 33 31 69 89 53 48 12 39 67 24 76 62 52 43 0 96 16 61 81 25 75 22 10 91 73 68 27 65 42 34 95 63 86 38 98 50 2 94 51 80 46 44 21 99 28 11 97 66 49 92 87 13 9 84 72 90 58 71 45 32 40 15 59 26 85 35 74 83 23
104 110 138 164 102 199 137 133 195 186 183 171 130 163 132 176 124 184 154 161 168 105 109 141 152 140 157 113 139 112 170 185 166 182 134 108 114 143 172 123 145 136 169 119 120 144 167 115 174 155 117 179 125 192 147 149 150 165 131 173 197 103 178 194 181 106 188 193 142 196 116 177 127 162 180 160 153 128 187 146 135 148 126
402 460 473 492 469 476 412 408 489 455 487 471 486 428 425 464 435 424 495 417 470 468 458 480 436 467 493 457 413 449 405 401 441 456 409 491 415 403 429 453 430 484 475 499 431 437 497 478 438 414 481 410 490 406 439 474 451 443 419 485 465 450 434 420 466 432 445 427 462 447 404 446 454 416 407 423 494 452 488 482 433 448 444 459 422 442 461 411 479 463 426 483 498
850 899 878 827 865 817 835 866 831 862 809 891 853 816 819 832 824 888 838 898 860 849 848 806 840 823 803 826 874 886 845 852 821 872 864 810 869 822 893 818 854 889 807 843 857 828 894 839 876 882 858 841 812 897 861 804 811 867 829 885 820 880 890 875 887 815 892 877 814 870 800 825 846 871 808 883 851 830 847 896 836 895 834 805 813 884 863 868 873 844 837
244 299 231 232 209 205 282 247 286 262 287 272 259 256 249 292 253 263 217 273 246 261 230 293 227 233 228 285 281 278 214 254 275 219 289 294 245 225 252 257 229 291 208 279 236 248 270 206 223 283 274 277 238 258 241 288 240 203 218 242 202 295 222 266 265 276 200 284 204 280 290 250 226 237 213 234 251 255 268 210 212 297 298 267 216 221 235 207
753 770 703 741 724 764 761 794 765 767 788 734 772 705 714 774 791 709 783 776 751 795 720 787 721 786 701 780 792 798 742 790 778 730 769 737 713 707 766 719 756 777 710 739 747 717 759 784 708 733 732 773 762 735 718 715 781 763 750 752 758 738 754 799 760 731 768 729 748 796 711 702 744 740 723 757 779 749 771 797 782 728 716 755 712 743 793 736 746 704 722
654 662 681 632 694 618 634 678 621 620 655 637 614 683 629 605 656 626 697 664 601 646 674 663 642 611 675 661 693 668 603 638 676 653 665 690 648 651 660 608 643 691 613 607 641 650 625 657 640 685 639 609 679 647 631 677 602 645 673 630 627 622 604 670 633 699 698 666 680 644 636 684 615 692 658 695 635 682 667 652 669 628 616 649 696 659 672 671 688
802
573 526 528 537 525 593 530 511 551 595 571 517 546 518 516 534 581 599 515 574 510 562 567 504 505 597 584 531 506 541 559 579 552 520 557 578 508 503 501 523 589 513 580 570 596 586 502 527 549 512 545 563 521 588 598 577 568 555 539 561 535 540 514 583 529 590 575 509 550 543 594 536 547 591 582 533 560 532 556 564 544 554 538 542 585 507 519 566 565 524 569
8
323 361 389 390 370 328 333 399 353 354 309 308 329 313 398 345 372 339 336 320 303 331 365 371 385 317 344 300 358 392 346 314 311 312 352 318 360 381 364 351 375 327 319 356 362 363 324 325 341 382 305 357 326 332 388 349 395 366 391 396 367 334 369 340 343 393 321 387 330 307 378 350 322 338 302 347 377 380 337 306 368 383 397 348 379 310 386 359 394 342
264
548
833
612
801
111
56
421
418
355
304
151
689
957
384
239
100
970
619
1
987
129
587
700
706
159
726
933
745
260
107
30
477
190
70
122
158
215
191
951
198
5
78
41
522
156
243
789
859
900
376
558
400
440
600
335
624
121
175
201
500
617
315
623
572
576
220
373
271
727
842
118
785
928
686
606
687
472
269
725
316
374
93
496
879
775
553
856
296
301
101
592
211
189
610
855
881
224
948