944 981 954 930 903 989 946 916 963 978 983 914 994 926 940 972 919 991 925 986 959 937 935 913 939 996 907 927 977 993 974 934 985 998 949 967 912 943 905 971 911 992 968 950 906 947 962 979 910 923 982 990 918 909 922 920 941 958 997 969 975 931 973 966 904 960 932 952 938 955 965 917 984 953 976 936 945 995 929 964 901 961 980 908 902 915 942 988 921 924 956 999
51 47 73 69 13 48 97 11 45 12 77 21 85 74 62 4 95 99 25 65 54 40 96 64 98 44 76 3 43 87 63 82 23 28 91 32 36 18 2 79 60 92 7 15 46 52 67 39 53 75 10 72 83 68 14 33 58 31 57 0 71 19 89 86 55 88 6 20 38 50 66 94 49 26 27 42 17 84 80 90 59 9 37 81 34 24 61 22 29 16 35
183 105 170 164 150 139 197 108 119 169 143 195 140 125 179 196 132 188 180 177 106 168 147 123 176 167 135 192 112 161 133 124 127 166 186 136 126 173 174 182 137 155 104 163 162 128 157 116 102 120 130 172 141 115 199 131 144 178 185 134 165 117 171 153 149 142 194 187 103 110 152 160 154 109 114 148 113 138 146 145 184 193 181
437 447 462 432 417 416 491 482 499 459 493 486 466 498 425 430 446 489 473 422 412 409 483 456 480 408 478 436 438 476 405 434 454 487 415 445 469 406 407 439 471 467 470 490 410 413 453 414 484 427 494 411 468 492 424 419 495 420 451 474 426 442 444 458 479 433 457 464 463 448 475 441 488 429 423 401 403 465 435 443 481 450 455 431 461 452 485 460 449 404 497 402 428
896 853 860 832 869 838 887 891 824 844 831 872 892 868 845 864 847 803 874 804 878 871 816 818 889 854 850 827 834 810 866 836 813 884 898 828 899 895 849 880 820 877 812 863 840 819 885 846 826 807 858 841 843 811 873 893 862 814 867 883 806 817 821 888 835 837 882 800 851 823 815 839 857 890 852 808 875 894 861 876 805 897 865 809 848 870 825 829 830 886 822
218 255 257 216 288 210 226 203 261 202 272 277 244 249 266 262 246 286 245 273 299 281 289 241 229 212 247 228 232 208 295 298 235 283 259 234 278 258 290 230 251 284 294 214 250 219 231 291 285 282 293 268 209 279 221 238 275 276 223 253 225 280 265 205 204 200 248 274 227 254 217 263 292 287 222 297 237 267 207 213 242 270 206 256 233 236 252
763 716 779 792 715 718 797 782 756 780 736 710 717 732 702 754 768 771 778 753 787 767 764 783 743 714 788 709 773 719 751 720 794 707 705 724 740 747 739 761 766 721 746 734 790 738 742 776 735 799 786 757 795 784 762 760 744 750 796 731 703 733 777 770 759 755 701 749 781 711 730 772 722 769 728 748 723 741 713 708 729 765 791 737 752 793 704 758 774 712 798
648 654 666 674 651 682 653 608 649 677 627 691 695 658 643 676 663 683 647 644 641 662 602 615 635 607 668 622 671 630 645 646 659 638 657 656 637 692 614 685 642 665 632 620 661 693 667 694 626 631 660 669 639 688 690 655 652 618 696 664 621 697 603 633 673 628 625 611 609 678 684 680 650 605 634 681 613 698 679 670 616 601 699 640 672 604 675 636 629
802
575 588 517 563 559 530 569 583 519 540 555 508 573 547 507 511 536 544 560 518 506 582 598 551 513 545 590 535 571 542 566 556 599 591 568 549 597 515 579 537 561 596 565 505 512 538 577 533 589 502 525 503 578 528 523 534 562 526 543 516 554 531 510 527 570 521 501 581 580 520 594 504 557 541 546 552 539 586 593 532 567 529 550 509 574 514 595 584 564 524 585
8
328 361 359 349 319 371 364 327 353 367 320 390 394 314 311 358 388 322 317 382 336 323 387 309 333 302 396 352 369 366 344 337 312 381 307 360 300 325 393 347 348 324 362 365 363 375 334 346 339 329 332 368 340 306 331 385 342 357 345 370 397 395 308 391 321 356 398 326 392 350 389 386 330 377 399 379 343 380 378 313 354 383 341 310 351 303 338 305 372 318
264
548
833
612
801
111
56
421
418
355
304
151
689
957
384
239
100
970
619
1
987
129
587
700
706
159
726
933
745
260
240
107
30
477
190
70
122
158
215
191
951
198
5
78
41
522
156
243
789
859
900
376
558
400
440
600
335
624
121
175
201
500
617
315
623
572
576
220
373
271
727
842
118
785
928
686
606
687
472
269
725
316
374
93
496
879
775
553
856
296
301
101
592
211
189
610
855
881
224
948