981 921 996 929 904 958 909 946 903 988 990 930 967 955 983 943 939 907 920 993 972 984 965 974 977 910 995 936 905 985 934 953 954 922 908 973 927 969 964 982 940 991 938 942 932 901 918 952 944 925 961 978 931 959 906 963 962 917 989 999 912 986 924 941 947 949 926 923 945 913 979 994 980 997 966 968 915 935 950 914 937 911 971 976 992 998 975 956 919 902 960 916
18 75 62 67 49 64 4 15 14 11 44 58 46 34 94 12 88 23 35 9 66 45 97 29 74 31 65 95 69 25 38 54 24 85 61 32 43 48 20 27 3 60 92 21 87 72 36 81 53 0 71 63 2 42 50 91 26 86 40 99 82 17 80 28 79 84 33 39 52 7 98 19 90 47 57 22 76 68 55 10 13 77 51 73 16 83 6 59 96 89
108 199 164 135 138 180 186 124 145 178 154 167 133 155 166 141 162 179 173 120 136 152 153 188 102 128 126 149 132 169 185 170 150 142 192 161 165 187 112 183 157 195 105 131 163 171 174 168 172 103 146 193 110 194 196 184 113 181 137 139 147 123 148 127 134 182 115 106 119 109 140 125 197 104 117 177 143 160 144 116 130 176 114
448 423 494 439 441 495 453 437 458 463 408 445 490 486 425 465 456 417 447 497 430 413 466 442 432 470 434 457 493 411 450 455 405 474 436 475 410 476 459 485 403 482 444 468 426 449 491 416 487 431 484 483 420 478 424 412 488 471 404 406 479 429 464 460 401 489 435 469 438 499 492 498 409 454 428 415 419 462 481 422 467 414 480 461 407 473 451 452 433 402 446 427 443
873 845 887 830 834 876 814 895 836 806 813 892 832 840 874 885 800 831 808 864 896 835 871 868 818 823 899 819 805 825 843 852 857 897 886 828 824 851 807 889 898 888 826 884 861 850 880 846 817 815 820 847 890 853 883 827 809 870 865 841 854 803 848 804 810 821 811 866 849 878 829 838 872 822 893 812 882 875 863 869 894 844 837 862 858 860 867 891 877 816 839
223 210 225 275 278 254 258 230 204 232 285 203 229 265 228 234 268 287 242 214 293 259 212 231 291 213 207 233 241 237 248 288 251 217 276 255 261 290 263 281 253 266 289 272 262 284 245 295 209 298 235 299 208 222 294 273 200 256 202 247 216 236 249 244 283 206 277 221 219 297 246 226 282 279 227 218 292 252 250 286 274 280 257 270 238 267 205
784 750 776 797 756 780 736 764 757 755 770 796 790 751 782 710 793 759 769 708 724 722 718 728 798 705 778 763 737 741 715 738 730 739 707 791 792 762 742 783 774 716 721 788 701 768 719 748 772 731 743 758 786 767 747 771 714 752 781 735 761 740 713 703 704 732 749 717 794 702 760 744 777 729 779 720 795 765 712 766 711 799 733 773 734 754 709 753 787 723 746
630 631 640 653 639 679 675 694 666 636 635 611 684 604 632 651 661 665 671 608 621 692 656 647 643 655 673 642 622 629 691 603 663 645 682 674 607 680 693 638 618 654 644 669 688 648 676 690 659 628 649 697 672 658 685 609 614 602 633 646 664 677 670 652 662 660 668 620 678 650 615 627 605 634 657 681 637 698 616 667 695 683 699 625 601 696 641 626 613
802
503 537 551 528 598 570 580 525 559 543 518 547 514 567 585 531 527 557 588 582 502 599 534 532 544 519 566 556 549 542 521 538 563 590 529 507 501 510 581 554 578 550 530 555 591 565 535 505 515 584 506 517 569 524 571 596 573 560 577 594 526 546 533 513 540 512 504 516 508 509 574 523 595 562 541 575 536 568 586 520 589 552 593 579 561 539 545 564 583 511 597
8
386 394 342 382 312 385 339 381 347 350 332 351 311 314 313 340 300 375 369 388 308 363 320 336 393 345 305 325 349 341 361 353 309 364 322 362 354 396 390 357 387 343 365 302 378 338 310 324 356 371 346 360 395 348 326 352 377 328 333 317 331 380 358 367 359 383 370 368 306 330 329 399 397 303 398 334 389 391 323 327 318 344 337 379 319 366 372 307 321 392
264
548
833
612
801
111
56
421
418
355
304
151
689
957
384
239
100
970
619
1
987
129
587
700
706
159
726
933
745
260
240
107
30
477
190
70
122
158
215
191
951
198
5
78
41
522
156
243
789
859
900
376
558
400
440
600
335
624
121
175
201
500
617
315
623
572
576
220
373
271
727
842
118
785
928
686
606
687
472
269
725
316
374
93
496
879
775
37
553
856
296
301
101
592
211
189
610
855
881
224
948