979 949 935 971 955 945 937 932 910 972 978 953 915 920 944 912 939 927 992 934 911 959 943 968 916 931 919 974 995 942 996 990 962 956 993 967 961 930 936 940 924 950 906 964 952 991 905 954 985 904 938 984 958 921 966 986 913 963 917 976 965 960 925 973 923 918 983 977 909 994 988 903 969 907 929 914 982 926 922 902 901 989 998 908 981 975 946 947 997 980 941 999
55 79 52 67 97 71 21 85 75 14 23 2 15 20 60 29 13 51 19 53 42 74 28 36 95 61 62 91 90 4 94 0 49 3 92 43 89 44 32 7 98 39 88 64 16 86 33 45 17 46 34 69 25 9 66 65 77 73 31 82 99 22 76 59 84 12 35 72 83 40 96 47 24 6 10 63 80 11 50 81 57 18 68 26 58 87 54 48 38 27
181 134 182 128 184 145 139 173 174 167 157 164 187 179 133 171 155 112 108 104 153 109 152 102 132 149 130 186 123 135 163 154 138 143 168 140 142 147 131 194 148 113 137 195 127 170 178 136 192 169 183 125 160 126 124 185 150 141 120 193 117 188 114 176 106 105 197 103 162 110 199 166 180 119 196 115 161 144 116 172 146 165 177
447 473 432 492 433 429 414 450 470 465 479 486 451 480 422 417 445 463 474 412 448 437 442 402 483 499 406 410 411 423 462 436 404 434 487 458 493 478 408 453 444 441 490 446 419 439 485 494 426 456 468 498 427 464 424 475 428 460 469 466 438 482 471 409 415 497 495 443 431 449 491 455 488 407 454 405 416 484 435 420 489 413 467 457 459 430 452 476 403 401 425 461 481
810 847 805 886 890 826 875 862 880 864 835 807 878 874 860 889 873 820 865 821 843 896 840 891 800 853 867 808 834 897 825 877 812 815 885 866 813 870 841 850 819 871 876 837 849 852 824 857 831 828 884 827 894 814 869 818 822 893 804 861 809 844 848 888 806 858 895 830 854 823 899 883 829 817 816 803 851 811 872 838 892 868 882 832 836 839 846 887 845 898
207 290 254 252 282 217 283 225 292 238 236 258 212 259 284 253 278 299 226 276 242 266 256 247 275 233 203 219 245 297 293 202 204 273 295 214 251 230 234 249 209 228 261 291 221 285 244 262 223 270 231 222 279 286 288 205 257 229 210 265 287 235 255 227 232 248 208 298 241 216 280 213 206 277 281 267 294 272 246 289 218 250 268 237 200 263 274
784 776 716 721 719 794 750 720 724 712 718 780 767 766 799 710 728 764 717 747 787 762 732 763 731 734 743 714 753 744 790 723 704 701 797 765 783 756 751 778 746 781 715 740 759 729 754 711 758 772 782 705 741 761 791 752 770 773 793 709 748 730 735 749 795 771 713 739 792 742 703 708 738 737 768 796 798 722 707 786 777 788 757 779 774 736 702 769 755 760 733
644 684 616 693 663 613 685 607 662 668 699 683 696 605 658 620 664 661 604 602 609 637 697 634 611 614 695 603 649 641 650 660 698 626 672 680 671 645 646 669 688 675 656 651 629 666 630 690 691 618 621 642 628 676 638 653 659 694 631 647 627 679 640 636 670 635 692 674 681 615 657 655 678 608 643 648 682 667 652 673 639 622 633 632 665 625 677 601 654
802
581 586 556 543 575 599 584 514 567 527 535 561 509 571 530 511 546 513 537 542 554 528 570 531 539 569 595 550 574 512 532 590 521 544 591 502 525 594 589 583 563 547 541 566 523 534 519 538 506 560 598 578 540 565 579 545 507 520 510 573 501 582 524 552 503 568 551 515 549 588 593 526 536 504 516 518 529 596 533 580 585 562 517 555 557 505 564 508 597 559 577
8
340 378 343 326 345 377 370 338 356 306 312 323 302 328 347 361 311 317 398 348 386 332 359 353 351 362 310 380 363 366 352 360 375 358 390 394 308 318 325 349 372 393 303 395 330 387 388 399 331 322 337 319 334 314 379 389 333 346 369 313 367 364 365 324 397 385 396 392 327 309 391 342 321 344 320 300 357 336 368 381 383 350 339 382 371 354 329 307 341 305
264
548
833
612
801
111
56
421
418
355
304
151
689
957
384
239
100
970
619
1
987
129
587
700
706
159
726
863
933
745
260
240
107
30
477
190
70
122
158
215
191
951
198
5
78
41
522
156
243
789
859
900
376
558
400
440
600
335
624
121
175
201
500
617
315
623
572
576
220
373
271
727
842
118
785
928
686
606
687
472
269
725
316
374
93
496
879
775
37
553
856
296
301
101
592
211
189
610
855
881
224
948