996 938 902 955 966 960 956 993 913 967 916 981 925 973 978 906 921 963 945 903 926 910 976 935 986 974 930 929 954 988 982 917 907 964 915 950 931 919 942 934 999 923 909 958 972 914 905 946 949 961 924 941 922 979 969 932 983 937 911 959 912 968 984 953 977 980 998 904 944 927 939 989 965 994 947 901 940 908 975 995 971 991 962 985 992 952 920 990 943 936 918
68 60 86 64 43 38 82 51 91 96 40 63 48 36 62 20 53 49 9 15 69 19 81 24 44 88 35 89 10 32 26 83 11 92 90 98 46 2 85 57 71 12 59 61 23 42 4 28 47 75 87 6 58 76 77 14 52 17 39 22 55 50 21 84 66 29 31 67 18 0 27 97 95 73 34 25 54 16 3 65 7 13 99 79 94 33 45 74 80 72
143 141 102 147 180 112 138 145 125 139 157 150 127 194 124 148 160 161 170 140 181 166 104 119 154 192 133 108 178 144 185 128 120 187 109 199 106 117 152 164 134 146 172 153 131 177 105 103 193 167 132 135 136 155 197 184 174 113 114 188 183 142 115 168 176 123 196 126 149 169 137 173 171 110 182 165 195 163 116 186 179 130 162
435 461 455 471 485 468 488 423 473 404 491 436 407 479 408 445 443 425 476 448 458 410 414 486 426 438 453 411 409 474 470 497 466 406 402 444 480 403 427 422 482 460 405 447 484 433 457 495 483 481 424 475 498 489 416 462 431 430 449 415 401 441 419 450 487 417 463 432 454 412 413 428 493 469 490 478 459 442 439 429 467 464 492 420 452 446 451 456 494 465 434 499 437
816 876 873 836 834 862 870 830 886 889 877 850 840 894 841 896 810 804 869 820 806 867 819 848 882 865 860 846 895 823 849 888 851 835 807 803 825 814 883 887 818 885 880 890 844 891 884 874 875 871 800 872 817 852 878 811 858 832 813 838 899 805 847 831 898 839 893 857 868 827 829 815 866 808 837 854 843 824 892 845 826 864 821 861 822 897 828 853 809 812
295 278 221 297 292 283 232 293 218 252 219 261 255 212 204 207 257 208 226 266 287 249 299 238 250 241 209 254 244 289 233 235 275 284 281 231 263 248 279 216 286 265 206 262 268 236 230 276 228 258 290 298 245 200 291 222 267 294 246 223 217 274 214 259 251 253 213 273 270 288 225 227 210 282 229 277 237 280 242 256 202 285 272 247 203 205 234
704 738 795 737 764 749 781 763 701 720 750 767 759 717 736 755 780 715 766 771 753 743 721 747 733 713 724 797 752 741 719 761 768 718 702 744 722 710 711 773 707 748 714 798 786 777 723 735 705 774 778 769 793 739 772 782 760 708 791 709 734 730 796 792 757 794 729 746 788 784 728 756 790 776 740 758 765 762 712 783 799 731 742 751 779 732 770 716 703 754 787
682 615 654 673 668 684 631 688 636 607 657 614 611 616 602 634 693 629 628 645 660 635 685 661 691 683 699 644 603 677 601 650 662 681 653 667 647 622 643 630 648 659 652 696 620 625 698 604 655 651 690 672 613 641 697 627 618 670 694 675 678 633 642 658 676 638 692 640 680 666 649 663 626 637 671 669 639 646 674 664 632 656 695 605 608 679 621 665 609
802
559 577 583 504 518 547 557 550 517 514 546 533 507 516 529 586 502 594 581 579 591 520 575 567 532 519 585 512 568 566 527 506 593 551 536 510 598 543 599 503 540 555 554 528 534 562 541 505 544 590 515 570 501 560 537 552 525 597 556 535 571 573 582 513 569 545 563 524 542 539 530 538 564 580 589 511 595 596 588 523 521 565 574 508 578 526 584 561 549 509 531
8
378 397 329 332 382 300 379 347 350 343 399 393 323 333 344 346 394 368 381 362 353 354 314 351 342 308 380 357 334 356 364 375 367 390 365 366 327 320 307 360 385 363 312 369 398 337 389 319 361 341 317 328 324 340 395 336 383 359 306 303 387 326 313 321 311 371 318 331 322 310 372 392 345 396 358 339 330 391 349 352 309 302 370 338 348 386 325 388 377 305
264
548
833
612
801
111
56
421
418
355
304
151
689
957
384
239
100
970
619
1
987
129
587
700
706
159
726
863
933
745
260
240
107
30
477
190
70
122
158
215
191
951
198
5
78
41
522
156
243
789
859
900
376
558
400
440
997
600
335
624
121
175
201
500
617
315
623
572
576
220
373
271
727
842
118
785
928
686
606
687
472
269
725
316
374
93
496
879
775
37
553
856
296
301
101
592
211
189
610
855
881
224
948