946 999 980 963 909 949 992 973 978 965 953 952 991 981 943 922 911 944 954 958 903 967 938 912 940 979 931 937 976 964 986 936 960 945 935 918 924 984 923 990 950 972 906 962 995 985 971 989 913 969 998 932 988 993 966 915 983 901 917 907 941 930 959 914 977 920 929 982 910 974 947 926 956 925 927 968 908 996 934 921 994 961 939 905 919 904 955 902 942 975 916
19 61 46 58 77 67 13 85 81 6 18 74 9 96 22 83 2 89 34 15 91 75 48 27 26 50 66 53 32 57 51 92 14 60 94 87 47 20 99 90 7 39 72 44 55 40 82 3 35 4 42 11 68 25 62 97 64 59 24 73 88 54 38 16 0 63 65 31 21 43 49 45 28 95 84 52 76 29 33 79 10 69 12 98 80 36 71 17 23 86
142 162 170 180 147 131 199 145 157 143 192 184 161 141 134 187 167 148 176 171 155 109 140 123 128 117 163 196 136 119 127 146 102 183 126 168 193 124 125 166 150 179 135 174 177 185 106 188 115 197 178 114 139 195 110 103 181 132 113 116 108 104 149 112 186 194 144 133 153 120 138 164 105 169 182 154 152 130 173 165 137 172 160
454 405 459 423 469 452 455 412 431 438 467 493 428 471 468 413 410 480 478 465 425 422 473 494 491 424 461 489 409 470 450 416 446 441 426 456 402 486 495 481 439 427 485 476 474 490 487 462 475 407 488 435 417 420 482 449 497 453 411 434 433 430 445 460 436 499 406 442 403 464 432 414 415 458 448 492 419 498 451 401 483 444 463 404 479 447 443 466 429 457 437 408 484
814 861 807 860 815 846 896 869 865 812 884 885 839 825 851 811 895 823 891 822 813 819 882 816 888 880 892 835 874 875 821 873 848 862 898 840 850 857 818 824 831 849 805 876 870 809 893 829 800 889 853 834 864 852 838 837 868 806 894 847 830 878 890 899 844 866 877 826 883 817 828 858 886 843 820 810 803 827 867 854 836 897 832 841 845 871 887 872 804 808
232 203 227 219 202 210 242 272 268 253 235 221 280 234 216 218 273 295 214 293 261 251 204 241 200 248 246 265 287 278 286 298 267 258 294 270 290 289 288 256 285 207 283 225 257 284 226 223 266 230 262 254 276 231 249 291 259 255 237 282 238 228 222 250 279 229 252 263 245 208 212 209 213 236 205 281 217 233 299 274 206 297 277 247 275 244 292
743 763 742 797 708 757 777 746 783 787 767 730 793 799 719 710 782 752 778 721 723 781 713 771 756 701 728 759 790 798 788 734 704 784 729 779 760 737 753 794 773 724 796 769 707 750 791 792 712 733 741 709 765 786 768 758 747 731 739 770 762 772 702 744 738 754 711 774 722 716 751 795 780 732 755 705 735 776 717 764 748 736 703 718 714 749 720 740 766 761 715
605 603 627 675 640 696 641 657 633 665 695 632 668 613 635 637 692 615 683 621 636 664 694 699 620 652 656 677 604 642 682 609 681 629 649 625 660 648 608 684 697 667 630 622 666 631 659 690 643 602 691 680 655 639 618 654 650 653 634 651 678 693 662 679 616 658 685 676 644 601 698 607 628 670 626 672 661 671 673 646 611 674 647 638 614 645 663 669 688
802
536 555 569 594 531 504 560 508 539 596 516 568 573 520 586 551 567 581 556 590 550 515 554 588 598 546 564 521 523 589 542 562 579 552 528 538 544 541 545 525 506 533 511 574 582 524 578 571 549 599 597 513 565 503 547 595 529 534 535 526 561 507 517 570 527 501 559 530 514 583 575 563 593 519 540 518 584 512 566 591 510 580 505 502 537 532 585 577 509 557 543
8
388 390 396 329 341 302 336 392 314 351 377 308 370 342 359 309 387 344 360 379 328 331 317 383 361 326 305 343 310 362 337 323 311 325 365 380 327 333 386 318 398 349 324 306 353 350 307 340 321 303 322 364 354 332 352 389 338 369 381 385 348 399 313 363 367 358 300 391 312 346 356 394 320 347 378 334 319 393 375 368 397 345 366 382 357 330 372 371 339
264
548
833
612
801
111
56
421
418
355
304
151
689
957
384
239
100
970
619
1
987
129
587
700
706
159
726
863
933
745
260
240
107
30
477
190
70
122
158
215
191
951
198
5
78
41
522
156
243
789
859
900
376
558
400
440
997
600
335
624
121
175
201
500
617
315
623
572
576
220
373
271
727
842
118
785
928
686
606
687
472
269
725
316
374
93
496
879
775
37
553
856
296
301
101
592
211
189
610
855
881
224
948
395