954 950 906 961 909 936 986 937 901 994 992 982 932 907 947 924 966 916 943 998 904 952 975 953 946 912 927 984 917 965 969 913 955 981 905 988 931 934 926 914 960 940 977 919 949 956 945 910 920 918 922 980 939 999 923 964 941 985 968 974 962 921 972 911 925 938 935 944 979 991 973 978 963 967 996 989 908 903 976 929 971 993 995 990 930 958 902 942 915 983 959
60 77 27 47 89 38 92 73 31 45 51 53 64 4 35 23 61 39 44 65 94 32 54 68 19 76 25 13 22 55 80 6 21 9 33 58 52 63 67 85 98 74 34 11 87 86 69 49 3 81 50 59 46 28 75 20 95 84 96 83 17 71 88 18 62 0 16 42 66 12 79 14 24 2 10 97 40 48 72 29 99 82 15 91 26 36 7 90 43 57
195 114 103 139 112 133 108 177 183 115 193 176 135 104 149 194 174 178 172 110 166 130 179 131 123 128 167 105 197 181 180 168 137 113 184 155 150 119 196 116 160 109 124 143 138 163 132 187 102 134 185 171 145 164 157 165 148 141 186 153 106 173 144 147 142 154 161 152 140 117 126 146 162 192 120 125 170 199 127 188 169 182 136
430 471 483 436 419 484 438 458 480 404 425 457 499 469 410 481 486 498 489 487 453 434 488 462 407 478 413 482 405 465 451 442 435 429 445 468 479 420 448 433 415 463 408 467 403 428 459 460 411 427 417 454 497 474 495 412 456 409 423 473 476 414 461 402 470 422 406 449 464 416 401 491 466 455 426 490 439 447 431 485 452 432 493 443 424 437 494 444 441 492 450 475
844 848 874 832 866 818 835 850 895 880 817 822 804 865 803 892 849 862 851 828 812 878 882 837 809 893 816 857 894 836 896 854 898 886 872 815 824 827 876 823 825 826 805 860 861 813 877 834 868 888 841 884 852 847 820 875 869 853 829 873 899 821 810 814 839 831 889 830 819 807 838 864 887 891 800 811 883 885 840 871 843 858 845 867 846 870 897 890 808 806
282 245 266 287 241 256 272 291 225 236 253 200 205 274 289 213 297 210 202 257 285 222 298 267 294 244 278 258 209 238 226 299 262 217 206 249 281 233 263 268 237 223 203 292 279 232 246 204 293 277 290 275 280 218 242 288 230 286 216 231 221 227 250 229 273 276 270 252 261 295 247 284 283 208 212 265 255 251 254 235 214 234 228 259 248 219 207
790 742 720 730 758 799 756 718 797 766 731 767 712 701 711 770 739 765 787 708 796 774 707 791 793 752 773 754 714 749 746 719 704 795 722 748 763 750 783 709 732 769 741 702 729 744 782 753 734 755 771 716 733 778 757 715 781 772 786 737 743 751 779 788 792 740 721 747 713 780 717 728 738 703 761 723 768 759 736 735 776 762 794 705 784 777 764 760 798 724 710
652 670 649 614 613 615 616 641 647 676 663 627 673 636 643 608 664 659 632 698 677 661 675 621 655 665 691 694 635 637 668 631 650 660 642 625 634 678 607 638 653 685 658 699 657 622 654 696 667 629 693 662 684 633 639 618 697 648 679 692 644 656 683 626 645 603 672 628 640 609 682 695 646 620 681 674 688 601 651 611 630 669 671 602 666 680 605 690 604
802
599 514 578 506 526 566 573 569 515 596 504 542 529 562 503 584 501 511 579 508 509 571 580 588 568 593 540 557 530 531 597 521 595 535 543 527 585 547 517 574 552 559 598 582 532 507 505 512 516 518 589 549 502 523 528 539 570 510 581 550 545 524 567 551 534 561 554 563 538 564 520 560 556 519 583 513 544 594 575 536 555 533 590 591 586 541 537 525 546 577 565
8
371 308 364 330 324 340 320 302 383 321 318 319 381 370 399 314 360 300 350 309 347 361 357 313 349 332 305 328 372 387 378 351 356 326 346 375 368 358 348 394 329 390 310 388 392 365 380 385 317 389 391 322 333 338 343 323 366 393 359 311 312 363 382 336 337 379 386 362 307 398 331 341 327 352 345 377 369 353 306 396 342 334 397 367 339 354 303 325 344
264
548
833
612
801
111
56
421
418
355
304
151
689
957
384
239
100
970
619
1
987
129
587
700
706
159
726
863
933
745
260
240
107
30
477
190
70
122
158
215
191
951
198
5
78
41
522
156
243
789
859
900
376
558
400
440
997
600
335
624
121
175
201
500
617
315
623
572
576
220
373
271
727
842
118
446
785
928
686
606
687
472
269
725
316
374
93
496
879
775
37
553
856
296
301
101
592
211
189
610
855
881
224
948
395