984 911 924 909 912 958 923 982 932 944 959 950 985 988 919 990 986 905 946 939 908 968 956 976 943 969 977 973 903 925 954 967 918 949 913 917 975 915 998 904 936 931 934 927 996 961 971 972 940 942 966 952 929 965 981 906 991 910 935 979 989 974 978 921 920 941 945 980 962 964 914 953 922 938 960 937 907 947 983 994 993 955 963 916 992 901 930 902 995 926
53 62 55 35 69 31 39 65 66 47 3 75 99 17 46 82 10 63 88 29 42 28 74 76 89 83 13 73 54 24 43 94 36 51 33 86 50 0 9 49 97 48 92 20 45 27 80 11 64 57 95 61 52 15 44 4 85 59 58 19 90 34 72 77 40 7 32 6 2 18 91 84 81 38 79 67 14 16 71 21 87 26 60 25 23 98 12 68 22 96
164 152 194 195 181 147 131 180 134 135 185 169 112 119 126 123 120 163 173 199 149 113 162 139 154 102 136 167 187 106 161 176 140 109 148 150 166 178 103 127 179 128 160 193 110 157 146 130 138 117 141 132 165 143 186 104 114 177 188 196 183 172 182 142 116 144 137 171 155 145 174 125 115 184 192 105 133 108 153 170 197 168 124
456 490 406 451 476 437 434 495 462 467 497 458 444 466 486 415 414 492 417 420 460 430 494 461 482 426 431 483 489 427 413 459 435 475 429 432 410 499 498 442 404 488 412 405 449 401 439 473 455 408 493 481 402 428 491 484 478 409 470 445 457 454 411 407 468 447 403 436 464 469 474 419 423 471 438 448 463 443 479 424 453 480 485 452 425 450 487 465 441 433 422 416
808 811 814 886 829 877 840 826 874 873 837 839 887 827 845 865 828 897 851 847 832 867 813 822 852 854 884 860 823 876 872 894 820 870 817 846 848 875 803 806 841 878 893 891 844 824 882 821 809 812 825 862 800 810 807 831 818 899 834 838 896 843 815 836 866 895 835 880 890 868 853 857 889 888 885 819 816 805 858 892 871 861 850 869 849 804 898 864 883 830
292 283 266 209 218 287 231 280 263 203 254 284 238 205 219 289 297 214 249 276 279 274 246 262 223 210 208 216 253 222 221 291 244 259 273 204 267 270 233 212 265 241 206 236 288 251 250 213 252 202 234 275 245 226 285 261 237 268 255 282 281 286 228 227 295 229 258 248 299 293 207 272 278 200 217 242 277 294 230 225 247 232 257 298 235 290 256
782 729 794 750 757 737 786 749 796 764 771 703 795 710 797 798 746 738 765 724 713 788 784 762 783 760 748 720 704 780 787 778 731 766 756 755 776 714 742 768 712 701 721 774 722 741 730 734 735 715 717 707 740 799 777 751 769 792 790 719 718 705 753 732 736 793 781 758 711 728 773 709 752 739 767 759 743 702 754 733 723 747 772 761 779 791 770 708 744 763 716
648 628 630 656 685 668 641 635 678 677 637 632 604 634 658 609 666 633 626 664 688 694 650 649 640 695 661 636 620 667 692 614 696 616 663 654 660 657 611 639 618 643 646 622 645 683 670 697 642 651 603 629 644 631 669 653 690 659 615 681 698 682 627 672 699 605 638 691 676 662 655 680 647 602 621 674 665 607 679 693 601 613 652 673 675 608 625 684 671
802
521 596 515 593 579 551 552 565 550 526 575 562 555 523 544 533 585 516 577 510 583 540 508 529 535 559 595 513 560 514 557 586 519 563 549 539 525 517 507 597 589 511 554 545 567 571 569 506 528 580 524 541 509 566 578 598 547 574 546 503 543 504 582 537 538 594 568 581 501 512 599 534 542 590 588 531 564 591 532 536 520 570 530 527 573 505 518 502 556 584 561
8
375 388 385 358 381 340 363 303 320 322 386 382 341 324 337 392 329 383 354 353 312 345 318 311 399 351 366 377 332 364 396 319 343 397 314 398 336 313 369 394 378 342 321 333 359 356 387 391 302 349 393 310 338 325 331 368 372 367 344 389 300 380 357 328 330 323 365 307 326 346 348 305 361 371 339 306 362 347 370 390 327 317 379 360 308 352 334 309 350
264
548
833
612
801
111
56
421
418
355
304
151
689
957
384
239
100
970
619
1
987
129
587
700
706
159
726
863
933
745
999
260
240
107
30
477
190
70
122
158
215
191
951
198
5
78
41
522
156
243
789
859
900
376
558
400
440
997
600
335
624
121
175
201
500
617
315
623
572
576
220
373
271
727
842
118
446
785
928
686
606
687
472
269
725
316
374
93
496
879
775
37
553
856
296
301
101
592
211
189
610
855
881
224
948
395