959 918 981 980 938 985 954 941 979 907 914 998 910 937 934 988 964 974 924 935 945 949 986 921 912 971 919 983 917 990 975 955 947 911 915 913 952 909 920 961 922 968 963 930 950 906 944 989 966 976 925 969 973 939 903 901 993 965 926 958 992 984 940 916 908 982 956 923 967 943 977 994 996 931 953 962 972 960 929 936 978 905 904 932 927 995 946 991 902 942
0 21 23 24 9 75 64 90 33 47 97 40 79 57 22 48 77 59 25 91 52 18 49 63 73 82 34 6 29 61 72 27 14 89 50 7 10 99 85 58 68 83 92 69 46 67 16 45 42 28 35 60 81 87 84 94 76 36 2 74 15 11 54 32 17 31 86 80 4 13 88 20 71 51 26 96 53 12 19 98 43 38 39 55 44 95 65 62 66 3
170 115 169 103 174 113 120 112 109 126 138 164 154 144 185 141 182 179 199 127 104 131 162 143 133 166 196 177 130 147 125 108 146 184 136 197 145 123 140 110 176 193 139 155 181 124 137 116 194 195 186 188 150 172 192 160 152 163 134 148 171 114 102 173 128 187 119 106 157 183 149 142 168 180 132 135 117 165 105 161 153 167
442 464 465 482 438 494 404 484 473 499 431 429 497 451 410 403 461 423 483 407 434 492 426 481 402 493 448 450 478 437 454 491 495 411 425 422 408 432 405 498 417 475 452 449 490 479 441 463 489 466 443 468 471 459 460 476 462 414 406 436 420 470 467 444 435 458 447 427 401 433 430 469 412 413 439 488 455 428 424 453 485 474 419 486 445 409 415 457 416 456 487 480
836 854 831 815 873 851 893 846 867 877 875 817 890 862 872 892 829 847 840 804 876 824 852 808 865 803 886 888 870 853 845 844 874 894 869 880 838 841 887 849 860 805 868 882 897 839 800 822 809 843 896 810 883 814 861 825 823 813 885 834 826 835 889 850 827 857 821 871 807 832 878 830 816 848 866 837 828 858 806 895 899 819 820 891 811 812 898 884 818 864
241 229 210 263 208 273 204 238 294 282 285 272 298 295 223 267 287 257 234 292 278 255 216 233 284 231 242 265 246 259 290 262 297 283 274 258 205 251 250 226 237 209 232 254 230 207 276 248 218 227 236 200 219 252 268 299 261 279 289 206 291 256 222 213 266 247 214 270 293 221 228 249 280 288 244 286 202 235 253 281 212 275 203 277 225 245 217
743 769 720 761 737 740 717 771 750 798 773 757 702 708 711 733 729 770 714 776 751 779 746 764 793 791 734 704 703 767 749 790 756 753 762 765 796 728 774 748 763 719 755 709 747 768 721 712 799 782 760 795 744 787 722 766 732 705 778 783 735 794 777 792 730 741 713 781 731 738 797 715 754 758 723 752 716 786 772 710 718 724 742 701 784 759 780 788 736 739 707
604 676 643 644 668 626 648 682 671 636 629 670 662 615 632 605 658 611 634 663 652 690 651 672 637 666 650 692 697 665 641 683 631 616 647 620 609 627 603 614 661 654 669 696 673 684 693 638 659 639 625 675 607 601 608 633 630 698 645 655 694 677 681 678 679 699 646 664 602 660 628 640 657 642 685 674 680 649 667 653 691 688 622 695 613 656 621 635 618
802
551 570 540 528 501 580 531 561 596 578 579 585 507 556 504 560 562 577 549 568 574 564 521 563 545 591 502 559 510 573 552 535 511 515 555 508 586 567 536 599 533 525 582 539 542 597 529 543 517 524 541 547 516 565 589 537 581 534 530 503 514 526 594 575 544 588 546 519 518 590 598 520 554 584 512 583 595 505 513 593 506 509 532 538 550 571 523 527 557 566 569
8
305 381 302 317 331 319 310 396 324 327 328 353 380 334 330 360 346 320 332 337 358 338 367 399 336 365 369 307 326 325 390 323 308 382 388 309 349 313 397 362 371 321 389 354 345 322 398 347 344 318 375 370 333 352 341 368 339 348 306 303 392 343 391 386 377 340 300 314 383 394 350 364 385 357 387 393 312 361 378 372 356 359 363 351 342 366 379 329 311
264
548
833
612
801
111
56
421
418
355
304
151
689
957
384
239
100
970
619
1
987
129
587
700
706
159
726
863
933
745
999
260
240
107
30
477
190
70
122
158
215
191
951
198
5
78
41
522
156
243
789
859
900
376
558
400
440
997
600
335
624
121
175
201
500
617
315
623
572
576
220
373
271
727
842
118
446
785
928
686
606
687
472
269
725
316
374
93
496
879
775
37
178
553
856
296
301
101
592
211
189
610
855
881
224
948
395