955 977 929 909 967 981 930 941 986 988 982 936 991 905 951 972 906 916 984 956 960 946 932 950 963 962 952 969 965 976 978 925 949 961 973 910 945 985 957 921 913 953 919 987 901 939 935 994 996 997 931 933 964 938 983 926 920 904 907 915 993 999 970 912 943 918 980 971 974 923 959 911 947 954 979 942 903 900 927 917 902 924 928 958 940 989 966 968 948 914 937 990 992 908 934 995 998 975 944 922
95 15 92 93 84 99 96 76 50 72 14 69 40 20 86 62 82 63 49 64 79 57 31 59 4 91 22 16 97 34 48 5 81 24 89 61 65 46 77 18 36 53 83 44 0 35 32 74 38 51 19 58 43 2 26 27 67 94 17 37 60 9 11 1 30 68 66 98 75 10 23 21 39 29 33 87 7 78 54 90 85 45 12 25 88 13 56 71 6 28 41 8 42 80 73 52 55 70 47 3
163 198 126 120 166 153 138 130 167 115 116 176 111 143 193 199 106 112 119 185 103 132 114 118 152 196 171 108 104 110 183 101 123 124 121 122 168 140 100 155 158 192 145 135 151 129 170 159 195 133 128 102 136 117 156 127 125 179 194 113 178 181 148 186 188 149 131 174 190 177 182 142 146 175 169 187 144 161 150 137 147 165 160 107 197 180 154 139 164 184 191 157 162 189 172 141 109 173 105 134
414 470 428 491 468 466 426 496 460 401 478 485 403 487 427 446 432 420 455 416 451 402 469 409 474 476 472 458 440 449 481 484 423 465 447 434 497 454 492 435 486 448 421 443 418 463 410 436 489 407 467 473 483 429 488 412 442 437 431 445 456 444 424 408 498 419 415 433 494 430 475 439 413 405 422 411 404 459 479 464 493 441 452 482 477 457 495 499 450 406 461 471 462 453 417 425 438 480 490
849 868 836 850 823 879 855 819 813 874 899 866 891 893 883 824 857 873 898 804 869 817 861 851 880 890 822 816 892 867 876 877 808 825 800 882 886 844 814 803 820 853 897 839 831 805 807 852 809 842 835 845 827 838 829 875 821 846 859 858 860 854 872 871 894 810 802 862 818 828 848 843 830 888 833 870 841 885 806 896 801 884 864 847 856 812 865 840 881 837 887 895 815 811 834 878 863 832 889 826
296 220 279 228 214 235 249 293 265 260 224 252 282 271 227 292 238 264 240 213 206 298 254 275 239 242 263 201 202 209 269 236 226 237 225 258 219 276 257 203 204 221 246 272 247 253 261 215 241 278 273 267 283 232 294 207 256 277 290 200 211 248 208 262 205 274 212 223 266 289 268 251 245 243 233 287 255 222 280 244 288 259 284 217 286 234 216 230 218 299 291 270 231 295 210 285 297 281 250 229
740 709 785 742 744 761 755 724 782 716 777 725 717 703 749 712 770 721 768 737 729 734 718 732 767 796 781 787 793 757 706 708 728 762 784 778 753 723 707 758 751 735 747 719 748 797 711 771 736 763 750 776 738 722 789 745 759 773 772 752 774 794 791 700 731 765 741 788 780 713 783 743 733 756 779 792 726 790 786 704 701 795 714 739 775 760 798 766 710 764 705 769 799 746 720 754 702 730 715 727
608 660 629 620 640 690 691 618 604 610 630 670 641 650 624 649 603 621 675 609 661 668 657 612 683 694 656 617 607 695 622 680 601 674 673 699 635 632 644 698 697 685 664 666 689 687 671 642 627 692 647 614 653 645 684 636 693 611 663 628 676 639 688 665 646 679 658 605 613 651 602 606 625 669 600 643 637 677 648 667 682 623 672 634 631 626 633 615 659 654 678 696 616 655 662 681 652 686 638 619
592 562 501 520 552 599 544 550 513 596 558 568 557 583 515 542 548 567 575 521 512 518 547 503 579 505 534 582 573 577 517 563 595 553 509 549 541 522 594 502 585 581 556 507 533 504 528 516 580 570 540 565 539 574 535 593 545 525 506 564 551 569 587 536 519 578 571 559 508 560 530 576 529 584 532 589 524 588 590 510 538 598 572 526 531 546 597 554 566 523 514 511 527 500 591 561 555 586 537 543
308 363 320 331 378 335 336 327 360 318 306 338 383 344 346 333 322 390 324 398 372 301 340 317 337 300 352 365 379 377 339 387 347 389 384 323 386 302 305 321 362 366 380 374 315 345 319 385 353 334 391 355 357 375 392 312 350 307 354 349 309 326 341 394 356 359 313 330 369 364 396 304 314 311 361 367 376 388 368 370 381 358 316 303 393 325 399 395 382 343 397 342 371 329 351 310 328 348 332 373
400