920 991 982 975 973 939 990 953 992 983 921 918 942 972 943 923 962 969 937 984 986 910 963 959 971 954 998 913 994 966 964 968 965 916 929 952 941 922 946 915 950 989 947 996 967 907 940 927 976 932 904 931 985 905 980 903 961 908 958 914 955 901 977 945 979 909 930 926 944 978 917 919 974 906 960 938 995 934 993 981 912 925 911 988 924 949 956 935 902 936
98 39 63 33 42 67 17 50 77 13 81 58 71 40 18 69 48 31 14 57 54 3 82 25 10 64 75 27 96 79 60 22 11 68 94 53 66 15 95 73 16 38 90 45 44 55 87 84 26 89 51 62 32 92 74 99 52 35 7 6 0 46 59 72 29 61 43 83 20 80 85 9 91 19 65 28 49 88 47 2 36 23 21 12 4 97 76 24 34 86
187 146 143 154 140 114 164 184 152 117 133 179 106 186 134 149 196 120 145 193 177 181 176 170 110 123 173 171 139 109 124 174 199 137 116 112 155 166 172 182 195 162 160 192 131 127 144 135 136 150 104 103 163 130 141 138 185 169 132 168 161 167 147 142 108 105 148 165 113 188 157 125 194 197 126 153 183 180 119 128 115 102
488 470 451 481 478 424 462 425 448 449 414 447 430 426 468 439 412 404 463 423 441 419 422 461 443 469 483 466 411 431 429 490 444 413 459 420 495 406 482 450 497 455 434 494 409 428 401 456 415 487 473 403 476 453 471 436 460 410 438 486 437 479 433 457 408 499 452 458 489 480 402 492 491 407 442 485 475 416 464 498 417 465 467 484 454 405 493 445 474 427 435 432
867 803 898 817 808 819 860 844 835 893 830 824 852 810 868 888 875 861 807 800 832 848 891 815 845 837 886 862 897 820 869 805 882 887 872 838 889 853 885 865 822 831 892 876 814 895 894 890 878 850 804 829 857 813 870 811 812 871 816 821 864 858 851 825 818 841 806 883 823 847 899 840 826 884 849 874 839 896 873 846 834 827 809 866 854 828 836 843 880 877
228 258 250 261 294 295 281 226 292 242 257 212 275 287 210 289 233 251 241 285 208 256 265 283 274 206 244 207 216 252 278 219 270 227 268 282 263 204 205 223 286 200 236 299 273 259 203 290 262 230 279 202 238 229 221 266 213 218 272 245 248 280 214 247 267 231 291 293 246 253 235 288 217 298 232 222 277 249 209 297 276 255 237 234 254 284 225
738 705 748 735 713 774 712 767 732 755 796 797 790 736 795 747 761 754 794 740 788 724 778 783 752 722 719 784 728 708 729 704 773 763 710 750 723 770 711 702 716 779 734 760 769 741 753 793 744 777 798 733 718 746 709 703 792 714 715 771 751 730 780 737 765 776 766 742 772 762 768 759 757 743 786 749 756 731 787 717 764 799 720 781 791 758 707 721 782 701 739
676 622 637 683 636 671 695 627 664 662 667 666 631 692 605 604 628 620 656 675 647 658 642 657 661 681 640 665 630 652 615 685 693 659 618 609 614 651 608 621 629 649 634 645 679 677 639 626 643 644 654 607 655 611 698 648 602 653 632 641 663 697 682 669 690 616 680 601 684 603 668 660 694 672 699 633 673 613 678 650 638 635 670 696 688 691 674 646 625
802
537 578 549 536 567 584 575 586 510 566 552 570 589 545 507 531 527 520 524 596 514 571 595 551 583 557 542 528 519 539 530 503 540 546 541 518 569 573 565 561 588 521 564 532 501 517 559 515 563 568 560 598 556 599 554 529 597 555 550 525 512 543 502 538 579 585 580 511 581 582 574 504 591 535 533 593 508 509 547 577 523 513 505 534 506 562 516 594 590 544
8
379 323 326 320 338 313 340 341 352 342 305 386 333 310 334 311 322 390 349 371 347 306 336 377 344 381 309 327 345 370 324 359 398 330 302 369 308 331 391 387 382 363 357 372 397 318 307 378 300 361 385 353 368 396 389 312 360 317 325 364 343 375 350 346 388 358 366 380 356 365 367 394 332 329 339 321 392 337 399 303 314 348 351 328 319 383 393 362 354
264
548
833
612
801
111
56
421
418
355
304
151
689
957
384
239
100
970
619
1
987
129
587
700
706
159
726
863
933
745
999
260
240
107
30
477
190
70
122
158
215
191
951
198
5
78
41
522
156
243
789
859
900
376
558
400
440
997
600
335
624
121
175
201
500
617
315
623
572
526
576
220
373
271
727
842
118
446
785
928
686
606
687
472
269
725
316
374
93
496
879
775
37
178
553
856
296
301
101
592
211
189
610
855
881
224
948
395