901 920 971 961 956 974 976 938 973 988 913 993 995 947 962 927 980 992 941 902 986 924 931 943 942 906 946 932 912 963 916 983 990 907 966 982 908 944 953 945 918 969 972 954 958 937 925 968 930 994 914 967 936 905 955 909 975 919 940 917 926 911 991 959 923 935 964 915 950 934 910 978 952 989 949 965 921 981 977 903 996 979 985 904 984 960 922 998 929 939
82 36 29 18 42 48 28 50 13 74 91 33 80 79 11 86 92 85 38 88 99 3 89 52 75 15 2 87 97 96 19 54 14 57 53 49 21 39 95 62 17 22 71 43 23 63 44 67 34 32 68 35 4 61 6 65 0 72 27 47 60 10 16 84 9 25 45 76 94 98 66 40 90 55 26 20 69 58 46 73 7 31 83 81 24 64 77 51 12 59
134 194 125 167 169 193 117 172 116 180 155 196 112 182 154 106 133 164 171 119 185 170 143 188 132 113 146 157 103 123 152 150 130 181 199 186 153 131 160 149 168 104 162 184 173 108 109 114 136 126 179 187 192 195 128 148 115 165 145 147 127 166 142 141 138 183 135 174 110 140 139 161 144 197 163 177 137 124 120 102 176 105
494 491 408 434 468 405 442 413 420 438 429 425 490 416 485 470 482 422 484 450 409 465 467 444 401 498 404 462 471 474 443 423 427 430 489 499 459 406 456 476 449 451 411 424 469 410 486 415 453 464 458 478 479 492 419 463 483 435 461 487 441 466 497 457 447 460 445 481 412 426 454 495 493 475 448 432 488 473 402 403 433 455 431 439 414 417 428 437 480 452 407
858 882 836 800 889 866 857 864 896 895 871 816 847 815 817 826 898 880 805 876 824 853 861 837 897 831 868 865 829 885 822 873 835 893 839 852 807 854 811 832 809 870 846 810 872 867 887 894 888 823 891 813 828 892 820 862 808 834 838 878 818 851 804 814 827 886 821 883 845 890 899 850 877 819 884 849 803 874 875 844 841 812 860 806 840 830 825 848 843 869
227 246 232 252 251 242 290 267 284 270 203 255 226 237 244 205 236 233 234 272 230 265 266 217 286 297 261 222 262 229 225 295 256 291 283 276 213 212 238 235 289 254 293 259 277 221 214 288 253 275 223 247 218 273 274 268 278 280 249 202 228 209 207 219 299 292 287 258 282 206 200 216 279 210 241 250 231 248 208 245 298 263 285 257 281 204 294
750 712 743 761 798 787 799 773 790 782 779 717 714 788 769 711 748 702 757 784 742 720 709 735 754 715 739 783 731 780 740 722 767 741 716 721 749 792 730 752 724 733 703 763 760 732 796 797 772 710 707 766 736 704 718 770 728 777 765 751 774 746 762 758 768 764 747 734 737 738 756 795 723 701 776 771 705 786 744 755 708 729 793 753 778 719 794 759 713 791 781
675 618 627 659 682 684 673 616 628 657 658 635 674 611 690 691 667 647 605 688 693 654 631 685 695 643 609 638 632 650 637 683 644 668 629 626 645 649 671 670 613 622 666 656 601 602 642 660 639 633 625 640 697 620 661 679 621 615 680 662 655 652 669 665 672 653 630 692 678 603 634 699 677 664 608 651 614 663 696 604 681 698 641 646 636 607 694 648 676
802
577 596 514 544 519 581 520 568 582 540 598 517 599 523 539 542 528 559 538 551 579 571 552 574 541 575 516 518 555 583 515 593 506 532 564 512 589 561 584 549 591 543 578 567 503 534 565 570 525 597 550 585 560 524 535 566 536 594 556 511 547 521 531 513 509 530 595 590 507 504 533 554 529 580 563 557 505 510 562 501 588 502 508 573 586 527 537 546 545 569
8
325 323 307 363 339 322 358 334 356 340 328 360 351 300 333 324 367 344 308 303 353 349 369 336 390 310 352 385 354 368 317 386 306 365 343 399 387 350 393 318 314 380 378 348 331 319 366 342 305 372 364 370 347 379 330 338 302 321 329 392 398 388 346 345 371 359 357 381 326 311 377 337 361 362 309 389 313 312 394 341 396 332 397 382 320 391 383 375 327
264
548
833
612
801
111
56
421
418
355
304
151
689
957
384
239
100
970
619
1
987
129
587
700
706
159
726
436
863
933
745
999
260
240
107
30
477
190
70
122
158
215
191
951
198
5
78
41
522
156
243
789
859
900
376
558
400
440
997
600
335
624
121
175
201
500
617
315
623
572
526
576
220
373
271
727
842
118
446
785
928
686
606
687
472
269
725
316
374
93
496
879
775
37
178
553
856
296
301
101
592
211
189
610
855
881
224
948
395