926 962 902 931 922 978 953 903 945 975 939 943 990 916 959 934 986 952 950 915 979 994 968 941 901 944 972 991 966 949 977 942 971 909 936 995 935 937 998 921 985 946 981 904 961 969 918 956 930 914 973 908 923 963 912 940 913 996 905 917 925 992 965 980 938 920 974 955 907 983 906 967 947 919 929 989 993 910 984 988 927 960 982 964 976 958 924 932 911 954
99 21 49 46 4 7 73 19 94 16 58 68 97 36 57 33 66 10 63 69 40 20 50 45 23 2 80 86 88 77 6 81 31 17 52 72 59 79 75 0 91 27 44 90 12 82 39 76 71 84 89 32 65 9 43 67 48 38 98 24 3 62 51 13 55 92 74 85 26 54 83 47 18 87 25 61 34 22 29 96 14 42 11 95 15 35 60 64 28 53
103 172 152 195 168 161 137 142 182 132 135 123 185 149 165 169 143 164 199 174 127 163 194 126 145 106 150 138 176 130 147 144 196 154 146 197 153 170 120 119 112 117 173 105 160 192 184 180 134 141 148 183 108 181 116 102 104 113 109 177 186 114 128 136 139 188 167 157 133 166 115 187 162 171 179 125 155 124 193 140 131 110
486 459 414 492 407 415 401 420 452 419 491 474 425 445 482 467 471 484 434 404 497 451 478 438 435 463 449 403 461 453 455 483 413 464 430 499 489 469 422 442 468 490 456 485 488 493 406 416 411 448 424 417 465 475 498 409 423 429 454 427 494 405 457 487 473 410 476 432 450 479 431 495 439 433 447 462 444 426 466 460 412 408 402 480 437 458 443 428 441 481 470
811 806 889 854 816 807 800 867 834 803 878 887 840 891 828 874 857 843 880 893 823 876 868 837 821 862 892 810 847 869 805 872 882 886 890 835 812 826 884 875 829 808 897 871 852 853 814 896 877 849 873 809 894 850 819 866 813 841 870 858 885 836 818 822 848 817 844 865 820 899 864 883 898 832 831 861 888 815 895 804 846 825 838 851 839 860 824 830 845 827
207 292 213 268 227 218 290 295 241 208 261 277 200 223 238 257 265 214 279 246 294 263 286 259 291 226 262 273 266 234 237 270 242 202 244 276 230 236 206 287 278 222 251 225 229 248 253 249 216 283 282 205 250 235 255 212 233 284 267 258 285 298 231 297 280 219 221 299 203 254 252 281 228 209 274 210 232 245 272 256 293 288 217 204 289 275 247
737 735 733 798 703 751 719 718 711 730 720 701 713 746 717 708 722 765 747 771 766 790 731 767 758 787 782 729 777 768 776 795 750 707 763 788 752 797 769 760 774 704 738 712 791 739 794 732 757 796 728 710 702 744 793 740 748 761 792 773 754 799 781 742 779 709 714 705 721 736 783 756 734 784 743 749 715 778 786 716 741 762 724 753 723 764 772 759 770 780 755
671 696 636 680 674 651 690 643 637 684 652 609 644 632 683 615 682 648 658 601 638 635 640 639 618 605 626 664 659 667 678 642 621 677 646 676 663 628 620 611 627 607 649 622 661 695 629 625 694 616 631 602 697 698 641 608 657 603 668 665 672 673 681 692 654 688 675 699 630 660 691 670 614 656 647 650 645 633 655 693 662 669 685 604 634 613 666 679 653
802
574 547 504 578 594 538 529 532 550 530 528 565 506 545 598 531 586 584 521 523 588 508 595 520 579 542 515 502 582 562 571 567 503 507 580 535 514 517 554 585 559 518 596 543 573 534 510 509 539 590 589 536 525 593 597 583 581 591 569 575 524 566 560 537 516 552 556 599 512 546 563 519 555 541 511 577 549 568 551 527 540 505 501 564 533 570 544 557 561
8
326 324 321 330 340 328 388 383 359 399 350 345 357 319 392 336 338 375 354 364 393 312 332 331 382 385 310 366 372 334 394 339 396 347 317 341 397 358 381 389 360 363 380 377 305 379 320 325 346 314 300 351 308 391 343 369 371 318 362 378 307 337 356 386 323 387 365 368 342 353 367 398 352 349 306 313 322 348 311 327 309 361 329 333 302 344 303 390 370
264
548
833
612
801
111
56
421
418
355
304
151
689
957
384
239
100
970
619
1
987
129
587
700
706
159
726
436
863
933
745
999
260
240
107
30
477
190
70
122
158
215
191
951
198
5
78
41
522
156
243
513
789
859
900
376
558
400
440
997
600
335
624
121
175
201
500
617
315
623
572
526
576
220
373
271
727
842
118
446
785
928
686
606
687
472
269
725
316
374
93
496
879
775
37
178
553
856
296
301
101
592
211
189
610
855
881
224
948
395