915 964 902 926 906 996 919 943 952 941 938 976 924 927 916 913 904 934 945 962 909 907 931 921 950 981 961 971 949 983 986 954 992 977 982 914 910 946 988 920 974 966 990 991 901 911 972 998 994 958 959 912 936 965 937 925 923 935 989 993 908 969 947 929 995 930 963 917 944 903 980 956 905 953 932 985 975 940 922 968 979 984 960 955 918 973 939 942 967 978
60 74 72 18 82 4 63 13 73 79 45 99 35 6 32 47 46 0 31 40 76 98 68 85 11 24 53 48 38 81 88 92 12 62 59 26 71 50 54 10 23 29 87 65 77 22 2 96 16 52 19 28 69 34 64 7 33 27 14 43 57 15 84 83 3 21 97 91 49 66 20 55 75 86 51 89 25 17 80 42 36 58 9 90 39 94 61 67 95 44
125 197 105 163 132 193 139 169 143 199 183 113 194 173 162 168 164 154 188 142 155 184 102 114 144 180 138 141 148 136 166 196 145 120 124 106 153 108 186 115 171 174 137 161 167 179 123 117 172 165 133 109 127 104 157 195 149 126 116 128 187 147 185 110 150 130 140 176 146 182 131 135 177 103 181 160 134 152 170 192 119 112
468 497 449 455 447 462 419 499 490 416 429 437 409 486 494 404 457 475 465 479 414 483 478 406 451 444 493 411 480 464 473 485 401 450 431 466 402 427 413 407 470 405 461 428 439 467 491 420 454 434 408 403 476 492 441 495 489 422 452 435 488 417 487 430 432 460 471 445 458 433 423 474 410 453 438 448 456 481 463 498 424 412 482 442 426 459 469 443 425 415
866 814 822 839 893 876 883 887 875 857 837 848 830 824 812 849 800 841 892 846 828 873 827 890 860 832 843 818 817 854 807 884 823 811 870 852 878 889 821 891 838 874 826 804 803 858 806 840 862 815 813 867 808 872 825 850 810 885 834 851 853 829 809 865 880 898 844 877 864 888 845 847 886 819 897 871 899 805 861 831 869 835 820 894 868 896 816 836 895 882
285 205 203 283 207 226 251 273 290 256 232 281 282 218 209 233 258 234 297 298 277 213 206 252 261 270 263 228 235 267 280 246 208 275 259 274 204 231 214 222 247 229 292 217 262 286 294 253 200 255 236 284 276 202 295 223 216 244 279 219 287 221 210 293 289 266 225 265 237 212 291 245 254 250 249 242 238 272 268 288 230 227 257 299 241 278 248
746 748 772 736 761 747 718 749 790 765 778 795 710 719 773 799 779 742 757 756 792 711 712 704 797 774 776 788 755 715 732 743 701 777 762 780 724 759 752 722 734 702 723 791 769 793 739 764 770 783 741 720 721 763 771 729 740 786 753 787 708 750 716 707 766 744 737 794 713 758 705 767 781 731 703 709 768 798 760 796 735 728 714 733 751 782 784 738 717 754 730
647 652 665 697 660 675 614 605 642 609 692 632 680 608 630 673 663 649 650 636 698 674 615 655 666 622 627 645 621 643 651 638 603 684 679 690 607 601 633 653 602 696 681 659 618 639 641 661 616 694 658 635 662 648 634 629 628 611 688 657 668 644 682 626 678 646 671 656 669 640 691 683 604 677 664 613 667 631 672 699 625 654 685 637 620 676 670 693 695
802
591 580 535 544 562 593 538 581 542 599 504 512 531 508 583 595 524 516 536 546 530 529 539 575 527 585 532 597 566 541 579 584 519 586 582 507 557 574 565 515 552 555 567 528 502 503 521 523 577 540 501 533 525 537 520 545 549 505 559 510 564 568 556 518 550 534 506 590 514 561 589 517 563 547 570 551 569 594 511 596 573 578 509 571 543 554 588 560 598
8
321 300 393 349 302 390 352 326 399 353 337 330 346 325 366 347 306 368 317 392 324 328 391 394 348 333 343 356 377 379 310 327 386 308 358 313 307 369 322 318 339 351 323 344 334 380 378 363 309 354 381 314 385 362 360 383 332 398 387 357 331 303 342 364 370 371 311 359 396 320 361 341 305 340 375 388 338 372 345 367 397 389 336 312 365 382 319 329 350
264
548
833
612
801
111
56
421
418
355
304
151
689
957
384
239
100
970
619
1
987
129
587
700
706
159
726
436
863
933
745
999
260
240
107
30
477
190
70
122
158
215
191
951
198
5
78
41
522
156
243
513
789
859
900
376
558
400
440
997
600
335
624
121
175
201
500
617
315
623
572
526
576
220
373
271
727
842
118
446
785
928
686
606
484
687
472
269
725
316
374
93
496
879
775
37
178
553
856
296
301
101
592
211
189
610
855
881
224
948
395