925 962 919 929 965 976 990 935 966 968 952 959 954 921 904 911 903 975 996 961 979 930 953 905 939 920 908 992 984 931 942 943 927 986 994 955 945 924 963 907 938 913 940 960 978 974 988 967 902 991 922 983 980 972 916 949 901 918 923 995 985 917 937 993 946 971 977 973 941 947 958 964 909 912 950 906 998 969 932 989 934 915 981 956 936 910 944 926 982 914
69 73 44 42 6 81 2 27 33 57 77 87 60 75 12 95 72 23 49 99 13 67 36 59 26 85 22 88 20 83 31 61 19 98 43 50 4 58 3 53 9 28 92 24 45 46 15 40 17 76 80 47 48 96 32 52 79 18 29 94 84 66 25 65 91 39 35 7 34 64 0 11 63 54 14 68 97 86 16 89 74 51 71 21 55 38 10 62 90 82
176 171 155 108 188 139 104 146 117 168 194 180 167 153 138 127 152 186 154 163 160 170 137 119 195 173 112 133 185 199 172 183 174 123 197 143 192 114 149 187 184 130 109 128 166 142 161 144 134 124 102 182 131 181 147 106 196 126 120 116 157 110 140 103 164 145 150 169 125 165 113 115 136 193 162 141 132 135 177 148 179 105
487 408 409 453 463 455 443 424 462 419 460 466 471 493 465 412 474 425 427 449 468 470 454 439 473 434 498 406 429 411 478 459 403 437 450 490 426 430 415 416 476 442 491 483 428 489 407 458 402 413 494 451 441 452 486 457 499 469 401 492 495 432 431 482 445 414 497 447 461 485 456 404 475 488 410 435 464 417 420 438 433 467 405 479 444 422 481 448 480
813 869 872 860 851 812 898 895 885 896 861 865 822 836 850 864 837 867 816 808 825 814 811 819 807 884 829 845 838 824 887 834 835 883 830 805 892 828 893 868 873 823 862 803 804 840 818 870 849 800 878 858 846 854 843 826 806 809 847 890 866 899 839 874 827 886 882 831 888 821 832 876 897 889 880 810 844 891 875 871 820 852 848 894 877 815 853 857 817 841
299 290 247 291 225 276 237 234 221 284 248 208 265 281 231 218 261 219 273 270 285 207 216 235 255 230 241 206 256 204 209 250 267 232 278 229 297 298 212 272 238 242 275 288 263 253 295 251 258 289 226 213 203 200 214 249 293 217 259 254 286 280 227 292 244 210 202 233 222 262 279 294 236 268 277 282 257 223 246 245 287 252 283 228 266 274 205
798 714 749 794 774 730 766 732 708 701 719 752 702 703 773 786 709 743 711 795 755 782 780 760 759 744 707 767 740 777 783 754 797 723 765 788 787 769 763 716 791 757 734 753 729 756 793 705 735 739 710 718 738 715 717 728 770 768 724 784 762 746 758 721 796 750 720 722 712 751 792 761 764 799 748 713 742 790 731 781 772 776 779 736 778 733 747 704 771 741 737
602 618 696 662 609 677 682 641 635 658 614 659 651 699 684 668 676 608 621 642 605 695 674 693 647 632 666 630 690 675 620 611 669 667 613 655 629 640 688 654 649 604 685 678 626 680 679 622 698 628 660 650 694 643 607 639 691 670 657 673 671 652 646 645 697 627 616 601 633 615 665 644 603 683 681 634 672 663 661 631 625 637 653 648 636 638 692 656 664
802
545 508 515 563 509 554 571 565 536 589 596 578 507 511 590 538 582 542 540 559 525 501 584 506 512 541 597 537 524 568 560 599 505 539 535 579 532 594 573 593 551 527 598 518 575 528 523 547 581 557 574 556 504 502 510 552 567 549 570 588 521 583 562 529 564 585 591 530 534 577 561 566 520 544 555 580 503 516 595 550 569 546 543 533 519 514 586 531 517
8
347 372 341 351 312 305 399 303 391 367 382 314 340 356 345 390 327 336 328 369 330 323 378 366 349 308 385 381 380 313 329 379 392 344 317 353 318 334 383 333 352 386 394 396 359 398 377 322 332 354 302 375 363 306 358 320 357 371 362 368 300 361 397 338 311 309 339 337 324 342 348 350 387 389 325 343 307 365 326 346 360 370 331 321 319 388 310 393 364
264
548
833
612
801
111
56
421
418
355
304
151
689
957
384
239
100
970
619
1
987
129
587
700
706
159
726
436
863
933
745
999
260
240
107
30
477
190
70
122
158
215
191
951
198
5
78
41
522
156
243
513
789
859
900
376
558
400
440
997
600
335
624
121
175
201
500
617
315
623
572
526
576
220
373
271
727
842
118
446
785
423
928
686
606
484
687
472
269
725
316
374
93
496
879
775
37
178
553
856
296
301
101
592
211
189
610
855
881
224
948
395