937 920 952 965 967 977 962 991 921 994 903 973 974 910 927 969 912 950 976 916 985 995 914 936 960 939 968 913 935 986 911 975 931 981 958 940 963 905 993 992 934 917 961 919 938 979 954 922 909 918 923 990 915 902 972 945 998 988 966 904 906 901 956 943 996 944 908 964 930 926 983 946 942 984 953 924 947 907 949 955 941 982 989 925 932 959 971 978 929 980
3 52 72 14 79 48 86 46 35 89 76 83 0 54 55 49 65 59 84 29 51 4 88 63 34 2 68 53 50 73 60 85 31 64 82 92 47 20 40 7 75 42 15 97 39 18 44 6 17 90 9 26 98 77 45 33 94 10 28 24 36 95 71 27 96 87 21 25 58 81 62 43 69 22 61 16 66 23 91 32 19 13 12 11 99 38 74 67 57 80
116 123 150 109 127 140 143 149 146 176 163 164 131 139 186 138 114 160 161 194 142 135 125 152 195 157 171 126 124 145 141 154 197 110 166 119 167 184 155 104 153 105 147 196 183 192 199 106 117 174 180 162 144 137 128 113 177 168 132 112 133 102 187 179 136 181 115 103 172 193 134 188 185 165 173 148 182 170 120 130 169 108
437 463 406 419 442 495 455 475 499 464 428 494 498 424 474 432 462 485 469 473 457 479 412 425 417 411 458 447 441 461 456 445 490 489 454 478 422 410 480 431 483 433 481 409 453 486 450 408 404 488 403 405 401 466 439 452 444 482 443 468 470 416 415 429 471 487 465 414 493 476 434 413 449 435 402 426 448 460 427 492 420 430 438 459 491 467 497 407
809 897 800 871 866 867 845 823 861 820 878 811 865 862 854 841 839 804 864 852 877 814 887 822 838 829 893 837 847 886 850 858 875 876 826 851 882 812 872 898 869 817 849 874 848 895 807 888 836 892 825 889 824 868 883 896 873 853 835 827 844 846 890 805 857 803 860 818 885 810 830 821 828 840 891 815 813 806 832 831 816 834 808 843 894 880 899 819 884 870
257 297 227 234 276 295 282 242 250 251 248 204 292 285 273 238 289 246 263 277 221 254 293 247 281 200 259 219 236 253 280 290 278 203 233 249 288 270 279 226 230 299 213 256 261 266 241 286 262 207 217 237 235 208 245 222 267 229 252 284 205 274 231 228 206 291 283 275 298 216 258 272 255 212 202 244 210 214 287 294 223 265 232 225 218 209 268
763 740 730 787 713 720 738 729 798 758 797 735 712 739 794 734 747 719 759 760 771 743 777 778 783 751 723 795 748 742 781 755 736 708 793 767 774 701 796 752 746 791 756 773 761 703 721 790 765 709 737 731 717 757 702 711 780 733 788 792 786 784 707 749 766 769 768 762 782 704 779 744 776 722 741 770 715 799 750 724 710 772 732 764 728 718 705 714 716 754 753
661 667 607 684 615 648 692 603 626 602 641 609 682 630 696 677 671 651 646 631 660 683 697 613 627 618 688 673 679 601 605 638 637 649 676 620 644 640 645 694 670 629 680 681 614 672 654 642 628 608 658 653 647 698 643 699 616 652 665 666 634 636 622 685 663 656 690 674 655 675 693 611 664 678 625 633 695 691 632 669 650 604 659 635 668 621 657 662 639
802
554 531 510 591 541 571 543 524 507 502 580 538 577 599 595 557 520 551 569 583 560 501 515 590 528 521 545 506 508 540 567 539 597 574 547 517 509 579 575 563 570 589 585 546 586 516 566 536 532 519 527 504 518 523 529 565 534 564 537 514 549 535 581 512 578 573 588 562 544 561 533 559 568 542 584 594 503 530 550 552 556 505 582 593 598 525 511 555 596
8
302 312 306 317 390 342 325 320 364 363 380 318 386 344 314 357 389 331 322 341 378 383 396 392 310 366 367 368 319 372 309 326 329 337 399 369 343 338 379 353 348 388 307 332 305 391 360 347 345 324 334 397 385 339 323 370 361 327 340 328 346 352 358 321 351 333 354 381 398 311 362 394 382 303 350 300 387 393 349 330 308 313 356 371 377 365 359 375 336
264
548
833
612
801
111
56
421
418
355
304
151
689
957
384
239
100
970
619
1
987
129
587
700
706
159
726
436
863
933
745
999
260
240
107
30
477
190
70
122
158
215
191
951
198
5
78
41
522
156
243
451
513
789
859
900
376
558
400
440
997
600
335
624
121
175
201
500
617
315
623
572
526
576
220
373
271
727
842
118
446
785
423
928
686
606
484
687
472
269
725
316
374
93
496
879
775
37
178
553
856
296
301
101
592
211
189
610
855
881
224
948
395