981 908 968 920 964 932 923 904 938 944 940 959 914 926 995 986 917 961 912 992 998 941 960 963 922 994 949 927 976 989 929 909 947 935 974 958 943 916 969 937 967 962 934 925 939 985 952 924 936 973 984 921 931 988 918 977 945 971 905 982 911 901 953 955 983 906 954 993 930 913 965 990 991 979 950 919 996 946 903 966 956 942 915 972 975 907 910 978 980 902
21 75 65 98 63 3 4 67 48 46 60 58 20 64 99 52 39 54 16 9 79 49 71 10 88 81 6 90 38 86 47 94 96 73 13 53 28 91 72 76 19 2 32 77 33 18 29 45 15 51 17 26 14 0 69 12 74 92 85 57 66 11 61 34 83 82 68 7 35 50 23 42 25 44 40 24 87 59 22 95 27 89 97 55 80 43 84 36 62 31
102 163 137 144 165 106 174 147 167 130 171 142 116 143 164 119 127 194 109 136 146 179 172 114 117 120 108 149 192 139 157 135 184 170 185 150 196 188 148 168 132 140 104 162 125 126 115 113 105 193 169 155 131 180 176 152 177 112 154 166 197 153 173 186 183 145 124 161 103 160 181 138 141 182 199 128 187 134 123 195 110 133
445 410 474 442 455 452 408 426 412 464 441 461 411 458 471 482 470 466 414 401 483 499 489 438 467 432 413 476 437 443 407 487 468 409 480 434 415 492 419 491 420 406 459 416 486 425 478 447 462 431 428 485 469 493 448 456 450 444 473 498 439 435 430 433 488 457 405 495 453 479 465 490 449 424 402 417 481 463 494 454 427 404 403 460 497 475 422
815 849 821 884 816 831 862 843 883 877 860 878 865 841 835 811 892 810 876 898 808 873 829 864 880 871 888 825 894 885 874 857 846 890 803 853 806 800 813 820 872 870 839 868 823 826 858 824 848 830 844 893 818 851 861 850 895 822 845 882 897 854 889 875 869 867 827 886 814 807 847 828 840 832 812 852 819 866 809 834 817 838 837 804 805 836 891 899 887 896
214 228 292 219 280 234 284 256 274 241 281 204 287 226 275 279 248 208 217 291 212 242 268 283 297 246 272 206 249 259 221 295 227 232 245 244 216 205 235 253 225 289 258 207 210 257 262 286 254 273 278 247 277 282 265 252 231 255 230 250 285 251 209 263 290 298 223 288 229 233 218 299 202 266 294 236 293 213 237 238 200 276 270 261 222 267 203
719 782 710 771 781 701 712 721 798 718 767 739 772 728 743 732 752 715 713 714 761 724 773 704 759 711 768 791 748 722 758 708 703 742 776 723 786 750 735 793 729 779 747 740 778 707 737 749 769 751 764 765 754 780 756 738 795 763 755 760 734 766 720 777 783 744 797 746 784 736 757 753 702 705 716 790 774 741 788 787 709 770 792 733 730 796 794 731 762 799 717
625 678 627 621 647 663 602 611 633 620 638 631 661 673 648 695 649 692 666 642 664 603 675 640 680 674 635 669 672 685 696 677 643 655 650 694 683 682 601 615 641 652 634 676 628 653 618 644 697 688 616 629 636 698 613 604 637 645 699 693 690 630 660 646 684 662 607 626 654 656 658 632 671 651 608 665 667 614 609 622 681 659 639 691 679 657 605 670 668
802
531 561 525 589 562 540 537 550 512 568 586 507 509 594 575 584 536 542 521 595 551 508 530 554 581 559 577 564 524 504 582 543 511 541 534 571 591 501 523 533 546 527 557 520 518 593 556 516 565 545 573 549 583 570 544 555 506 502 505 598 503 539 580 599 567 585 588 596 510 590 532 528 547 578 563 515 552 529 574 538 535 579 597 560 566 569 519 514 517
8
354 394 369 313 398 319 364 388 399 334 367 331 347 336 350 352 324 397 371 370 381 343 344 362 379 383 351 392 389 375 303 322 365 330 311 390 372 349 358 320 300 329 366 305 325 333 377 357 387 342 302 356 323 378 340 318 345 314 338 359 382 339 306 363 391 393 396 312 327 308 337 361 368 348 386 332 385 321 307 317 380 309 353 328 326 360 310 346 341
264
548
833
612
801
111
56
421
418
355
304
151
689
957
384
239
100
970
619
1
987
129
587
700
706
159
726
436
863
933
745
999
260
240
429
107
30
477
190
70
122
158
215
191
951
198
5
78
41
522
156
243
451
513
789
859
900
376
558
400
440
997
600
335
624
121
175
201
500
617
315
623
572
526
576
220
373
271
727
842
118
446
785
423
928
686
606
484
687
472
269
725
316
374
93
496
879
775
37
178
553
856
296
301
101
592
211
189
610
855
881
224
948
395