969 934 945 966 915 935 977 975 927 920 979 959 940 988 938 924 960 991 955 996 925 910 901 926 939 978 931 919 992 953 974 967 916 971 908 958 968 937 922 913 952 909 947 912 917 904 995 973 907 949 956 921 942 984 981 936 961 950 998 980 946 905 943 906 930 989 983 902 986 964 982 941 929 954 972 903 985 918 990 963 914 962 923 911 994 993 944 932 965 976
34 28 69 39 9 94 38 13 32 81 76 87 51 26 67 74 75 54 57 65 89 86 16 66 63 18 20 91 31 12 44 59 17 48 92 46 50 23 99 21 45 25 19 42 4 72 84 82 53 47 27 33 49 98 55 68 71 0 95 35 14 60 62 90 52 7 2 80 15 43 79 58 36 3 88 22 73 83 24 11 6 64 40 77 85 61 29 97 10 96
184 149 196 183 199 193 126 124 137 169 108 133 165 168 131 143 170 113 139 167 146 182 147 103 172 140 138 164 157 144 136 114 141 195 135 192 115 125 105 161 176 194 155 162 128 123 154 153 152 116 145 130 197 187 110 171 109 119 102 117 132 134 179 173 185 148 174 181 106 160 104 166 127 150 163 188 186 142 180 120 177 112
454 441 467 465 422 409 434 419 428 408 471 426 450 495 420 403 497 401 406 458 481 466 461 490 411 425 449 430 487 445 462 489 424 407 482 453 494 460 435 452 470 485 448 427 469 474 483 432 486 414 493 499 459 410 433 405 431 456 498 488 476 416 415 478 492 468 444 404 463 442 475 438 417 439 479 457 443 464 402 437 413 412 447 491 455 473 480
807 895 818 857 892 870 868 805 882 836 880 876 850 852 885 878 824 844 840 875 860 865 841 819 888 808 811 845 867 835 862 823 872 899 874 822 891 854 809 816 858 851 896 890 877 847 861 804 806 813 869 825 812 864 843 815 866 873 830 828 831 889 883 853 887 829 820 800 898 894 834 827 848 884 871 839 849 814 838 846 821 837 817 810 826 832 886 803 893 897
291 226 246 290 283 299 261 279 214 233 217 276 218 257 253 266 294 248 223 205 272 258 206 285 245 249 275 232 288 200 210 265 241 251 242 234 262 295 273 222 284 263 207 286 237 213 208 204 203 225 231 236 230 202 280 219 289 287 297 221 252 282 254 235 212 216 281 228 259 255 250 267 238 293 227 298 256 244 278 209 292 229 274 268 270 247 277
772 768 721 719 716 776 732 782 729 742 763 784 783 779 780 758 733 707 752 709 753 738 711 702 743 798 741 767 740 799 760 728 757 701 756 795 754 746 777 750 739 731 764 770 703 748 744 736 781 761 787 797 717 747 713 730 705 793 786 735 790 778 712 765 715 710 759 774 791 792 723 794 769 737 722 762 704 708 751 720 755 766 796 718 773 714 788 734 771 749 724
625 665 684 680 693 647 667 630 683 659 682 627 616 622 614 601 681 652 642 678 620 643 696 639 654 621 694 603 637 672 688 690 632 611 609 676 613 670 638 653 651 662 669 634 697 608 650 646 626 658 633 666 605 671 663 655 679 602 635 636 664 657 649 656 641 628 691 675 604 618 607 645 692 661 629 677 668 673 660 640 698 685 648 695 631 615 699 674
802
565 551 525 594 542 535 559 523 529 533 564 514 554 543 504 517 581 584 508 528 532 571 534 531 599 569 512 597 505 596 550 591 582 516 515 598 521 593 580 562 561 555 503 518 547 539 549 536 509 524 566 501 595 519 578 563 556 567 586 502 530 588 506 577 579 546 574 511 541 570 583 560 537 540 527 545 585 538 573 520 507 589 590 544 557 575 510 552 568
8
331 322 398 348 334 320 305 392 387 312 319 352 364 388 324 354 317 359 381 386 300 328 303 362 360 321 323 347 353 361 394 346 397 343 356 311 318 349 302 371 380 314 391 308 330 306 399 383 325 309 338 327 337 369 385 344 372 375 363 336 340 341 326 307 329 370 313 358 333 350 366 365 368 367 396 377 379 342 357 378 393 310 332 345 389 351 390 339 382
264
548
833
612
801
111
56
421
418
355
304
151
689
957
384
239
100
970
619
1
987
129
587
700
706
159
726
436
863
933
745
999
260
240
429
107
30
477
190
70
122
158
215
191
951
198
5
78
41
522
156
243
451
513
789
859
900
376
558
400
440
997
600
335
624
121
175
201
500
617
315
623
572
526
576
220
373
271
727
644
842
118
446
785
423
928
686
606
484
687
472
269
725
316
374
93
496
879
775
37
178
553
856
296
301
101
592
211
189
610
855
881
224
948
395