934 991 920 908 936 976 972 901 911 922 925 932 994 953 968 915 942 959 914 983 904 979 945 956 974 975 937 910 986 958 902 955 952 918 909 935 990 938 930 941 966 960 946 998 967 965 916 962 919 989 924 906 943 981 940 903 964 926 978 949 927 944 977 929 993 921 980 985 996 954 912 992 947 907 969 988 923 963 995 961 917 950 984 939 982 973 971 913 905 931
3 92 2 9 89 74 68 17 53 73 62 60 75 85 21 46 86 65 20 96 55 29 36 58 38 47 95 27 23 40 54 22 61 79 25 19 24 0 81 87 31 12 44 57 49 80 14 69 34 43 10 88 32 51 4 84 99 77 94 67 71 63 16 28 72 76 82 90 33 64 15 91 98 6 45 83 59 7 48 13 26 97 42 35 50 52 66 39 11 18
152 166 199 188 185 117 149 138 184 139 125 182 116 155 192 145 168 193 174 162 105 141 187 176 171 106 169 113 123 172 173 165 150 154 160 197 147 167 146 164 163 131 153 194 157 177 140 133 103 148 180 102 183 196 136 110 170 127 114 120 132 181 142 108 134 104 137 135 195 115 143 128 161 126 144 124 130 112 109 119 186
498 471 478 428 409 426 491 414 430 479 403 437 473 435 413 417 454 468 475 439 485 495 488 407 415 406 410 460 416 420 419 470 461 487 483 434 449 465 492 456 402 432 447 462 453 422 445 450 455 459 425 489 480 476 458 464 493 497 490 444 443 457 463 433 438 442 486 404 431 452 481 441 405 469 424 448 482 474 412 427 494 401 467 411 408 466 499
890 888 874 829 886 897 820 823 810 830 813 857 837 816 848 854 852 832 807 800 835 866 818 851 887 885 898 812 864 865 882 895 873 804 880 847 850 853 868 841 891 862 872 836 876 894 805 884 869 843 849 808 870 860 831 892 825 861 824 893 883 896 828 889 814 844 877 811 838 806 899 840 803 815 871 809 826 822 875 878 858 819 846 867 834 845 821 817 839 827
214 256 209 213 229 282 235 284 203 297 222 265 247 249 230 226 259 237 242 205 212 295 291 294 274 290 231 202 288 233 253 207 263 289 206 250 299 293 234 257 236 286 245 238 255 232 219 252 273 241 267 216 225 251 248 272 200 285 281 275 270 261 287 278 204 208 279 246 228 227 223 283 254 277 210 244 217 280 258 292 298 218 276 266 262 221 268
791 794 758 746 705 752 770 718 749 731 751 719 734 732 797 714 795 704 708 777 710 765 774 768 728 730 796 792 773 748 735 702 772 722 786 711 784 743 721 779 787 761 762 736 798 737 767 799 742 740 712 744 716 760 793 741 769 766 733 754 753 763 724 750 771 790 739 776 747 715 701 709 755 783 729 782 703 788 778 756 738 723 720 764 780 717 781 759 713 757 707
662 605 694 669 697 657 651 654 628 620 635 638 691 649 622 629 668 656 632 666 616 676 670 695 659 680 609 681 642 613 667 647 678 699 677 696 645 692 601 658 672 611 625 607 655 636 693 630 674 634 639 685 688 603 615 652 675 673 650 682 679 641 648 665 643 683 602 633 663 631 626 646 664 614 640 690 618 684 637 660 661 653 698 671 627 608 604 621
802
516 542 504 540 514 566 554 533 511 559 561 530 584 570 586 599 547 595 507 524 594 515 583 574 538 564 544 571 535 596 557 552 512 536 573 517 527 578 562 501 550 529 546 581 585 509 534 575 577 502 568 506 565 569 598 597 580 589 555 521 579 541 539 567 590 505 560 518 503 551 591 520 537 508 523 510 531 549 593 563 582 588 525 519 556 532 528 545 543
8
349 365 345 334 399 360 306 305 347 380 382 328 387 344 339 396 336 343 323 321 362 318 319 370 354 386 302 366 379 325 398 303 341 393 314 394 308 351 322 320 371 317 331 330 337 348 338 385 363 324 327 353 358 359 381 312 329 389 357 375 369 332 367 372 378 311 356 361 368 391 300 346 342 307 326 392 313 310 397 390 350 383 309 377 364 352 333 388 340
264
548
833
612
801
111
56
421
418
355
304
151
689
957
384
239
100
970
619
1
987
129
587
700
706
159
726
436
863
933
745
999
260
240
429
107
30
477
190
70
122
158
215
191
951
198
5
78
41
522
156
243
451
513
789
859
900
376
558
400
440
997
600
335
624
121
175
201
500
617
315
623
572
526
576
220
373
271
727
644
842
118
446
785
423
928
686
606
484
687
472
269
179
725
316
374
93
496
879
775
37
178
553
856
296
301
101
592
211
189
610
855
881
224
948
395