941 965 902 962 975 911 963 992 959 979 973 939 920 978 971 990 937 940 935 923 958 953 947 974 982 926 934 952 954 929 918 936 994 983 976 925 972 943 915 903 922 942 919 909 969 966 921 998 981 927 985 916 906 901 944 988 960 996 914 924 984 949 986 946 932 964 930 977 917 931 904 955 945 938 908 993 961 912 907 980 989 991 905 968 950 967 956 910 995 913
86 4 38 55 66 6 0 88 29 2 17 52 12 11 75 81 62 99 22 10 27 42 83 59 82 85 65 80 15 73 87 97 76 61 24 32 14 50 28 44 72 94 3 64 7 21 91 63 16 68 54 23 36 74 84 13 98 69 39 33 48 18 40 90 60 89 31 47 51 92 79 25 49 77 26 53 46 95 45 9 20 96 71 57 19 43 34 35 58 67
174 105 143 163 153 141 112 138 102 103 110 148 145 115 173 154 134 169 106 186 123 139 132 177 137 152 140 149 192 160 144 194 182 196 172 185 150 119 127 109 187 176 113 197 142 170 125 116 166 183 130 188 165 124 193 168 108 133 171 146 195 128 162 117 104 181 131 126 180 136 147 114 120 155 161 167 184 164 135 199 157
468 404 453 475 417 463 449 457 419 412 411 430 499 467 476 465 455 431 441 408 447 482 420 485 489 491 492 445 466 426 498 407 416 433 422 434 437 406 474 443 495 473 459 438 458 471 480 464 435 444 428 470 427 414 403 456 494 488 410 486 448 413 432 483 402 439 481 452 425 442 462 461 487 424 409 405 469 415 478 460 479 490 493 401 454 497
832 805 888 838 821 813 899 808 867 800 886 841 874 837 892 849 848 858 871 898 824 862 827 810 880 883 857 830 861 878 812 840 809 866 882 846 896 811 845 877 876 839 829 868 865 885 890 835 822 843 803 807 872 884 804 818 806 847 834 864 851 893 850 894 873 844 819 831 828 852 816 854 825 826 875 814 815 869 823 836 817 860 897 820 889 853 887 895 870 891
254 293 249 210 284 234 236 217 212 285 250 280 208 291 255 246 274 298 266 286 229 222 205 275 218 283 202 233 223 216 281 248 265 235 252 263 219 206 287 299 262 253 241 257 288 204 230 237 279 289 272 245 226 290 227 251 259 238 277 295 268 244 282 261 278 247 276 231 209 228 200 258 270 292 256 214 203 207 221 273 267 225 232 242 213 294 297
752 705 736 710 707 701 767 750 771 739 768 748 704 714 734 742 794 773 753 796 718 782 762 724 764 760 798 737 735 731 703 709 711 751 779 766 761 729 738 720 722 740 719 733 790 769 795 786 799 788 755 777 787 780 756 757 765 717 783 743 778 741 713 728 723 791 770 732 746 776 792 759 774 793 712 758 730 781 747 763 797 702 744 772 716 721 715 708 784 749 754
645 672 626 665 659 631 667 660 666 625 620 603 690 641 653 662 679 627 635 673 694 614 693 688 676 669 681 622 671 682 642 605 601 695 611 677 699 664 615 692 661 634 609 640 651 618 628 638 643 647 648 697 639 698 604 655 684 633 668 629 691 683 652 696 607 630 680 678 675 636 658 674 646 670 613 616 656 663 649 608 685 632 602 621 657 650 637 654
802
538 580 586 520 594 527 579 598 542 561 545 501 559 596 591 532 585 549 521 507 583 523 554 509 593 514 563 550 518 569 502 512 578 543 540 534 595 544 582 556 531 510 517 503 528 529 535 589 533 575 564 577 566 508 557 562 551 511 581 560 555 516 573 539 570 537 584 506 552 536 588 599 567 515 524 530 574 568 590 519 547 597 504 541 505 525 571 546 565
8
345 392 379 362 351 319 369 324 353 383 320 300 381 341 310 313 388 306 303 382 321 307 368 377 339 386 325 358 378 346 367 372 308 399 338 397 305 347 385 329 393 328 334 356 366 348 365 387 354 361 380 357 309 389 340 333 370 330 363 364 394 331 390 350 349 326 337 352 327 312 317 311 332 396 398 344 343 302 318 323 342 314 360 336 375 371 391 322 359
264
548
833
612
801
111
56
421
418
355
304
151
689
957
384
239
100
970
619
1
987
129
587
700
706
159
726
436
863
933
745
999
260
240
429
107
30
477
190
70
122
158
215
191
951
198
5
78
41
522
156
243
451
513
789
859
900
376
558
400
450
440
997
600
335
624
121
175
201
500
617
315
623
572
526
576
220
373
271
727
644
842
118
446
785
423
928
686
606
484
687
472
269
179
725
316
374
93
496
879
775
37
178
553
856
296
301
101
592
211
189
610
855
881
224
948
395