921 913 945 908 952 971 972 959 987 938 906 958 977 963 932 966 916 919 900 962 904 961 981 984 936 991 992 911 905 925 950 983 949 970 969 989 948 995 967 943 968 965 978 935 997 976 942 929 979 954 910 926 933 915 994 988 996 986 930 922 931 912 955 990 920 946 951 903 940 985 993 927 947 914 918 973 998 924 944 907 939 902 923 974 956 999 928 909 982 937 960 941 934 975 953 957 964 980 917 901
63 79 69 4 1 43 78 73 30 60 90 31 44 49 89 47 55 25 52 9 18 6 87 26 88 58 38 33 64 45 28 91 81 96 94 23 56 82 35 74 36 98 93 50 80 34 22 83 29 61 27 54 66 32 8 14 72 19 17 75 10 99 53 62 37 0 24 92 86 71 12 13 39 20 16 41 84 48 11 57 68 95 3 77 97 5 7 76 65 40 46 42 67 70 15 51 59 2 21 85
168 197 141 137 162 119 113 111 169 188 198 159 178 171 103 127 186 130 142 115 156 131 155 166 106 165 138 112 176 114 173 146 128 189 105 196 163 150 116 160 193 187 158 109 104 175 120 143 124 110 100 117 195 136 167 199 177 123 164 182 147 144 183 157 190 151 194 122 145 139 121 192 184 133 185 174 170 154 118 153 126 132 140 107 129 152 108 172 134 125 181 135 161 148 102 179 149 180 191
486 416 469 413 460 415 473 470 405 457 434 464 443 449 491 467 432 492 421 428 465 489 499 461 418 410 452 448 484 488 425 406 411 496 463 490 453 493 477 419 407 468 422 485 433 437 478 439 402 474 403 429 498 494 447 423 431 414 458 451 441 481 471 440 459 482 487 442 480 444 445 454 427 495 446 455 435 475 479 417 476 404 483 466 401 450 462 438 472 497 424 430 412 409 456 420 436 426 408
848 823 830 809 862 808 805 843 865 846 822 810 818 868 867 857 841 833 890 801 832 807 842 858 800 803 838 819 870 899 835 864 837 831 802 873 821 882 891 839 828 876 852 880 888 885 815 813 859 874 860 817 806 827 847 886 875 854 887 826 824 894 845 855 856 829 879 866 836 877 872 820 849 804 898 897 884 834 871 861 889 869 816 811 853 814 812 863 850 881 896 844 892 878 851 825 895 883 840 893
246 228 229 239 240 265 214 279 219 253 270 238 224 272 275 299 221 241 298 296 274 212 206 207 218 215 282 287 201 289 257 293 283 216 226 230 251 227 263 208 237 203 232 217 280 260 259 200 278 294 258 292 269 245 247 285 266 204 236 235 284 250 261 243 267 291 277 273 225 276 271 223 281 233 249 242 248 244 205 231 255 202 264 209 254 288 211 220 213 234 262 295 252 268 286 210 290 297 256 222
714 727 770 711 786 768 749 704 738 758 761 713 739 771 776 793 715 728 764 737 790 721 750 722 748 720 779 757 707 702 760 723 772 712 769 784 733 736 783 797 774 763 752 773 766 795 780 709 729 788 765 781 787 778 710 741 791 701 746 767 792 745 734 753 726 719 742 730 789 762 717 732 782 785 743 718 735 756 799 796 744 716 703 731 777 706 724 759 775 725 708 700 747 755 740 798 751 754 794 705
602 621 689 644 661 694 658 674 649 682 651 670 646 665 693 681 642 692 636 635 601 699 662 624 697 604 617 675 696 673 683 622 637 620 627 638 653 695 611 632 654 645 626 605 672 629 690 612 660 603 668 691 640 684 613 616 667 676 631 639 679 659 655 677 650 647 671 630 652 688 643 648 608 625 610 666 606 678 698 680 641 609 685 686 663 614 687 633 669 600 618 619 615 664 623 634 657 607 656 628
531 558 555 584 572 514 583 585 520 576 565 579 516 552 578 547 567 590 575 515 534 582 548 501 521 541 566 554 519 528 550 577 557 509 563 560 513 559 574 564 508 571 527 596 592 544 551 518 502 573 511 543 546 593 580 581 588 510 540 556 535 599 570 594 533 504 500 561 529 503 536 538 589 562 591 545 507 522 595 524 537 512 569 542 532 553 517 539 523 506 598 526 586 597 549 587 525 568 530 505
309 366 340 383 360 343 389 361 335 332 305 359 395 322 321 308 338 386 384 326 330 394 378 302 345 397 310 324 303 373 363 318 375 350 372 307 358 336 323 328 368 315 325 381 388 317 348 344 301 312 347 320 393 341 339 331 346 351 396 370 364 311 300 376 390 316 380 349 327 304 355 367 399 329 337 353 398 334 391 365 352 314 369 377 357 342 371 385 374 319 392 379 362 356 387 313 306 333 382 354
400
101