995 925 918 979 915 950 984 921 973 955 963 903 907 909 978 986 975 958 953 964 902 912 942 936 982 966 939 996 935 911 943 972 905 947 991 932 980 940 994 916 922 962 906 977 956 974 913 971 929 926 981 930 959 945 937 919 985 901 914 946 904 920 923 927 965 961 931 944 990 910 954 969 941 976 988 967 908 968 917 949 983 989 934 993 924 998 960 952 938 992
73 75 68 86 20 80 43 19 4 69 24 39 0 72 91 47 53 44 10 59 54 42 90 21 82 85 34 6 2 18 95 27 92 32 63 17 99 38 52 49 12 67 87 96 48 11 57 15 88 97 9 29 28 84 13 36 40 25 31 81 14 16 66 55 65 64 26 3 79 46 89 60 45 22 23 74 76 77 94 71 62 51 50 35 33 58 61 83 7 98
180 137 104 135 177 141 164 103 125 154 169 133 161 143 196 140 176 142 123 144 119 110 152 127 166 108 124 138 106 145 105 193 128 165 116 170 126 160 197 115 174 157 131 132 148 186 182 187 112 162 185 114 199 147 149 120 184 117 171 153 195 113 134 163 130 155 172 150 192 146 183 173 136 102 167 188 109 139 168 194 181
489 416 469 428 404 466 432 437 498 412 485 410 493 458 471 427 464 463 455 443 452 408 487 475 479 406 456 470 447 409 473 476 442 478 430 402 488 483 433 453 491 403 465 434 448 460 474 419 481 490 441 454 482 494 401 457 407 449 439 499 480 431 411 459 426 468 405 486 467 438 413 445 422 444 492 435 424 425 415 414 497 417 420 461 495 462
890 809 872 880 874 888 805 840 822 850 838 884 810 885 816 873 851 804 808 845 852 864 800 878 899 831 883 854 803 823 891 893 860 895 870 868 815 875 806 848 813 814 892 828 824 866 832 836 835 818 869 843 839 889 825 857 817 849 896 834 876 882 811 858 830 827 847 862 821 886 807 867 861 853 841 877 894 865 898 829 871 846 837 844 897 812 826 820 887 819
206 277 281 232 228 274 246 295 286 258 273 249 236 284 205 244 225 265 285 263 253 261 238 272 280 275 287 229 254 259 221 266 200 276 297 230 293 248 241 270 208 216 214 207 267 212 202 289 288 218 213 279 237 242 298 209 257 292 262 268 219 203 217 250 245 222 294 235 204 210 233 227 223 252 256 247 226 231 291 283 290 255 299 251 282 234 278
766 710 760 787 777 735 751 761 764 792 799 716 771 722 780 740 783 752 714 704 767 721 739 776 763 742 794 729 730 717 749 753 798 762 796 738 711 720 759 774 741 797 736 703 707 728 719 772 750 756 747 773 781 788 743 718 782 713 769 731 757 732 733 770 748 701 765 705 715 709 779 737 755 746 702 723 795 754 724 791 778 712 758 744 793 734 708 768 786 790 784
642 611 649 656 603 630 693 669 682 698 621 620 604 676 654 677 697 662 672 680 652 683 681 660 646 640 648 608 605 666 647 657 696 636 691 627 602 667 665 618 607 670 685 661 663 631 684 688 641 626 645 678 614 625 695 638 679 609 694 674 639 601 635 673 653 628 659 615 633 690 616 664 632 655 658 671 651 634 668 643 699 629 613 637 692 622 675 650
802
579 554 555 585 504 575 591 580 535 525 518 563 516 568 501 540 515 557 546 502 590 507 505 531 588 560 593 586 510 508 528 562 529 577 539 534 543 524 564 596 514 533 549 517 571 565 594 578 532 567 541 570 520 537 536 599 506 509 552 542 581 538 589 545 573 566 551 598 521 550 544 559 582 574 569 584 527 519 511 556 595 561 512 530 583 523 597 547
8
363 380 328 345 385 309 357 329 353 333 325 320 364 317 389 341 326 399 366 393 392 344 354 322 365 338 361 371 350 347 372 327 381 390 323 346 369 394 358 367 305 349 311 339 314 356 330 352 368 337 307 312 302 303 375 383 398 377 342 397 396 386 387 300 348 319 308 340 310 391 378 382 360 343 334 351 336 324 370 362 332 388 379 321 318 359 313 306 331
264
548
833
612
801
111
56
421
503
418
355
304
151
689
957
384
239
100
970
619
1
987
129
587
700
706
159
726
436
863
933
745
999
260
240
429
107
30
477
190
70
122
158
215
191
951
198
5
78
41
522
156
243
451
513
789
859
900
376
558
400
450
440
997
600
335
624
121
175
201
500
617
315
623
572
526
576
220
373
271
727
644
842
118
446
785
423
928
686
606
484
687
472
269
179
725
316
374
93
496
879
775
37
178
553
856
296
301
101
592
211
189
610
855
881
224
948
395