964 921 969 918 914 982 912 960 968 962 927 978 946 990 943 959 981 988 940 924 937 955 922 908 906 956 923 961 932 989 993 935 925 979 913 920 945 975 972 907 941 934 973 984 916 998 971 915 985 917 942 977 963 995 967 950 991 903 954 983 926 909 910 974 944 958 939 936 902 986 901 938 905 904 931 929 966 953 930 949 952 919 947 976 996 994 980 965 911 992
66 52 58 55 47 38 63 88 76 95 57 75 84 39 82 97 53 68 92 65 16 7 46 90 50 85 67 42 9 40 15 20 72 35 69 31 0 79 6 98 21 60 17 54 36 71 64 73 74 44 14 62 27 3 59 80 45 51 48 81 89 29 2 87 10 32 26 12 83 99 11 25 77 94 19 22 61 4 43 13 24 34 49 23 18 86 33 28 91 96
183 149 105 180 146 167 136 174 193 177 132 168 140 108 160 120 164 199 116 166 192 155 109 104 114 145 181 119 176 135 150 117 128 125 184 137 142 130 152 134 186 102 196 197 170 127 157 143 113 147 194 110 133 144 103 124 165 182 161 154 139 172 162 123 141 187 126 169 148 195 153 131 188 185 106 173 115 163 138 171 112
442 401 482 434 444 467 415 432 462 411 488 403 453 402 410 475 425 420 433 414 498 427 431 487 471 492 459 417 454 419 407 468 426 430 483 479 463 491 405 413 490 489 456 424 494 480 461 408 448 441 469 476 449 465 435 439 416 404 455 437 458 412 497 457 466 499 485 464 481 445 438 474 447 478 422 495 409 460 443 452 406 473 428 486 470 493
808 821 893 880 824 834 894 862 847 809 832 889 836 827 813 811 845 823 841 852 820 822 846 895 848 850 815 891 870 837 810 877 887 860 898 829 882 875 872 828 876 866 867 871 885 892 861 865 800 817 805 814 897 825 830 888 883 826 857 803 831 878 818 886 839 835 869 806 838 884 890 843 873 812 807 864 804 868 849 819 844 816 840 851 854 874 896 853 899 858
206 270 297 218 231 216 279 285 274 281 246 200 208 205 277 290 283 244 212 234 276 267 262 204 287 229 248 235 209 250 226 217 238 258 251 278 203 221 232 284 273 275 295 265 286 227 289 288 210 298 257 214 237 263 236 219 293 292 223 252 254 253 207 225 213 294 272 228 230 233 282 241 280 291 245 247 268 299 261 249 266 256 222 242 259 255 202
723 735 720 742 711 799 756 702 744 776 708 753 769 701 724 766 712 798 768 777 751 754 755 719 743 757 749 710 781 732 734 716 779 791 721 730 797 705 773 780 778 762 758 736 782 707 747 763 772 760 792 750 794 717 790 738 746 787 770 764 771 718 704 795 715 783 796 788 752 765 729 761 740 713 709 728 737 714 703 786 748 733 759 784 731 739 793 741 767 722 774
658 655 622 699 604 654 667 633 636 626 614 648 629 645 663 640 690 611 672 673 620 665 670 613 695 668 674 639 685 692 607 666 684 683 621 642 650 618 616 697 651 615 602 635 632 691 696 638 646 698 657 641 677 625 605 656 671 664 643 693 681 603 634 631 653 652 669 682 678 627 680 647 608 662 660 688 601 676 675 659 679 609 628 649 637 694 661 630
802
563 551 536 538 555 579 532 514 523 530 540 581 504 520 566 569 585 502 510 528 519 598 571 516 594 560 584 596 507 564 545 588 550 557 518 542 559 586 580 517 573 505 567 521 525 509 599 539 565 597 591 556 582 574 570 511 578 543 501 515 568 508 552 590 547 534 506 595 593 549 531 529 535 533 537 562 544 575 546 527 512 541 577 583 589 561 554 524
8
380 306 386 328 321 362 398 354 303 364 352 342 391 393 370 382 356 389 325 363 334 345 358 381 317 324 351 313 333 330 366 353 340 379 337 375 326 388 372 394 359 305 377 367 357 329 341 397 350 387 318 368 344 302 361 320 314 347 312 338 399 390 369 332 396 300 323 322 385 319 378 348 346 360 339 327 309 365 308 343 392 331 371 349 336 310 307 311
264
548
833
612
801
111
56
421
503
418
355
304
151
689
957
384
239
100
970
619
1
987
129
587
700
706
159
726
436
863
933
745
999
260
240
429
107
30
477
190
70
122
158
215
191
383
951
198
5
78
41
522
156
243
451
513
789
859
900
376
558
400
450
440
997
600
335
624
121
175
201
500
617
315
623
572
526
576
220
373
271
727
644
842
118
446
785
423
928
686
606
484
687
472
269
179
725
316
374
93
496
879
775
37
178
553
856
296
301
101
592
211
189
610
855
881
224
948
395