982 958 975 937 938 916 908 978 995 950 920 909 949 914 903 901 915 931 910 943 974 905 996 904 907 918 932 966 976 969 991 989 923 917 902 984 919 961 929 960 971 947 939 968 911 959 992 990 962 988 979 940 963 977 981 921 985 983 936 935 967 964 986 927 906 934 952 913 922 930 945 946 944 925 924 941 980 953 942 998 955 954 993 926 972 994 973 912 956 965
97 77 33 19 50 7 53 72 90 23 28 45 57 20 21 34 36 99 59 84 3 80 52 10 94 32 91 17 82 81 44 75 14 85 58 11 39 76 0 60 73 69 89 88 65 62 54 46 38 79 83 24 29 42 87 35 86 61 68 48 12 40 66 51 15 27 96 6 9 25 55 71 92 22 67 49 74 47 26 4 98 63 64 13 31 43 95 2 16 18
138 130 135 180 114 147 110 140 133 196 108 132 104 162 142 117 128 199 146 148 176 183 139 174 187 134 167 192 173 195 165 181 119 153 193 169 102 113 152 106 150 116 172 109 155 126 103 185 182 143 131 194 171 124 115 136 137 188 166 149 125 157 164 163 168 197 184 144 154 145 112 160 105 127 186 141 170 120 177 161 123
462 417 447 404 492 441 415 428 460 442 474 438 409 416 493 478 479 408 499 486 448 403 412 419 485 494 444 480 490 467 443 481 458 422 470 427 413 402 406 414 449 425 459 487 410 464 432 476 469 473 439 453 471 465 411 407 433 426 456 482 468 424 466 489 457 483 431 454 405 430 455 434 488 463 497 498 495 452 437 445 420 435 401 475 491 461
827 872 898 899 815 808 819 880 850 852 889 868 831 885 840 813 825 818 822 875 824 836 828 867 846 887 817 807 839 882 894 857 812 800 871 805 861 883 843 804 848 858 838 854 890 864 810 820 870 844 891 826 884 893 877 866 874 892 896 811 849 865 873 830 845 869 853 821 897 888 803 806 860 878 895 876 834 837 832 847 814 823 851 841 829 862 886 809 835 816
214 241 200 248 203 242 212 289 230 223 273 292 202 285 252 284 207 279 238 219 245 282 246 258 270 228 253 274 233 298 218 280 209 216 275 259 244 266 294 236 247 205 255 293 249 268 225 263 206 287 262 213 237 204 272 299 232 222 267 281 217 276 234 226 251 288 286 221 283 227 278 257 297 295 208 235 256 250 261 290 277 254 210 231 291 265 229
781 764 778 723 794 793 739 761 719 724 710 721 722 736 758 713 705 742 779 735 757 760 701 738 748 782 753 702 749 708 763 714 791 755 744 774 769 762 790 752 734 711 772 717 750 796 754 756 712 715 709 730 766 740 733 737 771 773 716 751 767 768 728 776 795 770 784 799 741 746 788 731 787 783 704 743 765 797 777 732 759 798 747 707 780 720 729 792 786 703 718
697 637 609 662 641 638 635 653 625 671 613 611 604 622 670 692 661 660 676 608 651 634 663 631 642 636 667 669 654 665 658 683 603 616 685 645 657 659 626 677 632 614 621 627 678 672 673 607 655 682 646 630 656 668 681 694 615 666 640 699 650 605 639 688 648 620 695 647 633 664 652 628 674 602 696 629 601 680 693 675 618 691 649 690 698 679 643 684
802
571 589 519 581 508 598 547 555 525 561 563 502 557 537 574 536 590 507 583 540 504 593 542 545 528 579 575 520 535 573 566 588 582 585 577 505 506 580 516 501 568 530 523 543 534 552 515 562 560 511 584 527 570 514 550 549 524 512 529 509 531 539 554 578 596 544 569 541 599 564 532 510 533 595 594 567 551 586 546 597 556 591 565 521 518 538 517 559
8
363 349 396 359 341 336 321 352 379 322 307 356 351 368 369 371 339 353 338 343 380 342 314 381 344 390 362 367 313 317 360 329 310 331 303 382 387 319 389 365 327 364 328 361 309 326 350 308 306 392 370 340 347 324 332 337 393 386 345 377 334 320 325 318 388 333 372 385 399 348 312 366 391 357 346 397 358 300 378 375 394 398 305 311 323 354 330
264
548
833
612
801
111
56
421
503
418
355
304
151
689
957
384
239
100
970
619
1
987
129
587
700
706
159
726
436
863
933
745
999
260
240
429
107
30
477
190
70
122
158
215
191
383
951
198
5
78
41
522
156
243
451
513
789
859
900
376
558
400
450
440
997
600
335
624
121
175
201
500
617
315
623
572
526
576
220
373
271
727
644
842
118
446
785
423
928
686
606
484
687
472
269
179
725
316
374
93
496
879
775
37
178
553
856
296
301
101
592
211
189
610
855
881
224
948
395
302