983 926 986 916 931 927 918 959 920 914 977 985 930 943 962 998 940 936 937 960 972 941 991 955 911 967 947 908 902 919 995 988 965 968 939 944 996 953 901 946 956 945 978 907 984 935 992 979 950 952 964 922 913 903 993 910 971 974 921 923 961 909 904 969 938 981 906 924 963 934 994 976 932 982 973 929 917 980 975 954 912 990 958 966 989 942 925 949 915
27 92 6 99 85 45 76 59 91 62 68 79 57 7 60 88 54 23 18 75 14 50 82 40 26 67 12 43 19 53 81 46 47 21 97 34 32 87 35 28 80 84 31 16 25 15 69 66 96 13 33 51 49 24 2 73 71 55 74 17 94 95 83 90 36 0 20 4 9 10 64 48 72 63 89 65 86 44 11 98 38 22 58 52 61 39 29 42 3 77
106 197 140 112 141 146 116 114 180 184 120 131 136 137 135 194 195 133 196 186 104 127 117 126 185 144 183 147 168 174 176 119 132 145 163 105 155 149 164 103 134 153 124 173 157 181 102 130 150 113 192 139 170 125 148 161 199 138 188 162 128 160 187 154 142 167 165 152 182 172 108 193 109 143 166 169 177 115 110 171 123
447 426 419 487 461 430 403 404 401 485 460 489 466 497 491 449 481 448 443 476 427 462 498 478 444 471 454 469 432 459 415 495 439 480 457 433 412 408 468 431 494 420 474 425 438 470 402 409 410 486 422 465 435 424 463 482 437 413 492 414 453 434 490 455 445 475 473 452 456 483 488 411 458 493 428 464 441 417 467 479 499 406 407 416 405 442
849 876 838 853 873 882 896 812 848 822 887 880 886 877 895 865 883 803 884 832 807 814 857 839 860 871 830 889 892 869 825 891 820 808 858 847 811 835 804 817 852 823 868 841 837 898 862 831 828 821 845 834 806 861 893 836 888 850 805 813 851 864 890 899 819 843 875 854 800 872 818 885 827 874 824 829 870 844 810 816 846 815 866 897 840 894 826 867 809 878
266 288 216 272 217 251 248 230 244 286 233 267 276 291 219 222 292 275 297 277 235 278 228 249 213 283 290 232 253 270 265 281 279 202 285 208 254 207 261 298 282 204 263 256 226 238 294 247 255 236 259 225 214 231 242 258 206 284 209 289 252 205 299 227 268 200 257 203 212 234 295 229 221 246 241 245 274 280 293 250 262 210 223 218 237 273 287
787 764 756 723 703 719 749 721 701 783 763 731 771 728 737 705 776 704 798 759 781 709 784 797 786 715 794 736 799 773 791 730 742 760 714 747 708 733 750 744 724 774 795 782 758 762 741 768 748 751 712 720 738 778 779 767 732 792 761 765 710 780 755 746 729 739 711 740 766 770 717 793 735 716 777 718 757 788 772 713 743 707 790 752 769 754 753 722 702 796 734
635 614 696 646 603 629 658 638 622 648 665 684 605 692 631 613 602 615 693 620 628 688 674 651 636 601 685 677 663 691 626 645 618 673 666 641 647 682 676 654 637 632 668 695 664 652 655 642 649 640 675 683 690 661 650 657 625 679 680 604 633 694 697 608 698 616 681 659 639 653 678 699 656 609 611 607 670 669 627 662 671 643 621 660 672 634 667 630
802
580 599 508 590 505 564 515 504 547 562 516 519 594 582 530 545 512 536 510 523 554 531 596 502 544 555 556 583 534 506 549 543 598 569 589 570 501 557 571 588 550 585 552 574 533 538 577 597 593 521 528 568 511 517 579 559 584 520 540 507 542 509 514 524 563 595 546 567 591 573 539 535 541 581 525 561 566 527 560 551 575 586 537 532 578 565 529 518
8
340 366 370 354 338 377 392 359 390 372 321 350 317 398 357 362 310 308 346 319 385 364 342 375 306 305 352 369 378 324 339 345 341 336 312 394 300 307 322 311 371 358 387 348 343 368 393 382 309 337 391 314 344 367 365 333 347 386 360 396 381 334 329 327 313 303 349 332 320 397 388 356 380 389 330 326 363 353 328 331 318 325 379 323 351 361 399
264
548
833
612
801
111
56
421
503
418
355
304
151
689
957
384
239
100
970
619
1
987
129
587
700
706
159
726
436
863
933
745
999
260
240
429
107
30
477
190
70
122
158
215
191
383
951
198
5
78
41
522
156
243
451
513
789
859
900
376
558
400
450
440
997
600
335
624
121
175
201
500
617
315
623
572
526
576
220
373
271
727
644
842
118
446
785
423
928
905
686
606
484
687
472
269
179
725
316
374
93
496
879
775
37
178
553
856
296
301
101
592
211
189
610
855
881
224
948
395
302