995 963 947 942 935 943 919 904 958 909 922 902 962 911 914 961 976 982 936 901 993 977 973 939 965 923 998 945 991 920 983 994 932 992 938 990 949 906 925 996 968 955 912 931 985 964 956 950 966 953 979 974 930 986 984 918 989 980 972 954 924 929 967 903 975 941 944 910 916 934 917 913 978 946 908 969 988 915 959 937 971 952 940 927 981 907 926 960 921
35 4 92 63 57 23 91 74 59 46 94 62 89 76 34 36 48 96 75 22 88 2 54 73 79 29 69 39 68 44 84 80 9 24 82 50 98 81 85 0 65 15 7 28 55 99 87 25 31 64 26 53 97 42 14 33 60 32 13 51 86 43 66 38 72 27 58 52 40 18 83 10 6 61 20 3 49 12 77 71 47 16 45 21 19 95 90 11 67 17
177 170 161 127 150 146 148 166 183 116 138 194 132 157 137 187 164 140 195 174 104 182 124 149 141 135 136 185 114 173 192 103 169 126 145 163 139 134 120 172 199 133 119 165 168 130 181 162 167 188 144 153 125 143 131 110 108 115 123 128 176 186 106 196 105 197 109 142 193 113 154 117 112 147 184 160 171 155 152 180 102
408 416 493 481 425 410 444 498 459 438 413 483 434 453 402 426 442 471 407 403 467 482 487 469 428 460 480 405 461 476 430 499 420 454 465 433 406 441 401 431 470 475 456 443 497 411 489 412 404 424 439 409 478 435 474 491 457 455 485 414 447 445 449 452 479 495 488 490 494 422 437 415 432 464 468 473 466 463 486 417 458 448 427 419 462 492
890 810 848 835 846 813 817 805 822 857 896 871 894 850 824 832 895 872 849 869 829 886 866 834 809 838 874 823 840 844 821 883 864 854 898 877 819 803 841 865 818 899 815 812 800 837 885 826 889 860 861 852 828 804 862 816 868 820 867 853 893 831 836 843 811 806 807 880 873 845 892 825 887 808 830 827 847 891 884 878 814 875 876 851 870 882 897 839 888 858
265 221 235 266 222 223 254 294 210 214 299 234 289 272 225 283 212 204 290 276 232 233 277 278 267 281 200 255 226 229 206 291 270 268 213 284 251 209 238 292 245 257 285 202 216 275 286 249 287 252 236 217 205 250 280 273 241 207 258 203 227 237 295 208 279 242 259 274 297 247 262 288 256 228 218 219 246 282 231 248 263 293 253 230 261 298 244
703 768 771 714 753 705 708 731 788 765 758 783 760 793 728 749 779 759 781 791 715 792 799 742 710 746 733 763 743 704 748 716 778 790 723 761 769 766 755 718 795 722 736 734 797 784 752 754 709 780 732 724 744 762 756 794 721 707 770 750 735 773 740 711 702 739 747 764 796 786 719 757 737 776 767 712 772 713 774 701 738 782 798 787 777 729 741 717 720 751
666 611 696 693 634 614 655 684 654 607 625 626 641 622 699 697 698 615 616 603 632 679 663 665 669 688 620 646 694 671 628 676 678 682 647 605 685 667 630 631 636 602 648 695 673 668 633 660 658 656 674 637 649 604 640 638 639 690 691 661 651 680 621 608 643 627 635 652 629 681 618 692 609 659 683 601 613 677 645 657 650 664 642 672 653 675 662 670
802
506 525 546 589 596 501 531 585 507 517 516 549 556 547 562 511 561 530 573 579 581 505 559 545 565 584 599 555 575 580 527 595 567 588 543 550 598 578 509 570 515 519 568 597 542 560 539 541 552 569 534 508 536 594 557 574 518 510 590 538 591 563 537 514 502 528 582 586 540 532 520 504 593 544 566 535 529 583 523 564 571 554 521 577 524 533 551 512
8
362 398 341 337 386 328 311 317 334 320 358 360 327 333 344 367 354 352 377 329 331 332 388 340 305 397 346 378 366 387 303 324 309 310 370 347 379 381 372 361 369 365 392 390 342 307 396 345 318 308 343 306 353 356 319 380 325 312 323 368 326 394 385 399 359 339 351 330 314 349 348 371 393 321 350 382 389 300 313 364 336 357 391 375 338 322 363
264
548
833
612
801
111
56
421
503
418
355
304
151
689
957
384
239
100
970
619
1
987
129
587
700
706
159
726
436
863
933
745
999
260
240
429
107
30
477
190
70
122
158
215
191
383
951
198
5
78
41
522
156
243
451
513
789
859
900
730
376
558
400
450
440
997
600
335
624
121
175
201
500
617
315
623
572
526
576
220
373
271
727
644
842
118
446
785
423
928
905
686
606
484
687
472
269
179
725
316
374
93
496
879
775
37
178
553
856
296
301
101
592
211
189
610
855
881
224
948
395
302