927 910 945 944 972 974 923 964 909 907 967 901 940 954 993 939 990 918 960 902 953 983 950 947 914 977 952 919 981 969 932 955 925 930 937 938 942 958 978 916 904 913 988 936 906 966 973 996 946 956 917 985 929 980 968 915 975 976 965 908 991 982 992 986 920 941 903 963 971 912 984 998 995 922 935 994 961 924 911 943 949 926 931 962 959 921 934 979 989
38 39 57 12 95 34 43 24 72 2 94 69 71 33 52 28 17 14 66 60 22 15 35 18 62 31 49 80 25 23 73 40 48 13 0 29 26 27 59 47 16 76 77 92 61 99 4 54 55 86 51 81 64 98 85 74 9 83 87 96 20 11 7 90 97 63 58 82 36 68 21 88 10 65 91 84 89 67 75 3 50 6 42 32 19 44 45 53 46 79
116 144 137 134 140 110 197 112 166 185 103 131 192 136 164 120 155 188 143 195 119 125 108 105 104 199 170 109 194 147 141 135 172 152 182 181 123 102 168 186 184 138 115 193 124 149 132 157 154 162 117 139 180 106 150 127 148 126 167 165 183 177 128 153 160 169 130 114 173 187 174 142 113 163 176 161 196 145 133 146
486 438 424 475 425 476 462 498 420 479 463 483 408 452 480 406 415 444 492 455 457 466 471 488 465 448 456 437 447 458 402 414 468 449 427 426 473 411 461 441 435 410 401 497 430 478 404 470 493 464 442 439 481 454 491 474 495 431 419 490 469 407 413 416 405 460 434 453 445 482 432 494 422 409 459 499 467 487 417 412 428 403 433 485 443 489
846 828 850 874 805 836 870 849 819 835 841 823 867 811 838 866 868 862 821 857 860 804 812 873 884 865 887 880 816 807 892 808 839 875 891 832 820 830 803 878 851 848 853 824 858 843 825 814 852 888 818 872 898 864 837 871 810 896 827 886 899 829 813 822 826 882 800 854 893 883 809 847 876 831 817 877 897 840 894 861 889 806 844 895 890 869 885 834 845 815
203 237 295 259 283 298 200 233 288 284 225 262 253 223 265 251 280 245 287 230 274 246 250 208 275 247 289 258 255 248 229 292 276 257 281 207 221 231 282 226 272 293 213 204 232 268 214 291 227 219 256 210 244 270 222 290 217 277 267 294 273 238 202 242 216 279 299 206 249 252 205 228 212 218 235 234 261 278 285 286 263 241 236 297 254 209 266
720 799 760 771 786 769 713 784 797 748 738 798 722 755 765 704 744 762 756 753 714 794 733 702 736 721 742 716 776 766 709 795 767 715 761 739 741 791 754 788 705 718 774 703 731 717 758 751 772 711 732 737 735 779 782 740 768 747 787 719 743 773 729 710 734 763 777 793 707 701 781 792 757 728 752 749 759 750 770 778 708 723 746 712 764 783 780 790 796 724
604 602 649 647 658 665 672 692 662 673 660 650 678 695 682 608 679 654 661 688 648 634 697 635 674 677 632 636 652 613 680 601 643 666 690 668 694 621 637 656 625 616 663 603 618 676 626 671 667 685 629 691 653 607 615 642 684 651 622 699 681 640 628 633 646 696 620 693 669 641 657 638 659 664 683 655 675 630 639 670 698 631 627 611 645 609 605 614
802
546 527 555 593 538 521 559 536 534 574 529 598 589 560 584 550 515 599 523 580 590 563 535 537 517 502 506 520 516 510 566 586 569 552 512 591 505 554 524 518 583 532 568 588 582 564 501 541 571 570 544 519 504 567 594 547 578 528 585 551 579 543 507 509 575 542 545 539 530 525 540 549 595 533 531 557 597 508 577 514 565 596 581 511 556 562 573 561
8
362 324 367 347 365 343 313 341 321 317 366 353 338 361 369 320 396 382 319 349 309 314 336 300 307 342 305 359 381 378 332 358 379 334 327 329 318 371 325 344 392 357 350 322 386 385 311 398 399 330 377 348 331 368 308 328 337 387 333 306 364 389 323 339 356 310 391 346 393 375 372 388 380 397 354 360 363 340 351 312 326 352 370 394 345 390 303
264
548
833
612
801
111
56
421
503
418
355
304
151
689
957
384
239
100
970
619
1
987
129
587
700
706
159
726
436
863
933
745
999
260
240
429
107
30
477
190
70
122
158
215
191
383
951
198
5
78
41
522
156
243
451
513
789
859
900
730
376
558
400
450
440
997
600
335
624
121
175
201
500
617
315
623
572
526
576
220
373
271
727
644
842
118
446
785
423
928
905
686
606
484
687
472
269
179
725
316
374
93
496
879
775
37
178
553
856
296
301
101
592
211
189
610
855
881
224
948
395
302
171