962 952 921 910 979 958 926 913 925 996 980 985 931 976 975 939 932 944 941 916 959 945 974 903 988 930 917 937 940 973 961 929 971 908 968 942 956 992 972 955 963 998 922 989 924 966 946 953 943 977 983 918 904 915 960 994 911 938 927 984 934 967 954 991 981 936 964 982 986 978 990 949 906 914 919 965 947 923 950 912 920 995 901 909 907 969 902 935 993
62 79 57 39 45 82 50 72 55 46 6 49 2 15 12 20 31 34 95 74 80 61 29 84 85 92 81 44 0 54 75 42 51 27 76 98 48 73 66 88 53 64 96 9 10 23 52 14 22 36 35 65 4 58 17 69 91 21 18 60 33 40 63 87 68 19 71 32 16 43 47 28 24 59 13 38 86 97 3 77 7 11 67 94 26 99 83 25 90
170 105 146 167 102 135 183 181 197 194 162 112 184 104 133 103 136 117 115 199 155 144 164 169 157 141 125 123 113 192 193 186 154 137 138 165 127 110 161 180 168 172 166 114 124 128 116 143 185 108 187 160 174 134 182 177 163 195 150 109 119 131 152 145 173 142 130 139 196 140 153 126 132 106 147 120 148 176 188 149
406 419 416 402 411 462 432 466 485 439 441 492 455 468 454 478 483 498 465 488 479 426 481 447 405 401 490 495 431 438 407 433 469 404 422 473 452 493 475 453 442 467 445 427 415 480 464 460 443 456 474 435 482 428 413 410 430 499 487 459 489 412 414 449 494 476 497 425 448 444 470 408 424 463 461 458 457 417 437 420 471 491 486 409 434 403
831 800 812 822 847 871 875 876 897 834 872 852 865 837 832 838 820 817 804 830 899 874 814 821 854 826 868 889 810 827 846 823 857 867 839 828 851 887 898 849 843 888 885 864 873 858 806 824 886 809 877 825 891 835 805 884 895 811 813 819 816 808 883 870 850 890 815 862 853 845 807 836 840 848 803 829 882 878 893 866 841 860 818 894 869 880 896 892 844 861
242 270 237 283 280 267 258 278 230 284 225 287 245 246 292 214 209 299 200 272 254 244 217 276 204 294 281 295 227 285 222 218 251 259 234 262 291 289 261 282 205 250 210 219 206 279 213 273 257 286 233 235 223 274 221 202 228 297 212 265 207 268 288 203 266 249 226 241 277 253 247 238 216 290 298 293 231 229 248 232 256 252 275 208 263 236 255
713 787 720 750 744 773 705 778 718 779 799 736 794 701 722 724 708 796 798 717 702 716 760 780 771 791 776 782 769 704 709 741 739 765 784 790 732 723 781 712 721 783 761 774 735 763 719 710 762 797 714 754 703 792 770 758 728 742 711 731 733 753 729 748 756 759 755 715 749 777 793 737 795 764 707 788 752 740 747 766 767 757 751 738 734 746 768 786 743 772
669 640 639 642 664 604 621 613 647 627 692 625 660 614 661 658 605 626 685 620 656 682 667 654 649 691 645 668 659 678 677 684 657 683 603 665 636 672 653 622 616 609 635 615 655 662 666 630 643 634 670 641 633 602 693 676 652 611 632 674 694 628 637 688 601 608 650 673 671 607 679 638 618 629 680 696 651 675 663 690 646 648 697 631 695 698 681 699
802
520 524 550 501 552 560 549 538 510 507 567 584 546 554 529 534 571 562 545 596 557 598 516 535 583 568 547 580 542 517 586 536 509 528 593 555 530 563 527 564 533 570 595 582 566 599 508 575 539 579 556 585 589 543 519 537 505 518 577 506 532 502 594 565 559 591 504 514 581 588 541 540 578 512 574 531 551 515 573 544 561 521 569 525 590 511 523 597
8
344 342 323 367 388 389 377 312 346 330 352 332 394 357 340 338 380 379 328 381 370 331 308 391 399 351 336 314 363 337 358 397 371 326 378 334 398 393 327 341 392 353 345 396 347 313 372 329 311 317 368 343 349 325 307 339 382 333 369 385 364 387 390 310 356 348 350 321 386 365 362 322 375 305 360 319 361 320 303 324 306 359 354 309 366 318 300
264
548
833
612
801
111
56
421
503
418
355
304
151
689
957
384
239
100
970
619
1
987
129
587
700
706
159
726
436
863
933
745
999
260
240
429
107
30
477
190
70
122
158
215
191
383
951
198
5
78
41
522
156
243
451
513
789
859
900
730
376
558
400
450
440
997
600
335
624
121
175
201
500
617
315
623
89
572
526
576
220
373
271
727
644
842
118
446
785
423
928
905
686
606
484
687
472
269
179
725
316
374
93
496
879
775
37
178
553
856
296
301
101
592
211
189
610
855
881
224
948
395
302
171