910 984 931 908 967 916 925 965 953 998 977 960 956 922 903 978 901 932 920 996 950 921 919 907 988 939 902 976 945 924 943 949 985 971 909 959 934 940 936 975 930 923 915 926 914 941 942 961 946 912 966 979 913 938 904 992 994 991 958 963 917 983 989 990 955 937 981 993 944 964 906 929 969 982 974 986 918 911 973 954 962 952 935 995 968 947 972 927 980
17 13 79 15 66 4 22 35 60 58 40 26 80 23 74 87 51 82 86 9 46 7 28 97 3 44 31 32 61 81 50 10 20 53 95 27 21 2 83 77 99 24 42 71 55 14 39 69 57 36 67 18 64 98 16 63 88 33 85 45 90 49 29 48 75 12 65 34 84 72 38 11 92 68 0 91 62 47 19 76 6 96 73 54 94 43 25 52 59
119 165 123 162 134 117 182 164 132 137 194 136 141 154 169 146 174 110 197 128 142 138 149 168 153 106 113 161 160 166 103 187 116 184 170 130 195 147 145 188 139 104 150 126 124 173 152 114 157 135 131 199 163 181 144 185 186 112 192 155 140 172 167 115 177 176 196 105 102 183 127 193 143 133 109 125 120 108 148
482 437 463 473 497 433 476 420 452 426 402 445 410 489 461 483 411 407 487 414 454 485 439 471 491 417 490 481 403 412 455 444 401 422 448 479 404 443 478 458 464 435 424 431 480 449 406 425 413 459 416 442 469 427 494 438 441 415 409 475 432 434 495 474 460 419 430 486 492 499 488 466 493 467 453 447 408 498 470 468 405 456 465 457 462 428
811 810 880 886 840 844 850 895 824 843 869 888 876 884 892 899 817 807 834 838 836 816 818 877 806 823 813 875 805 804 894 837 891 800 897 814 866 872 885 848 826 896 853 832 878 825 839 882 831 828 827 871 887 849 829 820 821 858 851 873 845 808 889 841 830 815 847 867 803 857 846 870 835 862 809 860 868 864 883 898 852 861 865 893 890 812 819 874 854 822
238 205 210 237 230 223 255 219 225 233 209 254 217 208 212 290 253 287 294 241 275 227 297 299 231 245 265 258 218 206 266 235 261 250 281 293 289 291 236 279 274 202 234 213 256 249 207 242 276 203 270 272 267 282 283 268 292 259 200 226 277 204 221 252 229 251 257 246 286 214 285 222 298 273 295 244 288 247 248 216 284 280 262 263 228 232 278
759 747 794 768 729 749 756 740 739 734 712 764 738 797 776 781 707 721 791 767 787 758 770 786 713 799 719 796 771 732 703 705 748 769 742 736 711 773 744 724 716 751 728 784 790 779 778 754 723 743 735 783 792 782 752 710 777 722 733 708 753 766 772 762 793 765 709 718 737 702 757 788 780 798 741 717 774 761 701 760 763 755 704 795 720 750 715 731 714 746
632 674 626 684 653 645 614 625 660 677 601 691 609 613 699 673 621 667 634 692 683 655 611 661 618 643 647 680 635 679 659 670 658 668 682 628 665 675 678 650 664 695 602 620 694 666 649 630 608 656 697 698 603 652 631 607 638 669 637 681 688 604 693 672 627 616 629 641 663 640 696 615 662 648 636 671 605 642 657 633 685 651 646 676 654 639 690 622
802
591 564 573 599 554 527 523 593 501 531 509 552 519 560 582 504 581 539 540 578 502 595 532 538 542 562 506 579 590 536 596 557 537 561 533 575 597 516 549 551 530 559 589 586 524 541 511 507 568 583 555 529 510 544 545 528 525 569 577 515 566 534 571 517 588 563 550 570 585 512 514 598 535 546 520 574 567 543 580 594 505 521 518 508 547 584 556 565
8
364 344 327 367 303 338 340 380 368 308 350 339 378 375 353 389 349 399 361 310 334 328 382 311 321 347 369 348 306 322 307 323 371 342 356 345 324 331 359 390 314 365 319 387 381 326 351 330 352 343 333 325 357 386 346 397 379 396 358 305 363 309 337 312 318 317 398 332 391 370 320 360 377 341 362 366 336 388 300 313 354 329 392 372 394 385 393
264
548
833
612
801
111
56
421
503
418
355
304
151
689
957
384
239
100
970
619
1
987
129
587
180
700
706
159
726
436
863
933
745
999
260
240
429
107
30
477
190
70
122
158
215
191
383
951
198
5
78
41
522
156
243
451
513
789
859
900
730
376
558
400
450
440
997
600
335
624
121
175
201
500
617
315
623
89
572
526
576
220
373
271
727
644
842
118
446
785
423
928
905
686
606
484
687
472
269
179
725
316
374
93
496
879
775
37
178
553
856
296
301
101
592
211
189
610
855
881
224
948
395
302
171