956 990 993 942 923 960 973 988 961 931 906 921 946 998 983 925 930 979 975 981 903 902 995 969 978 926 971 919 985 913 982 974 965 917 944 972 908 924 959 937 932 934 945 967 996 964 901 968 920 941 904 916 984 940 922 992 938 943 954 950 962 939 991 936 935 907 963 929 958 966 927 910 955 989 953 952 949 977 976 994 947 980 986 912 918 909 911 915 914
91 98 15 95 69 7 72 48 83 51 73 99 33 80 25 19 52 75 67 39 31 13 47 3 27 66 46 60 58 12 40 74 76 53 57 24 6 43 65 49 84 64 36 16 35 87 28 77 26 34 42 92 88 29 81 50 62 11 79 97 55 14 90 94 0 21 4 54 61 86 22 71 20 59 2 82 10 32 23 96 38 45 85 9 63 18 44 68
141 193 123 185 181 186 176 137 154 182 106 196 161 104 149 117 126 120 131 125 152 183 108 197 164 132 128 105 172 187 145 113 142 127 114 119 150 110 166 188 169 102 146 184 163 144 138 173 135 170 133 116 195 157 148 143 199 162 130 160 167 168 109 115 124 136 103 153 139 194 140 177 192 155 165 112 147 134 174
409 454 433 455 469 449 404 413 488 411 456 403 427 401 453 464 487 458 416 431 439 494 463 473 443 437 466 445 468 432 408 414 406 467 435 438 485 483 444 426 419 462 457 441 448 490 479 474 459 425 493 424 461 475 499 452 498 415 405 412 482 471 434 442 407 465 420 430 480 447 410 460 470 478 489 481 402 428 486 476 492 491 417 495 497 422
862 886 898 857 825 811 887 844 895 819 832 835 831 840 807 837 888 839 897 880 892 820 885 868 878 883 812 836 864 858 813 894 822 804 852 806 861 869 816 865 805 848 845 827 867 838 876 817 841 851 808 854 821 818 860 889 814 846 829 866 850 830 815 884 882 893 849 872 890 891 834 871 875 828 800 870 810 824 874 853 873 843 803 896 826 847 823 809 899 877
204 226 221 265 277 217 214 231 237 242 209 295 286 210 273 233 293 253 254 299 272 263 255 235 274 213 206 228 267 288 298 258 278 279 291 205 297 292 225 244 268 246 270 257 212 219 289 276 262 285 227 202 208 236 249 203 290 216 252 251 275 222 248 259 218 200 207 284 281 230 283 229 294 282 266 234 245 247 241 238 232 287 256 280 250 261 223
786 703 788 765 760 705 754 777 747 778 755 707 737 722 729 715 742 763 799 744 771 736 766 798 793 721 734 784 746 756 753 723 733 770 704 714 782 740 768 797 701 702 776 718 774 728 738 720 769 773 779 767 762 751 739 792 750 790 795 719 791 711 759 764 758 787 708 757 783 796 748 735 781 731 752 749 712 713 717 732 794 772 716 780 710 761 741 743 709 724
685 679 620 627 658 661 601 638 660 604 602 646 615 642 662 635 611 639 698 643 680 667 608 629 636 666 622 654 684 664 669 674 688 690 637 631 691 671 626 659 616 665 697 625 651 675 699 628 645 633 695 648 692 672 670 683 696 650 630 657 613 656 676 632 605 652 694 634 621 678 609 655 603 640 681 677 618 682 668 673 614 653 641 647 607 693 649 663
802
529 542 518 586 595 589 563 507 540 523 525 544 597 551 539 502 521 524 591 515 574 504 517 506 514 549 501 527 566 579 584 532 590 557 573 561 571 536 565 543 554 552 582 585 599 568 575 583 564 559 505 512 596 562 555 508 510 578 556 546 567 550 588 530 547 580 593 598 516 581 569 577 538 541 545 509 519 534 537 531 560 520 535 570 528 511 594 533
8
336 371 310 392 344 353 311 382 379 314 351 343 312 372 350 323 333 352 318 322 349 370 325 356 391 380 387 357 398 330 317 378 389 375 364 361 366 309 307 393 354 348 308 324 381 363 358 341 306 331 342 388 319 326 305 332 329 385 386 346 397 399 396 360 321 303 368 339 334 347 327 367 328 394 345 359 320 365 362 300 390 337 377 313 369 340 338
264
548
17
833
612
801
111
56
421
503
418
355
304
151
689
957
384
239
100
970
619
1
987
129
587
180
700
706
159
726
436
863
933
745
999
260
240
429
107
30
477
190
70
122
158
215
191
383
951
198
5
78
41
522
156
243
451
513
789
859
900
730
376
558
400
450
440
997
600
335
624
121
175
201
500
617
315
623
89
572
526
576
220
373
271
727
644
842
118
446
785
423
928
905
686
606
484
687
472
269
179
725
316
374
93
496
879
775
37
178
553
856
296
301
101
592
211
189
610
855
881
224
948
395
302
171