920 903 945 916 935 937 915 939 961 923 946 914 976 949 979 964 910 972 983 904 917 942 981 986 941 918 982 975 908 930 977 902 952 978 990 958 919 962 947 960 954 926 953 959 984 901 927 921 995 925 996 980 973 940 969 932 938 966 943 956 924 968 934 906 992 993 955 912 909 988 965 929 971 967 950 989 931 974 963 911 922 994 985 991 944 913 936 907 998
29 95 14 22 63 73 76 66 86 11 35 4 47 43 53 25 49 74 51 2 81 91 84 94 61 97 64 77 48 55 33 26 39 6 85 45 58 44 65 27 19 62 18 21 46 82 96 60 69 9 67 0 38 71 57 13 7 79 98 40 34 90 75 87 24 36 72 32 20 99 88 52 31 23 16 28 80 68 50 54 15 83 3 92 12 10 59 42
136 192 197 110 181 155 163 106 115 143 109 193 119 187 162 165 185 150 149 130 124 172 102 147 146 177 153 112 128 188 120 167 196 117 108 125 132 133 123 157 137 186 140 113 148 138 173 164 152 114 166 105 104 126 182 170 145 135 131 116 160 168 141 142 184 154 103 169 176 183 139 194 144 174 195 127 161 134 199
426 401 460 473 497 462 480 459 468 409 456 431 488 476 434 455 474 449 469 470 471 428 411 425 433 452 410 445 466 483 458 453 422 414 481 438 464 402 442 444 479 441 492 405 417 430 419 485 499 408 403 465 406 415 432 443 493 467 489 478 486 494 495 413 435 416 487 424 437 461 482 463 427 420 475 448 454 447 457 412 439 498 407 491 404 490
806 829 894 853 849 808 897 821 871 869 858 818 877 898 896 840 893 804 874 805 872 848 851 880 890 819 817 831 888 827 837 838 887 810 836 847 854 814 864 852 823 816 824 867 815 844 860 873 841 865 892 846 809 820 807 886 834 882 883 878 850 822 828 830 811 866 812 839 868 845 875 803 835 876 843 895 813 884 861 826 891 825 899 885 832 889 870 800 862 857
241 234 277 290 280 289 286 248 216 235 212 252 236 228 218 231 259 266 270 297 258 214 213 200 288 229 256 208 265 219 221 246 237 285 281 274 217 282 203 272 275 262 222 223 249 287 283 247 291 226 257 263 268 251 204 242 210 209 279 276 253 202 238 206 278 267 292 244 233 225 207 284 230 299 261 205 245 250 294 273 295 227 298 254 293 232 255
784 778 737 740 746 781 797 762 713 709 772 783 722 794 708 770 711 774 793 767 731 703 719 760 729 710 702 756 776 738 755 752 782 798 715 744 717 763 791 771 748 754 716 720 714 777 792 759 788 739 761 728 750 742 743 787 747 799 786 751 796 712 724 768 733 701 705 741 766 718 758 757 721 773 736 769 732 704 790 795 753 723 779 734 764 735 765 780 749 707
680 620 668 698 694 665 651 696 663 673 638 690 691 636 641 662 639 608 622 671 611 632 681 675 683 674 625 672 695 631 637 646 626 657 659 669 658 699 628 643 647 634 697 615 616 653 607 650 605 630 692 618 654 603 660 652 613 635 666 609 661 614 602 677 688 693 682 621 685 642 627 633 667 679 664 601 655 645 676 684 648 670 629 649 678 640 656 604
802
574 593 559 518 528 534 562 514 560 531 535 585 520 581 594 556 554 506 530 589 598 523 567 561 590 584 557 517 541 549 537 515 536 544 539 545 532 578 524 563 579 533 516 552 504 571 501 546 565 529 582 502 519 555 580 583 512 573 509 538 597 507 547 570 566 543 577 599 595 525 510 569 564 527 586 575 511 542 540 505 508 591 521 551 588 596 550
8
386 357 341 399 306 362 346 334 333 314 358 372 340 336 339 311 348 387 369 338 326 344 313 322 325 389 347 366 363 354 356 312 317 300 309 330 321 324 349 342 343 396 359 380 392 377 370 379 327 375 351 378 382 365 352 394 381 391 385 310 332 350 323 345 364 393 318 328 337 320 361 371 331 360 329 367 307 388 303 397 305 319 353 398 390 308 368
264
548
17
833
612
801
111
56
421
503
418
355
304
151
689
957
384
239
100
970
619
1
987
129
587
180
700
706
159
726
436
863
933
745
999
260
240
429
107
30
477
190
70
122
158
215
568
191
383
951
198
5
78
41
522
156
243
451
513
789
859
900
730
376
558
400
450
440
997
600
335
624
121
175
201
500
617
315
623
89
572
526
576
220
373
271
727
644
842
118
446
785
423
928
905
686
606
484
687
472
269
179
725
316
374
93
496
879
775
37
178
553
856
296
301
101
592
211
189
610
855
881
224
948
395
302
171