962 956 985 919 973 915 960 925 929 970 974 937 992 949 952 933 921 994 920 965 904 972 990 928 987 922 997 936 902 955 938 948 931 964 981 961 906 912 943 975 914 905 984 969 963 918 957 976 934 988 995 930 946 923 966 953 968 950 917 910 908 926 991 911 977 967 944 900 993 999 982 947 954 916 978 940 945 979 913 903 932 980 983 927 998 986 959 907 935 924 989 909 971 958 939 941 901 951 996 942
55 63 90 71 54 36 6 64 87 35 37 75 84 86 45 44 23 41 56 94 15 22 49 40 73 74 42 16 4 2 58 24 5 34 77 95 83 11 80 69 57 60 59 43 33 28 52 7 98 9 3 13 26 51 27 53 88 21 62 30 67 76 8 66 14 1 89 25 38 82 47 46 18 50 72 29 65 78 32 70 17 93 19 61 81 20 31 79 48 92 39 10 97 0 68 85 12 99 91 96
147 160 142 104 107 145 114 169 166 184 199 126 123 103 176 189 159 173 187 171 113 156 194 130 146 139 151 190 162 143 148 181 122 112 115 182 161 106 188 132 144 135 167 165 133 178 116 170 155 138 119 191 154 174 175 186 149 111 180 127 164 131 177 152 195 172 109 153 198 141 102 183 100 179 196 192 150 134 137 129 158 117 128 121 168 163 110 136 157 140 125 124 105 108 185 197 120 118 193
467 454 461 416 450 417 429 418 497 487 465 439 478 422 421 420 424 449 434 411 493 496 482 442 409 401 480 463 492 412 404 441 419 431 489 491 403 495 437 473 447 443 426 427 423 448 464 453 462 406 407 470 474 414 494 486 499 479 471 456 440 446 457 460 468 445 490 425 459 476 436 444 458 413 433 477 438 402 451 469 435 430 455 428 432 405 498 485 452 466 488 408 410 472 415 481 484 475 483
879 802 887 823 897 861 883 870 822 859 810 857 801 845 832 899 800 877 819 806 824 876 875 817 884 885 880 886 891 830 847 818 890 805 866 892 888 865 869 837 893 838 803 839 843 841 844 826 874 862 868 809 872 851 825 811 873 807 882 895 813 849 863 846 831 860 828 878 834 808 881 848 814 840 858 827 856 871 854 836 842 894 816 855 889 821 850 829 852 898 833 864 853 812 804 867 820 835 896 815
229 288 209 283 227 263 279 271 286 233 215 284 276 265 253 250 266 202 230 220 293 282 273 291 270 272 275 290 206 239 260 243 207 237 222 294 254 249 214 246 244 218 201 299 292 211 224 264 269 235 203 241 228 216 232 298 278 236 247 200 226 258 259 210 231 256 287 274 255 295 234 268 223 212 245 281 217 251 296 252 280 285 240 204 208 261 289 262 257 277 248 267 205 221 297 238 219 225 213 242
759 773 745 798 762 763 722 721 709 786 704 775 771 781 737 728 782 714 749 726 761 723 746 765 774 727 791 792 733 712 731 769 703 770 719 734 799 725 754 751 758 729 736 752 738 753 797 743 793 711 783 787 705 720 747 764 718 707 766 742 741 744 778 789 772 777 768 788 724 748 730 716 717 750 702 740 756 776 757 760 706 796 710 735 779 790 780 715 701 732 739 767 784 785 794 795 755 713 708
682 688 675 606 642 636 671 647 612 692 628 641 689 699 696 677 632 637 655 676 646 625 693 667 672 658 665 656 668 652 660 669 666 679 670 681 680 640 608 685 630 631 621 678 616 617 690 614 683 605 601 657 648 607 654 651 603 602 609 698 697 659 691 613 623 664 611 610 624 634 619 686 653 600 663 626 643 684 661 635 649 618 604 644 638 622 615 645 627 650 620 674 662 695 633 687 694 673 629 639
532 522 575 566 581 599 521 549 556 533 564 500 534 545 553 586 507 597 516 596 506 577 520 514 519 550 594 531 546 540 574 569 548 504 567 554 570 582 547 527 573 585 579 515 565 503 539 529 541 542 589 562 551 526 588 563 571 593 590 559 560 580 557 561 537 502 528 512 568 591 555 572 543 535 587 524 517 501 525 578 510 552 508 530 583 511 595 513 598 544 518 523 584 509 538 558 576 592 536 505
396 375 394 347 388 310 391 329 333 321 366 335 362 354 343 325 382 389 318 346 386 360 320 367 314 303 392 350 349 377 397 371 381 344 361 351 302 398 342 313 383 312 373 323 368 326 316 384 305 370 365 374 307 372 380 336 330 338 378 369 364 379 357 308 331 311 363 334 359 399 358 306 355 315 339 385 352 332 317 327 356 395 324 301 353 304 387 300 340 319 376 337 390 393 348 322 309 328 341 345
700
400
101