949 983 992 921 984 954 981 989 937 936 968 977 965 904 947 972 918 939 916 955 986 991 966 914 967 906 975 973 978 990 907 953 995 925 956 988 923 982 993 908 931 940 959 942 996 958 963 915 934 910 935 929 969 903 909 961 902 946 985 901 922 944 911 964 998 960 926 962 920 980 913 912 919 974 924 938 945 971 979 917 930 950 927 994 952 941 976 943
24 94 79 58 71 74 59 87 18 80 38 35 4 73 64 61 0 57 66 82 45 72 63 48 26 6 98 13 55 97 34 21 29 27 9 54 39 62 52 91 75 88 83 86 36 11 40 68 31 3 85 32 14 67 47 60 92 65 15 84 90 42 33 99 10 19 77 12 20 49 25 95 28 7 69 76 22 44 81 2 50 23 96 53 16 51 43 46
184 127 168 116 109 161 139 102 147 108 154 119 112 141 144 145 123 187 165 133 174 126 194 148 196 103 132 128 169 153 131 192 160 142 157 181 146 115 162 188 143 185 136 170 176 140 120 186 173 106 163 135 124 110 152 167 149 114 105 164 104 134 130 138 166 183 125 199 193 177 172 155 150 113 195 137 197 117 182
492 431 462 445 442 408 409 478 489 479 469 498 405 471 404 433 430 444 457 452 406 475 485 424 493 468 425 435 401 403 441 412 455 410 448 464 411 426 453 480 439 456 476 427 470 428 438 414 443 491 466 420 463 499 432 487 483 458 467 481 482 495 419 416 490 449 461 417 407 474 465 434 413 447 415 454 437 402 459 422 460 473 497 488 494 486
872 809 816 805 814 876 865 838 845 890 819 874 873 886 899 828 849 841 844 846 800 860 875 807 804 867 892 839 868 882 820 829 852 834 823 817 896 877 891 806 843 887 851 888 898 878 895 847 808 893 803 857 889 830 832 858 826 871 813 884 810 870 822 835 825 815 869 864 880 883 827 812 866 824 840 894 862 861 836 818 811 848 821 831 850 853 885 897 854 837
222 247 234 295 262 259 290 242 231 288 235 280 203 258 206 232 279 227 254 209 265 226 244 282 246 284 228 202 256 216 200 281 204 237 267 208 299 233 291 292 289 249 236 250 268 251 266 273 218 252 217 274 286 275 287 210 294 223 229 278 225 276 212 230 272 248 277 213 298 257 253 261 270 214 293 255 207 285 205 283 219 241 221 263 238 245 297
778 751 784 737 765 795 735 719 741 782 750 701 766 742 779 728 723 764 777 708 759 738 710 705 702 774 787 707 780 760 798 762 718 771 722 703 758 714 793 704 734 799 743 716 732 729 721 724 796 715 773 720 757 717 772 755 754 791 781 746 797 711 767 792 733 786 739 713 740 761 763 744 731 770 749 712 790 753 769 748 709 747 736 756 783 794 776 768 752 788
611 635 631 656 660 670 650 662 681 628 651 680 647 629 649 608 692 685 641 659 632 622 620 637 698 646 675 657 679 696 667 665 648 671 645 601 602 658 640 690 616 699 638 677 697 630 618 666 615 614 603 663 604 634 695 678 661 672 636 688 668 613 674 642 653 625 693 655 621 683 673 676 633 643 694 664 609 605 652 607 654 639 669 626 684 691 627 682
802
594 529 584 541 583 535 542 574 521 563 557 560 534 577 573 546 501 523 564 537 595 569 512 507 596 562 543 506 524 536 531 545 585 586 509 502 530 589 511 540 533 565 555 538 525 559 519 528 547 539 518 566 515 597 571 517 579 570 514 510 582 591 508 544 561 516 532 556 590 588 551 578 599 527 598 552 581 505 520 575 593 550 504 554 549 580 567
8
349 340 313 333 370 385 324 381 366 303 305 332 359 347 338 358 348 393 311 357 300 360 341 379 320 391 390 377 314 321 372 367 353 371 378 362 386 387 325 354 334 322 356 382 388 310 331 309 345 323 308 392 364 397 312 375 363 344 306 318 350 394 326 368 342 398 327 380 365 361 336 346 369 351 330 307 389 317 339 396 328 329 399 343 337 319 352
264
548
17
833
612
801
111
56
932
421
503
418
355
304
151
689
957
384
239
100
970
619
1
987
129
587
180
700
706
159
726
436
863
933
745
999
260
240
429
107
30
477
190
70
122
158
215
568
191
383
951
198
5
78
41
522
156
243
451
513
789
859
900
730
376
558
400
450
440
997
600
335
624
121
175
201
500
617
315
623
89
572
526
576
220
373
271
727
644
842
118
446
785
423
928
905
686
606
484
687
472
269
179
725
316
374
93
496
879
775
37
178
553
856
296
301
101
592
211
189
610
855
881
224
948
395
302
171