947 971 923 992 978 980 949 962 977 993 972 967 975 979 919 961 960 989 954 924 902 903 934 964 930 950 973 994 917 927 983 945 938 974 922 998 907 901 940 909 976 955 988 996 968 913 959 965 929 944 908 920 990 943 926 935 906 936 984 941 966 956 925 985 915 937 986 981 912 991 995 946 916 911 952 953 910 921 931 904 963 969 942 958 939 918 982 914
3 73 38 43 92 98 33 67 90 88 63 21 59 61 66 14 2 40 26 51 57 64 69 97 44 55 27 6 9 65 58 79 91 23 12 82 71 96 31 76 15 80 99 47 18 45 94 81 54 11 52 25 86 68 22 36 75 35 0 32 77 34 74 20 13 50 28 4 62 95 87 84 16 83 39 29 19 48 24 10 53 46 49 7 60 85 72 42
116 128 155 183 130 137 164 124 154 135 115 174 147 187 150 133 165 193 125 185 161 194 199 168 140 104 197 146 162 113 103 195 177 163 160 123 132 152 145 110 176 126 102 149 141 182 192 144 136 120 109 169 108 138 131 105 173 166 142 114 167 188 157 181 119 170 134 172 139 153 106 148 127 112 184 186 143 196
406 405 482 420 455 480 492 419 426 413 422 479 439 433 467 412 493 476 473 475 442 460 401 465 415 403 490 441 447 457 432 498 434 443 409 427 474 437 402 495 452 416 489 435 497 469 414 456 454 471 424 417 461 499 481 463 453 458 448 464 487 486 491 444 425 466 404 462 408 483 410 428 431 485 411 478 438 449 459 468 494 488 445 407 430 470
889 896 840 849 888 827 867 812 847 857 817 823 851 871 807 845 830 875 894 814 878 891 818 886 897 822 821 852 828 870 813 866 873 805 854 880 864 832 899 839 841 862 831 860 858 836 800 804 883 820 803 843 806 876 868 834 885 838 819 874 898 808 825 850 835 893 848 884 882 846 890 811 895 887 869 829 892 824 810 844 872 837 861 853 826 816 877 815 809 865
238 229 203 266 263 204 294 284 252 231 230 232 218 207 235 212 293 233 299 289 247 277 286 292 221 291 242 298 267 265 254 241 258 248 214 282 281 244 288 246 259 276 274 261 223 295 249 285 273 245 217 256 280 270 253 290 234 225 272 287 205 283 227 222 236 251 228 226 216 268 210 250 257 279 208 219 202 262 275 297 278 209 206 237 213 200 255
758 794 716 748 711 793 799 764 733 742 731 759 713 753 761 746 719 736 788 721 771 777 766 724 762 776 754 798 773 787 722 734 790 723 743 749 707 760 708 778 774 757 763 720 747 791 772 781 715 718 728 765 709 768 703 740 729 797 704 712 717 755 783 705 796 769 752 770 786 702 744 751 738 795 710 701 782 737 732 792 780 714 767 741 735 779 756 739 784 750
604 631 660 658 663 639 618 626 693 621 633 662 641 659 698 674 652 655 646 675 638 647 699 657 656 653 635 664 682 681 622 640 690 669 632 665 678 607 650 668 684 697 605 616 603 672 666 649 637 691 609 654 694 673 679 651 634 648 630 670 642 602 614 628 613 683 676 696 608 601 643 661 625 688 692 645 611 680 671 685 627 615 620 667 636 695 629 677
802
539 562 552 594 583 569 540 580 595 598 561 555 512 537 504 514 519 582 567 529 570 575 551 597 515 520 547 584 545 593 511 596 506 571 541 581 508 501 550 509 591 565 534 533 528 535 585 507 546 525 532 589 502 531 578 566 523 560 556 544 559 505 557 542 549 590 538 574 564 543 588 577 530 599 510 521 563 579 518 586 516 517 573 554 524 527 536
8
367 318 369 372 305 350 353 392 390 308 398 399 377 370 380 327 375 345 336 365 319 394 363 364 341 331 378 337 334 320 347 386 358 387 333 381 356 352 310 389 359 360 329 343 351 325 379 393 357 322 330 396 311 326 324 321 342 317 314 354 391 312 300 303 307 368 397 382 346 388 339 348 371 344 323 361 338 328 340 306 309 332 362 313 366 385 349
264
548
17
833
612
801
111
56
932
421
503
418
355
304
151
689
957
384
239
100
970
619
1
987
129
587
180
700
706
159
726
436
863
933
745
999
260
240
429
107
30
477
190
70
122
158
215
568
191
383
951
198
5
78
117
41
522
156
243
451
513
789
859
900
730
376
558
400
450
440
997
600
335
624
121
175
201
500
617
315
623
89
572
526
576
220
373
271
727
644
842
118
446
785
423
928
905
686
606
484
687
472
269
179
725
316
374
93
496
879
775
37
178
553
856
296
301
101
592
211
189
610
855
881
224
948
395
302
171