965 945 978 969 964 954 958 925 976 967 966 981 961 950 927 959 936 943 990 926 956 901 960 918 971 975 991 982 988 974 908 903 930 913 907 939 962 996 979 934 931 941 983 914 953 921 922 942 984 963 912 985 902 904 949 993 910 995 906 919 992 989 944 980 986 940 977 911 955 929 924 917 946 938 998 994 915 947 916 909 923 972 935 937 952 973 920 968
13 91 22 47 79 24 39 7 72 75 87 10 98 97 51 92 40 6 25 86 68 67 18 88 83 32 11 21 52 9 94 64 14 61 23 74 65 59 15 57 27 26 55 29 60 69 20 33 58 82 45 50 53 63 38 99 36 34 42 3 48 84 19 0 77 49 4 2 90 80 16 66 96 35 85 44 95 43 73 46 12 54 28 31 76 62 81 71
193 161 166 119 131 164 197 116 114 134 199 177 104 152 169 133 181 196 154 150 147 183 144 162 125 139 167 148 105 172 149 136 170 186 155 187 146 184 168 112 173 120 153 130 123 127 194 195 188 126 102 157 108 109 137 106 135 145 124 138 163 128 140 103 143 160 110 113 176 165 141 192 142 132 182 185 174 115
465 497 437 469 413 479 403 447 487 410 449 459 474 444 473 492 417 448 420 442 407 471 466 402 456 435 422 458 438 401 404 441 427 476 494 411 457 491 419 406 428 408 412 462 414 464 431 416 490 454 463 495 425 455 433 467 430 493 445 434 485 488 426 460 439 453 478 475 482 499 468 489 424 443 480 470 415 483 486 498 461 409 432 481 452 405
861 813 848 839 841 889 857 800 862 836 824 846 807 853 834 883 896 826 858 864 803 891 823 805 880 825 866 898 868 854 897 860 811 851 810 822 872 821 899 829 840 814 815 849 844 835 828 837 817 878 830 886 819 808 892 867 869 888 893 870 890 884 876 850 832 865 816 887 875 831 809 885 847 812 843 818 845 877 852 894 895 827 874 804 873 838 882 871 820 806
281 290 298 267 283 212 276 245 287 278 255 203 208 251 204 222 205 294 253 223 250 273 259 241 230 226 242 268 209 257 231 280 202 213 288 214 229 200 216 210 218 217 279 274 238 262 297 247 244 254 233 266 265 263 272 237 289 232 293 252 284 207 206 249 228 285 261 219 256 246 234 270 221 282 299 227 258 286 235 295 277 292 275 291 225 248 236
720 791 738 783 764 714 702 769 737 792 736 732 796 752 758 754 735 781 761 728 773 723 784 722 731 740 719 797 748 777 786 759 716 753 779 762 793 763 703 724 718 707 749 755 715 701 746 798 750 780 774 709 778 794 788 747 733 729 756 767 790 751 704 712 766 744 776 708 782 787 799 743 739 734 760 768 741 757 705 742 713 772 717 770 711 721 795 765 771
698 677 660 636 614 673 613 646 671 605 638 694 684 679 661 602 669 690 691 611 618 653 641 692 628 675 681 699 685 621 603 650 696 656 630 674 634 627 659 651 620 652 615 635 607 629 693 678 604 662 608 642 654 625 670 647 626 688 668 676 643 697 672 664 655 657 648 658 631 622 680 683 645 632 609 637 667 649 682 616 640 695 666 639 601 633 665 663
802
575 551 585 589 502 515 581 534 569 552 567 510 532 544 588 539 519 561 542 546 528 597 565 521 590 541 509 523 574 594 537 540 593 531 599 507 596 525 511 556 524 514 595 520 555 583 529 564 504 570 578 547 538 571 506 557 582 573 563 505 560 517 550 501 518 566 586 516 512 554 535 584 533 527 579 545 559 580 577 536 591 562 508 543 549 530 598
8
322 320 353 329 378 385 381 331 318 305 364 393 338 339 319 380 328 300 357 386 356 392 358 346 314 323 379 330 309 326 360 390 359 391 337 334 354 345 303 365 375 369 348 388 382 368 371 321 366 349 361 307 308 333 351 327 306 336 399 350 317 342 332 363 344 310 372 352 367 311 325 362 343 312 340 387 341 396 313 347 389 397 398 324 377 370 394
264
548
17
833
612
801
111
56
932
421
503
418
355
304
151
689
957
384
239
100
970
619
1
987
710
129
587
180
700
706
159
726
436
863
933
745
999
260
240
429
107
30
477
190
70
122
158
215
568
191
383
951
198
5
78
117
41
522
156
243
451
513
789
859
900
730
376
558
400
450
440
997
600
335
624
121
175
201
500
617
315
623
89
572
526
576
220
373
271
727
644
842
118
446
785
423
928
905
686
606
484
687
472
269
179
725
316
374
93
496
879
775
37
178
553
856
296
301
101
592
211
189
610
855
881
224
948
395
302
171