956 904 994 962 949 953 935 938 923 950 971 967 947 929 917 942 985 945 946 927 955 959 960 910 965 909 981 916 931 977 989 906 926 901 986 920 991 964 978 944 943 976 936 963 968 958 908 954 925 902 995 918 915 983 969 982 973 974 940 966 934 975 952 972 903 996 914 939 988 961 992 919 922 979 980 913 937 984 907 993 998 930 921 990 912 941 911 924
3 52 68 75 60 53 6 23 33 64 26 50 79 18 59 39 14 57 97 11 58 24 63 90 38 34 20 76 91 48 2 80 55 73 46 94 10 95 96 40 69 51 15 67 28 21 65 16 25 4 88 43 49 74 98 22 27 31 66 19 36 0 61 71 32 47 54 92 45 7 44 9 99 12 85 13 77 83 82 81 84 29 35 62 42 87 72 86
126 154 131 168 169 142 167 103 119 148 185 144 140 106 109 114 177 195 110 166 124 112 139 174 123 182 194 134 181 116 157 108 196 105 145 135 199 150 149 125 170 136 172 120 141 163 133 188 104 102 164 183 193 146 130 155 173 115 153 176 132 113 162 143 128 165 127 160 161 184 138 197 147 186 152 187 137
449 408 410 415 444 473 474 482 430 442 448 455 494 404 433 462 483 487 409 476 422 458 445 434 426 499 441 480 453 469 486 419 401 490 411 407 438 457 466 425 468 406 428 402 435 463 481 489 459 443 405 414 420 488 452 467 439 464 424 485 456 412 460 492 437 416 491 447 427 479 454 497 417 432 403 471 495 461 475 431 493 413 465 478 470 498
867 858 834 828 895 820 813 817 816 885 819 807 866 840 886 800 889 811 849 835 836 862 832 843 887 893 845 898 894 869 880 823 857 831 804 805 806 847 882 808 877 897 883 844 809 812 872 810 896 848 839 837 841 830 864 888 853 852 892 850 899 824 861 875 878 846 827 815 868 871 821 814 838 860 865 873 825 890 891 826 854 818 829 884 870 803 876 874 851 822
279 261 247 266 230 285 290 253 284 209 262 226 238 245 223 249 297 207 202 294 255 244 242 231 227 256 228 254 250 208 257 281 232 263 283 214 293 292 274 258 272 203 246 248 299 204 233 221 205 270 234 210 222 229 282 286 298 295 267 276 288 241 280 213 273 206 200 252 291 219 235 212 289 259 268 216 251 237 277 236 217 225 218 275 278 287 265
734 746 724 711 717 733 735 790 743 761 709 741 796 721 771 751 738 702 728 755 799 729 765 774 748 763 770 794 708 720 756 778 712 707 779 722 781 782 732 783 744 754 766 793 758 716 753 787 764 777 718 786 762 757 705 750 736 760 731 798 759 739 791 701 742 773 715 772 780 713 703 776 740 737 784 704 719 714 752 767 788 747 749 723 792 769 768 797 795
683 697 672 693 639 661 633 615 629 679 695 631 640 649 604 614 620 666 688 657 669 607 677 653 648 654 682 673 676 605 665 675 622 664 603 630 685 652 655 646 662 602 608 658 625 694 659 636 698 656 663 691 626 696 678 647 613 621 668 632 616 651 670 671 690 643 635 609 680 645 611 637 684 699 641 650 627 692 601 667 628 618 660 674 681 642 638 634
802
552 529 532 509 501 593 569 599 504 557 581 591 527 561 536 547 539 586 540 531 514 590 541 584 542 567 521 507 502 546 571 538 579 537 506 520 560 595 570 597 525 575 594 517 528 523 588 549 565 518 551 534 505 585 535 554 578 524 516 573 519 508 510 533 559 515 562 511 580 545 574 563 556 512 566 550 555 577 564 582 544 583 543 596 530 598 589
8
350 337 325 351 398 394 346 397 338 391 333 321 358 332 356 387 390 369 392 372 349 359 326 343 357 366 354 318 377 339 313 303 360 323 324 317 328 363 307 322 361 380 365 310 353 334 348 386 341 352 305 399 370 347 344 382 314 331 340 312 319 330 375 329 367 320 309 362 393 342 385 381 345 364 368 327 388 306 371 396 379 300 308 389 336 311 378
264
548
17
833
612
801
111
56
932
421
503
418
355
304
151
689
957
384
239
100
970
619
1
987
710
129
587
180
700
706
159
726
436
863
933
745
999
260
240
429
107
30
477
190
70
122
158
215
568
191
383
951
198
5
78
117
41
522
156
243
451
513
789
859
900
730
376
558
400
450
440
997
600
335
624
121
175
201
500
617
315
623
89
572
526
576
220
373
271
727
644
842
118
446
192
785
423
928
905
686
606
484
687
472
269
179
725
316
374
93
496
879
775
37
178
553
856
296
301
101
592
211
189
610
855
881
224
948
395
302
171