929 922 940 942 949 991 908 930 916 945 983 965 926 963 973 937 936 984 958 934 967 954 938 961 998 924 974 944 941 980 902 903 946 994 960 911 982 969 950 920 925 971 910 919 906 992 956 968 907 976 904 981 964 996 955 975 943 962 923 912 986 995 935 993 990 915 988 918 947 972 959 914 913 978 966 985 953 979 901 989 931 977 921 917 939 909 927 952
52 2 13 62 99 33 12 47 46 90 32 71 20 14 74 98 9 10 48 57 97 61 24 28 16 0 53 87 73 82 51 72 36 45 4 85 68 94 64 59 67 19 31 95 27 84 96 86 3 7 58 50 76 92 79 66 23 35 88 69 21 81 34 75 29 26 11 18 55 49 40 54 77 25 44 22 42 39 60 63 38 65 91 15 83 43 6
112 153 127 195 165 176 131 124 130 149 196 188 102 140 173 132 148 105 119 142 115 144 120 152 141 125 182 123 138 134 113 126 163 194 135 150 199 170 161 147 116 184 154 186 174 177 181 187 143 108 164 133 104 172 160 137 110 114 145 157 193 169 155 183 139 185 128 166 167 197 136 168 103 109 106 146 162
461 448 498 485 442 475 445 437 454 456 449 434 441 465 407 413 464 497 433 491 466 412 459 411 486 469 480 474 435 419 463 452 422 455 443 420 470 494 415 493 473 402 408 416 487 460 499 490 444 430 431 458 427 482 401 426 479 457 453 476 462 432 424 489 405 414 478 410 471 428 467 409 481 425 406 438 404 495 417 488 483 468 447 492 439 403
803 862 827 821 808 807 867 854 829 812 873 813 804 806 814 876 883 848 835 858 834 838 897 845 885 892 877 811 825 850 840 893 887 841 896 805 898 828 865 880 878 888 836 817 890 837 847 831 816 810 899 891 824 857 860 832 818 815 874 864 843 809 849 844 875 800 852 882 819 846 895 889 870 894 886 826 869 868 820 830 871 851 884 822 861 872 866 853 823 839
200 295 251 280 209 232 285 235 277 268 248 245 223 229 237 226 253 225 255 221 290 275 286 278 222 254 256 257 274 230 228 270 276 287 244 298 212 267 203 265 262 288 263 214 252 289 282 234 208 219 216 207 210 204 292 202 272 205 259 247 206 283 246 297 236 273 238 294 249 284 266 279 261 291 258 250 227 293 213 241 299 242 231 233 218 281 217
705 794 767 732 702 782 711 753 717 765 777 720 797 780 715 798 754 733 791 713 735 773 755 746 736 701 774 799 728 750 703 722 772 786 716 778 784 724 721 731 718 740 763 737 714 779 748 792 757 751 761 770 758 739 707 787 788 781 769 708 783 764 719 768 741 762 709 734 796 771 729 793 742 744 738 766 795 723 760 747 756 704 776 752 743 712 749 759 790
614 678 661 611 680 636 639 615 627 690 653 607 625 684 603 626 642 621 668 652 640 669 648 698 685 647 601 691 618 608 673 659 657 609 616 635 670 682 646 694 620 664 658 613 641 699 677 662 663 649 643 655 631 688 665 676 604 651 674 650 628 681 693 679 675 696 638 637 633 692 660 622 671 656 632 683 645 605 602 666 697 695 629 654 672 667 634 630
802
511 591 569 561 516 545 598 525 564 584 570 501 579 530 590 586 509 555 507 593 543 582 529 502 518 573 567 589 595 554 537 508 528 599 546 540 515 575 544 541 504 521 542 539 562 578 533 527 519 549 517 596 566 583 574 532 505 531 547 534 588 563 550 594 520 535 524 514 559 585 577 551 597 536 581 512 510 506 571 538 557 565 523 556 552 580 560
8
342 380 364 370 318 366 334 331 311 365 333 345 338 309 369 398 320 361 328 396 343 393 324 327 394 387 371 391 310 347 399 386 325 313 332 321 372 360 317 351 308 319 350 312 390 368 322 303 346 392 388 340 363 385 353 367 357 329 348 382 336 375 352 354 377 305 397 300 337 307 379 326 359 358 389 378 306 356 330 362 323 341 349 381 344 339 314
264
548
17
833
612
801
111
56
932
421
503
418
355
304
151
689
957
384
239
100
970
619
1
987
710
129
587
180
700
706
159
726
436
863
933
745
999
260
240
429
107
30
477
190
70
122
158
215
568
191
383
951
198
5
78
117
41
522
156
243
451
513
789
859
900
730
376
558
400
450
440
997
600
335
624
121
175
201
500
617
315
623
89
572
526
576
220
373
271
727
644
842
118
446
192
785
423
928
80
905
686
606
484
687
472
269
179
725
316
374
93
496
879
775
37
178
553
856
296
301
101
592
211
189
610
855
881
224
948
395
302
171