975 983 955 923 963 966 925 967 969 901 909 927 944 946 926 968 915 949 911 982 929 934 950 981 973 938 988 912 930 991 980 922 940 942 994 941 964 913 989 972 958 947 978 993 902 962 935 937 943 906 952 921 959 907 996 939 998 903 904 945 986 965 979 953 984 960 936 995 916 918 961 977 908 954 985 992 924 956 919 917 976 974 971 931 910 990 920
29 0 31 77 32 39 33 61 51 28 85 27 84 68 52 62 75 42 11 48 74 24 19 98 21 13 4 38 88 57 95 96 3 90 7 63 44 87 73 65 86 67 15 26 50 12 14 58 23 97 55 71 45 10 40 79 53 6 18 66 25 83 22 72 49 99 60 9 36 35 20 59 2 82 91 47 64 16 92 76 43 94 69 54 81 34 46
110 113 103 174 108 104 197 126 136 165 182 149 106 109 143 145 134 164 199 170 102 157 133 162 131 137 127 169 185 194 195 166 155 173 163 141 114 139 152 144 181 176 153 184 123 193 161 124 150 148 177 119 138 172 196 132 120 154 146 186 147 183 105 187 130 115 116 125 160 188 135 168 112 167 128 140 142
476 490 470 415 498 402 425 441 409 443 461 482 403 465 475 456 488 416 460 466 455 404 413 459 442 426 468 414 480 430 449 444 408 494 431 447 439 492 434 419 462 452 407 483 493 405 479 489 412 487 433 417 467 499 453 428 474 478 420 406 411 427 438 469 495 410 401 486 464 422 473 448 458 481 435 445 424 491 454 457 432 463 437 497 485 471
899 860 823 893 867 837 852 871 853 854 814 826 839 862 889 809 836 843 887 890 884 898 815 817 807 858 880 835 825 849 891 816 841 869 844 834 851 882 830 813 821 832 804 845 885 894 840 873 822 803 895 868 828 800 861 829 866 847 886 827 874 897 892 878 848 850 818 877 812 875 810 819 811 857 820 864 808 831 824 838 846 806 805 870 896 876 883 865 872 888
291 223 249 241 288 210 218 204 222 284 200 233 248 275 268 231 247 236 292 237 232 265 281 226 276 262 297 242 208 272 213 280 279 286 273 250 261 205 214 216 258 293 235 274 299 252 251 257 221 246 263 227 212 229 253 202 259 278 217 283 245 294 207 266 298 209 282 225 230 228 289 244 267 277 238 255 254 285 295 256 270 290 287 219 234 206 203
788 758 716 760 762 795 774 731 718 766 734 790 723 709 787 741 794 771 748 778 781 724 740 719 704 798 792 712 770 737 729 773 776 779 751 761 755 703 702 714 720 750 744 732 799 772 765 705 746 796 767 782 707 708 739 742 786 728 753 768 717 754 749 763 747 757 736 759 743 738 721 793 780 784 791 752 733 764 701 722 711 777 715 756 783 769 797 713 735
642 631 675 618 679 677 626 621 637 676 669 650 601 607 684 613 664 693 643 667 611 658 695 651 652 629 639 638 654 670 666 655 660 698 661 602 648 685 625 665 680 608 641 647 609 645 628 604 668 635 678 620 681 657 646 697 673 690 696 663 656 672 671 603 649 636 630 634 662 615 699 616 692 659 674 640 627 632 694 683 653 688 622 614 691 682 633 605
802
564 531 501 527 533 514 595 554 557 566 516 523 559 546 597 578 532 502 511 549 530 537 556 599 543 573 574 588 598 580 575 593 544 509 541 520 562 585 577 507 508 596 567 551 536 550 512 552 591 584 565 521 545 579 524 540 528 570 518 505 510 555 582 538 542 581 504 535 590 586 571 563 561 594 519 569 547 529 589 534 539 506 560 525 583 517
8
324 334 321 310 350 387 381 392 379 325 343 398 331 306 382 319 342 357 307 308 333 326 378 364 362 313 377 329 369 388 344 386 371 348 300 320 380 309 322 318 332 354 393 330 396 323 368 341 389 345 349 353 311 346 336 338 397 339 327 372 337 328 399 375 317 385 394 365 351 361 359 363 356 390 303 367 366 391 312 352 340 360 358 347 370 305 314
264
548
17
833
612
801
111
56
932
421
503
418
355
304
151
689
957
384
239
515
100
970
619
1
987
710
129
587
180
700
706
159
726
436
863
933
745
999
260
240
429
107
30
477
190
70
122
158
215
568
191
383
951
198
5
78
117
41
522
156
243
451
513
789
859
900
730
376
558
400
450
440
997
600
335
624
121
175
201
500
617
315
623
89
572
526
576
220
373
271
727
644
842
118
446
192
785
423
928
80
905
686
606
484
687
472
914
269
179
725
316
374
93
496
879
775
37
178
553
856
296
301
101
592
211
189
610
855
881
224
948
395
302
171