973 977 976 923 968 919 936 985 909 991 965 954 988 908 953 901 971 907 946 925 994 942 964 978 916 918 952 993 958 915 910 934 975 974 956 945 995 969 989 939 913 938 911 983 940 930 927 950 904 926 931 955 966 903 935 980 924 947 972 902 992 962 906 984 981 941 998 929 961 922 949 943 967 920 917 912 996 982 944 979 960 986 937 959 990 921 963
59 16 6 46 68 49 83 96 69 22 53 71 3 65 40 95 94 61 90 67 63 75 11 23 66 28 60 19 36 27 74 35 18 7 81 39 54 72 86 25 88 97 55 33 29 87 48 57 52 44 50 64 98 77 73 99 62 34 76 51 91 84 79 2 21 92 43 13 47 85 58 24 45 42 14 9 12 20 82 15 10 31 26 4 0 38 32
184 195 112 160 114 157 144 137 197 194 167 130 124 155 128 119 127 139 170 177 136 148 168 105 172 123 187 173 193 143 176 186 185 141 165 161 147 188 110 182 169 109 115 138 196 199 140 183 166 134 142 104 152 135 133 150 181 163 125 126 153 146 113 132 108 103 174 120 162 102 106 116 164 154 149 145 131
480 438 469 416 402 481 494 464 456 405 433 492 424 489 458 425 468 491 401 453 435 419 466 430 461 409 427 454 428 406 442 465 415 420 473 404 482 487 478 470 476 490 479 412 497 457 439 417 455 410 452 426 408 413 447 448 459 407 462 431 493 471 411 449 467 414 495 475 483 432 445 434 441 463 474 485 460 499 403 486 444 443 488 437 498 422
887 890 847 871 868 874 853 858 878 811 814 825 830 884 834 824 822 852 821 829 846 841 827 831 800 862 836 850 864 835 895 839 899 812 808 844 898 861 817 838 818 897 819 806 883 809 880 828 860 870 849 805 803 848 886 877 882 837 843 810 888 804 865 891 896 832 813 875 823 845 867 885 872 820 851 866 869 889 854 894 840 893 857 892 816 876 815 826 807 873
216 217 292 291 285 290 251 222 230 287 293 218 238 209 236 214 274 275 202 282 279 265 205 233 253 227 258 210 273 245 241 297 246 259 250 295 267 247 223 213 200 263 268 234 231 280 232 242 248 208 257 229 299 212 272 261 206 262 294 207 266 284 221 288 219 244 281 254 298 203 289 235 270 256 226 252 225 276 237 228 204 278 255 283 286 277 249
738 780 798 755 758 721 717 714 744 723 778 766 712 715 718 760 728 750 776 754 737 793 768 794 736 719 774 746 709 773 731 740 787 720 701 781 747 713 752 786 765 759 763 782 732 707 704 753 795 735 711 796 757 734 748 702 724 777 772 739 791 767 770 729 705 741 761 722 769 783 799 742 756 708 743 762 716 771 751 779 749 792 764 797 790 703 788 784
661 677 648 671 666 634 629 631 669 650 611 637 607 642 652 657 618 608 691 658 622 636 682 672 680 663 685 699 688 667 665 676 635 615 668 645 605 604 649 681 614 698 695 694 628 625 627 683 660 675 696 690 656 626 697 654 638 640 647 613 679 621 655 633 692 664 641 693 620 643 603 662 630 673 646 659 632 602 653 684 609 616 678 651 674 670 601 639
802
510 527 543 564 501 570 582 537 549 542 519 574 565 539 524 583 584 541 518 590 512 559 557 569 505 589 507 509 520 511 517 514 538 577 506 535 571 595 544 546 563 547 578 525 567 536 552 521 534 550 502 529 566 573 562 579 580 575 585 545 598 588 516 586 555 556 599 593 531 591 528 530 523 508 581 554 533 540 504 551 561 532 597 594 596 560
8
323 386 357 354 340 305 396 331 381 363 399 345 311 330 325 347 372 346 341 390 398 371 369 303 391 326 359 358 360 332 338 385 321 387 307 349 361 344 393 320 317 352 397 319 324 328 309 367 336 364 333 312 306 365 339 370 356 313 375 380 350 327 368 337 382 394 322 300 318 314 378 388 351 379 308 389 392 310 343 342 362 334 377 329 353 366 348
264
548
17
833
612
801
111
56
932
421
503
418
355
304
151
689
957
384
239
515
100
970
619
1
987
710
129
587
180
700
706
159
726
436
863
933
745
999
260
240
429
107
30
477
190
70
122
158
215
568
191
383
951
198
5
78
117
41
522
156
243
451
513
789
859
900
730
376
558
400
450
440
997
600
335
624
121
175
201
500
617
315
623
89
572
526
576
220
373
271
727
644
842
118
446
192
785
423
928
80
905
686
733
606
484
687
472
914
269
179
725
316
374
93
496
879
775
37
178
553
856
296
301
101
592
211
189
610
855
881
224
948
395
302
171