967 911 902 950 981 942 992 931 962 956 921 919 990 906 978 904 986 996 916 995 973 920 991 901 907 983 974 988 993 927 952 980 938 944 954 977 937 964 960 940 915 982 908 922 935 925 959 946 913 910 939 945 958 965 903 963 953 929 918 912 926 930 968 934 969 979 984 949 971 955 976 994 966 943 989 947 924 936 923 972 985 909 998 975 941 961 917
33 97 72 85 58 66 2 40 59 61 29 68 34 79 73 44 14 7 83 52 75 16 92 60 49 54 64 4 77 10 12 57 47 69 45 21 82 81 20 46 26 95 3 63 31 38 91 94 90 11 24 19 55 6 15 18 76 36 74 28 39 99 88 9 32 67 98 48 84 25 50 13 65 22 27 35 53 71 43 86 42 87 62 51 23 0 96
184 181 183 170 167 148 185 140 152 113 149 143 154 105 163 174 114 162 147 177 150 168 169 186 127 108 173 124 155 145 146 110 132 103 142 138 165 144 199 188 172 119 116 106 123 109 193 187 134 126 136 130 112 141 135 197 102 125 128 137 194 139 120 182 133 195 153 157 176 166 196 131 161 104 160 164 115
461 402 443 408 466 427 447 464 453 437 468 415 486 474 492 439 475 478 420 432 444 491 435 489 488 448 458 480 431 490 497 485 455 414 406 493 442 476 479 404 425 473 401 445 469 441 433 463 413 434 452 467 438 428 494 411 495 419 430 449 460 426 424 483 470 405 465 498 487 456 471 403 481 454 410 407 459 417 482 409 416 457 499 412 422 462
873 894 858 818 860 846 878 899 825 843 830 877 875 804 868 872 892 837 889 838 876 850 829 835 836 839 895 807 854 851 816 810 896 827 871 834 861 832 887 847 819 840 809 823 884 822 848 869 845 815 806 808 898 852 857 811 870 831 817 853 891 867 800 805 883 864 828 897 888 824 849 803 814 844 862 885 886 865 866 821 882 820 813 812 841 826 893 880 890 874
217 210 242 205 299 288 287 218 272 258 275 228 298 292 256 259 254 286 225 284 281 227 204 245 278 253 285 229 273 297 236 207 237 274 213 266 295 251 277 268 232 203 222 212 290 280 223 247 255 238 282 294 200 214 291 208 246 261 248 270 209 226 252 283 233 235 219 234 244 206 293 263 265 257 216 289 262 202 279 221 230 267 231 241 276 250 249
765 799 742 716 764 752 723 724 771 743 782 762 796 737 744 746 797 750 720 792 740 708 778 729 707 717 755 766 734 770 793 719 768 748 718 781 786 759 760 739 784 741 722 714 756 705 747 769 776 779 757 749 795 754 751 758 731 794 703 787 791 728 715 798 709 761 732 702 713 735 774 790 738 777 780 701 783 711 773 712 788 704 736 721 772 763 767 753
660 646 675 673 631 608 618 658 696 685 679 683 647 684 641 603 681 601 672 634 650 682 614 605 616 653 690 693 666 629 602 665 655 645 635 692 669 688 680 697 604 620 630 659 621 609 671 651 628 640 626 627 643 625 638 668 656 699 657 677 678 670 613 633 676 615 648 622 667 652 674 632 661 607 654 691 637 698 663 611 664 694 642 695 662 649 639 636
802
543 511 581 555 544 597 545 527 562 564 550 595 588 585 573 502 584 586 561 594 574 575 516 521 528 506 531 512 537 559 590 583 546 540 565 530 534 570 510 509 591 514 596 554 563 566 541 536 551 518 529 533 582 571 557 520 569 525 577 579 507 593 549 578 519 538 508 547 523 542 552 599 504 598 567 539 532 560 589 501 517 505 580 556 535
8
392 313 342 385 310 329 377 399 336 350 338 368 358 309 349 386 370 303 378 362 364 398 353 328 340 325 375 379 314 354 337 382 393 366 356 365 333 352 324 330 371 300 332 305 346 396 341 334 344 388 318 323 339 319 322 361 326 348 317 343 391 394 351 312 357 331 380 390 367 397 306 307 387 347 389 381 372 363 345 308 311 327 321 320 360 369 359
264
548
17
833
612
801
111
56
932
421
503
418
355
304
151
689
957
384
239
515
100
970
619
1
987
710
129
587
180
700
706
159
726
436
863
933
745
999
260
240
429
107
30
477
190
70
122
158
215
568
191
383
951
198
5
78
117
41
522
156
243
451
513
789
859
900
730
376
558
400
450
440
997
600
335
624
121
175
201
500
617
315
623
89
572
526
576
220
373
271
727
644
842
118
446
192
785
423
928
80
905
686
733
606
484
687
472
914
269
179
725
316
374
93
496
879
524
775
37
178
553
856
296
301
101
592
211
189
610
855
881
224
948
395
302
171