934 918 995 999 902 980 925 964 931 930 972 955 982 958 933 989 941 990 960 949 950 927 937 904 954 976 952 919 944 979 917 905 971 974 928 994 901 909 993 911 920 988 945 968 922 967 907 924 926 942 969 981 962 914 963 957 975 961 900 938 923 984 936 986 921 966 948 916 965 932 973 910 913 908 943 959 940 970 985 951 939 915 947 987 983 996 991 953 929 946 903 992 997 977 998 906 956 935 978 912
87 1 71 3 33 64 51 47 46 52 45 11 0 10 32 63 26 17 96 62 34 19 83 43 22 75 90 79 76 94 80 5 61 98 25 39 37 18 65 95 84 70 31 91 82 16 81 36 29 38 92 44 23 35 68 40 15 67 77 49 20 41 59 93 50 30 48 99 57 72 2 58 74 27 85 24 66 88 78 7 54 42 97 9 28 6 55 73 89 12 8 56 60 69 21 4 86 13 53 14
174 184 125 190 120 113 154 159 156 119 186 187 133 180 170 140 167 129 117 132 172 196 188 104 147 175 109 162 145 192 153 165 160 102 137 121 197 179 135 103 169 124 136 152 112 138 122 148 171 198 130 108 107 150 173 141 183 142 166 115 157 110 158 126 178 193 177 146 123 149 168 185 144 181 128 105 195 127 176 139 118 155 134 163 111 191 151 164 189 106 199 114 182 116 161 100 143 194 131
437 405 457 418 420 430 431 452 482 458 469 478 494 449 464 443 451 480 481 496 401 479 403 438 412 460 441 436 492 433 419 453 466 454 410 463 499 485 406 439 424 488 450 486 468 404 477 456 472 471 483 416 470 495 422 475 407 445 467 487 415 428 484 493 497 476 446 447 434 427 473 423 491 455 462 432 442 474 402 498 421 465 417 444 411 435 448 413 490 408 489 425 429 459 461 440 409 414 426
869 817 849 893 841 838 809 816 846 829 879 860 847 890 899 826 819 843 804 875 824 830 832 801 861 874 831 862 887 850 896 806 823 821 811 802 837 888 822 812 805 825 856 891 858 852 840 855 857 863 834 872 835 839 851 895 808 898 871 884 894 882 868 881 873 836 885 877 859 892 876 815 833 818 828 813 845 848 897 866 844 842 865 800 807 883 803 827 810 880 886 867 889 853 878 820 814 854 870 864
242 281 283 202 234 245 262 291 214 270 201 228 260 251 252 261 255 216 218 231 215 271 217 219 280 299 211 287 264 207 227 298 265 243 241 296 279 229 277 292 226 220 295 248 289 223 253 249 267 238 288 237 257 233 266 212 246 224 254 213 205 290 258 275 268 278 210 222 230 269 203 297 208 200 239 247 209 273 225 236 276 244 232 274 235 240 285 256 250 282 293 221 272 286 204 294 263 259 206 284
798 714 701 707 732 763 797 728 757 748 795 749 716 767 711 786 796 709 768 724 777 794 755 769 713 760 725 776 785 778 779 758 731 712 780 770 762 772 706 792 733 781 726 738 764 710 784 740 761 746 739 788 705 787 774 708 775 752 791 773 734 723 783 722 799 753 720 741 747 737 717 704 790 744 756 766 727 789 703 715 793 745 719 718 742 771 782 729 743 735 702 721 751 759 730 765 750 754 736
629 615 608 606 619 669 628 695 603 656 641 644 647 633 693 667 640 692 686 657 659 611 622 699 617 634 638 645 683 687 635 620 681 662 630 616 605 680 672 663 646 671 631 676 623 653 614 696 658 674 675 600 666 654 601 618 665 678 650 632 670 643 698 642 697 690 660 655 604 637 679 610 627 685 661 649 677 689 648 688 607 636 612 626 691 609 668 625 639 651 652 682 684 694 664 602 624 673 621 613
516 572 565 550 596 586 522 595 567 559 530 510 542 585 579 582 552 504 549 593 524 570 501 526 536 538 599 591 505 531 507 576 592 545 506 587 563 597 511 560 564 581 574 557 548 555 590 584 566 521 518 561 558 513 562 556 578 554 547 568 534 512 583 519 553 532 539 571 540 523 544 520 598 575 569 533 527 502 503 589 573 508 535 543 580 551 541 514 517 588 537 509 594 528 529 515 546 577 525
327 381 315 376 374 323 379 334 380 321 343 350 307 326 398 351 318 361 371 314 302 377 369 397 375 352 383 309 345 337 384 317 388 310 311 368 364 316 300 304 344 389 312 354 331 303 386 341 365 342 313 332 363 348 333 335 338 394 339 359 358 357 390 378 366 382 395 360 346 308 396 329 385 328 370 373 306 336 393 392 347 362 353 372 320 322 349 399 355 340 387 367 356 325 301 319 391 330 324 305
700
400
500
101