982 912 977 998 922 926 946 924 969 985 908 976 965 929 961 902 993 973 980 972 940 904 949 920 941 942 992 983 962 968 959 934 952 996 943 911 931 915 960 901 936 935 916 909 947 986 913 988 990 910 964 939 966 944 950 995 954 921 927 991 975 956 923 958 938 930 971 953 907 906 919 918 994 925 955 967 937 978 903 974 979 945 984 989 981 917 963
92 35 52 63 28 87 57 68 26 77 61 64 9 2 99 45 62 73 46 24 34 16 18 19 65 95 20 59 13 79 98 82 69 88 7 27 74 31 90 97 50 36 15 91 22 81 21 25 86 51 96 75 10 83 67 66 0 44 29 12 11 55 3 54 4 53 43 14 71 23 84 60 39 40 85 94 76 32 38 6 42 48 72 49 33 58 47
181 164 153 147 124 160 194 141 163 150 102 173 106 169 130 166 140 109 114 108 157 139 172 186 161 135 105 197 183 134 193 165 131 132 176 115 145 112 144 123 143 170 110 116 119 138 137 127 146 125 120 167 152 196 162 188 182 126 142 174 177 113 154 128 195 184 185 199 155 168 149 187 133 104 148 103 136
482 475 483 490 481 470 492 486 425 410 499 460 409 445 412 458 434 464 411 403 435 442 454 402 419 443 462 466 417 432 405 404 498 452 453 478 414 441 424 473 439 431 456 494 420 487 476 468 463 438 461 422 448 406 428 433 495 416 437 493 427 465 489 485 401 444 426 488 449 457 469 467 480 459 415 479 413 491 455 407 471 497 474 447 430 408
834 826 866 874 886 830 897 812 845 823 868 829 804 869 898 819 831 813 893 860 822 872 832 839 816 848 810 827 862 877 891 811 849 870 873 850 838 818 865 847 857 807 864 889 808 882 844 805 878 858 841 890 895 803 815 817 871 814 899 853 885 894 846 876 837 883 820 806 809 892 896 840 828 824 852 843 867 887 836 800 861 875 880 825 835 854 884 851 888
238 291 218 235 290 236 242 272 283 233 248 247 237 205 263 299 289 294 285 281 256 216 251 298 293 261 217 213 210 277 231 253 265 222 226 229 230 200 212 234 203 252 295 270 227 276 259 214 208 206 223 249 284 286 266 268 204 257 274 250 246 275 241 209 219 280 225 228 262 287 297 282 278 244 267 288 221 232 273 207 255 245 279 258 254 292 202
798 719 743 714 756 767 768 760 774 708 737 707 794 711 764 766 718 732 788 750 753 791 784 717 759 747 758 729 739 762 797 735 771 744 734 723 770 782 748 742 720 746 716 779 752 757 795 731 776 755 741 780 724 701 740 702 751 769 703 713 783 796 777 790 705 793 754 792 761 799 712 773 736 715 787 763 749 738 728 709 772 786 781 704 722 778 765 721
634 625 674 696 631 684 667 677 630 697 694 661 638 616 629 633 669 666 657 615 668 685 693 611 676 609 643 654 651 652 656 698 614 648 642 671 647 682 632 628 680 602 673 688 653 659 622 641 626 672 675 640 692 660 636 604 637 603 662 679 695 639 691 650 618 635 670 605 645 699 620 601 627 683 649 663 690 655 664 608 681 621 607 613 646 658 678 665
802
538 540 578 545 585 504 580 579 554 577 599 502 590 555 544 535 564 542 562 588 550 521 519 560 598 586 575 517 527 528 507 532 520 512 523 536 529 563 559 506 569 583 534 589 570 596 543 509 533 557 525 510 566 561 597 571 549 551 516 574 505 547 573 501 530 595 546 514 541 511 581 556 591 531 518 508 537 567 539 593 594 584 582 552
8
349 327 385 314 358 369 360 337 332 310 346 307 396 362 312 305 364 313 308 341 398 330 356 394 392 300 380 323 340 391 334 390 339 389 309 377 365 318 386 344 338 324 303 342 353 375 393 370 381 328 326 351 371 368 372 331 325 361 378 329 319 345 366 348 388 347 317 382 352 350 321 333 379 354 311 306 336 320 343 363 367 399 397 387 357 322 359
264
548
17
833
612
801
111
56
932
421
503
418
355
304
151
689
957
384
239
515
100
970
619
1
987
710
129
587
180
565
700
706
159
726
436
863
933
745
999
260
240
429
107
30
477
190
70
122
158
215
568
191
383
951
198
5
78
117
41
522
156
243
451
513
789
859
900
730
376
558
400
450
440
997
600
335
624
121
175
201
500
617
315
623
89
572
526
576
220
373
271
727
644
842
118
446
192
785
423
928
80
905
686
733
606
484
687
821
472
914
269
179
725
316
374
93
496
879
524
775
37
178
553
856
296
301
101
592
211
189
610
855
881
224
948
395
302
171