906 937 946 961 956 988 992 979 910 966 967 959 982 949 939 902 983 964 912 958 998 916 927 969 953 968 907 909 944 938 924 934 984 996 965 940 918 941 922 972 952 915 917 975 931 911 986 904 974 908 943 995 936 901 980 977 903 978 919 945 921 920 989 950 971 935 960 994 955 926 913 923 976 942 981 930 925 929 991 947 993 963 954 973 962 990 985
84 29 95 97 51 99 40 18 43 11 44 28 26 77 15 79 19 39 36 90 64 60 32 12 92 74 2 58 48 72 75 22 76 94 27 67 62 66 10 86 42 71 83 98 14 33 13 68 61 82 35 46 50 49 47 24 34 3 73 55 65 87 21 69 20 25 59 91 23 54 81 6 7 4 16 63 45 38 53 9 0 96 88 57 52 85 31
166 176 124 170 149 174 131 128 167 130 138 150 162 110 160 114 108 147 193 125 197 104 137 165 181 102 148 164 135 195 134 140 163 155 199 146 169 126 186 168 139 187 119 116 157 115 103 142 106 173 194 196 136 113 120 188 112 182 183 143 145 123 141 105 109 144 184 177 161 152 172 133 154 127 153 132 185
499 422 424 431 432 407 414 439 486 441 413 420 461 456 430 473 412 469 452 427 419 438 443 487 466 405 449 480 495 404 416 467 428 465 426 468 483 470 401 458 410 417 433 408 403 493 434 475 435 491 485 488 406 437 415 402 474 447 457 482 494 445 481 460 478 479 490 442 409 471 492 453 464 411 463 489 454 425 462 498 476 455 459 444 448 497
836 839 898 874 890 850 877 861 828 809 840 873 894 816 835 810 889 813 883 885 899 858 838 865 862 820 875 844 817 845 826 882 868 819 824 848 847 857 852 800 808 897 872 812 869 866 884 854 886 834 888 887 827 853 830 846 832 896 878 892 876 864 837 805 814 804 831 811 860 849 803 841 851 895 815 843 818 829 893 822 891 871 870 825 823 806 867 880
294 212 287 291 222 213 225 214 229 254 248 259 289 223 232 216 293 257 206 295 238 292 219 237 251 245 256 283 246 228 285 242 266 208 234 247 249 297 241 284 210 265 279 227 263 203 270 204 276 244 273 202 272 288 258 252 231 205 250 267 277 217 281 230 262 298 268 253 261 226 218 286 299 255 282 235 207 233 290 275 200 280 274 278 236 221 209
751 738 711 788 798 703 762 717 766 765 781 764 792 797 758 783 740 757 728 743 708 748 790 729 753 716 796 756 749 760 713 718 767 782 741 705 752 709 701 776 795 784 770 791 721 773 777 754 772 704 737 735 759 715 746 799 780 739 724 769 771 778 779 755 787 719 707 747 750 744 720 763 736 702 723 768 714 734 793 712 742 794 732 722 761 786 774 731
611 645 621 685 673 654 618 699 670 649 637 662 692 608 635 667 680 614 620 653 688 668 622 604 678 695 603 615 665 646 696 659 627 650 652 677 694 658 607 690 657 625 648 609 664 676 681 605 651 639 626 679 602 642 655 647 691 643 641 671 633 601 666 613 684 632 663 697 660 698 683 669 656 634 636 640 631 693 672 629 616 661 682 630 638 675 674 628
802
551 580 598 581 562 569 590 561 533 523 536 574 585 583 573 560 595 502 588 556 509 570 549 531 521 589 578 544 550 508 510 504 528 547 539 525 567 599 541 552 529 591 517 537 545 506 542 520 543 507 577 579 540 564 566 584 582 597 534 535 505 586 571 516 532 538 518 530 527 512 554 596 559 557 511 594 563 514 575 501 519 593 555 546
8
357 330 346 342 361 351 310 334 387 360 306 329 391 393 366 375 352 331 311 369 347 392 362 340 319 378 326 353 318 345 385 396 333 358 364 323 337 349 336 379 320 338 377 363 386 328 382 317 341 371 370 389 398 394 305 308 368 339 313 314 350 327 354 312 397 344 321 390 332 359 348 356 388 372 303 300 325 322 380 343 381 307 367 399 324 365 309
264
548
17
833
612
801
111
56
932
421
503
418
355
304
151
689
957
384
239
515
100
970
619
1
987
710
129
587
180
565
700
706
159
726
436
863
933
745
999
260
240
429
107
30
477
190
70
122
158
215
568
191
383
951
198
5
78
117
41
522
156
243
451
513
789
859
900
730
376
558
400
450
440
997
600
335
624
121
175
201
500
617
315
623
89
572
526
576
220
373
271
727
644
842
118
446
192
785
423
928
80
905
686
733
606
484
687
821
472
914
269
179
725
316
374
807
93
496
879
524
775
37
178
553
856
296
301
101
592
211
189
610
855
881
224
948
395
302
171