975 944 901 974 915 981 983 911 938 943 906 920 937 925 913 961 992 986 945 947 903 985 990 971 907 921 952 995 993 978 977 923 976 930 904 924 968 942 950 996 988 949 917 936 991 927 967 965 955 969 989 918 973 998 954 939 958 926 962 934 994 984 972 910 935 929 902 919 960 982 922 909 959 916 908 956 964 980 912 979 941 946 953 966 940 931
3 73 4 7 59 47 22 74 38 92 91 65 72 76 0 20 66 75 42 77 68 32 49 43 64 84 40 61 86 46 51 31 69 83 85 55 71 45 27 67 94 34 19 60 35 39 13 25 57 88 50 87 28 9 14 58 16 44 24 95 23 52 15 63 98 33 10 99 21 6 62 53 48 79 54 97 29 12 36 2 90 82 18 26 96 81 11
109 162 114 143 112 102 145 173 196 116 125 131 167 142 181 176 164 168 113 135 187 132 170 140 148 115 182 134 136 184 157 130 138 155 108 188 144 154 166 126 195 146 197 194 104 163 160 193 150 103 119 153 137 141 186 120 105 149 106 183 177 124 110 139 147 133 161 127 185 169 152 199 172 174 128 165 123
449 442 417 463 475 431 490 420 470 406 422 407 401 473 430 462 432 476 416 456 479 408 485 491 495 404 414 478 464 443 486 454 438 482 415 435 419 493 460 444 405 455 494 474 409 497 469 412 459 492 499 483 411 452 428 487 480 447 458 402 453 441 489 413 439 466 481 488 403 426 410 424 457 461 448 468 427 437 434 467 445 465 425 433 498 471
820 850 810 874 886 805 894 835 862 865 828 867 813 877 832 893 890 851 829 834 880 800 824 866 839 803 848 830 844 840 861 860 815 864 819 887 884 822 875 812 897 885 847 891 898 872 814 869 843 882 818 846 837 836 871 896 831 852 854 853 811 826 827 870 876 889 817 873 857 892 825 895 878 845 899 823 849 804 808 838 816 868 806 888 809 858 883 841
214 234 207 216 227 277 221 249 278 279 268 285 284 212 218 275 293 203 233 287 274 297 251 204 202 295 254 225 252 292 217 230 282 244 242 200 286 246 250 273 266 247 253 241 261 272 256 265 206 257 283 237 276 263 270 294 232 219 229 238 258 289 262 298 209 222 231 235 213 248 245 267 236 228 280 210 259 281 290 288 223 299 255 205 226 291 208
713 755 798 767 711 764 704 752 790 781 720 766 719 702 782 737 795 761 778 743 740 746 788 777 741 701 742 776 774 765 797 712 728 723 757 784 760 705 722 792 708 738 793 715 791 731 717 786 729 747 796 744 724 762 770 756 749 732 773 721 718 783 769 753 736 779 751 754 703 780 734 794 714 768 716 707 759 763 748 709 771 735 750 799 787 739 772 758
611 673 661 677 691 637 676 638 660 620 699 681 607 631 642 614 662 667 653 613 652 634 695 698 626 628 697 643 639 675 618 630 621 658 615 685 650 659 602 678 651 679 608 669 627 694 622 663 682 683 640 629 671 645 609 636 601 690 664 684 603 641 647 625 648 635 633 692 632 605 654 656 672 670 655 680 674 649 668 696 616 688 665 693 604 657 666 646
802
520 559 501 583 546 574 593 571 530 586 510 582 511 584 589 577 540 581 598 578 563 512 506 519 504 566 521 533 591 534 599 531 535 532 542 547 545 502 517 590 538 570 596 516 594 575 508 523 556 554 528 569 585 505 518 529 507 579 527 525 543 557 551 514 544 550 573 509 580 595 597 537 536 555 588 567 549 561 539 564 552 560 541 562
8
349 398 359 362 356 338 325 327 353 350 324 397 389 371 320 364 390 309 314 333 348 394 311 328 370 372 340 382 312 388 326 381 310 399 322 363 358 341 346 386 330 342 367 317 313 308 300 345 369 365 306 318 368 331 360 351 319 307 380 392 305 354 393 303 347 344 375 396 352 379 336 343 334 387 337 385 321 391 366 329 378 377 323 332 339 357 361
264
548
17
833
612
801
111
56
932
421
503
418
355
304
151
689
957
384
239
515
100
970
619
1
987
710
129
587
180
565
700
706
159
726
436
863
933
745
999
260
240
429
107
30
477
190
70
122
158
215
568
191
383
951
198
5
78
117
41
522
156
243
451
513
789
859
900
730
376
558
400
450
440
997
600
335
624
121
175
201
500
617
315
623
89
572
526
576
220
373
271
727
644
842
118
446
192
785
423
928
80
905
686
733
606
484
687
821
472
914
269
179
725
316
374
807
93
496
879
524
775
37
963
178
553
856
296
301
101
592
211
189
610
855
881
224
948
395
302
171