916 965 903 922 978 926 906 967 954 913 943 910 995 956 964 909 952 935 981 912 923 944 977 925 915 927 984 937 980 904 949 971 945 920 902 979 972 973 907 975 993 929 918 961 938 974 931 969 917 983 982 955 994 942 960 988 924 968 934 990 936 985 959 989 991 908 966 950 921 986 941 939 940 962 919 992 930 953 976 947 958 998 946 911 996 901
47 49 38 62 45 10 97 14 88 58 99 81 86 40 51 73 28 25 65 92 24 96 52 9 63 16 7 43 42 26 12 82 76 98 84 60 53 67 61 83 75 39 55 87 66 74 79 95 85 33 90 64 77 20 59 44 22 91 71 21 6 57 18 72 19 94 54 32 4 35 46 69 50 48 27 13 11 31 36 15 3 2 0 23 34 29 68
102 177 132 172 130 135 131 188 163 113 184 149 142 170 128 199 137 112 144 176 196 125 154 197 124 183 167 116 105 165 185 187 108 186 119 182 123 162 120 146 173 115 136 143 134 194 168 169 106 153 126 114 150 110 133 103 160 147 193 139 138 141 174 181 157 140 148 166 152 127 161 104 164 109 195 145 155
461 464 455 411 427 499 498 403 430 426 413 454 465 420 408 444 448 422 417 424 488 497 443 487 435 491 441 407 478 442 494 456 466 432 458 431 447 410 471 414 463 462 475 482 495 416 437 490 460 445 473 485 474 401 439 409 406 470 433 457 483 452 467 469 489 425 453 459 405 434 479 468 412 404 415 486 493 402 438 481 428 449 492 480 476 419
883 836 886 885 819 834 837 816 806 887 890 826 884 808 873 895 846 815 849 838 825 850 845 899 843 871 897 827 810 831 811 803 874 817 896 848 853 862 865 894 841 822 809 898 880 813 878 858 857 861 844 866 828 805 876 872 868 864 891 839 820 818 800 804 852 832 830 893 882 888 824 835 851 823 867 854 847 869 860 829 889 812 877 840 875 870 892 814
226 262 284 208 256 216 273 225 259 277 265 219 202 278 258 217 246 234 286 238 254 212 280 205 285 229 276 287 223 251 299 283 275 249 263 236 244 221 242 261 297 206 204 250 289 268 218 232 228 237 288 279 222 241 272 231 210 230 274 248 207 233 282 292 203 266 267 200 213 214 290 291 253 252 209 247 294 235 270 295 257 255 293 227 281 245 298
770 795 717 764 743 773 776 771 767 787 782 768 712 765 711 701 750 780 753 723 751 718 783 779 714 722 741 759 703 709 734 760 794 799 757 784 754 793 744 772 728 777 790 704 721 781 749 755 731 736 708 774 739 705 716 762 740 791 713 796 707 778 720 732 715 729 742 788 702 719 735 737 752 769 724 738 746 756 798 758 792 786 763 766 761 747 797
688 626 616 651 670 608 663 643 684 641 605 695 621 659 635 658 628 675 656 664 674 646 666 607 681 655 611 699 697 679 652 673 680 653 690 634 650 647 636 649 671 627 632 685 603 638 694 682 645 662 633 661 630 640 693 654 692 601 614 622 678 667 660 696 665 657 602 677 676 620 629 668 631 618 609 615 642 637 625 672 683 669 691 698 613 604 648 639
802
507 567 584 538 582 549 544 574 555 537 593 589 520 564 581 598 597 510 550 514 523 559 596 563 531 552 543 506 577 585 561 551 594 556 532 591 535 519 557 534 511 570 504 586 554 518 560 533 590 517 575 583 542 573 525 562 545 540 529 595 508 516 509 541 505 536 512 527 547 580 521 528 578 579 588 502 599 539 530 566 546 571 501 569
8
327 357 398 336 371 300 309 360 318 386 351 347 312 342 359 331 389 322 378 349 307 391 325 358 372 354 350 353 333 399 343 320 364 352 392 361 396 344 326 367 362 356 345 334 332 321 363 308 375 368 338 397 330 388 339 380 385 303 381 319 366 379 341 348 324 311 393 369 365 382 323 370 394 337 387 306 305 314 340 313 310 346 390 328 317 377 329
264
548
17
833
612
801
111
56
932
421
503
418
355
304
151
689
957
384
239
515
100
970
619
1
987
710
129
587
180
565
700
706
159
726
436
863
933
745
999
260
240
429
748
107
30
477
190
70
122
158
215
568
191
383
951
198
5
78
117
41
522
156
243
451
513
789
859
900
730
376
558
400
450
440
997
600
335
624
121
175
201
500
617
315
623
89
572
526
576
220
373
271
727
644
842
118
446
192
785
423
928
80
905
686
733
606
484
687
821
472
914
269
179
725
316
374
807
93
496
879
524
775
37
963
178
553
856
296
301
101
592
211
189
610
855
881
224
948
395
302
171