974 982 930 926 920 964 915 952 940 993 922 906 938 954 934 925 917 931 985 918 946 907 935 981 960 961 959 927 977 939 953 909 921 996 998 984 913 968 903 911 988 978 990 936 991 972 980 908 956 912 950 969 901 976 992 966 962 919 994 944 947 945 989 965 971 983 904 941 937 958 975 910 924 986 955 949 902 942 916 973 929 967 943 995 923 979
49 19 77 59 27 33 21 53 39 24 18 79 54 62 55 29 91 15 63 20 82 83 88 95 3 26 38 97 71 90 31 92 14 47 0 67 68 75 46 87 32 4 9 13 73 86 72 23 64 36 57 12 94 52 61 42 28 51 96 10 65 35 84 34 44 2 16 99 48 22 74 98 43 6 11 69 76 25 40 81 60 58 50 85 66 45 7
186 103 165 141 147 135 120 195 106 104 182 142 170 105 130 193 145 181 128 138 168 184 155 144 139 161 136 116 131 194 176 110 169 126 160 108 185 148 132 163 167 146 154 137 127 123 124 172 166 177 164 115 150 112 102 152 197 114 134 196 157 162 143 149 199 133 140 183 119 174 187 113 153 173 125 188 109
486 403 473 495 401 487 459 483 481 445 448 415 475 456 494 478 419 479 453 408 406 454 447 422 442 430 407 493 468 405 434 470 414 491 417 420 437 464 482 465 433 412 431 452 411 466 458 497 489 449 455 404 488 428 444 438 463 441 432 490 410 402 469 480 474 457 462 435 471 413 499 492 485 424 409 467 416 460 426 443 425 427 498 476 461 439
820 889 839 861 862 883 838 800 877 899 875 892 854 808 888 823 822 829 893 847 873 816 844 819 814 869 831 867 825 895 840 891 853 874 834 894 897 832 804 824 811 851 812 848 843 805 852 803 870 806 866 860 887 817 813 876 827 886 835 809 846 885 896 890 815 849 836 858 818 826 837 828 868 884 845 882 810 830 857 864 878 841 898 865 880 871 872 850
295 254 231 249 206 291 200 212 238 258 263 276 272 298 210 274 253 225 233 234 281 251 227 244 208 284 226 265 218 203 213 275 288 273 286 241 209 289 216 237 268 266 250 259 290 205 246 287 278 256 277 202 242 294 214 223 221 219 252 235 270 245 204 293 280 255 297 261 282 292 267 207 229 236 285 279 217 230 257 222 247 248 228 299 283 232 262
722 780 749 742 743 786 751 791 795 755 717 734 719 759 709 731 772 764 744 701 716 723 711 782 740 783 781 799 784 729 768 767 794 760 746 728 714 776 788 787 754 752 724 796 741 773 720 737 705 774 704 736 793 707 770 769 771 750 756 798 779 758 761 765 715 721 739 712 790 778 766 753 732 762 703 763 702 713 738 777 718 797 792 735 747 757
693 679 626 655 664 629 622 658 699 607 602 673 631 613 676 633 627 651 628 635 603 647 674 649 695 640 614 611 692 656 696 605 685 680 615 648 681 682 697 639 654 698 646 666 683 672 662 637 668 609 634 645 636 608 618 621 641 677 669 691 690 678 659 657 670 643 650 625 694 661 638 665 652 684 667 688 616 604 601 632 675 642 653 660 630 663 671 620
802
595 590 546 506 504 596 507 562 536 559 525 533 547 563 560 534 512 573 545 539 567 598 554 518 527 582 517 564 502 599 529 550 566 510 509 541 593 577 569 508 505 597 594 519 544 571 531 561 511 542 556 537 574 580 521 584 514 557 586 530 552 581 578 555 585 579 523 588 583 589 535 540 520 501 532 551 516 591 528 575 570 549 538 543
8
385 308 366 326 369 320 303 389 317 336 314 310 357 331 318 312 380 392 305 343 324 353 398 397 351 359 378 345 325 367 311 377 393 352 340 338 342 388 323 396 347 344 309 307 321 313 354 399 306 365 327 361 300 332 372 334 356 333 339 370 358 362 319 382 379 330 371 391 375 394 364 322 349 387 348 337 386 381 329 328 341 363 390 350 360 346 368
264
548
17
708
833
612
801
111
56
932
421
503
418
355
304
151
689
957
384
239
515
100
970
619
1
987
710
129
587
180
565
700
706
159
726
436
863
933
745
999
260
240
429
748
107
30
477
190
70
122
158
215
568
191
383
951
198
5
78
117
41
522
156
243
451
513
789
859
900
730
376
558
400
450
440
997
600
335
624
121
175
201
500
617
315
623
89
572
526
576
220
373
271
727
644
842
118
446
192
785
423
928
80
905
686
733
606
484
687
821
472
914
269
179
725
316
374
807
93
496
879
524
775
37
963
178
553
856
296
301
101
592
211
189
610
855
881
224
948
395
302
171