949 969 901 984 967 911 998 902 982 944 974 965 930 986 968 995 958 916 950 903 926 959 977 985 927 978 929 993 972 941 921 975 942 907 994 955 910 918 983 935 973 953 920 990 946 923 971 945 908 934 937 960 909 913 996 981 947 906 936 925 991 924 966 919 976 938 956 912 952 962 980 954 961 917 939 940 931 964 979 922 992 989 943 904 988
7 36 69 6 2 10 86 52 94 23 64 18 81 79 34 49 65 57 73 66 42 12 47 0 95 40 61 96 50 32 85 26 28 87 68 67 55 3 19 31 82 90 77 13 51 4 45 11 62 58 53 21 33 91 14 22 43 63 24 46 54 25 59 16 97 88 98 84 35 29 99 83 27 9 15 75 44 71 20 92 60 76 38 48 39 74 72
119 153 144 115 137 130 125 163 174 149 196 193 154 161 160 194 103 164 113 108 141 169 195 162 177 186 104 136 170 155 167 157 145 102 176 142 140 109 182 197 126 148 188 128 112 165 185 152 172 106 139 183 184 131 134 173 199 181 110 132 147 138 105 146 150 123 120 187 166 127 133 135 143 116 168 124 114
483 476 414 434 444 465 441 457 473 428 488 493 461 460 426 458 402 407 438 482 479 492 485 474 404 448 499 420 480 415 471 468 437 439 453 401 489 467 464 449 495 412 447 443 454 409 478 406 486 411 435 491 466 425 417 430 442 470 469 463 459 422 455 490 475 462 445 432 416 410 405 424 431 452 456 487 498 494 497 419 413 481 408 403 427 433
804 846 852 875 857 809 816 864 873 892 897 829 832 808 813 895 839 861 865 883 850 834 867 870 860 853 836 854 803 898 868 885 818 886 869 826 866 887 891 872 824 840 825 893 896 847 862 841 880 871 889 848 814 890 800 815 877 810 827 812 849 811 858 817 843 884 805 894 806 838 876 837 882 845 831 874 835 830 878 823 888 899 822 851 828 844 820 819
265 293 251 205 253 255 248 287 230 212 242 204 209 232 237 228 216 273 286 245 246 270 256 290 275 252 297 207 233 272 222 254 249 217 276 262 288 267 281 210 223 236 261 229 282 274 291 221 299 202 277 283 225 280 241 206 292 258 214 227 263 289 231 259 200 208 219 203 235 238 218 298 268 226 266 278 295 244 250 213 294 247 279 234 257 284 285
747 761 742 769 705 779 731 734 704 741 788 743 794 736 739 773 763 787 772 707 732 760 728 795 724 735 786 783 720 701 718 770 740 781 798 721 797 771 709 765 738 716 768 752 766 750 784 712 767 749 751 755 774 782 796 729 776 753 723 719 722 702 744 764 799 777 762 715 737 778 793 792 754 703 756 758 746 759 791 780 757 711 713 717 714 790
690 645 679 630 696 625 651 663 613 650 637 660 611 658 668 615 603 694 638 628 675 633 683 680 678 698 681 666 670 682 608 672 621 647 618 605 676 695 652 691 674 629 657 692 684 627 673 699 667 646 649 641 616 601 626 632 622 607 677 656 662 634 653 604 620 642 659 655 664 640 688 648 685 643 697 693 609 635 654 602 671 661 631 639 614 636 665 669
802
550 574 595 579 527 571 563 557 594 514 570 573 540 556 539 534 518 529 542 512 561 501 520 537 577 569 531 516 535 508 504 583 506 510 559 532 528 578 551 521 547 584 546 566 502 541 585 538 581 567 525 543 596 562 593 519 509 511 552 575 597 536 523 586 589 530 590 545 544 582 507 517 588 599 549 554 505 555 580 564 598 591 560 533
8
332 382 322 329 394 399 334 307 369 358 310 381 309 353 362 349 344 313 389 327 345 371 312 326 314 354 325 396 360 331 318 342 339 337 380 357 386 324 391 300 364 378 377 321 306 317 347 311 348 390 367 387 333 356 346 385 336 370 361 379 338 319 340 375 372 320 343 330 350 352 305 392 397 308 303 363 388 323 368 359 393 365 366 328 341 351 398
264
548
17
915
708
833
612
801
111
56
932
421
503
418
355
304
151
689
957
384
239
515
100
970
619
1
987
710
129
587
180
565
700
706
159
726
436
863
933
745
999
260
240
429
748
107
30
477
190
70
122
158
215
568
191
383
951
198
5
78
117
41
522
156
243
451
513
789
859
900
730
376
558
400
450
440
997
600
335
624
121
175
201
500
617
315
623
89
572
526
576
220
373
271
727
644
842
118
446
192
785
423
928
80
905
686
733
606
484
687
821
472
914
269
179
725
316
374
807
93
496
879
524
775
37
963
178
553
856
296
301
101
592
211
189
610
855
881
224
948
395
302
171