907 976 930 943 995 961 972 936 935 990 909 942 989 941 971 922 929 985 988 993 974 918 931 956 937 953 925 913 949 962 960 923 978 969 959 912 966 916 939 924 904 980 919 996 982 947 977 908 965 998 967 926 952 981 911 964 986 927 940 902 934 917 979 945 984 994 968 955 938 921 973 992 910 991 958 920 903 983 901 950 906 975 954 946 944
52 28 16 66 15 18 83 12 46 99 33 4 22 35 32 11 42 77 75 9 96 0 94 13 21 82 97 44 7 34 2 6 40 95 14 86 24 45 65 69 31 98 48 49 85 53 88 87 26 62 73 23 29 91 27 43 61 20 72 71 60 47 57 58 51 63 54 36 74 3 10 84 67 50 25 39 68 19 55 64 38 92 90 81 59 76 79
165 108 104 182 120 181 186 124 102 194 196 125 115 136 168 109 105 167 176 135 150 126 113 128 143 195 140 145 155 157 144 162 177 153 123 130 185 146 163 106 197 199 166 139 131 161 112 148 172 116 164 138 188 142 170 160 141 187 114 193 154 137 152 103 134 183 133 119 184 149 169 110 174 132 173 147 127
483 479 453 407 403 471 442 481 456 409 447 459 433 495 462 492 426 441 487 434 414 461 435 497 401 499 425 490 413 431 467 422 457 420 427 494 404 417 478 406 405 482 460 445 444 408 488 439 464 491 466 428 476 473 424 475 443 410 469 470 430 432 489 455 474 465 498 480 493 485 468 411 458 452 437 415 454 402 438 486 463 416 419 448 449 412
834 854 852 813 872 857 870 835 862 849 837 848 888 865 898 829 804 890 871 817 880 827 877 887 868 895 886 858 897 808 860 851 861 812 816 838 822 814 840 836 809 850 846 828 830 874 841 899 889 843 875 845 825 815 847 826 892 819 884 882 853 811 806 864 844 867 876 810 885 873 805 800 893 831 818 883 824 803 878 894 823 891 896 820 866 839 832 869
295 241 246 217 228 282 299 237 232 238 205 226 231 223 288 277 286 222 242 262 280 252 266 291 297 278 255 227 247 285 204 284 279 257 263 209 202 293 230 225 261 272 206 259 270 283 273 298 221 275 208 212 219 200 265 281 249 253 244 236 268 290 248 254 218 233 216 251 203 276 258 245 234 287 267 229 294 213 235 207 210 214 274 292 250 289 256
719 777 788 709 737 744 728 738 724 721 711 763 790 798 773 768 702 761 758 792 776 753 799 741 793 770 712 780 734 791 764 717 760 754 772 749 723 774 786 752 762 782 713 739 781 787 784 797 716 779 740 796 718 729 720 707 765 732 715 747 757 771 743 704 701 778 766 705 731 750 767 759 736 756 755 751 794 703 783 735 746 769 742 714 795 722
654 697 634 698 613 616 631 668 657 643 603 655 681 641 670 674 688 626 621 635 699 609 673 677 671 607 683 696 633 651 664 690 615 605 627 666 693 660 648 604 638 676 602 652 628 640 632 639 656 642 645 608 678 684 625 679 650 636 672 629 620 662 646 661 649 614 647 675 691 630 669 659 618 694 663 658 680 695 682 622 601 667 637 685 665 692 653
802
567 559 505 507 552 591 557 575 550 510 551 573 546 555 570 569 531 597 516 521 509 560 585 595 518 525 533 520 571 554 523 534 577 562 545 589 578 519 588 590 586 530 528 539 579 517 549 506 596 541 594 582 543 538 527 532 544 563 537 564 574 542 584 581 540 508 593 501 514 561 583 512 598 556 502 566 529 580 535 504 547 511 599 536
8
360 314 349 331 305 313 309 352 359 310 367 328 320 311 300 392 369 371 354 378 390 348 353 387 319 346 307 358 389 334 336 364 317 380 375 394 365 393 337 391 321 308 379 356 382 398 333 351 338 362 330 340 388 386 377 342 396 370 357 325 329 324 350 323 303 366 372 363 318 399 341 385 306 368 347 339 344 322 332 397 381 345 327 343 361 312 326
264
548
17
915
708
833
612
801
111
56
932
611
421
503
418
355
304
151
689
957
384
239
515
100
970
619
1
987
710
129
587
180
565
700
706
159
726
436
863
933
745
999
260
240
429
748
107
30
477
190
70
122
158
215
568
191
383
951
198
5
78
117
41
522
156
243
451
513
789
859
900
730
376
558
400
450
440
997
600
335
624
121
175
201
500
617
315
623
89
572
526
576
220
373
271
727
644
842
118
446
192
785
423
928
80
905
686
733
606
484
687
821
472
914
269
179
725
316
374
807
93
496
879
524
775
37
963
178
553
856
296
301
101
592
211
189
610
855
881
224
948
395
302
171