960 911 952 916 925 955 961 966 953 926 906 958 940 913 918 938 998 996 991 907 944 965 930 903 974 912 937 947 986 969 945 980 985 994 956 924 931 990 983 921 977 929 972 943 962 901 917 939 950 919 920 908 984 981 959 992 989 922 941 982 964 946 971 995 967 949 904 909 979 934 973 923 988 935 976 975 910 968 993 978 902 942 936 927 954
21 62 24 75 58 23 12 13 9 97 4 3 81 67 34 38 73 11 88 65 76 92 49 42 20 28 10 32 54 63 53 72 95 31 14 25 55 19 39 87 69 71 57 36 2 51 33 50 7 45 77 74 66 22 94 35 16 18 84 83 79 46 59 85 47 90 99 68 43 98 52 6 44 86 27 91 40 82 64 26 61 48 0 29 15 96 60
125 123 103 141 176 134 188 193 174 195 196 114 133 183 109 137 102 143 106 110 177 181 119 131 153 128 139 172 142 154 138 184 130 186 132 116 170 194 155 108 167 113 197 150 160 182 140 120 157 115 185 147 152 169 187 105 161 165 162 168 199 163 166 104 135 144 112 149 164 124 145 148 126 146 127 173 136
470 478 441 432 498 489 442 495 480 422 465 486 455 428 444 499 420 415 402 430 401 448 467 407 443 431 406 474 469 408 464 452 488 447 438 492 439 435 437 456 493 457 483 434 460 416 414 409 476 427 453 445 459 417 485 458 433 403 475 411 461 487 405 473 471 462 481 419 497 425 494 482 449 426 413 454 466 463 479 410 404 490 412 468 491 424
892 805 850 834 865 808 853 848 826 825 887 814 822 800 841 861 845 885 862 888 806 880 818 868 899 896 813 872 851 883 893 838 810 816 891 831 837 889 812 873 866 876 852 846 860 819 875 820 839 828 897 854 803 823 864 898 830 882 829 894 870 877 809 840 815 874 843 844 884 886 811 835 871 858 849 832 817 824 878 867 836 827 847 890 895 857 804 869
295 206 284 203 200 205 207 286 218 208 281 213 219 273 254 277 238 291 244 237 251 235 245 267 233 259 289 223 250 231 287 249 285 288 280 283 252 222 294 255 275 247 209 229 225 241 228 204 293 212 248 217 278 270 216 246 290 221 298 272 256 265 274 214 292 263 258 234 226 202 262 236 232 253 210 268 279 282 242 227 230 257 299 266 261 297
773 781 771 746 736 716 766 757 741 765 747 703 788 740 737 729 744 722 793 742 798 768 756 799 763 717 795 739 767 734 762 718 777 701 702 784 720 774 724 732 791 713 715 731 792 707 759 752 709 749 778 705 796 758 794 712 769 772 786 721 760 735 776 751 728 787 790 754 780 797 764 782 719 704 753 779 711 783 750 738 723 770 761 755 743 714
629 607 697 662 691 668 613 646 637 698 654 627 648 622 657 632 671 661 652 628 688 643 659 680 655 616 608 647 696 605 699 656 695 672 674 682 685 673 638 669 633 693 609 690 678 621 601 658 602 603 634 670 683 604 645 675 618 676 615 684 651 694 667 666 649 641 635 692 681 625 660 679 664 614 620 631 677 630 639 626 640 636 650 665 653 663 642
802
545 501 546 514 563 595 529 596 549 536 583 570 531 559 511 541 543 590 575 560 512 579 504 521 518 581 586 552 520 594 535 534 516 544 550 523 537 599 571 554 551 527 528 510 584 566 530 555 593 517 533 542 556 591 561 562 589 540 569 539 577 538 532 580 557 525 573 582 507 574 585 519 578 598 567 564 505 502 547 506 508 588 509 597
8
337 310 371 375 369 362 387 358 305 382 385 368 348 380 357 325 303 394 359 308 377 327 342 336 397 314 311 347 360 317 363 306 318 326 346 372 313 393 370 349 350 351 389 334 333 386 379 343 341 307 353 354 338 321 340 339 388 344 312 365 392 319 330 345 332 381 399 390 329 356 300 361 309 391 396 324 352 320 367 322 366 398 331 328 364 378 323
264
548
17
915
708
833
612
801
111
56
932
611
421
503
418
355
304
151
689
957
384
239
515
100
970
619
1
987
710
129
587
180
565
700
706
159
726
436
863
933
745
999
260
240
429
748
107
30
477
190
70
122
158
215
568
191
383
951
198
5
78
276
117
41
522
156
243
451
513
789
859
900
730
376
558
400
450
440
997
600
335
624
121
175
201
500
617
315
623
89
572
526
576
220
373
271
727
644
842
118
446
192
785
423
928
80
905
686
733
606
484
687
821
472
914
269
179
725
316
374
807
93
496
879
524
775
37
963
178
553
856
296
301
101
592
211
189
610
855
881
224
948
395
302
171