906 990 919 901 920 902 943 966 950 931 977 947 921 945 996 979 993 946 989 922 962 955 967 983 909 924 982 981 936 978 935 954 994 940 968 956 908 903 998 942 969 965 913 944 974 985 904 988 959 973 964 917 975 925 918 910 926 991 923 984 952 938 912 961 971 986 980 907 995 976 992 972 960 929 930 958 953 949 916 939 927 937 934 911 941
91 25 32 62 0 90 72 24 13 35 2 10 11 69 15 44 3 54 46 85 33 66 74 20 14 36 7 34 9 65 47 50 51 59 63 81 39 92 99 27 40 23 83 52 21 95 48 68 55 38 79 53 88 29 12 98 67 18 76 64 22 43 71 28 26 42 6 97 31 94 84 96 58 19 77 73 4 57 82 49 75 86 87 16 60 61
164 126 145 135 162 146 193 154 199 163 113 194 181 183 104 139 166 176 152 134 102 196 169 123 109 103 187 138 112 186 173 115 161 108 160 143 149 133 124 144 182 106 125 174 147 137 130 157 195 165 185 131 140 119 127 116 148 136 197 105 177 155 150 172 114 167 142 141 110 153 128 120 170 188 168 132 184
425 486 491 412 411 439 470 401 449 419 481 474 435 478 405 416 448 456 408 457 499 442 426 445 415 471 464 409 431 489 428 455 427 493 443 487 413 497 461 485 452 488 479 404 459 420 495 453 475 460 438 494 465 447 490 458 482 403 473 433 402 466 410 463 444 454 430 476 469 417 483 406 432 422 441 492 468 407 462 437 498 434 480 424 467 414
815 875 874 827 871 841 889 809 831 824 803 845 880 852 814 864 804 886 854 848 828 808 890 844 892 819 846 838 825 837 887 849 870 891 866 868 820 830 813 872 840 888 878 858 898 834 884 865 811 823 851 800 877 867 883 816 862 836 853 847 860 894 810 805 876 857 818 835 861 869 897 873 882 850 885 839 806 829 832 817 895 896 899 843 812 826 893 822
206 223 232 258 261 207 236 237 213 294 200 244 251 209 238 287 270 290 293 299 205 286 219 292 250 273 256 226 254 231 279 248 203 210 266 212 257 281 265 208 278 249 228 217 275 227 263 241 202 272 297 252 247 283 285 233 225 221 295 288 253 298 277 262 235 218 274 222 229 284 259 255 268 234 289 280 246 282 214 291 267 230 204 242 245 216
791 768 712 749 751 713 755 787 737 747 735 701 704 799 766 774 732 757 729 761 707 739 771 750 743 746 792 779 759 716 760 796 788 790 738 753 741 705 780 756 742 758 769 720 765 767 797 798 724 784 772 702 719 703 777 778 711 736 723 722 794 717 786 781 731 718 783 728 714 752 762 773 770 715 744 754 709 721 764 776 763 740 795 793 734 782
625 603 666 634 698 618 635 643 626 657 646 615 632 636 671 620 661 692 629 668 627 609 660 691 648 628 655 605 667 621 640 699 654 637 607 656 682 677 645 663 683 690 608 669 676 604 694 658 679 696 693 638 602 651 688 678 673 653 670 622 662 631 680 697 601 675 647 616 685 652 649 664 672 659 630 681 650 614 684 665 613 641 633 642 674 695 639
802
552 589 567 527 535 543 554 588 570 544 586 597 505 521 536 547 525 557 556 578 506 541 551 594 580 508 537 523 529 530 540 564 583 549 546 582 519 502 579 595 501 517 561 539 591 504 509 573 575 593 550 581 538 563 534 559 577 532 596 514 562 510 571 584 507 533 520 518 560 598 528 585 590 555 566 516 531 511 569 545 574 512 599 542
8
328 336 361 325 354 393 370 320 364 313 386 380 346 332 397 358 356 381 360 307 389 312 347 334 352 305 388 339 368 363 342 359 379 372 367 338 378 398 333 340 399 303 375 349 326 365 345 390 371 310 353 306 382 309 343 317 331 369 351 341 329 348 350 377 357 314 321 392 366 308 387 300 330 319 322 344 362 327 337 311 323 324 385 394 396 318 391
264
548
17
915
708
833
612
801
111
56
932
611
421
503
418
355
304
151
689
957
384
239
515
100
970
619
1
987
710
129
587
180
565
700
706
159
726
436
863
933
745
999
260
240
429
748
107
30
477
190
70
122
158
215
568
191
383
951
198
5
78
276
117
41
522
156
45
243
451
513
789
859
900
730
376
558
400
450
440
997
600
335
624
121
175
201
500
617
315
623
89
572
526
576
220
373
271
727
644
842
118
446
192
785
423
928
80
905
686
733
606
484
687
821
472
914
269
179
725
316
374
807
93
496
879
524
775
37
963
178
553
856
296
301
101
592
211
189
610
855
881
224
948
395
302
171