996 988 960 955 924 958 923 973 935 909 993 966 918 920 916 983 904 945 972 995 934 946 969 944 931 912 952 910 978 976 953 937 981 985 929 967 947 980 992 930 954 913 975 964 908 903 950 938 984 906 925 936 979 994 998 902 974 982 977 956 917 926 941 940 907 971 949 990 943 962 939 968 989 942 961 919 959 901 921 991 927 965 986 911 922
88 4 64 69 74 47 79 21 49 86 71 73 50 36 29 32 34 3 48 23 58 15 26 82 85 94 13 84 39 16 31 12 62 20 11 2 52 76 63 42 91 96 27 7 81 22 72 0 59 44 83 98 19 25 18 51 95 99 68 97 14 35 33 38 61 6 43 67 10 40 9 90 57 53 92 75 55 87 28 60 24 77 66 46 54
162 133 115 138 120 164 103 194 110 181 114 188 123 134 112 102 149 131 197 125 185 170 172 105 160 135 137 130 193 165 157 124 143 148 109 104 168 113 141 199 155 186 136 128 182 116 139 150 177 106 154 146 119 145 169 195 184 176 132 127 108 173 147 140 166 153 163 126 183 161 142 144 196 167 152 174 187
445 492 457 463 468 405 480 444 494 415 407 487 433 424 489 448 403 428 479 462 493 449 497 434 460 456 495 413 422 435 470 458 416 410 465 425 459 419 406 417 426 412 474 409 420 483 447 454 481 478 452 490 404 414 408 430 486 455 498 485 461 437 471 466 438 442 453 439 499 475 482 432 443 401 469 402 464 476 467 441 411 491 488 473 431 427
804 893 840 829 885 898 877 848 884 869 895 827 880 878 861 828 891 890 883 872 835 857 837 873 810 826 874 875 894 886 818 850 820 853 813 897 892 846 887 836 849 800 854 832 838 858 839 864 870 843 822 808 847 817 866 803 809 814 888 845 831 834 841 806 811 824 815 844 896 899 862 852 882 819 865 812 871 876 889 816 823 830 868 860 867 851 825 805
290 238 254 228 298 252 289 261 231 259 218 283 294 262 258 223 273 227 229 285 244 232 281 280 263 297 253 200 230 245 287 295 266 272 256 207 267 279 206 236 247 286 284 291 293 249 219 299 202 235 274 268 233 250 270 248 214 255 251 282 257 212 278 288 217 209 216 237 210 241 204 234 203 208 242 225 292 275 222 277 205 221 213 265 246 226
792 754 762 716 736 722 770 767 795 735 709 720 753 779 717 724 740 780 799 746 749 776 723 741 721 764 752 793 794 784 777 747 701 761 719 705 742 769 797 765 758 707 781 715 787 711 743 796 768 783 750 731 773 782 790 755 703 734 704 757 771 759 729 728 714 744 778 763 751 739 738 786 774 732 718 760 798 712 756 772 713 737 702 788 766 791
634 615 664 653 670 645 642 678 674 675 665 654 646 660 698 609 649 693 625 614 672 628 692 659 695 667 630 666 690 657 605 622 658 663 638 631 629 696 647 613 677 676 661 604 668 603 684 662 669 683 680 643 682 637 636 621 655 641 648 697 627 681 602 601 673 635 639 691 618 626 679 650 632 607 616 620 651 652 685 640 633 694 688 671 656 699 608
802
581 552 527 574 577 512 517 508 584 559 566 531 551 556 562 591 525 505 529 507 545 598 557 540 549 520 502 550 518 571 575 535 573 560 586 597 555 554 523 590 596 583 580 564 519 510 528 578 547 504 516 599 589 594 544 511 537 539 569 593 579 582 501 506 533 570 532 521 509 530 514 561 563 546 541 534 538 595 536 585 543 588 567 542
8
345 334 380 344 321 354 331 317 382 361 322 338 362 378 391 377 342 320 385 341 393 367 327 365 390 363 364 389 333 328 388 399 366 381 313 339 337 394 325 324 318 370 359 336 329 310 392 356 375 305 369 396 352 348 398 387 312 308 307 357 360 326 306 350 340 314 349 346 397 358 323 303 330 332 371 319 386 351 343 372 347 311 379 353 300 309 368
264
548
17
915
708
833
612
801
111
56
932
611
421
503
418
355
304
151
689
957
384
239
515
100
970
619
1
987
710
129
587
180
565
700
706
159
726
436
863
933
745
999
260
240
429
748
107
30
477
190
70
122
158
215
568
191
383
951
198
5
65
78
276
117
41
522
156
45
243
451
513
789
859
900
730
376
558
400
450
440
997
600
335
624
121
175
201
500
617
315
623
89
572
526
576
220
373
271
727
644
842
118
446
192
785
423
928
80
905
686
733
606
484
687
821
472
914
269
179
725
316
374
807
93
496
879
524
775
37
963
178
553
856
296
301
101
592
211
189
610
855
881
224
948
395
302
171