955 989 976 991 971 923 911 990 964 931 914 947 939 916 919 972 980 938 968 933 905 936 953 927 975 963 918 909 925 907 901 970 949 952 998 917 979 908 994 924 974 988 920 941 969 951 962 961 903 960 973 946 913 915 984 932 900 986 996 985 999 910 945 912 930 967 993 922 958 940 992 995 943 902 959 906 982 926 956 965 978 983 981 929 977 937 928 987 957 904 966 944 950 935 948 921 954 942 934 997
95 89 35 47 46 86 42 19 92 34 99 9 39 70 74 38 60 64 73 54 37 59 8 51 66 14 53 41 28 6 80 72 22 83 21 45 69 55 67 68 85 78 10 65 61 16 11 90 3 75 0 71 49 32 40 81 33 98 24 94 77 87 20 5 17 91 52 31 18 56 44 15 62 79 82 58 25 96 27 2 13 50 88 57 76 36 12 29 26 30 23 48 63 4 7 97 93 43 84
130 173 168 133 137 120 124 165 164 141 106 196 171 109 166 142 186 170 149 148 179 138 178 135 103 193 160 153 112 183 110 115 199 107 111 114 194 181 159 118 116 129 172 192 154 105 180 146 152 176 175 108 147 197 158 127 185 155 162 123 145 132 198 125 167 150 122 169 190 177 117 195 134 140 119 143 104 157 184 182 131 100 128 113 189 161 139 187 174 163 156 188 126 102 136 121 151 191 144
409 405 486 426 408 430 463 475 431 451 458 402 403 412 477 484 450 439 449 444 401 443 422 479 459 471 490 441 435 421 419 407 420 498 487 406 480 427 440 429 489 467 447 410 411 438 482 476 445 453 457 442 416 425 414 404 424 485 496 497 436 469 470 472 456 478 446 433 481 417 494 437 415 473 448 418 495 455 499 434 483 432 452 488 462 474 491 423 465 466 461 413 493 454 460 468 464 492 428
854 879 887 882 889 898 806 895 851 866 809 846 849 829 890 855 877 859 808 831 853 850 871 827 844 873 813 875 839 817 848 885 892 856 874 862 893 825 886 861 872 820 816 863 888 819 883 860 870 807 832 857 880 810 834 818 828 812 804 852 842 867 858 894 868 826 805 845 865 869 838 823 815 840 801 878 843 847 884 824 864 814 896 830 899 891 897 803 821 836 876 833 822 837 811 800 802 835 841 881
291 273 288 210 284 296 250 202 280 283 213 218 246 240 262 278 231 255 293 221 258 226 201 247 232 228 233 219 299 248 290 264 229 217 254 237 269 204 287 272 236 279 220 242 223 211 209 252 245 298 212 244 230 282 208 263 238 267 253 295 276 286 289 222 265 297 259 243 216 214 268 241 200 275 292 239 260 256 271 274 261 234 224 207 285 277 294 227 205 235 281 206 257 249 203 225 215 266 270 251
738 720 789 740 752 721 772 768 762 718 726 701 756 725 769 747 765 732 783 796 746 755 708 794 799 709 750 719 764 777 706 704 760 767 727 715 770 737 771 781 790 743 751 735 702 780 707 722 733 786 723 717 734 782 703 792 736 724 728 753 791 714 759 711 763 761 729 776 741 787 774 793 773 713 785 784 716 757 748 705 712 775 742 710 778 730 779 754 798 758 766 749 739 797 744 795 788 745 731
643 619 603 604 645 671 667 697 672 682 636 633 658 611 606 621 626 654 680 659 693 650 692 684 651 649 631 675 695 678 612 696 635 610 687 686 625 605 622 668 615 607 642 677 699 657 620 664 689 616 661 630 681 674 679 634 673 629 628 688 618 685 624 662 613 627 638 656 691 644 608 640 663 683 614 665 676 652 647 698 646 601 670 648 623 666 609 617 632 694 655 669 639 690 600 637 660 641 602 653
554 517 556 508 539 511 586 529 590 594 560 589 572 550 516 541 583 569 565 506 566 509 520 502 505 593 538 571 580 518 534 558 504 587 526 535 596 549 531 553 548 577 532 588 559 543 546 507 542 579 585 582 597 581 562 525 591 524 533 567 592 521 530 555 584 551 515 513 510 547 575 557 552 519 536 528 544 570 501 523 564 545 512 527 573 514 537 578 540 574 598 599 503 561 563 595 522 568 576
307 358 381 379 323 382 341 373 395 390 332 300 355 317 356 302 364 386 306 357 383 349 354 397 335 372 345 377 314 324 301 399 352 388 311 360 312 393 309 338 327 387 391 329 376 385 303 330 315 380 371 333 305 313 319 328 322 350 310 359 374 334 365 308 389 318 351 321 346 337 347 366 339 331 378 361 348 392 363 367 304 336 394 362 320 375 325 343 368 326 344 370 384 342 396 340 316 398 369 353
1
700
400
500
101