973 924 975 942 980 907 991 977 996 974 966 968 960 909 929 955 940 931 981 985 961 919 998 930 993 918 952 990 976 902 962 986 978 922 971 967 983 943 956 934 903 927 947 953 921 906 965 912 972 937 920 989 988 901 958 936 938 935 969 949 916 913 995 994 964 908 984 910 950 939 917 944 992 979 954 926 959 923 945 941 925 982 946 911 904
0 38 43 90 72 53 54 23 88 66 24 26 47 14 77 94 20 4 39 42 59 40 95 58 69 25 6 61 73 36 31 52 84 96 10 18 12 21 51 50 99 86 68 81 62 46 44 9 71 79 15 91 22 55 27 60 3 82 48 19 63 7 64 87 98 13 2 29 11 28 92 49 34 75 97 32 16 74 85 76 33 57 67 35 83
127 181 168 196 120 157 173 187 134 177 146 133 176 140 188 199 115 130 124 152 172 183 182 150 164 160 126 110 161 166 119 104 132 147 169 184 153 155 103 186 154 142 123 141 135 195 174 131 105 185 144 194 128 193 167 165 162 125 197 137 148 145 170 108 102 114 139 106 109 149 116 138 113 136 143 163 112
468 499 445 432 401 428 479 419 420 476 497 425 464 430 470 498 449 469 466 412 461 487 454 431 482 403 422 455 458 492 471 453 456 447 424 407 491 493 480 465 486 411 462 406 415 473 452 444 441 483 433 488 457 427 416 459 413 439 437 481 467 410 438 443 448 408 402 485 475 409 494 474 435 460 404 489 417 405 495 434 414 490 478 463 426 442
823 811 847 877 858 874 836 872 883 878 840 808 818 814 853 825 800 886 822 852 809 832 826 812 869 837 830 889 841 857 867 850 860 876 806 892 888 820 875 896 829 845 882 810 851 824 835 865 827 846 864 844 898 828 895 839 813 861 834 866 862 854 893 819 849 803 887 848 838 815 816 843 891 817 890 831 880 897 805 894 899 870 885 871 873 804 868 884
229 266 254 219 200 223 277 284 228 251 287 247 206 293 258 209 272 250 295 216 253 282 299 290 231 218 273 203 262 297 257 213 204 217 256 226 236 268 294 249 278 279 259 234 210 245 225 205 208 221 286 233 263 246 265 242 230 274 285 212 291 227 248 238 244 280 235 207 261 202 275 252 289 270 267 288 298 283 281 255 241 292 214 222 237 232
782 762 701 761 770 729 720 755 787 732 760 707 781 724 788 799 746 763 751 711 776 718 754 765 713 716 777 769 704 771 712 753 717 798 715 793 792 772 747 797 705 722 756 714 709 740 721 750 742 780 779 741 703 736 786 796 728 744 790 759 783 737 723 791 719 794 768 784 764 735 774 749 702 738 767 758 752 743 731 766 739 773 757 778 795 734
696 691 663 658 603 661 604 645 690 631 675 657 652 613 609 629 676 665 683 608 670 615 671 678 647 605 616 656 664 666 659 634 618 685 646 681 648 607 698 614 627 621 633 668 642 693 637 662 654 625 632 677 651 650 680 601 674 653 679 649 639 697 660 684 699 667 669 692 655 640 626 695 638 622 630 635 636 694 620 682 672 673 602 641 643 688 628
802
555 521 570 545 525 557 514 586 561 537 562 512 543 549 502 516 519 563 593 554 508 532 536 598 546 542 589 595 578 579 518 582 559 509 535 520 534 556 533 504 569 574 528 531 539 527 588 506 573 550 560 507 580 551 552 594 566 591 590 547 523 538 585 544 571 596 501 581 540 597 510 599 567 575 541 583 530 529 505 584 564 517 511 577
8
303 368 361 378 339 349 324 300 327 388 393 370 334 377 363 379 311 387 352 310 321 338 313 319 309 343 380 333 308 342 397 341 318 340 375 306 325 317 312 392 336 399 389 372 348 329 326 386 305 358 328 347 354 345 332 371 331 322 362 350 356 366 359 385 390 307 314 357 344 346 398 391 330 337 351 323 353 367 396 369 381 394 360 365 382 364
264
548
17
915
708
833
612
801
111
56
932
611
421
503
418
355
304
151
689
957
384
239
515
100
970
619
1
987
710
129
587
180
565
700
706
159
726
436
863
933
745
999
260
240
429
748
320
107
30
477
190
70
122
158
215
568
191
383
951
198
5
65
78
276
117
41
522
156
45
243
451
513
789
859
900
730
376
558
400
450
440
997
600
335
624
121
175
201
500
617
315
623
89
572
526
576
220
373
271
727
644
842
118
446
192
785
423
928
80
905
686
733
606
484
687
821
472
914
269
179
725
316
374
807
93
496
879
524
775
37
963
178
553
856
296
301
101
592
211
189
610
855
881
224
948
395
302
171