980 971 918 996 943 931 952 921 907 968 978 985 961 922 994 976 942 929 906 925 903 990 904 993 934 959 960 924 909 984 955 958 910 923 941 983 950 913 979 920 956 953 988 964 975 995 974 966 977 967 981 912 938 998 954 916 926 991 927 901 917 919 936 944 911 986 973 930 902 962 945 982 939 935 947 908 965 989 940 949 969 937 972 946 992
3 14 68 53 28 98 67 25 95 46 52 81 26 27 40 84 58 76 43 42 86 74 97 59 85 44 60 48 9 35 16 92 32 4 6 64 90 94 99 50 79 18 66 75 22 71 21 88 47 63 57 83 62 36 39 82 33 19 10 29 15 55 23 12 87 51 2 72 96 11 34 24 49 31 69 77 91 0 13 73 7 54 20 38
133 108 130 137 125 142 168 134 144 177 181 174 115 173 185 120 136 164 160 162 103 106 119 196 149 166 104 123 131 195 128 152 172 184 127 183 114 113 141 170 124 199 188 163 176 146 110 197 145 165 169 186 153 126 147 182 112 135 132 157 143 187 139 138 105 150 155 140 116 194 148 102 193 167 154 109 161
417 422 447 483 469 495 408 427 438 403 474 468 410 428 463 475 476 439 409 430 433 467 413 470 473 464 471 460 499 415 442 432 426 449 412 458 459 401 456 419 486 481 441 407 443 487 406 478 424 444 493 494 466 414 416 411 462 448 457 405 402 485 491 497 461 453 404 431 420 425 454 488 435 498 492 489 434 479 465 455 437 480 445 482 452 490
893 827 808 854 861 811 870 818 846 857 877 873 813 884 888 850 822 841 828 838 853 882 876 847 823 836 878 843 867 800 849 851 880 866 810 820 804 816 844 897 825 848 895 840 875 829 872 834 839 886 832 885 806 865 852 837 896 890 889 868 803 826 812 892 809 831 871 898 819 815 835 824 891 874 894 899 860 862 887 814 864 805 869 858 845 830 817 883
234 255 284 210 281 262 233 298 232 258 267 286 229 228 299 226 275 212 241 242 207 204 297 238 222 295 294 223 247 270 253 206 287 277 254 266 274 265 221 249 225 283 208 219 216 217 289 251 236 230 278 261 256 272 280 205 235 290 218 214 268 200 288 282 231 209 250 246 293 292 263 203 279 291 285 273 245 213 257 252 237 248 227 202 244 259
731 782 762 764 777 712 791 742 723 770 767 743 734 796 788 799 702 786 781 722 783 751 774 713 779 776 757 784 758 756 760 787 794 704 739 772 749 738 797 766 771 728 705 720 765 746 744 753 732 750 795 729 792 768 769 718 741 707 716 711 717 773 747 719 721 755 724 703 715 736 761 737 780 709 759 763 752 778 735 793 740 798 714 790 754 701
670 607 659 691 668 639 696 645 690 678 625 662 613 622 615 635 651 647 641 685 652 634 649 657 664 673 682 688 608 614 601 627 620 603 646 677 684 698 665 679 626 655 650 671 695 632 609 656 621 640 604 667 675 618 676 680 660 683 638 616 674 693 643 630 648 663 654 681 666 631 692 661 653 636 633 629 697 605 637 694 658 602 628 672 642 669 699
802
520 518 547 534 507 581 543 566 529 555 593 516 521 569 533 508 563 505 586 598 525 562 573 549 560 574 545 567 511 540 514 588 541 580 561 536 571 532 504 523 595 579 596 542 564 577 531 584 551 512 506 557 556 582 550 585 537 570 544 591 599 528 535 517 589 501 578 509 597 575 502 583 530 559 538 590 546 552 519 527 554 594 539 510
8
353 326 363 382 321 379 351 337 387 333 368 332 386 388 356 365 385 313 318 300 347 366 394 342 346 312 377 348 322 367 391 397 370 328 352 380 350 344 389 390 310 329 340 398 361 305 375 309 314 338 349 396 336 330 319 339 343 327 362 308 317 378 357 399 325 311 331 341 359 371 345 323 381 306 364 303 334 372 393 307 392 324 354 358 369 360
264
548
17
915
708
833
612
801
111
56
932
611
421
503
418
355
304
151
689
957
384
239
515
100
970
619
1
987
710
129
587
180
565
700
706
159
726
436
863
933
745
999
260
240
429
748
320
107
30
477
190
70
122
158
215
568
191
383
951
198
5
65
78
276
117
41
522
156
45
243
451
513
789
859
900
730
376
558
400
450
440
997
600
335
624
121
175
201
500
617
315
623
89
572
526
576
220
373
271
727
644
842
118
446
192
785
423
928
80
905
686
733
606
484
687
821
472
914
269
179
725
316
374
807
93
496
879
524
775
37
963
178
553
856
296
301
101
61
592
211
189
610
855
881
224
948
395
302
171