906 988 984 916 910 985 904 962 983 901 955 923 903 994 913 945 954 964 938 944 936 991 935 937 921 961 975 943 919 912 980 924 907 993 979 952 950 974 968 939 947 977 908 930 992 972 960 969 986 976 920 941 981 978 971 989 942 973 990 998 927 959 934 911 949 967 940 982 946 965 931 917 929 902 922 995 918 909 926 956 925 996 958 953 966
64 26 96 40 86 19 22 47 71 36 21 66 79 34 98 33 43 25 32 97 51 90 3 0 77 92 68 20 12 7 87 2 42 94 69 11 73 60 10 72 58 53 9 48 15 27 24 84 18 88 23 83 85 4 35 54 62 46 75 59 31 52 50 91 82 6 28 76 38 57 44 16 99 14 39 67 13 29 95 74 63 55 49 81
185 106 160 199 125 167 162 126 133 153 149 163 184 195 123 168 119 116 115 145 165 161 131 124 170 140 174 196 102 183 194 176 112 197 144 114 138 130 103 187 109 157 148 169 181 155 105 188 104 146 193 137 134 135 142 150 147 120 166 108 182 127 110 139 113 173 136 143 172 152 128 154 141 164 177 132 186
407 442 412 487 404 425 456 468 445 467 474 413 458 406 469 480 470 478 434 492 481 495 452 428 409 439 427 431 449 499 460 432 455 453 422 463 438 459 497 448 454 491 420 465 416 485 475 482 490 411 493 444 408 488 414 405 498 483 415 401 471 466 494 424 457 430 473 410 486 437 447 443 402 403 426 435 462 441 476 464 461 489 419 479 433 417
850 861 817 806 830 819 899 854 818 857 864 837 858 890 852 844 834 897 846 876 824 836 812 804 889 803 866 873 895 848 810 847 888 835 828 892 862 870 813 829 827 816 843 883 865 878 800 809 849 831 898 851 896 871 877 839 887 838 860 832 823 808 880 840 814 826 891 884 868 869 825 845 867 875 811 885 894 874 822 820 882 886 805 815 872 893 853 841
242 254 241 259 280 202 277 230 252 284 258 223 246 228 225 265 255 231 261 278 274 237 244 257 282 273 250 293 248 212 216 218 270 226 268 217 204 233 210 262 219 294 247 208 236 253 206 287 227 279 249 209 205 272 290 266 234 235 267 214 207 286 200 213 222 238 281 221 203 245 291 299 251 289 295 256 297 263 292 285 288 298 275 283 229
702 755 767 782 740 784 737 739 762 750 738 723 769 742 770 763 752 786 720 787 721 788 731 757 756 717 714 749 791 704 773 747 716 741 709 794 728 761 779 736 735 732 799 760 719 722 777 776 753 711 792 751 771 795 793 718 754 746 774 765 772 713 766 744 759 715 768 780 734 729 797 705 712 724 703 701 764 796 758 783 778 743 707 790 781 798
650 683 695 636 685 647 620 672 670 649 613 651 662 658 630 684 663 627 681 615 699 688 607 603 652 659 673 682 605 637 616 667 665 629 635 653 669 608 604 602 601 643 642 634 674 664 694 626 675 654 614 657 679 698 655 676 678 680 633 645 648 697 625 666 668 656 671 628 692 640 631 639 690 677 660 618 696 609 661 693 691 622 632 641 621 638 646
802
580 533 586 539 577 598 570 534 560 566 594 537 540 573 591 559 517 538 571 556 521 567 564 523 531 552 561 585 508 529 509 597 505 596 502 510 519 504 582 555 547 549 595 575 520 535 557 518 514 545 525 569 551 563 516 511 536 599 588 506 562 532 578 581 574 512 543 579 530 527 541 507 528 593 584 590 544 501 589 546 583 550 554 542
8
346 336 330 370 360 362 366 334 309 338 388 323 310 375 396 327 331 314 365 303 333 356 394 399 358 363 308 321 300 397 312 354 318 348 398 387 343 328 380 306 364 317 352 371 322 385 372 345 339 349 341 393 361 379 392 337 377 325 319 313 382 326 367 386 369 344 350 329 351 311 368 305 359 390 389 307 357 324 347 391 340 378 342 353 332 381
264
548
17
915
708
833
612
801
111
56
932
611
421
503
418
355
304
151
689
957
384
239
515
100
970
619
1
987
710
129
587
180
565
700
706
159
726
436
863
933
745
999
260
240
429
748
320
107
30
477
190
70
122
158
215
568
191
383
951
198
5
65
78
276
117
41
522
156
45
243
451
513
789
859
900
730
376
558
400
450
440
997
600
335
624
121
175
201
500
617
315
623
89
572
526
576
220
373
271
727
644
842
118
446
192
785
423
928
80
905
686
733
606
484
687
821
472
914
269
179
725
316
374
807
93
496
879
524
775
37
963
178
553
856
296
301
101
61
232
592
211
189
610
855
881
224
948
395
302
171