937 901 935 961 982 936 994 960 947 911 941 972 985 907 966 965 906 984 923 921 931 992 973 950 959 908 926 920 917 996 929 910 953 967 949 956 946 938 998 991 964 975 904 971 944 925 954 942 903 945 988 939 969 976 978 962 974 977 922 979 919 930 981 943 940 986 980 909 989 990 902 995 913 924 918 912 934 955 958 968 993 983 927 952 916
11 10 95 15 40 2 13 24 82 64 73 99 67 29 84 22 38 71 57 72 18 68 48 62 23 97 42 88 25 91 66 54 31 43 86 49 76 21 58 32 9 6 12 53 16 74 51 20 75 19 69 33 83 44 92 47 87 60 63 35 34 94 7 77 79 90 4 0 98 27 52 28 81 26 96 46 3 55 85 36 14 59 39 50
145 103 105 181 165 157 188 152 172 135 176 139 173 169 147 131 127 137 197 134 195 149 115 164 133 140 106 163 119 126 199 138 112 148 130 125 177 185 196 120 143 104 144 194 174 166 113 170 160 123 167 193 141 150 108 142 183 146 187 186 124 102 162 132 161 155 153 114 182 154 168 109 136 128 110 184 116
438 482 453 439 410 416 471 409 469 481 474 425 442 480 454 492 433 408 430 432 452 413 427 404 489 494 406 483 488 476 431 487 478 428 463 458 402 470 414 449 434 424 467 448 486 464 420 495 426 473 460 443 459 475 444 493 419 411 441 417 490 456 498 403 445 497 457 407 461 499 422 491 455 415 447 435 462 485 468 412 437 466 465 405 479 401
858 813 867 822 820 865 849 823 898 835 808 800 850 806 840 866 845 861 847 815 852 836 843 814 803 894 887 882 893 888 878 896 860 838 877 812 837 824 872 810 891 864 874 825 851 829 839 805 828 869 817 895 870 899 819 875 831 890 876 811 816 853 871 873 846 857 832 818 862 886 826 884 889 834 897 892 841 830 844 868 848 885 880 827 883 854 804 809
254 219 270 274 279 267 252 278 225 291 207 298 200 284 248 287 246 238 213 231 262 229 210 202 216 218 250 265 253 212 263 251 209 295 290 294 237 268 208 247 230 280 282 292 286 283 259 228 205 234 214 235 275 245 257 226 233 297 223 222 281 249 221 261 244 285 273 236 203 266 206 217 241 293 204 289 256 272 255 288 227 277 242 299 258
759 794 782 729 703 740 719 796 774 715 771 781 791 749 736 779 795 777 778 711 783 722 744 757 790 798 709 747 754 741 735 701 705 752 780 768 755 772 799 773 716 731 742 765 758 786 751 788 738 707 724 717 721 723 743 746 769 770 732 761 718 760 728 702 737 756 792 776 704 750 787 713 784 764 739 766 767 712 753 734 720 793 714 763 762
626 682 674 665 627 692 614 685 681 639 670 635 672 654 676 651 652 649 693 631 683 604 699 656 680 657 697 664 603 660 621 636 659 641 696 608 655 661 667 663 668 684 650 648 658 601 607 613 637 633 690 634 645 675 638 640 632 688 647 602 642 653 618 694 662 695 691 671 673 646 605 622 616 620 625 629 666 669 643 630 615 698 609 628 677 678 679
802
521 538 579 599 541 582 597 556 511 575 596 518 508 529 557 554 514 505 574 584 528 531 551 516 594 593 533 519 547 549 536 552 510 561 546 595 559 588 530 544 537 545 590 573 504 589 525 560 517 562 585 567 507 532 543 535 502 583 577 564 580 591 523 581 570 542 563 555 501 539 534 520 598 569 512 527 540 578 566 509 506 571 550 586
8
338 362 391 342 307 393 323 392 398 334 321 306 308 312 333 349 318 372 352 377 332 305 314 325 385 378 388 331 330 396 311 327 353 357 356 389 322 300 366 365 317 368 382 369 348 337 345 324 329 361 363 310 351 375 313 379 360 319 309 354 386 370 347 399 350 390 340 394 341 380 387 344 364 303 328 359 336 346 397 343 326 381 367 371 358 339
264
548
17
915
708
833
612
801
111
56
932
611
421
503
418
355
304
151
689
957
384
239
515
100
970
619
1
987
710
129
587
180
565
700
706
159
726
436
863
933
745
999
260
240
429
748
320
107
30
477
190
70
122
797
158
215
568
191
383
951
198
5
65
78
276
117
41
522
156
45
243
451
513
789
859
900
730
376
558
400
450
440
997
600
335
624
121
175
201
500
617
315
623
89
572
526
576
220
373
271
727
644
842
118
446
192
785
423
928
80
905
686
733
606
484
687
821
472
914
269
179
725
316
374
807
93
496
879
524
775
37
963
178
553
856
296
301
101
61
232
592
211
189
610
855
881
224
948
395
302
171