975 911 920 930 955 981 966 931 923 995 979 910 961 945 969 904 949 983 946 913 968 936 926 935 953 947 927 962 952 903 984 985 960 919 902 958 989 907 977 909 967 940 922 934 938 976 972 950 941 921 973 994 996 974 939 901 908 998 988 993 912 943 992 982 986 990 918 956 980 964 978 954 924 965 942 925 971 916 929 959 944 906 991 937 917
79 69 60 15 14 91 98 63 31 52 10 48 40 86 84 27 72 0 13 7 73 97 75 50 22 38 54 47 33 51 59 95 3 34 96 11 39 18 94 87 16 26 32 25 90 68 67 24 44 77 35 88 66 2 71 9 64 6 53 12 83 92 29 81 74 20 57 46 58 49 23 36 99 43 28 55 85 82 21 62 76 19 4
160 176 144 132 161 108 130 177 112 140 194 135 147 195 109 153 183 157 181 116 164 167 128 184 170 127 110 186 124 174 134 155 113 193 138 106 131 197 152 146 173 114 137 150 125 120 143 154 136 185 103 196 119 168 145 172 169 187 188 105 149 148 102 142 163 123 166 162 199 104 126 141 133 139 115 182 165
431 405 449 406 433 414 437 403 417 486 443 462 488 471 481 407 485 482 493 468 401 473 474 439 413 427 475 448 410 434 408 459 424 495 461 404 420 498 463 469 415 428 430 452 480 441 457 438 467 432 490 402 487 426 409 466 453 492 416 483 458 435 497 411 425 464 442 422 447 444 479 419 445 460 478 494 491 499 455 489 465 412 454 476 456 470
820 827 837 871 892 805 873 808 817 818 834 845 826 844 876 853 878 865 893 850 885 848 830 822 868 888 864 897 849 894 857 800 816 854 877 825 862 838 882 841 847 815 831 806 839 898 823 869 840 874 866 835 852 843 880 832 813 884 858 899 851 809 804 836 883 886 895 891 811 861 814 824 887 860 890 812 870 810 867 872 846 803 889 829 828 896 875 819
230 241 229 252 237 273 200 265 280 291 238 226 298 283 210 288 216 258 274 225 257 253 286 261 246 209 221 242 279 251 205 212 290 285 272 223 294 281 227 293 234 222 202 247 266 235 255 248 289 278 262 297 214 206 254 228 231 244 250 217 275 267 299 287 259 207 270 268 277 203 292 208 256 295 213 284 218 204 249 219 263 245 233 236 282
758 778 709 741 740 752 762 732 742 768 722 761 774 772 713 747 716 753 792 796 704 795 720 765 746 791 750 715 788 780 705 773 712 728 735 721 771 794 754 790 787 707 786 757 701 743 777 755 724 782 764 718 769 793 759 784 703 702 760 711 781 736 798 719 770 714 738 739 783 767 729 731 776 723 799 749 737 766 751 779 744 756 763 734 717
665 627 657 659 648 637 697 675 673 614 691 642 641 645 678 694 660 609 649 666 690 698 699 680 618 620 628 651 684 696 658 679 668 667 655 676 625 605 616 656 685 613 695 633 692 626 672 634 682 640 603 677 671 662 615 681 630 674 621 635 670 631 693 639 654 688 650 652 632 638 647 643 646 664 608 661 601 663 622 636 602 629 653 607 683 669 604
802
561 520 512 511 570 533 507 566 552 559 593 551 509 535 595 519 510 564 531 577 536 581 518 579 585 541 547 571 562 537 569 563 540 549 597 578 506 573 594 567 539 598 584 574 589 501 580 545 588 557 542 575 521 546 514 599 554 530 529 590 556 596 591 505 516 523 525 534 538 527 502 555 504 508 543 560 532 582 583 517 550 528 544 586
8
333 397 349 363 394 390 347 392 365 321 350 307 303 367 382 352 332 369 399 329 334 362 344 313 396 381 378 353 339 310 311 319 317 391 387 357 386 345 305 393 322 336 342 331 341 379 351 300 343 323 356 306 361 309 326 368 370 360 327 354 325 375 372 377 318 340 324 337 398 338 371 359 328 312 346 385 358 364 314 380 366 388 330 348 308 389
264
548
17
915
708
833
612
801
111
56
932
611
421
503
418
355
304
151
689
957
384
239
515
100
970
619
1
987
710
129
587
180
565
700
706
159
726
436
863
933
745
999
260
240
429
748
320
107
30
477
190
70
122
797
158
215
568
191
383
951
198
5
65
78
276
117
41
522
156
45
243
451
513
789
859
900
730
376
558
400
450
440
997
600
335
624
121
175
201
500
617
315
623
89
572
526
576
220
373
271
727
644
842
118
446
192
785
423
928
80
905
686
733
606
484
687
821
472
914
269
179
725
316
374
807
93
496
879
524
775
37
963
178
553
856
296
301
101
61
232
42
592
211
189
610
855
881
224
948
395
302
171