989 979 942 907 994 927 935 901 902 946 983 980 909 912 977 938 931 919 906 995 985 988 962 971 969 952 964 929 968 921 982 991 939 936 984 947 926 920 913 959 965 998 934 908 923 955 937 910 916 940 925 978 974 918 981 930 975 973 911 990 967 917 960 941 922 944 972 954 949 993 945 950 924 956 958 986 996 943 904 903 976 961 966 953
83 55 46 11 24 54 85 62 99 4 86 94 64 90 19 43 21 66 75 12 31 18 20 28 81 39 38 92 97 67 15 10 59 32 95 50 25 40 7 76 47 96 51 27 72 33 71 35 69 16 9 91 53 87 68 48 52 73 13 58 79 34 26 77 14 36 60 22 44 6 3 49 29 84 74 2 63 0 88 23 57 98 82
186 109 116 126 167 174 105 132 188 124 113 145 196 173 197 103 106 185 170 162 136 110 133 102 112 169 119 147 163 138 184 140 104 142 135 155 108 157 144 154 131 161 183 199 181 128 177 194 168 123 115 134 164 172 195 176 143 150 146 148 141 153 149 114 187 165 166 152 130 182 160 127 193 125 139 120 137
475 488 419 464 490 404 443 444 433 481 470 445 449 468 485 411 471 410 407 474 426 459 499 452 454 417 486 432 447 430 409 428 457 431 401 424 420 476 405 402 425 492 479 467 427 439 483 491 482 448 412 478 498 469 463 456 495 442 494 422 441 461 437 458 416 414 413 438 493 460 480 497 406 403 465 473 435 466 455 462 489 434 408 487 453 415
899 813 874 822 860 875 808 884 838 873 826 885 836 850 861 814 819 839 854 858 849 827 834 820 890 857 896 862 841 818 848 853 868 895 812 894 829 831 870 865 804 883 876 897 825 835 880 847 811 828 809 887 846 864 891 817 893 851 898 840 882 888 832 889 823 886 852 844 837 815 867 877 872 866 806 843 800 892 824 803 871 805 869 816 878 845 810 830
255 238 245 231 246 214 275 248 288 267 258 233 244 292 241 222 290 208 289 227 261 252 236 219 210 294 212 287 273 213 256 247 229 282 254 284 226 253 204 249 235 281 277 274 279 234 257 268 225 291 230 270 280 263 209 228 295 237 202 250 206 299 242 205 262 218 207 217 286 259 200 293 216 221 266 283 285 203 272 265 297 251 298 278 223
791 707 738 795 754 779 723 798 760 786 780 718 767 724 765 735 739 773 782 715 778 720 719 734 702 794 741 770 740 731 787 721 701 764 755 753 743 790 722 752 737 792 756 713 746 784 796 728 742 751 709 712 768 766 783 763 762 714 704 744 799 716 749 781 758 776 769 703 759 729 771 788 777 736 774 761 747 732 711 717 772 793 757 705 750
637 681 682 603 661 640 670 615 651 658 695 621 622 635 679 646 667 662 652 656 663 660 654 675 655 650 601 669 608 664 690 626 645 693 632 659 694 647 642 605 636 620 677 683 633 657 698 609 648 697 666 676 638 631 685 649 604 639 613 602 607 678 680 634 627 653 629 616 673 628 614 643 699 692 641 688 618 691 671 668 684 630 672 674 665 696 625
802
570 596 504 527 585 561 557 590 506 540 580 574 547 564 537 588 578 598 528 543 517 518 531 511 523 519 534 593 569 501 532 533 597 550 536 505 535 586 563 545 577 508 573 538 595 599 567 560 507 566 555 509 512 529 549 546 562 594 542 516 552 521 514 544 530 556 502 582 525 583 584 581 539 559 575 579 551 554 571 520 510 541 589 591
8
359 318 378 348 314 392 365 357 338 327 356 385 340 360 300 364 309 352 379 312 353 303 358 388 332 394 372 313 325 390 387 396 362 377 324 389 339 336 342 371 337 307 305 397 363 380 398 350 349 310 382 391 311 361 326 381 347 317 393 323 319 333 368 344 308 369 354 321 346 386 375 351 331 306 329 367 330 345 322 366 343 399 328 370 341 334
264
548
17
915
708
833
612
801
111
56
932
611
421
503
418
355
304
151
689
957
384
239
515
100
970
619
1
987
710
129
587
180
565
700
706
159
726
436
863
933
745
999
260
240
429
748
320
107
30
477
190
70
122
797
158
215
568
191
383
951
198
5
65
78
276
117
41
522
156
45
243
451
513
789
859
900
730
376
558
400
450
440
997
600
335
624
121
175
201
500
617
315
623
89
572
526
576
992
220
373
271
727
644
842
118
446
192
785
423
928
80
905
686
733
606
484
687
821
472
914
269
179
725
316
374
807
93
496
879
524
775
37
963
178
553
856
296
301
101
61
232
42
592
211
189
610
855
881
224
948
395
302
171