953 996 935 909 938 990 971 968 931 965 916 903 962 913 929 940 993 927 978 923 904 986 994 946 984 975 934 952 955 910 989 980 974 954 956 936 907 901 925 981 958 950 959 973 947 983 988 976 945 937 977 967 917 918 906 920 979 930 926 998 972 919 985 964 908 943 982 911 949 912 902 960 941 944 995 961 922 942 939 924 966 991 921 969
47 88 97 33 79 3 23 53 48 18 35 25 50 71 19 54 39 29 51 12 21 22 73 63 81 52 95 31 58 76 9 59 82 2 83 10 55 20 67 26 84 38 91 43 34 24 86 99 14 94 75 32 62 0 15 27 90 98 77 46 4 40 16 68 72 36 44 69 57 49 28 66 87 85 13 11 92 74 96 60 6 64 7
154 104 163 157 193 140 148 105 141 196 123 124 109 139 108 115 170 199 116 176 149 197 147 134 120 182 177 153 164 152 181 160 172 125 194 106 128 183 131 146 113 150 166 119 186 110 174 133 161 132 130 162 168 102 145 195 144 143 126 185 103 184 127 188 155 138 173 187 165 112 142 136 169 137 135 114 167
442 494 424 430 408 489 454 497 492 405 499 415 471 426 420 441 452 410 449 461 432 469 468 498 455 475 443 462 458 457 401 406 488 438 434 425 483 464 490 412 439 409 428 437 470 459 404 435 491 463 493 407 474 486 447 422 495 473 444 482 476 466 481 480 419 402 413 487 431 453 417 485 467 460 479 465 414 456 427 478 403 448 416 411 445 433
810 817 830 861 887 828 831 889 824 872 837 838 847 844 871 886 884 892 866 882 848 814 880 885 895 823 896 800 841 876 878 858 816 829 854 811 877 840 815 873 850 820 804 897 870 890 898 822 826 867 849 827 874 839 809 836 853 803 888 852 868 891 851 832 893 857 805 864 899 835 845 812 818 875 834 825 806 862 819 860 869 846 843 813 808 865 883 894
278 251 279 250 210 200 233 235 268 206 216 234 290 203 267 221 223 288 244 280 249 261 217 228 241 273 202 277 293 225 242 254 292 259 291 229 285 237 214 282 281 246 205 218 231 204 222 238 298 263 266 265 294 208 253 252 236 284 256 213 257 245 286 226 283 230 274 275 212 262 299 247 270 227 272 287 255 207 289 295 209 248 258 219 297
798 754 724 732 788 752 784 780 776 774 769 734 772 744 751 747 735 749 787 712 764 721 717 731 757 728 767 795 742 781 746 765 762 739 705 753 796 768 711 716 704 782 778 792 723 738 743 702 707 786 709 794 722 741 799 793 714 729 703 750 740 760 720 715 771 761 770 718 758 701 766 719 790 759 737 736 755 791 783 756 777 779 713 773
666 615 643 672 668 675 656 646 693 660 627 614 640 603 662 605 653 616 647 642 696 678 634 673 628 691 683 674 641 679 632 669 633 663 636 638 607 685 659 639 608 684 604 654 655 648 694 692 661 625 635 626 602 658 681 650 630 680 620 609 621 695 652 629 649 657 682 676 631 699 664 688 618 670 651 698 671 690 637 645 622 677 601 697 667 613 665
802
532 547 523 507 502 593 586 579 529 557 598 545 555 505 528 521 574 506 595 543 527 531 544 599 584 591 566 539 511 541 594 562 577 512 533 540 550 573 520 563 510 596 561 525 559 549 588 578 530 567 575 551 518 581 590 583 514 580 538 589 554 534 569 582 571 535 546 537 552 536 570 517 516 597 560 519 564 542 585 509 556 504 501 508
8
393 375 379 399 351 326 306 388 321 361 317 349 387 372 352 365 344 390 346 397 371 331 392 329 318 307 314 309 333 369 342 336 337 313 341 328 334 330 338 389 381 363 398 377 394 325 322 340 357 319 354 350 385 356 345 382 310 378 339 312 362 348 370 323 324 327 353 343 311 391 300 303 308 396 380 359 368 386 332 364 358 366 360 367 347 305
264
548
17
915
708
833
612
801
111
56
932
611
421
503
418
355
304
151
689
957
384
239
515
100
970
619
1
987
710
129
587
180
565
700
706
159
726
436
863
933
745
999
260
240
429
748
320
107
30
477
190
70
122
797
158
215
568
191
383
951
198
5
65
78
276
117
41
522
156
45
243
451
513
789
859
900
730
376
558
400
450
440
997
600
335
624
121
175
201
500
617
315
623
89
572
526
576
992
220
373
271
727
644
842
118
446
192
785
423
928
80
905
686
733
606
484
687
821
472
914
269
179
725
316
374
807
93
496
763
879
524
775
37
963
178
553
856
296
301
101
61
232
42
592
211
189
610
855
881
224
948
395
302
171