931 908 976 929 990 918 923 930 982 909 947 949 902 946 981 904 994 934 973 960 961 989 924 998 969 977 978 952 965 919 945 988 986 993 911 907 955 917 975 950 937 996 938 972 971 995 939 980 962 964 985 959 974 920 941 967 968 913 944 984 921 935 940 901 910 943 906 956 936 958 983 954 942 966 925 903 912 916 927 953 991 922 926 979
28 60 21 18 68 46 52 29 33 4 90 34 50 53 77 55 26 95 14 71 88 99 6 48 94 64 57 39 98 81 76 10 11 51 3 22 58 67 47 25 2 36 9 85 16 38 13 32 15 87 7 86 91 73 92 24 23 66 20 96 44 63 49 84 54 59 75 35 83 82 62 72 43 0 40 74 79 97 31 27 69 12
112 183 154 172 169 187 120 186 162 142 145 170 104 193 102 133 132 113 148 143 194 146 137 141 152 138 163 173 197 125 116 119 134 184 181 166 136 174 161 176 103 182 127 110 199 177 106 196 155 153 126 109 149 135 164 150 195 140 188 114 160 167 115 108 128 124 147 185 144 165 168 105 157 131 139 123 130
402 434 407 420 447 471 411 473 481 422 495 445 427 466 490 479 449 485 413 494 448 416 470 488 458 456 433 464 444 428 493 424 499 432 498 469 438 443 486 480 474 426 401 408 417 492 404 491 455 431 467 468 419 489 425 483 414 441 463 461 409 410 478 452 437 476 430 475 415 412 442 454 403 460 459 462 435 453 457 465 405 482 406 439 487 497
806 892 857 873 819 823 826 884 817 809 869 885 846 868 886 820 834 814 860 887 880 824 853 865 870 829 862 875 849 838 858 850 830 889 831 866 867 804 872 851 898 896 893 882 871 890 813 815 811 810 877 822 832 878 818 844 825 852 854 835 800 827 861 828 864 897 883 874 836 899 812 891 808 848 888 837 805 803 894 841 895 816 876 847 840 843 845 839
238 242 237 227 261 291 204 234 281 259 294 245 254 249 202 252 241 214 218 257 208 219 299 286 267 213 222 287 278 207 225 262 229 246 272 288 251 205 253 221 277 273 297 284 292 268 250 275 200 274 230 231 290 289 293 244 217 226 248 258 285 235 212 263 270 256 283 247 233 282 279 223 266 280 255 265 298 209 216 210 203 228 206 236 295
715 796 729 782 784 776 722 747 767 792 790 721 770 736 709 734 740 716 755 762 739 769 779 720 771 749 758 737 795 711 707 732 742 744 714 760 759 765 787 799 757 712 746 713 774 705 794 791 718 750 773 735 756 777 764 704 738 788 780 741 701 703 702 772 766 768 786 783 753 778 719 798 761 731 781 728 743 751 724 752 754 793 717 723
684 651 630 667 660 659 607 685 629 679 664 649 614 637 653 627 602 692 690 640 682 609 683 635 633 656 605 634 622 678 625 616 665 608 677 603 636 650 661 673 681 645 631 662 669 639 663 688 675 618 699 647 648 652 654 671 670 680 643 674 615 696 698 626 657 694 601 655 658 632 628 620 638 666 672 621 691 668 695 613 641 693 697 646 604 676 642
802
519 564 533 552 540 557 586 550 539 588 532 559 536 517 523 509 514 567 508 556 578 589 598 507 594 512 528 547 538 599 574 551 571 516 546 506 534 577 535 570 501 510 545 504 595 590 505 581 569 579 560 531 520 575 584 580 511 562 555 541 563 521 544 543 530 582 597 593 542 518 583 591 554 525 529 573 549 596 561 585 502 537 527 566
8
322 356 367 312 309 386 350 391 333 311 349 317 314 338 324 397 377 378 393 354 399 372 362 330 340 352 360 303 366 306 344 318 307 300 361 334 346 347 382 380 375 394 345 305 358 323 341 328 390 359 332 342 357 351 339 319 365 381 387 396 329 353 337 389 379 308 327 343 368 326 336 392 371 388 369 310 313 364 321 363 348 331 370 385 325 398
264
548
17
915
708
833
612
801
111
56
932
611
421
503
418
355
304
151
689
957
384
239
515
100
970
619
1
987
710
129
587
180
565
700
706
159
726
436
863
933
745
999
260
240
429
748
320
107
30
477
190
70
122
797
158
215
568
191
383
951
198
5
65
78
276
117
41
522
156
45
243
19
451
513
789
859
900
730
376
558
400
450
440
997
600
335
624
121
175
201
500
617
315
623
89
572
526
576
992
220
373
271
727
644
842
118
446
192
785
423
928
80
905
686
733
606
484
687
821
472
914
269
179
725
316
374
807
93
496
763
879
524
775
37
963
178
553
856
296
301
101
61
232
42
592
211
189
610
855
881
224
948
395
302
171