937 934 996 953 901 986 988 975 993 909 969 931 930 939 954 971 976 945 910 984 974 919 926 917 968 955 913 982 947 977 960 923 925 922 916 979 959 942 994 906 912 980 998 962 985 967 907 936 961 958 989 949 991 973 990 966 978 924 920 927 965 944 908 952 964 950 902 935 983 941 921 940 904 995 956 903 946 972 929 981 938 918 943 911
34 98 86 22 31 68 18 20 58 52 50 24 90 76 92 0 14 21 62 44 72 40 94 48 79 38 7 33 54 83 57 81 53 49 12 82 95 11 4 23 47 3 74 97 64 28 63 99 32 85 55 84 39 87 73 88 13 26 36 51 25 43 69 67 16 91 9 10 29 71 27 66 6 35 60 75 77 59 2 46 15 96
132 157 150 152 173 165 105 135 138 134 187 161 163 185 155 106 153 146 195 131 186 145 120 174 168 182 103 141 125 170 169 194 142 137 112 108 164 154 133 160 148 181 110 130 116 124 109 115 119 176 197 102 167 199 166 149 193 196 113 114 177 126 123 188 184 139 172 136 147 127 162 144 140 183 143 104 128
490 458 470 483 475 489 454 407 434 462 415 412 464 420 495 445 468 488 433 416 410 469 447 413 405 425 476 497 409 482 406 426 499 442 479 494 455 411 403 456 439 430 449 463 487 437 453 480 444 492 414 402 422 401 438 481 459 467 435 419 448 408 452 485 473 431 478 404 493 443 471 474 427 457 486 417 432 498 424 461 491 428 441 466 465 460
866 880 882 860 845 827 874 861 867 894 887 884 823 873 883 818 850 816 871 899 809 851 892 830 886 826 832 853 889 825 817 843 804 849 865 846 898 891 822 837 875 844 828 868 869 829 808 877 824 839 897 870 896 834 838 876 862 890 864 805 811 840 878 820 854 895 800 841 872 836 858 803 885 835 857 806 852 888 893 810 815 819 831 848 847 812 814 813
268 242 221 230 257 299 298 227 263 236 244 203 217 210 265 231 277 250 286 218 282 209 259 233 295 226 249 205 289 241 280 256 245 228 274 200 213 255 252 272 229 285 293 235 284 225 288 237 266 219 287 247 216 275 297 278 254 273 202 267 258 279 214 290 248 207 223 291 251 234 246 292 208 253 283 204 212 270 206 262 281 222 294 238 261
778 779 702 741 716 712 749 795 768 752 709 715 781 794 761 705 776 701 711 774 767 791 713 722 764 747 728 732 757 796 719 750 769 746 783 787 762 771 739 724 784 743 777 736 792 751 758 721 723 760 790 799 703 798 788 735 765 734 731 786 780 766 755 740 704 773 744 717 753 770 793 714 782 759 742 737 729 756 738 772 754 720 718
627 670 679 669 668 634 665 618 681 626 642 635 622 699 616 601 629 645 682 650 688 614 630 615 691 685 656 603 652 607 693 628 678 662 694 695 640 675 672 655 637 657 680 609 646 648 605 602 698 683 625 666 636 608 692 684 604 697 661 690 653 620 659 632 643 639 663 649 631 676 654 696 613 658 671 664 674 641 651 667 621 673 647 633 638 660 677
802
527 550 577 535 521 595 584 578 537 575 507 551 514 557 511 510 597 594 528 547 552 549 538 536 554 523 506 525 508 567 533 581 574 580 563 504 596 569 519 532 545 542 516 540 529 534 570 541 579 530 555 589 573 598 588 590 512 561 509 586 517 520 546 593 599 583 531 556 571 505 562 560 539 518 559 543 502 564 566 591 585 501 544 582
8
382 354 388 361 371 387 381 307 353 364 318 380 350 308 393 334 386 317 328 322 365 329 324 366 346 347 357 398 327 356 340 303 319 326 332 385 339 336 391 375 394 378 344 358 312 392 399 321 310 309 313 377 306 390 360 379 352 325 343 396 370 368 362 367 331 330 342 305 341 338 333 345 300 348 397 359 337 389 363 314 323 372 349 369 351 311
264
548
17
915
708
833
612
801
111
56
932
611
421
503
418
355
304
151
689
957
384
239
515
100
970
619
1
987
710
129
587
180
565
700
706
159
726
436
863
933
745
999
260
240
429
748
320
107
30
477
190
70
122
797
158
215
568
191
383
951
198
5
707
65
78
276
117
41
522
156
45
243
19
451
513
789
859
900
730
376
558
400
450
440
997
600
335
624
121
175
201
500
617
315
623
89
572
526
576
992
220
373
271
727
644
842
118
446
192
785
423
928
80
905
686
733
606
484
687
821
472
914
269
179
725
316
374
807
93
496
763
879
524
775
37
963
178
553
856
296
301
101
61
232
42
592
211
189
610
855
881
224
948
395
302
171