974 921 920 982 917 906 990 953 964 972 945 931 942 924 996 984 913 923 976 985 925 910 962 967 907 918 930 927 978 989 943 956 959 935 952 941 968 988 940 993 922 908 949 965 937 939 901 955 973 975 903 911 979 958 991 966 998 926 934 946 971 947 983 919 981 980 994 960 961 912 936 944 904 938 916 995 929 902 986 950 954 909 977
9 0 71 29 91 77 4 27 72 57 87 23 47 24 66 46 38 98 7 54 68 97 36 11 31 22 95 96 12 60 62 25 63 39 50 44 55 74 20 21 67 40 34 92 43 85 69 18 13 58 75 49 32 10 86 64 53 33 90 14 99 2 26 82 79 6 94 84 52 35 83 3 73 16 88 48 15 51 28 59 76 81
119 112 128 135 197 163 139 146 127 185 164 144 133 193 110 161 182 147 103 187 184 162 148 132 108 123 125 106 174 160 188 131 181 183 137 142 115 167 105 109 186 104 154 126 166 199 114 116 138 150 141 170 136 124 169 173 102 172 196 130 176 155 168 194 153 157 165 120 140 177 152 143 134 145 113 149 195
491 438 414 408 448 425 416 460 495 488 456 466 412 474 476 464 411 473 428 404 439 445 453 427 459 463 462 489 443 449 442 469 465 420 455 431 485 422 487 409 447 430 413 486 417 452 479 434 407 426 458 470 457 467 410 461 454 481 497 492 435 406 424 444 415 441 402 405 433 499 401 498 490 483 471 419 468 480 475 403 493 494 482 437 432 478
819 876 897 877 832 883 818 815 892 860 804 893 813 830 820 817 835 853 888 889 809 845 827 811 808 847 848 829 841 839 816 825 867 862 837 812 834 872 873 826 874 869 843 851 838 840 805 846 882 861 868 852 870 800 890 866 858 844 899 814 824 887 871 849 894 810 850 896 884 823 886 891 857 895 831 828 822 854 898 806 878 864 865 803 875 836 885 880
253 204 207 214 272 226 279 283 208 222 228 288 238 277 291 273 202 286 293 248 259 261 278 223 299 284 252 206 294 275 245 235 258 290 297 267 285 242 234 289 262 254 216 225 237 233 210 217 218 219 292 246 281 287 282 244 229 257 227 255 247 209 231 205 280 200 221 263 203 236 256 250 298 241 251 295 249 213 265 212 268 274 266 230 270
752 711 765 757 798 729 712 719 768 792 718 774 791 734 796 743 731 788 705 741 755 793 747 760 762 702 795 764 754 759 749 756 751 720 766 742 794 770 778 769 782 717 714 773 772 738 713 750 744 776 728 777 737 740 709 761 703 767 724 723 735 716 787 701 704 771 732 790 781 779 721 722 786 746 739 715 784 780 783 758 799 736 753
661 666 674 663 628 636 670 642 648 631 639 697 676 685 690 618 647 616 626 637 665 605 601 672 615 675 695 660 693 614 678 649 653 691 669 671 654 609 641 692 679 630 694 620 668 682 603 667 634 633 643 640 627 688 632 684 629 602 657 699 651 696 608 658 673 635 638 677 613 680 645 652 650 681 604 646 664 659 621 607 625 683 656 698 662 622 655
802
505 538 550 532 511 508 533 514 557 534 562 564 596 571 594 516 507 545 566 585 586 549 528 539 578 581 552 591 547 559 544 563 593 575 589 590 598 595 527 520 529 510 567 537 521 517 583 580 597 502 501 536 570 535 599 554 560 573 543 584 531 577 541 551 574 588 561 582 542 540 569 512 530 525 579 519 523 504 509 556 518 546 506 555
8
341 372 351 360 344 337 348 312 309 333 371 388 363 365 314 364 323 319 377 332 396 381 375 343 398 382 389 394 352 354 378 393 350 353 392 386 347 340 362 334 308 300 359 358 346 387 327 391 307 367 306 390 385 342 338 322 366 303 368 326 339 379 305 380 311 330 361 324 370 356 336 357 321 313 399 331 349 345 369 318 328 329 310 317 325 397
264
548
17
915
708
833
612
801
111
56
932
611
421
503
418
355
304
151
689
957
384
239
515
100
970
619
1
987
710
129
587
180
565
700
706
159
726
436
863
933
745
999
260
240
429
748
320
107
30
477
190
70
122
797
158
215
568
191
383
951
198
5
707
65
78
276
117
41
522
156
45
243
19
451
513
789
859
900
730
376
558
400
450
440
997
600
335
624
121
969
175
201
500
617
315
623
89
572
526
576
992
220
373
271
727
644
842
118
446
192
785
423
928
80
905
686
733
606
484
687
821
472
914
269
179
725
316
374
807
93
496
763
879
524
775
37
963
178
553
856
296
301
101
61
232
42
592
211
189
610
855
881
224
948
395
302
171