909 933 996 975 971 980 958 921 903 917 987 981 906 969 925 918 965 979 992 939 930 954 972 924 900 998 936 938 997 953 942 922 915 982 983 995 928 961 946 913 932 960 978 943 991 976 948 931 951 927 904 977 956 947 940 910 968 912 914 952 990 937 916 901 926 973 999 985 966 945 984 920 919 963 944 959 988 955 923 962 974 911 902 935 970 929 907 941 986 957 993 989 964 905 994 950 967 908 934 949
26 95 94 16 81 71 23 45 13 2 68 83 54 43 36 7 27 86 11 82 72 66 6 28 5 9 93 33 17 58 8 31 91 40 73 77 56 21 78 88 20 60 14 96 75 24 90 84 48 0 64 30 99 62 57 22 51 37 41 47 19 67 38 92 46 79 29 32 42 3 69 34 85 89 55 70 15 61 74 65 4 35 39 18 50 87 52 12 97 59 80 63 49 25 53 44 10 76 98
128 118 106 121 187 189 197 161 142 137 173 110 133 145 192 119 182 144 155 196 108 114 168 176 179 132 123 136 127 139 120 122 152 159 167 188 153 126 102 199 150 162 124 195 191 193 140 157 113 166 174 117 147 185 160 178 148 186 109 129 103 104 198 111 138 164 151 125 158 105 116 177 180 172 135 143 112 181 115 184 169 165 107 194 149 154 171 170 156 175 146 131 163 141 183 100 134 130 190
468 427 485 456 478 441 406 407 493 445 439 488 453 435 425 436 447 430 451 477 469 418 409 484 421 466 412 496 440 446 438 443 490 404 431 489 499 432 433 437 491 471 498 410 414 423 458 401 472 419 473 461 487 411 474 479 405 426 450 444 424 482 442 413 462 434 476 415 470 429 457 408 495 459 475 467 483 452 428 481 494 497 416 454 480 464 420 460 455 422 463 403 486 448 465 492 402 417 449
818 889 806 863 860 814 857 802 849 888 848 870 846 845 876 867 893 832 824 897 811 816 843 885 894 810 830 869 837 826 856 819 884 801 844 877 822 875 871 805 823 861 817 809 852 858 841 836 890 803 898 864 800 886 827 821 866 896 834 878 833 883 820 891 825 850 815 880 874 831 842 828 853 865 855 851 847 840 813 862 808 879 812 872 887 895 804 838 859 807 892 899 854 873 829 839 868 882 881 835
236 247 239 296 268 265 259 235 216 241 282 215 291 204 285 242 212 238 232 208 245 221 207 280 286 287 222 294 272 264 252 210 254 219 223 276 279 269 244 226 290 273 229 249 251 281 231 275 211 246 297 283 295 292 218 299 270 277 205 253 298 262 200 284 257 227 250 214 209 206 234 288 237 266 240 258 202 260 274 225 217 248 233 213 256 220 263 255 230 203 243 271 224 293 228 278 261 289 267
737 780 793 761 728 708 767 704 763 743 714 784 752 720 794 711 729 740 718 782 773 738 727 755 719 759 751 735 703 774 747 706 741 799 717 760 745 787 750 778 742 707 721 730 705 781 757 775 786 785 712 783 758 748 756 790 716 792 777 776 754 762 723 731 789 702 779 739 766 768 749 772 732 710 713 722 771 726 798 744 769 791 709 724 701 734 796 725 795 746 753 770 733 788 764 765 715 736 797
654 664 623 648 650 661 621 688 643 699 692 695 669 680 697 608 651 687 682 614 604 646 644 694 667 668 625 632 617 673 660 649 683 627 619 698 662 618 677 652 653 612 675 696 647 633 601 666 615 665 645 663 691 605 676 681 686 642 636 600 685 693 624 628 602 607 613 684 626 629 670 635 616 631 609 658 679 678 637 655 610 638 622 657 611 671 656 603 674 639 634 690 672 620 630 641 606 640 659 689
583 508 543 554 501 588 528 537 555 550 596 527 514 559 582 541 558 526 592 516 594 561 581 591 523 585 515 569 598 575 576 513 534 532 545 544 584 579 517 502 536 521 535 593 531 589 512 524 566 572 520 530 574 573 565 590 587 540 556 553 505 547 560 571 509 511 507 586 570 506 557 503 599 551 564 546 548 577 552 533 519 538 563 542 522 525 568 510 580 562 567 518 539 504 595 529 549 597 578
310 334 333 386 398 311 301 328 351 387 360 391 325 392 312 373 365 338 383 375 341 352 304 376 395 327 350 326 324 368 344 343 345 339 374 372 369 390 319 337 348 314 399 379 384 397 396 381 367 362 318 331 364 317 388 361 349 315 355 305 370 308 366 340 346 371 302 354 357 307 378 353 323 309 329 322 385 347 389 300 316 330 394 377 303 356 332 359 358 393 336 321 306 313 320 335 342 363 382 380
1
700
400
201
500
101