976 990 946 980 942 908 949 977 937 911 906 956 978 995 996 909 941 934 965 953 950 993 954 966 958 994 912 925 920 998 985 964 935 903 961 904 916 979 926 927 952 944 921 919 918 929 931 922 901 981 960 936 988 968 940 972 984 938 945 955 986 975 974 924 991 971 982 943 983 913 917 910 959 923 973 907 967 947 902 962 930 939 989
46 6 31 90 47 11 83 98 16 67 3 82 21 25 86 24 75 96 10 72 92 73 32 26 51 58 77 35 15 71 69 85 79 7 52 91 9 13 97 40 62 29 14 68 18 23 12 60 20 28 55 99 4 64 0 44 48 94 34 81 76 53 88 54 39 74 50 33 22 95 27 57 59 87 36 66 63 38 2 49 84 43
144 196 169 160 163 146 116 103 128 195 132 188 148 104 114 109 135 167 164 108 150 123 153 177 106 173 147 112 194 185 162 131 145 172 105 113 133 139 197 124 176 168 170 174 110 193 186 187 165 141 125 115 184 134 140 181 120 136 127 166 183 119 143 154 199 102 126 182 157 130 138 149 142 152 155 137 161
431 427 434 417 466 499 494 464 462 403 409 415 488 420 489 412 478 433 408 424 461 430 405 437 426 439 428 475 410 438 474 416 454 447 497 492 425 401 468 487 444 458 460 402 486 413 441 442 456 480 419 453 490 443 422 448 404 411 435 491 455 483 469 463 498 485 465 493 481 445 495 473 414 406 432 452 467 482 476 471 449 407 470 457 479 459
839 828 873 858 875 820 862 804 837 869 806 895 874 840 893 888 808 836 823 854 860 817 818 868 831 829 830 809 876 898 896 834 886 819 805 844 897 826 845 814 847 815 822 832 882 857 803 827 880 877 800 865 892 866 885 864 843 850 861 878 871 867 887 810 884 891 883 848 852 846 853 899 849 824 870 838 816 872 841 894 812 813 851 835 811 889 825 890
202 213 294 207 274 259 261 280 237 262 251 286 250 253 273 275 265 241 289 223 254 268 244 270 238 229 209 206 272 277 236 225 266 247 257 291 255 246 252 200 281 263 245 235 205 221 297 210 216 258 228 267 214 203 204 292 298 222 295 217 293 256 230 219 212 279 284 290 285 233 282 242 248 231 234 299 208 218 278 288 227 283 249 226 287
742 715 772 735 777 776 719 724 773 798 760 728 756 751 739 705 764 762 717 740 738 702 732 799 752 791 754 723 787 783 701 779 734 788 768 737 747 713 704 736 770 703 766 765 758 709 761 718 729 749 744 795 793 790 778 794 774 796 771 743 780 769 716 786 741 712 753 767 711 714 720 750 782 757 722 781 731 759 746 755 792 721 784
608 616 693 609 652 614 663 629 628 684 670 674 603 622 677 631 682 683 681 657 669 635 653 690 641 678 692 671 666 643 646 654 647 630 625 642 672 673 691 679 604 696 664 660 695 688 638 633 605 615 626 607 632 680 655 639 601 667 618 648 627 651 636 634 659 650 656 649 676 620 668 645 621 637 699 694 661 640 665 697 685 602 662 698 675 658
802
560 589 531 551 502 540 570 567 508 511 584 578 594 557 516 556 554 547 533 579 588 566 528 519 577 582 574 581 545 585 580 530 552 505 520 597 591 529 536 544 550 527 562 598 537 559 534 514 541 571 532 510 507 583 575 596 525 586 593 538 543 561 512 518 563 590 564 542 555 506 539 523 569 501 521 549 599 546 535 595 573 509 504 517
8
348 333 357 345 349 305 300 344 326 367 391 319 303 323 338 346 386 310 393 362 313 331 387 359 358 328 361 381 343 394 399 396 318 364 354 317 365 377 351 382 397 350 308 370 352 312 390 368 379 353 398 337 306 378 389 356 334 363 314 309 347 322 380 392 321 311 336 324 360 339 342 327 369 366 375 385 329 325 372 340 330 341 332 371 388 307
264
548
17
915
708
833
612
801
111
56
932
611
421
503
418
355
304
151
689
957
384
239
515
100
970
619
1
987
710
129
587
180
565
700
706
159
726
436
863
933
745
999
260
240
429
748
320
107
30
477
613
190
70
122
797
158
215
568
191
383
951
198
5
707
65
78
276
117
41
522
156
45
243
19
451
513
789
859
900
730
376
558
400
450
440
997
600
335
624
121
969
175
201
500
617
315
623
89
572
526
576
992
220
373
271
727
644
842
118
446
192
785
423
928
80
905
686
733
606
484
687
821
472
914
269
179
725
316
374
807
93
496
763
879
524
775
37
963
178
553
856
296
301
101
61
232
42
592
211
189
610
855
881
224
948
395
302
171