998 967 961 918 983 934 959 913 990 975 907 929 916 980 943 968 942 952 901 909 910 902 927 966 986 988 972 936 920 904 946 939 974 922 973 982 908 917 926 931 919 976 995 964 940 958 921 953 991 923 981 979 944 960 903 912 962 985 930 925 924 994 911 941 984 956 993 965 971 945 989 947 954 906 977 949 955 935 938 996 950 937
38 54 90 3 66 53 0 88 2 40 98 62 51 64 83 91 72 59 16 27 81 63 73 33 25 52 86 7 18 34 84 4 68 48 96 82 6 13 20 92 60 15 12 85 97 76 49 39 57 94 9 10 95 99 36 50 11 67 21 47 28 24 44 14 26 87 29 46 75 31 58 22 32 71 43 55 77 79 23 69 74 35
168 153 196 188 119 177 127 136 112 108 144 183 131 116 181 123 115 138 147 187 103 182 160 140 104 166 193 167 185 113 170 105 150 145 176 194 172 148 162 143 173 139 154 197 134 152 141 157 114 132 130 137 110 133 155 125 195 199 102 164 126 146 174 186 124 128 106 161 165 135 109 184 149 163 120 142 169
470 438 403 468 460 422 462 471 401 483 420 411 425 427 498 474 417 485 475 489 490 464 480 479 433 413 424 414 491 445 402 456 431 426 476 497 448 428 486 439 469 415 419 457 499 441 487 409 467 404 410 412 495 455 449 481 452 463 458 447 473 492 453 494 432 408 493 416 444 461 488 465 478 482 443 442 466 435 406 454 407 437 434 459 430 405
869 845 827 884 817 838 857 880 860 864 882 854 853 873 800 818 895 877 835 811 861 831 816 872 878 837 819 849 887 896 891 874 825 898 875 834 871 892 843 883 806 820 867 826 812 840 822 839 803 865 893 836 890 862 808 897 885 876 846 832 809 810 829 889 830 858 847 844 899 824 888 804 852 805 848 870 841 886 813 894 866 868 850 823 814 815 828 851
241 279 297 255 214 248 200 259 238 254 292 298 222 282 207 249 293 228 252 236 286 257 275 209 277 233 285 270 229 284 203 216 223 299 250 227 258 208 217 283 231 242 205 230 281 212 226 273 287 278 256 294 204 234 262 213 245 266 261 272 265 291 247 210 246 251 221 263 219 206 237 288 253 225 268 290 202 295 267 244 218 280 289 235 274
747 780 759 729 735 776 714 717 741 767 771 702 769 787 790 774 758 737 765 757 770 740 753 715 732 720 721 750 784 713 779 709 731 728 788 782 704 742 761 705 711 786 756 738 764 798 799 703 734 778 766 768 754 772 744 701 716 718 739 792 722 755 777 746 783 736 719 752 712 794 791 796 793 760 773 743 751 749 724 762 795 723 781
625 694 629 628 639 627 632 622 661 633 605 618 662 685 642 681 682 604 680 667 607 643 647 658 614 655 692 620 609 653 601 626 638 691 659 646 648 657 668 636 678 641 640 654 660 699 672 695 674 650 635 673 631 669 663 602 608 690 683 698 676 649 621 637 652 665 634 688 679 697 693 675 656 645 666 664 603 671 696 651 684 615 630 670 616 677
802
517 546 519 574 575 589 591 537 596 597 557 554 529 582 520 561 551 590 527 566 543 510 556 514 569 562 535 531 577 552 536 532 564 595 579 581 505 547 593 511 540 518 528 550 598 545 516 580 512 506 525 573 570 549 504 508 530 599 523 560 559 585 544 541 563 542 571 583 521 586 509 533 578 502 584 588 567 555 507 534 538 539 501 594
8
334 350 324 342 370 357 337 323 345 397 321 303 351 347 336 361 352 386 300 387 333 305 318 313 343 358 331 381 340 330 380 372 364 394 388 392 314 348 371 339 344 359 378 360 367 329 399 375 317 327 338 341 377 306 393 312 363 308 368 326 396 309 346 311 369 349 362 366 354 322 385 332 390 328 379 325 398 389 365 353 319 356 307 382 391 310
264
548
17
915
708
833
612
801
111
56
932
611
421
503
418
355
304
151
689
957
384
239
515
100
970
619
1
987
710
129
587
180
565
700
706
159
726
436
863
933
745
999
260
240
429
748
320
107
30
477
613
190
70
122
797
158
215
568
191
383
951
198
5
707
65
78
276
117
41
522
156
45
243
19
451
513
789
859
900
730
376
558
400
450
440
997
600
335
624
121
969
175
201
500
617
315
623
89
572
526
576
992
220
373
271
727
644
842
118
446
192
785
423
928
80
905
686
733
606
484
687
821
472
914
269
179
725
316
374
807
93
496
763
879
524
775
37
963
178
553
856
296
301
101
61
232
42
592
211
189
610
855
881
224
948
395
302
978
171