975 927 904 989 990 985 913 949 961 924 912 923 911 939 954 916 940 988 960 946 979 944 972 974 937 918 942 952 968 991 917 920 976 943 919 998 995 907 931 965 935 955 906 925 910 966 983 959 926 947 930 971 945 909 984 996 958 953 986 980 938 903 902 994 964 982 977 921 967 941 950 962 901 956 922 908 993 981 929 973 936 934
96 12 10 57 71 84 14 11 15 82 97 36 68 92 53 62 7 72 55 73 44 2 20 66 87 63 6 32 81 94 49 18 98 24 13 33 99 38 90 85 91 9 35 58 77 28 4 46 34 50 54 31 21 52 47 88 60 67 23 74 51 48 83 29 3 76 79 25 75 64 69 86 16 26 22 59 39 40 0 95 27
119 160 147 149 157 106 155 131 163 110 177 197 141 137 112 133 148 103 185 161 166 187 146 162 199 145 152 126 136 195 134 176 173 184 113 140 102 138 109 183 104 154 128 114 123 130 196 169 143 139 108 188 144 164 120 150 167 170 165 194 193 181 132 124 172 153 116 142 105 186 135 174 115 168 125 182 127
431 438 443 487 468 409 405 466 480 454 489 478 465 463 404 442 407 439 456 457 410 449 488 403 467 447 495 437 441 498 425 448 458 485 453 416 413 426 476 459 481 424 455 486 469 411 474 491 452 422 433 471 401 461 464 490 412 470 444 497 435 419 430 483 427 462 445 499 402 493 479 492 408 432 482 460 494 475 473 414 417 406 415 434 428 420
883 827 890 867 826 857 898 888 804 878 844 884 840 834 854 896 887 828 823 832 870 869 850 824 830 822 806 829 846 838 818 885 858 819 880 837 808 899 871 873 892 800 865 897 860 805 816 810 891 862 839 836 853 815 825 812 814 841 817 876 845 893 809 820 835 868 851 877 803 874 875 831 864 872 882 886 866 811 843 813 889 849 861 852 847 894 848 895
203 253 216 214 228 246 278 244 265 270 245 248 233 250 247 263 206 213 204 238 297 262 249 289 229 295 257 293 231 223 254 294 299 205 236 259 275 217 291 298 273 255 258 266 218 286 281 277 252 283 256 284 251 210 226 292 209 272 288 287 230 225 241 290 237 285 235 227 200 274 279 234 212 242 208 221 219 261 222 282 280 268 207 202 267
731 758 701 756 793 718 705 788 722 762 741 786 771 714 743 784 791 769 782 716 742 795 783 728 709 754 717 740 746 799 749 720 792 760 759 751 767 704 739 766 774 747 798 719 737 790 779 738 781 768 732 761 770 736 734 713 764 755 750 773 744 787 724 715 712 702 780 796 777 776 703 735 723 752 753 721 794 765 757 711 772 729 778
637 638 615 682 652 629 677 666 696 609 695 667 653 636 694 684 698 654 639 601 632 620 693 699 660 640 688 690 673 675 685 669 691 692 665 663 646 614 670 668 625 655 633 622 621 672 676 628 631 658 679 635 605 618 661 681 627 626 634 656 650 657 645 608 647 674 651 649 678 642 641 616 662 603 607 659 648 680 683 602 671 630 697 643 664 604
802
575 584 573 546 539 532 550 527 552 598 533 569 555 545 525 518 531 536 588 595 512 549 528 580 570 593 517 554 579 547 534 502 577 561 566 519 538 508 543 560 589 520 551 562 564 578 530 535 590 586 514 585 559 509 567 507 511 521 574 563 506 583 541 582 581 571 599 591 596 505 540 529 501 556 504 523 597 510 542 594 557 537 516 544
8
312 313 375 308 306 391 347 382 318 322 327 314 319 364 309 300 397 353 340 324 321 389 341 338 399 388 367 363 334 331 311 328 346 360 344 337 342 370 358 396 325 386 380 350 361 379 332 369 357 330 393 305 354 339 377 368 349 326 345 385 387 362 378 343 351 323 333 352 394 348 372 365 398 317 336 381 310 371 329 392 307 356 359 366 303 390
264
548
17
915
708
833
612
801
111
56
932
611
421
503
418
355
304
151
689
957
384
239
515
100
970
619
1
987
710
129
587
180
565
700
706
159
726
436
863
933
745
999
260
240
429
748
320
107
30
477
613
190
70
122
797
158
215
568
191
383
951
198
5
707
65
78
276
117
41
522
156
45
243
19
451
513
789
859
900
730
376
558
400
450
440
997
600
335
624
121
969
175
201
500
617
315
623
89
572
526
576
992
220
373
271
727
644
842
118
43
446
192
785
423
928
80
905
686
733
606
484
687
821
472
914
269
179
725
316
374
807
93
496
763
879
524
775
37
963
178
553
856
296
301
101
61
232
42
592
211
189
610
855
881
224
948
395
302
978
171