998 946 936 979 985 901 965 908 966 911 943 937 935 921 956 949 959 993 954 958 964 904 977 906 918 982 971 931 996 924 968 986 930 952 923 903 909 910 967 989 955 983 912 991 926 934 984 919 940 962 939 942 925 988 927 973 972 994 913 990 922 980 974 907 960 953 902 945 961 976 920 929 944 916 950 938 947 941 995 981 917
4 34 25 13 15 87 3 11 36 38 88 74 26 63 84 72 54 44 27 9 75 24 7 10 31 79 82 85 71 35 46 69 94 2 92 90 62 40 52 76 23 28 16 81 22 32 20 59 95 83 47 53 98 97 0 14 49 60 68 67 55 99 73 91 58 18 50 51 57 39 12 77 21 6 48 96 64 29 33 66 86
181 106 133 148 176 126 110 114 134 145 173 130 135 177 197 155 196 131 137 119 142 136 103 102 166 109 124 138 161 164 162 168 169 144 152 167 113 108 128 157 125 140 165 132 141 160 185 174 193 188 147 127 187 139 112 146 182 172 149 150 123 154 104 153 143 120 195 163 115 184 186 183 116 170 105 194 199
424 482 481 410 468 427 455 403 447 437 445 419 476 420 458 489 416 459 488 452 464 414 480 478 413 494 426 407 467 486 409 485 442 490 456 497 417 432 474 422 402 431 428 404 465 492 469 405 415 457 425 479 434 461 475 473 439 499 498 449 401 406 435 466 460 411 448 470 430 408 495 471 493 412 443 462 483 438 453 454 487 441 463 433 444 491
820 865 864 867 893 841 883 832 826 845 849 840 813 860 828 815 854 848 836 803 827 839 858 870 861 817 810 831 880 876 835 899 877 892 804 837 812 829 891 874 875 889 834 800 882 823 884 816 857 873 851 846 887 898 805 896 825 871 811 847 814 808 862 850 897 822 819 895 866 878 809 818 830 885 894 868 869 853 838 888 852 824 843 806 844 872 890 886
227 270 213 280 246 226 229 251 209 275 261 287 278 212 204 206 236 257 266 293 222 214 294 202 268 218 256 250 295 249 299 291 200 283 235 282 203 207 237 241 286 216 244 290 285 234 272 262 255 258 273 297 265 238 277 274 267 223 254 233 252 219 210 292 221 253 281 225 242 288 259 217 279 228 245 247 284 208 248 289 263 230 205 298 231
724 798 757 772 712 721 786 783 704 744 754 701 777 741 719 714 756 742 784 747 765 735 711 718 771 792 770 799 776 762 749 746 780 728 737 773 713 794 767 717 764 729 787 722 751 761 750 778 734 768 716 793 791 740 795 779 774 753 703 759 769 796 738 732 739 709 705 781 766 760 743 790 731 782 723 720 755 752 715 736 702 788 758
682 671 638 685 679 641 620 688 653 690 665 604 609 614 635 652 678 661 675 634 637 631 601 695 694 651 639 625 657 636 628 626 693 681 630 648 607 692 654 677 645 659 605 666 633 673 699 646 629 660 662 650 676 684 655 664 615 603 627 649 668 698 622 680 647 632 643 642 621 696 640 656 697 683 658 608 672 674 663 669 691 670 616 618 667 602
802
518 528 567 557 584 501 583 527 544 530 547 596 510 537 538 523 529 543 594 581 571 591 552 514 593 595 574 508 579 505 532 549 545 551 555 564 585 586 520 588 569 590 542 525 580 502 599 570 540 589 541 536 519 575 556 506 546 539 534 516 521 573 535 517 507 560 566 509 598 531 582 597 577 554 504 562 561 533 563 511 578 559 550 512
8
337 348 363 329 349 397 370 357 330 352 310 325 300 393 339 359 336 326 311 314 378 333 389 341 334 331 312 327 368 360 344 317 309 332 371 322 399 388 381 303 313 342 338 351 396 346 394 321 379 353 386 356 358 350 361 391 362 306 318 364 369 367 343 308 340 372 385 347 324 392 390 375 354 366 382 380 387 345 323 398 319 307 328 377 365 305
264
548
17
915
708
833
612
801
111
56
932
611
421
503
418
355
304
151
689
957
384
239
515
100
970
619
1
987
710
129
587
180
565
700
706
159
726
436
863
933
745
999
260
240
429
748
320
107
30
477
613
190
70
122
797
158
215
568
191
383
951
198
5
707
65
78
276
117
41
522
156
45
243
19
451
513
789
859
900
730
376
558
400
450
440
997
600
335
624
121
969
175
201
500
617
315
623
89
572
526
576
992
220
373
271
727
644
842
118
43
446
192
785
423
928
80
905
686
733
606
484
687
821
472
914
269
179
725
316
374
807
93
496
763
879
524
775
37
963
178
553
856
296
301
101
61
232
42
592
211
189
610
855
881
224
948
395
302
978
975
171