943 995 964 998 990 956 982 921 944 913 945 912 934 901 929 993 960 911 918 909 908 904 931 962 967 980 954 903 902 942 952 968 919 966 941 988 985 977 994 965 961 920 940 936 971 930 917 976 989 953 927 981 955 925 972 923 958 974 949 959 922 946 907 924 926 984 916 950 996 947 939 979 910 983 986 973 935 937 991 938 906
79 64 28 90 92 62 13 47 68 55 29 83 9 81 14 39 86 34 4 53 88 48 33 77 73 60 57 23 51 96 66 32 97 18 50 31 71 84 46 44 6 59 36 98 40 54 76 74 7 38 35 15 22 75 82 58 67 87 26 21 94 27 99 24 49 0 12 63 25 91 20 16 11 3 69 10 95 2 85 72 52
138 104 115 183 170 144 167 116 103 136 132 143 152 126 133 163 102 140 124 197 196 119 146 184 149 105 123 125 131 157 155 114 113 193 187 137 176 108 188 186 182 181 141 185 112 130 139 120 172 173 135 165 145 161 142 110 109 128 134 174 194 147 153 150 127 162 168 169 195 166 199 177 160 154 148 106 164
453 493 408 437 455 431 492 460 443 468 488 447 463 425 478 454 409 466 462 497 458 473 445 424 489 428 480 465 404 485 481 406 479 422 405 475 419 498 490 467 476 417 457 469 474 407 413 415 499 470 442 471 414 459 439 487 412 486 449 456 401 426 448 411 433 491 430 432 410 403 494 495 434 416 444 435 420 464 482 483 427 402 438 452 441 461
817 889 897 865 887 895 818 823 892 885 810 830 890 899 877 891 815 822 870 839 803 868 834 883 847 893 872 878 819 813 894 884 864 820 832 816 886 850 875 836 843 866 848 840 831 805 858 829 888 845 827 826 853 869 849 898 812 825 851 876 814 844 835 837 871 800 861 862 811 867 857 824 808 882 838 873 804 828 854 880 874 809 806 852 846 860 896 841
277 294 252 291 244 263 285 272 212 289 216 261 287 226 268 210 262 298 236 286 228 247 299 282 218 290 200 237 242 238 225 246 205 233 250 257 267 274 265 253 223 259 254 245 256 255 266 204 281 207 275 206 279 273 202 221 293 203 208 230 222 227 209 248 258 231 284 213 278 295 229 292 214 234 297 241 280 251 249 288 217 283 219 235 270
760 751 759 703 779 712 798 773 721 752 781 754 772 776 796 794 793 736 791 719 764 790 767 758 714 784 756 739 742 769 765 778 749 732 746 753 788 774 738 720 718 799 735 747 757 786 722 715 777 762 717 780 740 701 792 731 768 704 728 713 771 737 705 724 711 702 743 744 795 755 723 709 734 787 770 741 761 783 729 782 750 716 766
699 677 629 650 652 601 607 690 697 669 633 659 662 688 654 605 685 656 608 628 664 691 692 602 636 657 648 620 674 696 638 645 614 670 683 616 603 695 672 635 621 661 676 678 630 681 668 634 604 626 663 631 673 660 618 647 658 680 637 640 684 665 679 655 682 646 642 671 675 693 627 643 698 641 609 653 615 632 649 694 639 667 622 625 651 666
802
504 582 520 535 590 510 549 563 594 555 539 584 580 508 516 532 599 538 570 586 552 589 530 581 595 540 529 585 502 598 536 554 556 518 534 514 560 571 507 512 591 567 542 575 519 561 544 596 579 505 564 545 506 578 550 543 527 557 509 517 511 588 562 593 531 546 573 541 559 533 566 537 569 501 521 525 551 547 523 597 574 528 577 583
8
388 393 398 399 347 333 369 343 380 307 371 360 322 372 357 328 367 368 346 362 330 332 382 396 352 392 386 341 321 303 314 358 364 385 319 378 389 349 394 310 391 312 351 342 344 340 337 306 379 339 313 348 387 331 323 345 377 381 326 311 363 353 334 365 327 356 329 361 309 305 370 325 359 350 318 317 366 336 375 338 300 390 324 354
264
548
17
915
708
833
612
801
111
56
932
611
421
503
418
355
304
151
689
957
384
239
515
100
970
619
1
987
710
129
587
180
565
700
706
159
726
436
863
933
745
999
260
240
429
397
748
320
107
30
308
477
613
190
70
122
797
158
215
568
191
383
951
198
5
707
65
78
276
117
41
522
156
45
243
19
451
513
789
859
900
730
376
558
400
450
440
997
600
335
624
121
969
175
201
500
617
315
623
89
572
526
576
992
220
373
271
727
644
842
118
43
446
192
785
423
928
80
905
686
733
606
484
687
821
472
914
269
179
725
316
374
807
93
496
763
879
524
775
37
963
178
553
856
296
301
101
61
232
42
592
211
189
610
855
881
224
948
395
302
978
975
171