936 952 984 955 993 942 934 925 991 904 964 995 929 986 968 954 965 944 931 922 989 973 990 985 907 967 943 909 979 960 901 940 961 981 947 982 918 974 956 906 977 996 950 908 916 966 998 919 911 972 971 949 983 959 903 988 958 946 913 920 923 994 935 937 939 962 938 976 926 927 930 921 902 953 941 917 980 912 910 924
98 90 36 49 13 52 44 60 16 68 0 35 7 75 3 38 81 76 77 83 26 27 85 31 10 71 99 53 2 72 82 24 6 96 50 28 59 25 67 33 21 47 18 84 79 63 55 74 69 11 40 94 62 57 29 32 14 4 20 39 91 34 15 88 48 23 87 64 97 46 22 58 9 54 12 51 66 95 73 92 86
135 154 120 144 196 157 143 137 161 183 173 109 149 136 197 187 115 113 139 163 110 188 160 194 166 108 119 186 155 193 152 130 167 184 170 164 141 125 116 174 128 165 138 142 133 153 106 168 181 105 134 162 169 103 182 145 126 132 114 185 150 172 124 148 104 195 177 199 127 112 176 147 102 146 140 131 123
482 469 411 401 426 488 438 427 468 466 406 432 420 460 479 491 413 442 487 417 463 403 443 480 464 490 497 416 481 459 434 404 408 471 415 473 462 485 419 492 453 452 407 414 428 402 493 454 474 433 424 445 448 412 449 435 457 430 461 495 425 455 499 441 498 486 467 470 409 456 478 422 494 465 439 410 476 447 475 431 437 405 444 483 458 489
875 898 824 808 899 851 895 847 854 806 894 815 822 826 889 870 880 867 844 884 861 883 839 805 871 809 832 831 864 888 896 818 840 860 811 804 882 812 866 852 814 862 843 838 819 874 892 813 869 876 823 897 841 829 820 827 800 878 857 868 893 836 872 830 891 858 837 890 850 825 886 834 816 877 817 835 865 853 873 846 848 887 828 803 849 845 885 810
293 270 229 225 236 274 237 208 222 291 295 234 272 247 290 298 252 203 233 241 286 235 281 262 297 279 275 218 216 248 210 255 273 228 299 206 251 277 249 214 227 257 250 268 259 213 254 278 265 283 217 231 282 263 246 256 285 223 261 219 221 244 292 202 230 204 200 258 288 245 287 207 226 242 205 284 209 238 294 212 289 267 266 280 253
765 736 703 731 719 784 764 778 723 776 783 755 712 747 781 782 704 794 752 744 772 713 750 715 798 722 773 732 793 709 791 756 777 751 720 757 743 760 749 787 718 741 758 768 790 734 795 779 753 716 735 788 724 799 739 754 737 766 759 729 767 770 711 786 705 762 728 714 742 702 738 769 746 780 721 717 796 774 761 771 740 792 701
696 682 634 656 680 661 622 648 691 693 616 602 669 690 614 664 692 604 628 633 659 658 641 657 615 645 697 695 626 605 601 627 646 629 608 649 631 638 676 650 625 621 684 663 620 688 637 672 674 666 639 679 670 673 607 685 651 603 655 632 647 699 609 698 668 654 636 653 660 694 667 678 630 618 662 675 640 635 671 681 677 652 642 643 683 665
802
521 528 506 581 591 519 502 575 516 552 556 547 563 511 525 582 531 571 569 501 596 546 535 541 510 533 566 520 536 544 585 542 599 538 512 586 597 598 527 539 551 523 529 534 589 554 543 594 504 549 584 573 580 579 557 560 561 537 570 540 514 545 509 517 555 588 562 574 550 532 577 518 564 578 559 583 530 595 505 508 590 507 593 567
8
330 323 363 360 314 361 394 344 324 353 305 309 307 333 398 327 364 346 377 321 336 352 381 326 370 357 362 342 318 388 390 368 317 387 369 371 337 385 312 300 343 325 372 338 347 350 359 345 319 313 351 391 365 389 340 349 375 303 339 367 306 354 396 358 332 328 392 329 311 366 356 386 334 341 382 379 310 399 380 331 348 322 393 378
264
548
17
915
708
833
612
801
111
56
932
611
421
503
418
355
304
151
689
957
384
239
515
100
970
619
1
987
710
129
587
180
565
700
706
159
726
436
863
933
745
999
260
240
429
397
748
320
107
30
308
477
613
190
70
122
797
158
215
568
191
383
951
198
5
707
65
78
276
117
41
522
156
45
243
19
451
513
789
859
900
730
376
558
400
450
440
997
600
335
624
121
969
175
201
945
500
617
315
623
89
572
526
576
992
220
373
271
727
644
842
118
43
446
192
785
423
928
80
905
686
733
606
484
687
821
472
914
269
179
725
316
374
807
93
496
763
879
524
775
37
963
178
553
856
296
301
101
61
232
42
592
211
189
610
855
881
224
948
395
302
978
975
171