924 983 935 954 913 938 958 965 968 942 990 976 980 909 904 966 925 943 902 910 931 998 927 959 906 907 964 940 985 961 937 947 988 967 953 993 929 995 956 973 934 979 994 941 960 996 949 989 986 991 944 955 916 923 952 919 911 903 930 984 921 918 982 901 977 936 946 939 981 920 962 908 972 917 971 950 922 912 926 974
35 72 58 92 31 76 75 83 74 24 34 46 32 29 25 4 90 81 50 55 77 10 26 79 66 51 28 52 62 9 20 13 63 40 39 68 38 85 60 99 57 53 71 23 2 64 48 18 16 22 82 54 44 6 95 86 11 69 67 49 88 84 7 3 36 47 21 87 15 91 27 97 73 98 12 59 96 94 0 14 33
185 115 112 108 172 146 116 139 132 165 164 154 127 134 168 163 133 130 161 128 176 188 153 106 147 145 109 150 160 114 149 141 155 140 143 142 104 138 193 125 186 144 187 169 126 137 174 148 173 181 182 131 177 196 120 124 170 199 183 113 102 103 195 197 136 167 123 184 166 157 135 194 119 152 110 105 162
419 430 462 425 406 431 465 493 427 497 491 402 445 428 485 438 454 439 444 405 481 407 411 498 495 417 415 401 459 494 403 474 448 457 453 458 447 441 480 483 455 413 449 460 467 469 486 470 434 487 410 456 432 452 471 488 404 420 475 478 499 442 416 492 468 437 490 414 409 489 473 443 435 426 479 433 424 408 422 463 412 482 464 466 476 461
844 886 831 838 805 848 882 857 891 850 824 835 858 827 808 846 834 861 820 845 890 836 889 825 813 823 885 803 880 873 849 899 869 854 872 809 806 851 815 870 888 852 867 810 898 840 812 828 860 811 830 864 853 896 866 800 897 871 865 814 894 895 877 819 847 878 862 822 892 868 818 804 839 884 893 843 841 887 876 883 816 837 826 832 817 829 874 875
242 209 268 249 287 237 286 217 272 265 227 203 222 219 229 230 252 273 290 221 204 297 207 295 298 210 231 257 285 248 254 284 241 279 274 293 282 259 255 267 234 236 299 200 214 216 289 202 256 294 253 283 250 247 245 246 263 226 233 261 212 278 223 228 281 258 251 292 266 206 218 270 275 277 291 262 288 205 238 244 225 280 213 235 208
767 739 764 786 731 768 741 791 771 714 735 750 737 724 723 799 752 770 721 795 702 793 761 722 796 719 736 718 781 780 757 742 760 746 784 729 743 734 772 712 717 732 790 777 753 766 740 794 758 711 703 792 783 747 705 720 728 779 754 709 755 749 756 782 774 765 744 701 716 778 776 759 738 798 751 704 713 788 787 769 715 762 773
636 673 628 679 659 627 678 638 669 655 676 640 631 660 663 690 691 642 625 614 680 682 692 677 607 671 645 664 661 615 685 639 696 605 694 608 668 643 632 662 626 652 641 653 621 656 697 695 602 620 635 637 647 651 665 609 630 674 604 633 654 622 616 693 603 681 666 667 699 675 648 649 670 684 688 618 646 658 698 672 683 601 657 629 650 634
802
569 529 545 559 546 597 594 557 567 534 517 580 516 521 506 581 512 564 538 579 586 519 584 585 589 535 514 578 582 511 590 552 509 596 520 554 577 583 504 518 560 527 532 561 533 537 575 571 593 563 549 551 510 555 599 591 547 508 598 550 507 502 570 501 543 542 540 588 574 505 528 536 544 556 539 595 523 566 525 573 562 531 541 530
8
362 398 380 312 379 368 330 345 349 341 375 317 366 344 369 307 358 364 391 357 347 336 350 326 318 324 353 327 313 354 303 348 388 387 382 352 306 394 325 329 399 342 323 390 372 321 340 333 392 311 322 385 359 396 371 309 363 356 338 381 361 360 334 305 300 314 389 310 331 351 393 377 386 343 378 337 346 339 370 365 367 332 319
264
548
17
915
708
833
612
801
111
56
932
611
421
503
418
355
304
151
689
957
384
239
515
100
970
619
1
987
710
129
587
180
565
700
706
159
726
436
863
933
745
999
260
240
429
397
748
320
107
30
308
477
613
190
70
122
797
158
215
568
191
383
951
198
5
707
65
78
276
117
41
522
156
45
243
19
451
513
789
859
900
730
376
558
400
450
440
997
600
335
624
121
969
328
175
201
945
500
617
315
623
89
572
526
576
992
220
373
271
727
644
842
118
43
446
192
785
423
928
80
905
686
733
606
484
687
821
472
914
269
179
725
316
374
807
93
496
763
879
524
775
37
963
178
553
856
296
301
101
61
232
42
592
211
189
610
855
881
224
948
395
302
978
975
171