946 971 984 921 919 976 949 950 977 972 985 979 966 952 973 953 934 929 926 962 990 989 917 912 918 908 943 909 937 922 996 998 993 942 983 961 907 923 995 947 906 956 982 954 959 965 960 994 935 944 986 939 958 910 924 967 916 930 988 901 974 931 964 903 955 911 913 936 925 981 941 991 904 940 920 938 980 968 902 927
82 98 16 49 95 46 12 26 67 50 15 69 28 34 47 40 97 71 92 27 74 55 85 29 91 60 59 33 22 35 31 64 84 14 83 53 73 57 0 66 32 63 3 79 25 94 13 24 75 58 38 81 44 21 7 99 77 20 96 11 9 39 52 62 18 86 76 72 54 88 2 68 87 51 23 10 4 90 6 48 36
128 130 168 185 188 182 172 154 150 170 126 115 155 194 148 114 108 195 166 135 177 112 176 145 134 169 136 139 104 103 184 124 161 137 160 106 119 105 199 142 125 131 138 143 140 133 141 110 193 164 197 127 163 181 157 123 113 109 186 120 187 153 102 183 116 167 152 196 165 144 174 162 146 173 147 132 149
424 432 467 433 468 454 463 411 404 415 470 419 445 479 422 482 465 414 491 455 425 444 434 407 464 405 466 430 461 417 469 456 490 457 475 403 401 426 443 471 498 497 452 442 438 416 435 402 495 483 476 480 460 447 441 428 481 473 420 453 406 409 439 494 459 474 485 488 412 493 408 489 462 458 487 413 437 448 486 478 410 427 449 492 499 431
845 841 897 874 849 836 871 890 872 817 873 819 813 839 830 843 867 884 844 895 891 869 894 822 878 846 882 850 816 823 889 870 834 828 854 885 806 805 847 848 880 824 838 829 898 810 899 831 865 888 814 851 811 804 876 835 857 809 808 896 812 826 864 858 887 840 815 818 866 837 892 820 800 825 803 877 827 860 862 832 868 893 883 852 886 875 853 861
245 247 259 227 280 217 226 255 236 229 222 246 250 257 270 285 291 262 278 288 290 298 206 258 295 216 283 268 235 293 251 208 242 214 238 212 256 254 265 209 274 284 205 233 277 252 286 294 221 263 244 292 200 207 281 219 297 253 223 218 249 241 299 225 234 282 287 230 203 272 228 213 289 267 275 231 248 273 210 204 266 279 261 202 237
798 705 743 701 772 768 747 714 720 724 721 737 792 722 735 769 732 758 771 757 781 774 752 778 751 728 766 754 741 709 713 764 795 736 788 762 779 703 702 746 791 704 756 790 755 749 738 716 739 717 729 711 723 787 760 770 750 715 796 799 734 744 740 773 767 765 742 776 783 761 777 712 719 786 782 731 793 780 718 794 759 784 753
652 690 684 622 695 663 601 651 668 657 667 660 634 688 694 605 640 673 692 674 654 637 626 616 621 633 643 649 647 672 659 678 636 685 635 638 691 683 642 604 609 680 682 620 679 607 671 666 627 658 631 615 696 603 632 661 628 665 648 650 664 645 646 670 677 608 625 693 602 698 614 653 639 681 675 629 697 618 699 669 655 630 662 641 676
802
594 591 579 533 530 549 502 550 569 585 557 590 537 546 516 570 560 534 532 595 575 538 531 539 527 573 520 511 504 584 589 541 542 510 547 506 517 581 593 525 535 599 582 574 505 545 501 566 540 554 512 564 580 596 523 577 567 561 536 551 555 508 563 586 583 571 598 507 543 552 544 559 518 529 588 597 528 521 514 509 519 556 578 562
8
349 394 381 318 388 300 307 363 396 330 310 347 314 303 371 360 364 385 326 348 387 311 366 391 356 377 322 380 382 309 367 375 365 368 331 305 312 321 325 319 362 359 333 390 346 342 393 370 317 353 334 344 345 354 340 313 392 341 324 358 323 351 329 372 337 361 338 350 386 369 332 339 379 378 389 357 352 306 327 398 343 399 336
264
548
17
915
708
833
612
801
111
56
932
611
421
503
418
355
304
151
656
689
957
384
239
515
100
970
619
1
987
710
129
587
180
565
700
706
159
726
436
863
933
745
999
260
240
429
397
748
320
107
30
308
477
613
190
70
122
797
158
215
568
191
383
951
198
5
707
65
78
276
117
41
522
156
45
243
19
451
513
789
859
900
730
376
558
400
450
440
997
600
335
624
121
969
328
175
201
945
500
617
315
623
89
572
526
576
992
220
373
271
727
644
842
118
43
446
192
785
423
928
80
905
686
733
606
484
687
821
472
914
269
179
725
316
374
807
93
496
763
879
524
775
37
963
178
553
856
296
301
101
61
232
42
592
211
189
610
855
881
224
948
395
302
978
975
171