906 926 920 989 942 995 982 923 974 998 943 909 964 918 973 912 921 937 955 988 904 929 994 913 950 944 924 940 962 976 990 916 954 903 917 984 979 952 931 941 936 996 953 947 972 991 935 965 910 966 956 939 902 960 980 925 961 986 981 967 911 930 959 958 983 977 934 971 938 927 946 901 922 968 985 908 993 907 949 919
83 40 14 86 16 44 38 97 46 50 2 11 60 9 92 79 31 39 53 33 77 13 62 3 72 49 23 22 99 36 58 7 6 4 82 71 88 26 0 27 66 64 32 91 67 18 51 96 48 15 34 57 76 73 94 55 20 35 87 95 98 59 24 69 68 47 52 90 29 28 21 54 63 85 75 84 81 25 10 74 12
164 176 155 136 114 195 127 149 167 116 157 140 186 144 165 112 125 115 181 143 170 130 142 168 104 128 160 135 146 102 183 154 162 134 197 193 133 108 196 119 184 147 166 132 174 124 152 172 131 113 137 169 150 188 148 138 194 145 123 187 105 120 103 141 163 110 139 173 182 106 109 177 153 185 126 161
449 426 490 463 402 493 468 413 439 416 428 458 480 471 453 478 433 487 432 483 442 410 412 486 482 434 438 435 411 488 420 461 448 419 473 405 444 437 443 464 465 476 494 422 466 499 414 474 455 492 475 452 427 441 447 498 403 457 404 485 401 406 467 425 479 491 462 417 489 409 407 481 469 415 430 495 408 454 470 445 497 456 460 459 424 431
827 878 867 824 814 819 861 868 835 803 837 853 809 838 854 899 883 844 877 891 884 875 876 811 895 865 889 848 818 890 839 830 829 852 836 823 816 886 845 857 872 804 805 885 820 828 864 831 849 815 871 826 813 869 834 888 897 851 810 800 860 832 882 850 880 840 822 892 873 893 862 896 870 846 887 898 812 894 874 858 825 806 847 866 808 841 843 817
267 252 250 203 251 230 226 246 234 218 277 284 205 245 287 206 280 259 275 212 291 223 298 265 285 270 238 237 268 294 241 279 263 262 248 292 281 254 216 214 219 207 247 297 299 202 253 282 209 255 200 229 288 217 274 256 225 228 258 293 244 231 221 233 213 273 290 208 236 272 249 222 204 278 295 257 261 210 283 286 235 289 266 227 242
784 778 787 780 711 701 783 713 746 793 772 704 714 752 755 734 702 798 786 721 791 715 758 762 737 739 782 788 751 705 796 790 765 794 741 753 754 776 761 740 729 719 757 768 770 742 732 724 709 792 771 728 795 723 747 756 767 759 738 716 749 736 720 703 766 712 764 743 779 799 731 774 781 718 760 735 722 750 717 773 744 777 769
691 626 698 682 627 679 615 697 603 658 602 685 683 634 632 684 661 675 609 604 635 677 696 688 637 645 657 628 614 673 699 608 669 672 641 666 607 690 678 660 633 648 629 694 616 630 618 638 620 639 651 674 647 676 652 653 649 622 650 605 670 642 654 646 668 671 631 662 643 680 665 601 655 693 681 663 636 659 667 664 692 621 625 695 640
802
562 520 517 549 527 579 508 518 529 510 530 575 547 554 590 546 591 506 585 551 599 511 507 532 536 570 593 574 598 516 552 595 578 550 534 545 557 582 544 542 535 537 543 586 509 580 584 566 571 556 504 567 541 538 519 525 577 540 588 559 594 512 564 501 573 589 502 597 596 563 523 560 555 539 514 569 521 561 581 528 531 533 583 505
8
313 352 303 394 363 375 371 333 359 336 358 382 377 353 389 381 339 323 343 329 357 365 307 368 345 309 300 330 312 305 342 367 390 319 340 369 399 326 318 386 346 324 392 398 379 347 311 372 317 348 370 366 341 349 332 351 331 338 360 337 396 380 387 356 327 354 322 344 385 350 362 306 364 321 391 393 310 388 361 334 378 314 325
264
548
17
915
708
833
612
801
111
56
932
611
421
503
418
355
304
151
656
689
957
384
239
515
100
970
619
1
987
710
129
587
180
565
700
706
159
726
436
863
933
745
999
260
240
429
397
748
320
107
30
308
477
613
190
70
122
797
158
215
568
191
383
951
198
5
707
65
78
276
117
41
522
156
45
243
19
451
513
789
859
900
730
376
558
400
450
440
997
600
335
624
121
969
328
175
201
945
500
617
315
623
89
572
526
576
992
220
373
271
727
644
842
118
43
446
192
785
423
928
80
905
686
733
606
484
687
821
472
914
269
179
725
316
374
807
93
496
763
879
524
775
37
963
178
199
553
856
296
301
101
61
232
42
592
211
189
610
855
881
224
948
395
302
978
975
171