955 918 982 986 953 923 942 927 908 910 962 981 949 919 957 903 925 935 900 922 958 999 905 945 901 996 989 972 990 960 979 928 966 916 926 978 907 997 929 931 961 904 906 993 985 944 938 909 924 948 975 947 988 932 902 983 980 976 970 911 971 940 917 939 914 973 941 969 974 920 936 987 943 946 995 954 950 937 963 952 998 977 921 967 912 965 964 915 951 933 930 934 956 992 991 984 959 968 994 913
73 7 65 71 23 42 50 98 40 53 8 22 56 49 12 64 15 99 29 44 63 86 90 69 57 52 74 19 48 83 81 97 51 91 27 13 26 60 82 32 33 47 41 11 78 39 95 25 88 75 85 2 89 92 24 79 36 10 6 28 67 58 72 66 34 68 61 0 62 80 4 43 76 84 9 20 21 38 54 18 14 35 3 94 55 70 87 5 30 37 17 77 16 46 45 93 31 59 96
193 127 134 110 179 156 131 109 184 117 100 188 186 102 125 173 135 198 123 199 168 141 163 140 155 153 171 126 144 112 175 139 128 129 121 165 185 132 160 103 180 133 181 108 146 192 164 138 120 177 107 178 106 183 143 149 197 148 137 195 119 104 115 189 170 145 136 187 169 176 196 182 172 167 162 114 154 152 124 122 158 118 194 113 190 161 151 174 159 130 105 116 111 166 150 157 147 142 191
431 422 449 438 429 472 456 410 419 497 414 439 440 471 470 447 437 476 418 487 498 489 474 444 448 415 459 475 411 478 436 494 405 457 402 433 445 428 461 462 421 480 468 412 499 450 481 417 451 452 441 483 495 464 454 486 420 406 469 423 482 488 460 401 424 479 485 493 458 467 403 416 443 490 409 477 442 446 425 434 404 465 496 407 453 473 427 492 435 491 466 413 484 430 408 426 463 455 432
800 811 808 849 805 824 876 837 820 809 817 833 848 857 868 814 880 828 825 839 822 812 804 829 844 806 869 843 892 867 854 847 830 826 865 890 859 884 834 881 894 807 846 897 891 871 841 879 856 836 877 896 827 845 862 887 864 821 898 838 803 895 810 802 899 815 866 801 850 873 886 819 883 818 889 840 874 888 882 831 832 858 855 885 863 875 853 823 872 893 870 842 878 851 816 860 861 813 835 852
256 233 227 286 249 239 215 269 209 273 261 252 242 205 285 235 202 246 206 251 218 224 259 260 237 283 297 298 288 277 294 234 229 244 282 217 220 296 228 241 253 208 203 238 211 293 265 257 207 280 212 243 222 267 264 250 270 247 221 226 255 204 268 291 214 240 290 236 272 279 200 216 213 271 263 210 219 299 262 295 223 231 225 258 230 281 276 275 248 278 266 245 254 292 289 232 284 274 287
752 750 743 747 784 778 794 707 741 703 785 768 760 706 746 792 740 797 764 761 714 796 789 742 758 787 793 704 775 729 708 701 749 755 702 770 727 710 726 769 763 744 724 779 754 773 718 716 759 725 767 731 780 734 776 738 720 762 790 751 713 783 709 798 765 774 791 719 730 786 756 748 737 715 711 712 772 732 782 736 739 721 735 723 733 788 781 757 722 717 799 705 766 777 795 728 771 753 745
603 687 633 693 601 631 644 641 689 699 648 663 604 611 620 691 636 651 645 680 671 654 666 677 630 670 605 675 653 613 609 681 632 610 667 629 623 678 660 669 619 639 688 640 684 647 650 621 697 690 698 618 682 608 652 642 695 624 656 602 674 622 692 637 625 662 686 638 649 643 612 607 646 664 627 635 658 628 683 679 685 626 655 665 672 676 659 616 615 696 661 634 673 614 606 694 657 617 668
505 509 575 552 519 545 517 527 581 569 597 590 511 564 530 535 574 578 577 543 538 584 595 586 507 501 579 594 536 516 550 598 582 502 568 555 565 561 596 588 549 525 559 551 504 528 529 510 531 524 589 566 587 562 514 544 573 571 580 593 515 548 503 585 592 521 508 539 506 591 523 572 570 532 557 553 560 526 533 556 518 567 540 558 512 563 583 537 542 546 522 576 599 554 547 541 520 534 513
313 314 373 331 301 344 376 307 377 369 396 334 303 381 315 327 383 375 391 324 390 311 341 394 332 371 358 352 374 326 362 337 372 388 353 365 395 385 336 306 310 363 318 356 325 351 355 305 359 349 384 335 346 366 370 379 330 312 328 300 393 387 333 397 361 342 382 340 348 386 354 338 304 378 302 319 389 343 345 392 323 329 367 320 364 360 347 380 317 399 322 309 308 357 316 350 368 339 398 321
1
700
400
600
201
500
101