961 924 926 947 993 935 922 981 988 995 955 966 906 934 967 901 953 937 959 929 973 956 917 911 916 996 980 965 919 942 939 979 931 903 971 910 964 949 989 962 912 940 941 976 907 921 991 920 923 918 944 902 908 985 983 927 960 925 946 909 986 974 952 990 994 938 950 984 943 982 958 913 977 972 998 904 954 936 930 968
25 38 83 72 90 82 23 14 92 76 59 29 9 68 63 2 77 84 66 32 47 55 21 95 73 36 49 28 50 27 44 40 54 22 98 51 35 74 85 58 46 52 99 60 31 11 91 62 16 33 7 57 24 0 69 13 88 71 6 97 39 10 48 15 94 64 34 87 96 53 67 18 3 12 81 20 4 86 79 75 26
147 196 155 124 102 113 105 116 125 149 150 172 137 197 110 186 153 185 168 132 119 115 165 136 145 120 170 163 188 148 152 131 173 143 169 164 135 108 127 161 154 141 106 181 157 167 194 138 112 162 176 140 144 134 114 126 128 139 104 123 142 187 109 160 166 182 183 146 177 133 103 193 184 174 195
469 460 479 422 487 405 473 498 456 413 426 476 478 419 464 455 416 481 465 428 475 420 497 402 401 493 412 490 459 492 457 466 408 462 407 432 488 453 445 411 468 471 480 415 442 474 447 495 482 483 485 449 461 467 486 404 470 441 452 454 417 458 489 499 409 435 438 434 424 414 433 448 443 494 491 437 425 439 406 410 463 431 403 444 430 427
810 882 809 890 883 812 846 861 865 889 841 840 847 877 893 858 815 834 874 839 857 864 805 813 876 824 871 888 850 899 804 880 862 832 848 808 867 803 828 845 806 826 819 817 866 818 831 894 885 896 849 816 836 843 827 870 878 897 860 811 873 851 830 886 884 869 835 800 838 895 823 853 891 822 852 887 854 820 814 825 872 844 875 837 892 829 898 868
282 236 216 226 237 293 292 242 252 257 280 230 219 274 228 299 202 251 297 294 248 212 290 249 207 258 218 256 223 203 200 262 295 255 238 221 286 250 273 253 279 281 287 225 235 233 285 204 288 298 278 277 247 272 246 227 229 234 214 268 266 289 291 261 209 259 222 267 205 208 275 213 245 270 244 206 210 263 265 231 241 284 283 254 217
703 737 746 702 721 704 731 734 792 777 788 723 759 720 783 719 750 779 781 772 713 768 735 793 799 753 757 744 780 790 795 751 798 766 742 787 773 796 743 749 714 767 771 741 765 769 732 760 752 782 739 729 740 794 715 761 728 762 718 747 709 770 754 755 705 778 758 722 774 786 764 716 711 717 736 724 712 738 784 776 791 701 756
666 694 647 615 684 699 614 642 690 674 663 655 609 635 677 652 688 679 657 603 634 607 669 641 691 608 622 638 696 604 697 639 685 681 628 648 632 693 665 695 602 643 676 659 650 640 621 653 618 626 682 671 667 675 678 625 672 636 646 662 627 661 645 658 630 629 698 668 616 620 683 605 649 601 651 670 680 637 633 673 631 654 660 692 664
802
535 550 584 549 567 580 531 534 578 501 585 586 510 505 512 509 552 547 555 566 527 559 528 579 597 557 577 502 533 538 536 589 545 542 591 574 529 523 517 554 525 511 504 596 581 593 532 573 594 588 544 562 560 582 546 516 539 520 599 540 518 507 537 556 563 508 551 519 543 514 570 571 569 521 530 564 575 506 595 590 598 561 541 583
8
357 321 356 370 354 372 389 375 378 314 310 365 309 385 353 336 381 338 358 325 360 368 333 324 327 323 326 359 311 363 330 334 349 361 332 331 391 312 367 392 322 352 394 339 344 387 399 300 348 390 350 307 398 366 345 379 341 343 393 371 382 340 386 305 362 329 318 364 337 380 377 347 369 319 396 317 306 342 303 346 388 313 351
264
548
17
915
708
833
612
801
111
56
932
611
421
503
418
355
304
151
656
689
957
384
239
515
100
970
619
1
987
710
129
587
180
565
700
706
159
726
436
863
933
745
999
260
240
429
397
748
320
107
30
308
477
613
190
70
122
797
158
215
568
191
383
951
198
5
707
65
78
276
117
41
522
156
45
243
19
451
513
789
859
900
730
376
558
400
450
440
997
600
335
624
121
969
328
175
201
945
500
130
617
315
623
89
572
526
576
992
220
373
271
727
644
842
118
43
446
192
785
423
928
80
905
686
733
606
484
687
821
472
914
269
179
725
316
374
807
93
496
763
879
524
775
37
963
178
199
553
856
296
301
101
61
232
42
592
211
189
610
855
881
224
948
395
302
978
975
171