924 922 961 936 911 958 919 907 962 916 996 990 925 968 923 989 993 991 909 939 981 967 910 912 918 953 917 964 952 998 979 995 926 944 927 977 934 973 980 994 988 982 930 943 949 956 972 935 966 904 920 971 960 946 902 938 985 959 950 921 965 913 906 947 983 908 929 942 931 954 976 940 903 955 986 901 941 974 984
0 55 71 72 62 11 75 12 4 38 13 24 76 50 88 32 79 9 47 20 46 83 16 58 68 97 39 15 35 28 6 95 22 18 21 31 49 66 60 33 69 36 7 57 52 64 2 27 98 91 34 3 86 90 10 59 25 92 63 48 23 99 94 73 29 85 74 51 96 53 82 54 84 14 87 44 81 40 67 77 26
132 147 114 185 139 194 137 193 142 110 134 108 183 103 126 140 149 148 112 186 161 160 136 104 102 119 169 123 188 168 166 127 187 165 154 167 174 197 109 144 105 145 152 177 173 181 184 128 120 115 124 141 176 162 150 133 157 116 138 182 143 164 170 106 146 153 172 131 155 125 135 196 163 195 113
455 479 489 416 410 444 485 456 424 480 431 425 492 437 471 457 499 454 482 417 464 453 426 448 465 405 434 497 486 466 475 442 487 403 401 461 435 495 438 407 493 467 458 408 468 428 404 478 463 462 447 476 449 459 409 441 473 433 491 445 414 432 488 498 406 443 402 481 420 430 483 413 427 411 412 439 490 470 460 452 474 494 422 419 469 415
872 871 889 850 864 865 810 852 809 873 847 849 898 854 823 890 834 851 893 837 811 838 891 844 899 869 884 858 896 857 846 845 822 812 861 876 828 866 831 848 825 880 818 804 894 888 824 868 808 882 883 803 867 826 819 875 814 841 835 853 892 813 839 887 832 817 843 895 816 836 877 860 874 878 820 830 870 885 829 827 897 800 886 840 805 815 862 806
250 259 214 229 255 207 295 265 277 268 242 297 281 203 218 263 236 233 213 200 272 226 204 257 275 270 223 285 208 288 230 280 251 238 278 256 244 267 294 249 202 254 283 217 205 231 274 216 279 209 266 212 245 284 261 258 292 241 235 252 287 298 253 299 262 290 293 221 289 247 225 222 227 246 234 286 206 273 237 228 291 210 248 282 219
715 735 755 739 702 791 712 737 779 780 794 742 717 743 744 757 716 760 738 769 787 734 750 714 754 783 728 766 731 747 781 718 796 753 771 776 793 788 770 752 722 704 701 703 709 772 711 786 732 705 768 751 790 774 741 784 721 740 749 792 795 736 777 799 765 720 713 764 723 759 746 724 758 762 761 729 773 756 778 798 719 767 782
672 663 601 655 673 671 669 668 615 614 676 609 677 633 695 603 629 634 649 636 646 648 640 647 690 642 675 621 625 607 631 688 637 605 661 659 683 628 680 698 653 626 627 652 604 665 674 643 641 654 696 616 662 639 635 670 645 692 602 608 681 657 650 678 679 664 622 618 658 691 682 651 638 684 697 632 685 620 694 693 667 630 666 660 699
802
543 501 517 551 585 546 528 560 519 521 557 520 591 534 552 575 598 556 530 523 538 545 594 529 531 542 537 578 533 535 574 514 577 562 555 584 589 582 506 583 579 541 595 532 509 564 512 504 567 510 511 593 569 570 549 586 540 536 518 588 547 544 563 573 505 508 571 597 581 539 566 561 525 596 550 507 516 599 554 580 527 502 590 559
8
319 368 362 354 398 311 333 326 341 367 347 356 372 342 370 337 364 375 349 385 323 351 353 306 388 322 378 363 318 309 389 325 348 352 321 382 331 392 358 330 357 310 380 324 314 361 338 386 345 346 371 390 365 399 339 340 396 387 334 336 366 305 360 307 391 313 394 332 327 359 317 369 393 379 343 344 312 300 350 329 377 303 381
264
548
17
915
708
833
612
801
111
56
932
611
421
503
418
355
304
151
656
689
957
384
239
515
100
970
619
1
987
710
129
587
180
565
700
706
159
726
436
863
933
745
999
260
240
429
397
748
320
107
30
308
477
613
190
70
122
797
158
215
568
191
383
937
951
198
5
707
65
78
276
117
41
522
156
45
243
19
451
513
789
859
900
730
376
558
400
450
440
997
600
335
624
121
969
328
175
201
945
500
130
617
315
623
89
572
526
576
992
220
373
271
727
644
842
118
43
446
192
785
423
928
80
905
686
733
606
484
687
821
472
914
269
179
725
316
374
807
93
496
763
879
524
775
37
963
178
199
553
856
296
301
101
61
232
42
592
211
189
610
855
881
224
948
395
302
978
975
171