929 953 976 939 927 965 924 973 982 930 917 944 911 986 961 960 966 983 977 984 995 988 923 943 941 934 968 949 946 940 964 903 958 918 906 985 920 909 913 996 925 972 981 935 907 908 926 994 931 902 991 971 962 904 959 956 989 993 980 954 912 938 990 919 936 979 921 942 952 998 974 955 910 950 922 916 967 947 901
24 2 14 23 3 99 25 40 94 28 55 84 92 71 74 59 77 67 31 66 72 27 90 29 91 96 10 38 34 53 9 21 95 69 32 60 20 82 52 50 46 83 6 64 4 39 13 33 35 58 76 0 44 48 26 49 79 54 16 12 73 88 51 98 7 22 81 11 68 36 87 47 62 97 57 75 86 15 85 63 18
133 116 165 161 145 125 170 106 102 124 104 157 164 128 144 136 142 184 137 140 138 194 119 103 127 141 181 147 148 176 169 186 153 105 182 195 152 146 139 113 131 109 167 114 155 188 172 160 126 115 183 149 177 120 150 168 166 173 132 143 135 134 187 112 193 196 174 197 163 185 108 110 162 154
474 454 458 455 413 469 408 443 434 437 415 448 457 427 471 486 473 470 422 494 409 435 402 439 410 480 442 425 467 452 404 464 487 462 465 424 449 441 412 497 419 401 461 463 432 445 417 456 490 420 495 433 475 428 403 416 483 447 453 466 430 444 459 431 489 488 411 405 479 492 491 414 478 407 460 482 498 426 438 481 468 485 499 476 406 493
882 808 813 869 872 878 896 858 800 864 893 870 867 845 894 830 841 822 883 843 874 851 848 831 832 828 820 889 804 814 846 862 809 829 865 840 806 818 868 812 819 895 888 849 885 884 898 811 852 880 876 817 805 823 827 839 854 887 838 803 875 853 825 850 892 891 890 816 899 836 844 897 835 847 860 877 826 837 861 810 866 834 886 815 857 824 873 871
209 294 254 289 250 227 272 219 275 206 299 286 256 266 268 282 207 298 293 283 291 228 290 287 226 297 235 218 285 277 213 221 242 230 229 237 216 241 214 278 205 244 255 245 210 233 263 258 273 261 248 253 231 295 288 251 284 267 238 249 265 259 247 280 279 252 212 262 234 208 223 281 217 257 236 292 246 203 270 202 274 200 225 204 222
770 791 712 768 764 740 752 719 781 793 714 755 778 792 738 715 754 732 757 760 746 709 717 705 783 765 766 718 731 767 794 721 734 782 736 728 724 784 773 737 749 762 769 742 756 744 751 771 743 723 702 739 759 716 711 704 729 777 798 741 796 786 722 750 753 780 774 776 720 787 761 779 713 788 758 701 772 735 790 795 747 799 703
653 688 643 681 670 642 620 672 658 641 621 616 684 696 604 628 638 639 659 646 636 668 683 605 650 692 602 685 667 630 640 691 649 663 618 645 609 652 657 615 651 607 608 661 627 614 629 626 680 603 690 698 655 676 622 693 634 631 648 664 695 673 679 662 675 647 694 632 678 625 674 682 697 666 677 699 660 635 654 671 665 633 637 601 669
802
534 573 517 530 518 547 536 511 581 539 523 575 544 585 554 549 579 557 504 594 566 563 537 583 508 582 562 593 506 552 542 521 545 598 556 595 578 551 588 528 574 514 570 586 531 532 555 527 501 561 560 509 510 538 589 535 507 569 584 564 520 516 559 543 525 502 529 519 597 546 599 567 596 580 541 512 540 590 577 550 533 571 591 505
8
309 347 321 385 370 303 369 367 345 394 362 324 323 339 365 352 361 387 325 350 312 343 334 333 353 364 340 354 311 300 306 375 393 392 341 310 349 332 388 305 313 348 368 386 358 356 396 372 346 359 330 398 337 399 317 326 357 329 319 380 338 314 391 322 379 360 336 342 344 389 382 371 363 307 390 327 366 378 331 377 381 351 318
264
548
17
915
708
833
612
801
111
56
932
611
421
503
418
355
304
151
656
123
689
957
384
239
515
100
970
619
1
987
710
129
587
180
565
700
706
159
726
436
863
933
745
999
260
240
429
397
748
320
107
30
308
477
613
190
70
122
797
158
215
568
191
383
937
951
198
5
707
65
78
276
117
41
522
156
45
243
19
451
513
789
859
900
730
376
558
400
450
440
997
600
335
624
121
969
328
175
201
945
500
130
617
315
623
89
572
526
576
992
220
373
271
727
644
842
118
43
446
192
785
423
928
80
905
686
733
606
484
687
821
472
914
269
179
725
316
374
807
93
496
763
879
524
775
37
963
178
199
553
856
296
301
101
61
232
42
592
211
189
610
855
881
224
948
395
302
978
975
171