947 935 995 980 964 993 971 972 990 906 960 934 961 912 922 974 931 977 924 909 910 930 956 984 968 989 902 983 950 938 901 917 944 985 994 991 921 923 903 940 920 942 904 941 982 926 998 965 952 979 955 966 927 918 962 911 996 925 936 929 988 976 946 958 953 959 919 916 939 967 949 981 943 973 986 954 907 908 913
74 51 33 10 27 24 3 64 11 55 0 68 94 25 77 69 75 62 67 20 47 16 26 13 83 4 86 66 15 73 63 58 88 39 82 9 22 53 59 54 50 87 21 81 18 85 2 95 96 57 92 76 6 99 12 14 97 38 40 91 23 71 60 34 36 52 79 44 28 49 84 90 32 46 98 48 29 35 72 7 31
126 137 141 195 106 147 152 135 139 168 150 102 113 120 142 160 157 109 132 161 183 133 138 114 146 165 145 164 177 154 127 188 186 170 125 112 172 131 184 103 104 187 181 196 166 149 185 182 193 134 176 153 163 110 155 174 124 105 167 115 136 128 143 169 162 116 148 140 173 197 108 119 144 194
471 492 457 425 438 483 403 444 469 456 411 424 419 406 416 432 410 455 461 481 430 463 476 494 433 412 413 422 479 480 466 401 499 454 415 497 489 449 443 487 442 402 447 441 435 498 468 431 486 462 474 408 488 439 478 437 448 482 493 460 427 434 464 475 404 420 490 467 414 452 453 407 459 426 470 417 465 491 495 473 485 428 409 445 458 405
862 818 866 846 860 887 815 899 857 890 891 811 823 814 896 861 831 888 827 830 832 848 841 825 840 895 897 810 884 898 806 877 819 892 882 865 800 826 836 893 854 816 803 873 829 871 820 845 835 880 894 804 847 850 864 868 886 844 870 843 809 817 824 813 874 822 834 852 812 805 869 872 858 851 885 883 889 867 853 878 876 839 837 838 849 828 875
251 262 245 207 272 279 253 206 231 230 241 255 283 213 222 244 270 293 267 281 212 249 226 290 284 280 297 278 227 268 275 294 210 285 273 257 248 252 291 203 202 289 216 263 286 237 246 229 200 258 299 266 265 217 218 205 221 292 223 219 256 247 208 254 298 288 274 204 277 228 233 261 250 234 235 282 214 209 236 238 287 295 259 225 242
723 718 769 757 732 729 746 753 747 719 758 764 739 755 722 749 736 703 786 768 740 783 714 765 772 756 711 737 728 776 731 717 798 715 771 759 716 754 782 720 792 761 766 778 780 701 724 760 742 790 777 791 713 796 751 779 770 721 709 712 784 752 781 787 702 704 799 705 788 750 767 762 743 793 741 735 774 794 744 773 738 734 795
677 671 667 674 673 640 660 692 659 622 651 681 645 639 669 636 684 695 634 653 685 618 658 615 666 688 608 609 603 654 641 616 642 662 683 630 605 626 661 635 625 620 627 693 647 680 646 601 628 672 679 614 670 650 602 638 675 691 668 631 697 694 629 665 607 652 678 676 696 682 632 604 698 655 663 621 699 643 690 664 648 649 657 633 637
802
591 555 588 533 560 586 514 542 538 598 528 571 509 544 517 552 534 582 573 532 540 580 535 570 596 581 554 531 511 579 510 577 520 597 516 594 547 543 506 537 508 502 521 525 578 527 584 562 589 561 546 566 551 536 557 583 574 595 585 556 563 505 518 529 539 550 590 519 523 530 501 549 575 512 545 507 599 593 504 559 564 567 569 541
8
330 336 343 393 338 346 367 313 340 379 318 309 342 349 369 385 344 300 303 350 345 382 377 370 357 337 321 314 306 390 391 368 353 327 389 394 381 398 360 388 329 339 399 387 341 331 372 366 319 332 307 305 310 356 363 348 386 371 364 352 359 378 351 375 312 326 317 365 324 347 334 325 323 358 392 322 361 396 354 333 362 311 380
264
548
17
915
708
833
612
801
111
56
932
611
421
503
418
355
304
151
656
123
689
957
384
239
515
100
970
619
1
987
710
129
587
180
565
700
706
159
726
436
863
808
933
745
999
260
240
429
397
748
320
107
30
308
477
613
190
70
122
797
158
215
568
191
383
937
951
198
5
707
65
78
276
117
41
522
156
45
243
19
451
513
789
859
900
730
376
558
400
450
440
997
600
335
624
121
969
328
175
201
945
500
130
617
315
623
89
572
526
576
992
220
373
271
727
644
842
118
43
446
192
785
423
928
80
905
686
733
606
484
687
821
472
914
269
179
725
316
374
807
93
496
763
879
524
775
37
963
178
199
553
856
296
301
101
61
232
42
592
211
189
610
855
881
224
948
395
302
978
975
171