934 927 955 966 977 961 954 902 901 903 911 985 964 967 946 947 924 994 971 926 913 935 910 916 931 942 929 950 962 953 960 984 965 981 991 986 979 904 912 980 908 973 972 907 930 990 968 909 949 989 906 976 923 917 958 944 998 925 982 938 983 939 919 943 941 993 940 995 922 996 974 952 921 959 936 918 988 920 956
60 55 16 35 79 75 88 53 6 90 51 64 73 39 77 27 33 91 14 69 57 72 29 32 7 85 23 99 10 13 20 86 4 82 84 0 21 97 62 31 49 22 15 96 2 52 12 76 9 46 92 63 58 25 67 40 26 81 3 68 34 11 87 50 59 47 28 54 44 18 95 74 24 71 36 98 94 83 66 48 38
177 124 137 140 148 132 173 183 163 127 166 126 119 185 170 186 164 120 138 197 113 153 141 187 144 162 115 165 135 167 157 168 169 110 155 104 154 182 105 152 145 196 106 150 109 102 131 143 103 174 188 172 125 112 193 176 114 139 134 146 161 194 147 181 116 136 184 133 128 142 108 160 149 195
434 462 499 424 428 432 439 490 442 474 426 445 453 413 482 425 476 471 449 492 463 419 414 465 455 403 430 408 427 467 493 412 491 483 454 437 438 497 458 481 420 452 498 460 480 409 457 486 479 415 404 495 416 422 443 407 473 447 410 417 466 461 468 456 411 489 406 469 433 475 441 485 488 464 494 459 431 405 448 478 435 444 402 401 487 470
883 811 871 888 806 835 823 877 822 839 852 831 860 858 844 810 865 829 814 889 890 816 892 870 805 887 899 815 884 827 837 812 872 861 824 894 874 832 875 886 878 849 882 818 845 819 846 876 803 869 893 841 838 817 857 854 825 836 891 868 862 847 885 866 853 864 896 828 804 898 895 826 800 809 880 897 850 820 851 813 830 840 848 843 873 867 834
266 241 238 235 205 252 288 204 208 216 218 286 273 213 250 226 202 229 258 244 289 274 246 294 255 253 209 221 248 290 278 267 231 261 245 275 270 284 291 225 251 242 298 295 207 230 262 287 297 292 249 227 293 299 263 268 272 282 233 257 206 234 256 254 217 200 223 228 247 236 283 259 222 237 281 210 203 212 280 214 285 277 265 219 279
750 741 774 757 737 718 722 786 756 776 751 767 787 770 740 721 779 765 762 769 772 701 732 758 724 736 793 792 713 743 734 752 728 731 781 761 782 760 773 739 709 788 705 742 790 723 794 712 747 768 764 729 780 703 755 784 714 777 744 719 720 711 778 759 746 798 796 715 799 704 795 766 716 754 783 735 738 791 771 753 702 717 749
601 675 627 649 682 659 660 647 639 690 699 622 663 633 628 665 648 618 698 694 621 620 673 669 655 657 616 688 697 650 664 658 615 695 634 641 661 671 693 696 642 652 626 681 676 662 653 625 674 637 654 609 692 602 685 643 604 670 672 603 635 638 684 614 646 691 632 679 607 636 677 651 666 680 668 630 645 629 640 683 678 667 631 605 608
802
528 535 590 560 517 597 502 542 566 591 567 505 561 534 588 596 556 508 580 598 554 546 574 516 510 577 547 569 562 544 563 529 578 557 525 539 541 584 521 586 593 501 531 582 507 527 571 509 540 575 595 583 564 589 599 533 518 523 530 536 543 579 550 538 551 594 520 581 506 570 552 559 585 504 511 555 519 512 514 537 549 573 532 545
8
367 356 331 337 348 380 393 392 310 313 341 345 351 357 321 327 334 340 386 349 366 362 377 303 394 336 378 319 390 330 382 375 350 389 329 391 307 318 399 325 352 369 312 342 364 305 371 363 370 333 332 360 339 317 381 346 344 309 387 379 365 354 359 368 311 343 306 300 347 398 361 323 314 324 326 388 353 322 338 396 372 385
264
548
17
915
708
833
612
801
111
56
932
611
421
503
418
355
304
151
656
123
689
957
384
239
515
100
970
619
1
987
710
129
587
180
565
700
706
159
726
436
863
808
933
745
999
260
240
429
397
748
320
107
30
308
477
613
190
70
122
797
158
215
568
191
383
937
951
198
5
707
65
78
276
117
41
522
156
45
243
19
451
513
789
859
900
730
376
558
400
450
440
997
600
335
624
121
969
328
175
201
945
500
130
617
315
623
89
572
526
576
992
220
373
271
727
644
842
118
43
446
358
192
785
423
928
80
905
686
733
606
484
687
821
472
914
269
179
725
316
374
807
93
496
763
879
524
775
37
963
178
199
553
856
296
301
101
61
232
42
592
211
189
610
855
881
224
948
395
302
978
975
171