998 929 942 984 991 939 909 981 936 922 904 954 968 956 943 921 901 931 907 990 919 950 971 902 926 910 917 938 918 955 925 959 944 974 995 906 972 912 979 940 941 989 973 964 930 962 953 983 947 952 923 924 982 911 976 993 946 980 934 966 996 908 935 988 965 920 977 961 916 913 967 985 927 960 903 986 958 994 949
33 26 35 38 16 25 99 62 67 29 85 13 71 48 81 52 72 24 53 84 12 68 90 23 91 44 18 0 74 4 11 63 86 22 69 39 76 66 15 14 32 28 96 40 47 83 51 27 75 94 49 60 73 46 21 31 9 34 98 64 20 59 54 95 36 6 77 82 92 87 7 57 55 97 88 3 58 79 50 2 10
183 152 196 125 136 170 103 110 162 195 127 148 104 142 132 113 115 149 116 161 139 157 144 172 150 140 181 176 169 141 188 185 184 182 138 112 102 167 108 124 106 137 168 163 166 164 135 128 155 165 153 114 197 126 147 160 133 119 120 194 109 154 186 174 193 134 187 143 177 146 145 131 105 173
462 499 426 427 479 492 486 438 473 424 475 432 447 442 497 448 453 422 403 407 471 493 460 441 457 439 480 461 482 414 454 411 443 467 458 476 430 466 408 431 481 409 406 485 452 474 415 413 465 463 498 417 488 459 410 469 478 444 404 495 464 455 468 434 445 456 470 437 401 402 449 489 433 491 494 487 425 490 405 435 428 420 483 412 419 416
849 865 814 877 876 889 800 838 868 898 880 862 825 826 837 836 875 892 812 818 872 846 861 885 831 848 858 823 816 845 874 822 829 887 895 824 891 815 819 870 867 839 896 847 834 843 883 866 850 830 853 897 813 805 884 810 828 840 851 869 803 886 873 827 844 832 860 820 864 857 841 854 882 894 811 835 804 852 878 893 890 806 899 809 871 817 888
209 282 255 249 234 292 284 251 259 244 238 245 222 267 266 223 247 283 257 252 270 278 279 203 217 246 261 272 204 298 265 202 212 263 216 294 205 291 226 287 200 275 214 268 288 221 295 280 229 274 277 208 235 218 254 253 237 290 206 227 207 210 228 281 285 299 236 233 256 242 258 230 225 231 241 213 250 219 286 289 273 293 262 297 248
780 729 747 783 778 782 758 791 755 701 718 737 774 781 754 744 721 713 728 752 720 722 746 731 712 771 756 760 742 705 793 784 702 787 766 709 739 761 762 714 735 779 757 772 703 719 732 751 736 749 776 792 795 773 753 723 798 715 711 750 788 741 724 799 759 716 704 770 769 765 734 717 764 796 743 790 777 738 768 740 767 786 794
683 649 655 630 647 677 692 603 637 693 626 636 696 662 635 648 616 601 673 668 609 665 608 699 667 697 684 694 666 675 698 643 632 695 676 658 653 688 671 661 645 646 659 625 678 651 602 640 652 607 680 604 682 642 654 633 627 634 669 690 663 685 674 691 614 615 660 620 621 650 639 664 638 670 641 622 605 657 629 631 679 618 681 628 672
802
577 506 594 523 561 531 527 508 546 502 571 555 590 589 528 583 595 596 541 559 581 540 549 530 586 588 557 545 542 525 529 585 532 510 520 599 598 573 504 567 582 543 512 507 580 579 554 539 534 593 551 556 562 501 569 591 578 570 516 536 518 544 550 566 537 519 584 514 560 517 535 509 552 521 533 563 574 505 564 597 575 547 538 511
8
359 307 348 333 311 303 340 388 361 345 327 351 331 334 330 341 369 324 336 393 366 350 312 365 338 356 389 357 386 344 342 329 332 305 399 392 360 353 387 381 318 321 339 306 352 370 309 349 390 394 322 313 380 371 310 368 375 323 319 364 377 343 317 346 372 396 398 354 314 379 326 325 337 367 347 362 391 363 300 378 385
264
548
17
915
708
833
612
801
111
56
932
611
421
503
418
355
304
151
656
123
689
957
384
239
515
100
970
619
1
987
710
129
587
180
565
700
706
159
726
436
863
808
933
745
999
260
240
429
397
748
320
107
30
308
477
613
190
70
122
797
158
215
568
191
383
937
951
198
5
707
65
78
276
117
41
522
156
45
243
19
451
513
789
859
900
730
376
558
400
450
440
997
600
335
624
121
969
328
175
201
945
500
130
617
315
623
89
572
526
576
992
220
373
271
727
644
842
118
43
446
358
192
785
423
928
80
905
686
733
382
606
484
687
821
472
914
269
179
725
316
374
807
93
496
763
879
524
775
37
963
178
199
553
856
296
301
101
61
232
42
592
211
189
610
855
881
224
948
395
302
978
975
171