965 981 923 985 907 964 961 983 930 954 908 959 995 953 903 931 934 949 956 942 941 925 927 943 918 911 968 988 998 904 993 921 966 919 986 989 980 913 946 960 958 952 909 974 994 996 936 902 901 984 990 912 977 967 940 950 947 944 938 955 991 935 939 916 926 976 982 929 906 924 972 920 979 922 973 917 910 971 962
40 86 23 49 34 76 84 39 18 55 48 22 73 13 57 72 81 44 4 82 12 2 33 85 51 58 95 52 64 71 14 9 79 28 91 24 53 10 60 36 3 90 99 46 94 35 77 68 47 75 98 69 20 16 63 32 50 25 92 7 0 6 15 83 88 87 11 59 38 67 29 26 74 27 96 66 97 31 21 54
162 155 102 131 135 169 145 150 112 181 197 184 154 106 149 186 136 148 185 160 134 115 173 161 147 109 165 141 105 196 187 163 139 104 119 157 183 176 193 167 142 114 124 133 128 146 132 108 138 188 116 170 177 152 120 172 125 174 127 126 182 166 103 137 113 143 144 164 194 168 195 110 140 153
419 469 478 473 445 462 498 464 406 407 471 432 444 487 468 482 404 439 460 475 401 492 494 490 417 457 416 459 480 493 465 481 497 499 431 438 455 430 495 453 405 410 420 489 409 402 437 467 476 463 483 448 479 411 443 458 442 403 424 412 408 434 449 488 461 422 491 441 486 466 452 414 413 485 433 456 435 447 470 426 425 474 427 415 454 428
814 890 897 822 827 885 820 800 891 813 831 882 868 840 873 896 871 844 865 817 884 839 828 877 892 843 835 861 816 812 806 815 874 809 818 834 872 888 825 829 841 804 848 857 853 878 898 826 869 824 893 870 847 886 894 862 823 887 849 811 883 837 810 851 880 858 830 803 836 867 850 819 889 845 876 875 832 838 846 866 864 805 899 860 854 895 852
256 237 226 287 249 251 297 270 202 265 214 263 209 277 284 233 228 210 281 223 292 295 266 274 204 225 253 245 294 272 280 258 262 200 242 275 231 254 213 236 299 229 207 218 227 290 205 248 282 217 216 286 221 250 298 246 289 222 255 259 288 279 203 257 234 278 219 238 252 206 267 241 247 293 283 230 235 244 273 208 291 212 285 268 261
798 713 760 746 793 724 780 715 702 788 770 709 791 772 738 720 722 795 782 757 751 723 774 773 744 764 718 732 714 755 749 794 747 761 711 796 743 758 705 721 712 754 736 703 729 777 739 786 792 767 753 781 741 750 771 787 762 719 704 790 752 756 731 734 737 742 768 779 735 766 765 716 759 783 740 778 717 784 776 799 728 701 769
666 631 615 648 664 616 605 620 652 661 697 657 680 695 667 641 608 682 645 679 627 658 633 630 634 649 660 675 692 618 637 672 669 668 670 683 602 678 665 696 659 676 622 601 604 662 621 609 663 681 638 635 653 639 655 690 691 650 607 685 628 654 629 693 636 677 643 647 698 684 625 673 640 642 694 632 674 688 646 671 651 614 603 626 699
802
567 574 580 561 525 506 551 521 510 538 531 599 508 502 588 512 543 527 571 573 530 504 584 583 533 597 539 591 528 514 577 598 517 549 596 569 546 585 523 559 552 575 545 563 581 542 578 532 594 579 593 547 520 535 507 501 518 557 589 554 550 536 540 556 595 564 555 537 560 582 516 511 519 562 570 505 566 529 534 544 509 541 586 590
8
312 363 300 389 361 349 342 332 365 345 387 323 357 381 311 353 364 343 305 309 307 306 370 317 329 334 350 398 346 352 330 378 348 351 347 367 372 344 313 314 360 375 340 322 392 326 338 396 369 341 324 377 321 356 379 399 318 388 336 310 359 385 386 394 366 319 368 333 371 362 339 337 380 354 390 331 327 325 303 393 391
264
548
17
915
708
833
612
801
111
56
932
611
421
503
418
355
304
151
656
123
689
957
384
239
515
100
970
619
1
987
710
129
587
180
565
700
706
159
726
436
863
808
933
745
999
260
240
429
397
748
320
107
30
308
477
613
190
70
122
797
158
215
568
191
383
937
951
198
5
707
65
78
276
117
41
522
156
45
243
19
451
513
789
859
900
730
376
558
400
450
440
997
600
335
624
121
969
328
175
201
945
500
130
617
315
623
89
572
526
576
992
220
373
271
727
644
842
118
43
446
358
192
785
423
928
80
905
686
733
382
606
484
687
821
472
914
269
179
725
316
374
807
93
496
763
879
524
775
37
963
178
199
553
856
296
301
101
61
232
42
592
211
189
610
855
881
224
948
62
395
302
978
975
171