994 959 984 952 912 923 983 918 916 901 995 947 977 955 956 939 904 936 991 968 903 941 958 935 908 993 946 911 990 962 929 949 971 954 940 910 926 934 921 927 917 907 943 988 973 998 976 967 980 982 924 920 961 972 989 996 930 931 922 906 981 925 979 913 953 950 919 985 902 944 964 974 966 938 942 965 960 986
76 35 86 25 72 58 6 10 53 74 69 87 28 91 4 63 3 49 27 39 59 55 52 60 66 40 82 13 16 24 22 92 57 2 18 47 20 73 98 81 85 51 33 95 31 11 67 0 21 77 48 64 7 90 99 75 84 9 79 94 44 54 97 12 29 14 46 38 83 50 32 15 96 23 34 26 71 88 68 36
134 124 116 155 143 108 195 132 187 140 136 161 114 170 145 115 154 169 188 127 160 185 162 104 126 113 106 138 131 168 183 184 186 150 153 110 173 164 137 152 103 148 120 166 128 112 146 194 149 174 125 167 197 182 135 176 181 193 133 105 144 165 141 172 196 109 157 147 102 163 177 139 119 142
402 481 491 417 466 457 452 448 479 424 407 460 486 415 430 474 482 478 455 483 488 410 419 465 490 431 444 414 463 412 413 401 428 411 495 471 464 409 425 469 427 445 422 476 462 480 475 437 433 408 403 406 494 405 435 461 493 447 420 489 441 473 492 439 470 485 404 487 468 458 453 432 438 459 456 449 426 499 443 467 497 498 416 454 434 442
843 862 811 870 849 880 884 820 831 891 883 825 823 886 818 875 899 897 838 819 889 840 898 846 857 804 866 860 806 895 827 834 824 873 841 890 805 832 874 850 836 839 817 876 809 803 858 851 894 877 826 812 837 845 822 844 882 830 869 868 888 864 828 887 848 829 885 865 810 893 878 892 835 852 816 896 847 853 800 861 872 813 814 854 815 871 867
254 258 282 261 267 262 202 284 246 235 266 288 216 265 279 205 230 286 257 281 248 200 293 259 287 277 233 294 252 225 245 295 218 285 273 272 250 226 214 292 242 223 280 237 229 204 249 231 209 283 212 219 222 244 290 247 297 274 221 236 203 238 251 289 298 206 256 255 213 228 268 210 299 270 217 241 278 291 263 207 227 208 253 234 275
755 744 783 712 752 777 765 799 737 754 772 731 762 782 764 779 768 738 739 741 742 791 786 703 767 747 721 774 773 717 766 771 750 702 716 709 734 792 719 778 720 701 711 740 793 749 714 758 780 770 769 794 718 757 722 736 761 795 723 776 729 756 705 753 796 735 728 746 759 713 790 798 781 788 760 751 743 732 784 715 724 704 787
657 695 697 605 658 672 640 653 668 666 639 690 698 634 637 632 667 616 683 641 608 642 646 633 660 655 638 692 622 607 626 678 618 673 643 682 696 664 651 680 602 670 647 615 636 649 654 671 661 604 659 614 685 609 693 684 652 675 645 650 603 625 681 662 669 601 679 627 629 665 699 635 677 694 620 631 621 663 688 676 630 648 674 628 691
802
546 519 547 566 596 562 557 594 506 582 550 504 591 567 542 595 537 584 538 525 543 586 575 561 541 571 563 583 559 531 573 544 540 590 509 551 516 552 536 574 539 521 510 505 507 533 570 520 528 523 555 535 502 599 518 529 581 556 580 597 534 579 517 545 530 598 588 589 554 512 508 527 501 532 564 577 511 593 560 585 578 569 549 514
8
361 390 347 381 398 364 336 357 303 369 362 342 389 356 359 332 327 317 378 370 396 368 352 318 310 312 341 314 340 343 386 348 351 392 306 387 354 300 333 394 367 313 393 365 331 349 311 330 345 324 339 309 375 391 346 388 344 337 363 380 326 305 399 321 325 372 366 307 377 322 319 385 329 360 350 334 338 371 353 323 379
264
548
17
915
708
833
612
801
111
56
932
611
421
503
418
355
304
151
656
123
689
957
384
239
515
100
970
619
1
987
710
129
587
180
565
700
706
159
726
436
863
808
933
745
999
260
240
429
397
748
320
107
30
308
477
613
190
70
122
797
158
215
568
191
383
937
951
198
5
707
65
78
276
117
41
909
522
156
45
243
19
451
513
789
859
900
730
376
558
400
450
440
997
600
335
624
121
969
328
175
201
945
500
130
617
315
623
89
572
526
576
992
220
373
271
727
644
842
118
43
446
358
192
785
423
928
80
905
686
733
382
606
484
687
821
472
914
269
179
725
316
374
807
93
496
763
879
524
775
37
963
178
199
553
856
296
301
101
61
232
42
592
211
189
610
855
881
224
948
62
395
302
978
975
171