974 908 941 930 943 968 977 903 979 912 991 988 918 972 902 952 950 923 966 956 917 984 904 936 934 962 989 940 906 986 922 929 967 942 916 921 926 907 971 919 927 913 953 910 931 924 911 938 947 955 981 993 976 946 982 965 960 985 964 996 925 939 995 901 961 949 973 920 990 944 998 958 954 959 983 935 980 994
3 31 50 71 90 79 6 10 47 38 57 15 35 33 82 11 2 54 67 60 76 94 40 72 46 36 9 51 4 49 28 69 34 14 85 77 59 29 97 25 91 68 84 96 87 86 0 18 23 12 26 66 75 95 99 98 48 22 88 32 24 55 58 13 21 92 39 81 64 52 44 7 27 83 16 74 20 63 73 53
105 139 102 141 183 163 128 124 142 170 157 120 108 149 196 114 153 172 197 119 193 133 115 110 148 188 150 103 145 162 185 169 195 147 144 194 164 125 136 173 167 134 182 152 127 168 140 181 176 137 146 177 155 113 143 109 135 131 160 106 166 184 187 112 165 138 154 186 104 116 174 161 132 126
433 463 427 414 487 403 426 416 471 467 428 411 494 404 490 410 438 435 457 491 417 469 468 478 420 434 439 408 495 462 406 485 488 454 430 447 459 441 480 486 492 443 456 425 444 401 464 489 493 402 483 413 460 497 474 432 437 431 473 419 405 470 479 453 458 461 424 445 465 422 482 449 448 415 466 499 452 409 412 455 498 442 407 475 476
847 860 869 834 866 864 800 805 870 825 889 858 841 868 896 815 899 803 816 871 820 817 839 818 873 829 895 886 892 897 867 885 894 826 898 893 857 811 832 854 883 835 844 846 865 849 851 877 837 830 874 812 878 876 822 862 823 828 890 848 882 850 836 872 853 887 838 891 831 819 888 813 852 806 840 814 861 884 809 843 827 804 880 810 824 845 875
294 209 244 267 210 251 268 261 212 270 254 200 233 203 234 245 207 287 256 259 290 295 249 250 252 265 225 236 229 246 223 283 292 214 279 281 278 235 222 241 253 272 226 237 227 238 280 205 277 247 285 258 289 213 206 230 262 274 263 266 282 286 288 219 217 218 273 204 297 293 248 242 291 208 255 216 275 202 298 228 299 231 284 257 221
735 702 739 719 754 750 720 701 774 709 760 749 744 779 738 756 786 773 787 798 717 762 751 768 711 796 746 724 788 791 772 713 790 743 766 728 716 755 715 722 740 771 736 703 729 795 793 705 714 782 742 792 764 731 737 794 776 759 723 767 781 758 757 752 765 732 734 784 783 721 712 778 761 769 799 780 741 704 718 777 753 747 770
638 653 675 641 650 616 666 637 642 643 645 678 647 691 654 671 682 630 674 622 696 608 605 695 661 690 651 627 646 626 693 670 665 662 683 602 618 685 692 668 681 601 615 621 684 660 679 658 694 614 649 667 672 609 607 673 697 676 625 659 633 655 680 635 634 698 688 604 677 628 663 629 639 620 632 699 603 648 664 652 631 657 640 669 636
802
579 583 542 581 562 595 545 564 586 574 508 590 585 554 588 527 514 532 571 566 502 599 567 544 521 528 547 536 589 573 569 512 543 551 516 577 529 501 534 560 517 546 559 533 538 593 580 506 550 518 563 541 505 525 584 520 575 530 519 596 552 540 535 507 531 578 523 555 556 594 537 509 597 549 570 557 511 504 539 591 561 582 598 510
8
334 393 345 313 339 317 394 385 329 337 351 387 391 303 325 321 372 389 331 350 311 314 399 327 330 380 326 309 366 371 378 354 322 306 392 390 381 319 341 360 333 375 348 368 379 363 364 377 386 340 349 344 352 357 342 369 312 398 305 324 362 388 365 307 353 300 396 336 359 367 310 318 343 346 332 370 347 323 338 356 361
264
548
17
915
708
833
612
801
111
56
932
611
421
503
418
355
304
151
656
123
689
957
384
239
515
100
970
619
1
987
710
129
587
180
565
700
706
159
726
436
863
808
933
745
999
260
240
429
397
748
320
107
30
308
477
613
190
70
122
797
158
215
568
191
383
937
951
198
5
707
65
78
276
117
41
909
522
156
45
243
19
451
513
789
859
900
730
376
558
400
450
440
997
600
335
624
121
969
328
175
201
945
500
130
617
315
623
89
572
526
576
992
220
373
271
727
644
842
118
43
446
358
192
785
423
928
80
905
686
733
382
606
484
687
821
472
914
269
179
725
316
374
807
93
496
763
879
524
775
37
963
178
199
553
856
296
301
101
61
232
42
592
211
189
610
855
881
224
948
481
62
395
302
978
975
171