923 926 910 920 949 930 962 934 901 908 976 941 990 907 929 993 988 913 982 902 960 938 995 998 981 972 942 919 986 991 950 927 959 971 974 977 918 911 996 903 939 979 952 966 947 989 958 940 916 956 983 984 921 944 935 936 924 943 965 953 912 985 906 994 954 968 931 967 964 955 946 904 925 917 922 973 980 961
99 35 54 22 44 63 6 26 90 52 24 31 48 82 20 38 68 59 28 55 72 4 98 81 84 33 7 76 87 49 27 14 75 39 51 25 86 73 36 21 91 58 64 11 9 16 85 94 40 34 29 71 60 92 12 77 32 95 79 23 18 13 47 88 10 3 0 66 2 69 74 57 96 83 46 50 15 97 53
165 110 162 134 108 143 186 188 142 166 193 131 194 172 105 173 116 135 183 132 195 182 177 185 120 164 124 140 133 125 160 148 149 157 115 181 176 152 187 119 169 145 139 106 184 197 174 103 161 137 153 109 163 102 114 154 113 127 196 112 126 147 170 167 136 146 168 155 128 104 144 141 150 138
487 493 410 453 490 466 473 480 401 495 464 494 469 427 406 456 428 449 445 414 482 458 403 417 438 426 412 443 405 463 437 447 462 432 465 431 424 489 470 441 488 479 485 433 497 407 486 499 460 439 498 425 455 461 459 475 468 492 454 434 491 422 430 419 448 474 442 476 404 483 452 444 409 402 413 411 415 457 467 435 420 408 416 471 478
835 839 809 861 817 888 893 883 887 862 873 857 824 878 882 850 818 841 823 810 830 844 875 866 805 874 822 838 851 885 811 854 829 895 897 800 849 891 806 820 848 884 836 890 894 831 845 872 889 826 846 876 803 867 837 804 852 858 865 853 834 898 896 886 813 869 815 868 812 892 847 828 880 899 864 827 840 832 860 825 814 871 870 877 819 816 843
226 228 214 261 281 212 265 266 287 217 206 295 294 247 279 282 297 249 238 242 268 259 250 291 299 254 230 200 234 257 253 280 275 209 252 225 219 293 203 251 248 273 272 223 284 289 241 288 244 207 237 210 256 277 229 274 218 245 222 267 231 286 262 227 258 283 298 213 221 285 208 204 216 290 202 235 270 233 278 205 292 263 255 246 236
705 743 719 720 712 778 723 788 717 772 703 732 795 782 711 721 746 741 722 767 791 766 749 754 736 769 751 718 770 739 780 729 757 784 777 759 760 735 765 792 740 786 752 750 781 794 724 714 734 796 742 779 776 768 771 716 793 753 702 762 790 715 756 738 783 709 728 787 774 764 731 798 755 744 799 761 737 713 704 747 758 773 701
661 614 638 667 646 616 631 676 678 630 695 679 682 660 636 671 672 648 628 650 688 634 669 653 649 602 643 659 699 620 690 654 632 622 693 681 683 696 633 680 603 640 626 639 663 691 618 607 604 642 684 697 685 629 651 657 662 673 637 652 615 668 609 635 627 625 605 666 664 675 655 665 692 694 647 621 608 641 677 674 645 670 698 658 601
802
563 596 562 544 582 546 533 566 549 502 567 528 535 527 514 510 507 517 583 542 599 501 575 559 520 570 534 538 564 511 504 581 561 551 556 585 578 560 598 541 597 530 525 512 550 506 519 555 539 586 557 509 537 591 508 532 552 580 595 536 516 523 593 579 588 571 540 594 577 554 521 590 589 505 569 529 573 584 518 543 574 545 547 531
8
321 342 332 370 312 334 322 313 326 398 379 300 389 372 361 349 352 305 365 388 333 386 385 390 303 396 366 363 341 362 394 325 330 344 317 327 318 354 364 343 378 307 371 381 392 340 357 399 391 331 347 356 319 393 323 377 353 337 368 348 345 324 336 314 309 375 346 339 311 351 310 306 329 360 367 359 350 338 380 387 369
264
548
17
915
708
833
612
801
111
56
932
611
421
503
418
355
304
151
656
123
689
957
384
239
515
100
970
619
1
987
710
129
587
180
565
700
706
159
726
436
863
808
933
745
999
260
240
429
397
748
320
107
30
308
477
613
190
70
122
797
158
215
568
191
383
937
951
198
5
707
65
78
276
117
41
909
522
156
45
243
19
451
513
789
859
900
730
376
558
400
450
440
997
600
335
624
121
969
328
175
201
945
500
130
617
315
623
89
572
526
576
992
220
373
271
727
644
842
118
43
446
358
192
785
423
928
80
905
686
733
382
606
484
687
821
472
914
269
179
725
67
316
374
807
93
496
763
879
524
775
37
963
178
199
553
856
296
301
101
61
232
42
592
211
189
610
855
881
224
948
481
62
395
302
978
975
171