978 906 964 982 946 991 970 979 927 934 931 957 974 976 913 963 915 904 997 965 959 949 928 996 972 942 960 993 936 929 925 937 939 953 912 920 922 944 994 999 969 940 955 968 983 909 938 921 985 933 973 947 911 992 986 958 952 932 924 956 926 914 918 990 935 961 910 902 923 995 917 908 943 951 916 977 919 945 903 967 975 980 954 988 941 901 971 907 966 950 989 948 905 981 962 984 998 987 930
21 8 14 30 61 13 58 68 34 62 44 6 43 32 28 87 19 7 48 47 37 0 74 29 60 66 88 10 2 42 95 69 82 22 20 85 17 80 76 94 75 96 92 93 99 73 40 63 78 11 89 72 46 25 71 70 26 16 27 39 33 65 9 98 31 52 24 55 38 50 77 41 91 15 90 67 45 97 35 4 53 23 86 79 18 3 84 54 59 5 12 51 83 49 56 81 64 36 57
129 170 152 153 107 173 167 168 139 154 187 156 195 138 105 131 150 144 122 186 123 185 193 109 127 140 183 166 135 182 160 176 108 114 116 132 165 199 164 174 177 115 125 178 191 103 169 181 196 117 155 198 121 171 126 145 192 197 142 157 184 134 180 163 133 104 147 179 120 189 172 194 110 175 146 128 106 158 112 151 161 162 136 137 113 143 111 148 118 124 119 188 149 141 130 159 100 190 102
472 474 482 449 434 487 410 440 479 415 441 457 493 448 439 467 470 430 476 460 450 435 417 452 461 459 465 491 497 438 413 429 411 447 444 424 421 463 455 432 414 490 481 401 489 466 453 409 433 420 471 419 423 437 406 412 436 446 499 464 494 473 416 405 443 483 485 484 422 402 488 404 462 425 477 426 442 496 480 475 469 403 468 492 451 495 431 427 408 407 498 445 456 418 454 486 428 478 458
899 838 829 874 845 810 857 889 817 846 858 864 862 870 854 888 830 847 804 849 863 806 875 824 832 833 877 815 883 868 820 892 803 848 841 871 881 897 839 825 827 800 834 816 818 890 856 801 836 861 831 867 851 837 866 807 809 843 885 895 811 886 819 880 835 876 878 873 822 805 893 850 898 821 894 813 865 872 853 808 802 842 814 869 826 852 887 884 812 823 860 855 840 859 828 882 879 896 844 891
236 218 272 237 290 279 276 261 287 298 289 223 239 220 263 269 299 264 247 219 284 203 295 202 207 252 268 294 232 249 241 221 256 254 288 258 213 211 215 227 240 297 275 270 206 262 277 238 291 248 235 286 244 296 271 214 251 281 229 280 209 225 273 292 274 204 205 242 212 234 260 283 245 293 210 231 250 217 246 259 224 243 222 208 267 257 282 226 216 230 255 265 266 253 233 278 228 285 200
779 755 799 721 752 765 717 723 781 718 734 707 706 777 760 715 726 709 703 794 727 762 768 711 704 730 782 769 784 737 705 748 793 797 756 725 754 772 716 722 735 753 788 746 770 796 775 764 731 729 728 745 714 789 776 759 757 742 774 732 710 787 750 773 767 701 798 778 719 712 720 766 758 792 708 763 771 747 785 740 780 791 733 783 786 702 761 739 743 741 749 744 790 751 738 795 713 724 736
666 694 673 618 616 635 676 638 636 646 620 665 625 602 643 628 692 650 632 621 612 609 664 606 624 682 637 693 681 663 699 649 688 675 657 615 619 611 655 642 667 684 639 648 687 623 641 668 679 678 626 640 696 691 656 605 607 669 601 634 660 672 613 603 633 685 677 690 695 671 608 627 686 689 652 662 674 645 654 659 651 661 644 670 698 680 614 658 617 630 683 647 610 604 629 631 697 622 653
565 523 581 510 538 533 520 588 567 536 562 580 591 577 529 534 575 551 569 576 530 584 573 593 597 511 531 595 540 582 528 524 537 526 557 519 516 592 504 558 563 599 586 560 559 522 566 596 517 548 503 509 598 564 507 594 574 552 571 545 550 556 561 542 578 587 506 543 502 554 512 535 525 514 527 501 541 555 518 513 585 579 544 532 515 553 546 589 521 590 572 549 583 505 568 508 547 570 539
307 323 335 362 367 379 366 355 397 353 365 329 385 382 376 348 364 313 318 321 344 345 333 327 319 375 343 361 373 352 336 322 396 328 395 330 338 391 370 359 381 399 337 310 378 302 317 392 398 308 360 383 301 389 387 300 316 309 372 349 340 394 377 347 380 369 320 354 332 334 368 326 314 386 305 371 350 363 342 339 358 312 315 331 357 304 325 388 311 351 390 356 324 306 341 393 346 384 374 303
1
700
900
400
600
201
500
101