918 988 901 954 941 982 979 930 965 980 973 955 925 936 981 907 924 962 959 929 912 920 931 989 956 939 911 964 952 938 985 902 926 906 913 984 935 995 944 974 961 923 991 993 942 950 919 966 922 943 921 968 967 904 949 934 998 972 908 986 953 917 927 971 910 996 916 976 990 983 994 940 958 903 960 946 947 977
15 57 96 33 3 9 52 66 77 40 32 10 74 28 91 39 88 21 79 68 36 50 90 60 29 22 71 53 12 94 55 26 6 35 11 69 81 24 27 84 54 63 75 85 0 16 31 97 92 7 83 64 59 4 73 13 98 18 76 72 99 95 49 25 46 44 47 2 48 86 58 14 23 20 38 82 51 34 87
152 125 155 161 150 154 168 162 142 105 146 182 102 167 106 136 164 133 176 120 183 138 165 173 135 143 116 109 185 184 195 112 104 128 170 187 141 131 196 137 197 108 113 144 110 160 166 163 114 140 132 174 148 177 139 147 115 134 194 172 127 186 181 103 149 157 169 119 193 188 126 124 153 145
461 416 487 428 457 405 404 415 435 427 422 437 411 492 439 401 426 456 473 413 453 425 490 444 455 470 454 464 412 476 465 482 462 417 407 445 471 466 468 448 420 475 483 480 499 452 438 463 424 432 467 486 431 443 449 479 434 491 409 442 493 430 488 494 498 489 441 406 414 460 459 410 408 497 458 474 478 447 469 495 433 485 402 403 419
854 895 852 890 886 805 820 829 844 819 875 803 836 870 860 846 857 809 868 816 813 866 838 826 815 884 810 831 843 830 812 874 839 893 894 882 885 818 896 840 897 853 871 828 878 841 851 898 899 873 806 889 832 849 827 883 835 858 822 850 891 861 804 825 864 869 872 888 877 865 867 834 811 817 824 848 814 862 892 845 887 876 847 837 800 880 823
225 263 210 235 254 247 233 259 285 265 242 229 281 227 200 292 245 216 209 273 294 258 266 236 283 279 250 297 278 203 217 226 261 205 282 237 208 213 289 270 206 253 291 288 230 244 251 299 204 286 298 268 287 256 255 284 219 290 280 274 221 202 252 257 228 238 277 267 249 272 293 207 262 234 223 214 275 222 218 295 248 212 241 246 231
702 784 788 729 717 719 774 721 761 738 716 766 790 715 709 732 743 714 757 778 759 734 754 736 750 787 795 756 704 777 747 740 711 767 793 773 705 720 792 713 770 783 762 724 722 731 758 769 728 794 781 791 701 796 799 771 739 755 752 776 712 786 782 760 746 703 772 737 749 741 768 751 780 723 779 718 798 742 735 765 753 744
663 676 699 673 694 672 666 675 640 670 665 604 683 626 608 636 679 678 654 627 621 605 601 602 681 634 620 641 655 682 635 650 648 643 616 646 628 615 625 631 653 645 698 692 652 629 649 688 603 668 651 659 638 685 614 684 677 637 693 622 669 658 657 632 690 664 667 642 695 639 607 680 647 697 671 691 618 662 633 661 609 696 674 660 630
802
585 504 518 544 557 559 528 539 523 545 582 531 588 507 569 532 525 533 586 566 551 543 595 505 546 509 573 542 562 589 584 502 540 517 536 575 599 564 577 511 570 514 574 538 591 567 594 550 554 534 563 549 520 578 571 530 579 596 537 583 501 547 516 521 519 555 510 580 512 527 552 581 597 560 598 541 535 593 556 506 561 508 529 590
8
310 321 334 393 366 342 361 371 345 388 381 349 322 392 313 363 360 300 356 387 346 341 357 343 339 396 370 380 375 369 314 391 317 351 319 347 318 306 330 362 340 372 312 368 394 379 352 329 386 332 325 337 307 344 390 348 359 327 399 333 336 377 367 338 378 326 305 309 324 353 311 331 389 365 385 398 303 364 354 323 350
264
548
17
915
708
833
612
801
111
56
932
611
421
503
418
355
304
151
656
123
689
957
384
239
515
100
970
619
1
987
710
129
587
180
565
700
706
159
726
436
863
764
808
933
745
999
260
240
429
397
748
320
107
30
308
477
613
190
70
122
797
158
215
568
191
383
937
951
198
5
707
65
78
276
117
41
909
522
156
45
243
19
451
513
789
859
900
730
376
558
400
450
440
997
600
335
624
121
969
328
175
201
945
500
130
617
315
623
89
572
526
576
992
220
373
271
727
644
842
118
43
446
358
192
785
423
928
80
905
686
733
382
606
484
687
821
472
914
269
179
725
67
316
374
807
93
496
763
879
524
775
37
963
178
199
553
856
296
301
101
61
232
42
592
211
189
610
855
881
224
948
481
62
395
302
978
975
171