918 911 977 947 919 920 956 968 950 988 917 972 940 962 959 941 996 989 993 936 929 974 979 953 926 931 952 927 991 922 984 985 976 930 954 961 923 924 958 944 966 973 965 916 967 943 986 907 982 903 910 913 901 906 912 938 949 934 960 939 946 971 980 925 964 998 902 994 955 995 935 983 981 942 990 904 921 908
73 66 57 15 52 53 11 36 87 28 38 7 29 88 79 0 33 16 2 83 55 9 14 90 68 4 98 39 72 85 13 10 12 92 82 25 35 99 44 71 6 49 58 50 40 48 75 86 77 51 20 26 76 27 84 32 64 63 74 46 47 21 69 54 97 22 95 60 59 81 24 31 18 3 23 34 94 91 96
170 148 167 125 135 194 143 181 155 160 165 173 174 184 127 183 163 134 112 195 147 172 162 120 103 133 157 193 139 177 149 136 115 161 141 114 106 164 113 137 144 185 186 132 110 128 105 119 116 131 102 169 142 168 109 124 176 166 138 152 188 146 197 187 104 145 150 140 196 153 126 154 108 182
408 453 471 463 428 458 476 404 497 402 420 405 425 437 449 465 434 499 480 498 490 452 433 443 444 427 438 407 447 403 460 486 435 426 417 494 455 456 487 469 416 479 430 495 478 475 462 488 409 445 457 414 470 464 482 415 467 422 401 468 492 489 474 432 483 454 439 491 406 493 412 459 473 424 413 466 431 448 410 411 461 442 441 419 485
825 865 869 809 876 882 861 870 838 845 840 837 828 866 862 889 868 848 894 827 871 812 841 890 819 836 846 811 823 892 813 816 810 883 806 885 899 844 858 843 893 817 875 853 874 888 826 896 857 887 818 880 814 854 860 804 878 815 852 824 872 873 839 800 864 829 847 891 850 849 803 831 895 820 835 851 898 832 886 805 884 830 877 822 867 897 834
225 241 279 283 280 246 293 257 230 228 298 236 284 261 272 253 275 245 254 205 285 266 268 281 214 227 265 244 287 249 292 222 270 258 267 262 251 290 256 247 248 216 217 250 237 221 299 204 202 234 223 286 231 288 207 255 212 289 278 259 210 229 213 238 282 226 235 295 206 274 218 209 263 273 277 219 242 233 200 297 294 208 203 291 252
754 753 756 788 743 768 719 771 746 740 794 703 731 769 747 772 704 790 774 716 776 751 712 792 781 767 752 796 720 709 791 773 782 738 762 793 760 749 795 737 721 739 784 701 757 759 761 702 723 750 717 729 724 713 718 799 728 736 714 744 779 786 735 770 780 766 765 741 722 798 734 711 732 783 777 755 758 705 778 742 715 787
631 672 655 640 651 660 627 688 675 663 669 652 676 698 680 609 649 634 699 661 690 618 662 621 696 671 668 667 679 641 691 625 694 645 657 666 643 637 638 682 658 607 692 648 614 615 608 605 674 626 670 622 635 616 636 628 639 685 673 650 697 620 653 677 632 604 642 654 664 601 630 633 629 693 681 683 659 603 647 665 678 695 646 684 602
802
598 581 557 507 570 571 545 563 541 544 577 591 523 504 597 586 520 554 529 588 567 589 532 543 547 559 551 561 562 552 517 564 599 578 583 508 560 512 514 533 501 525 569 580 527 593 596 531 546 566 537 549 509 502 573 535 511 519 530 542 540 574 555 556 521 510 518 539 534 590 584 506 536 595 550 538 585 582 594 579 505 575 516
8
310 370 327 392 367 348 313 306 333 369 386 312 385 365 390 322 341 359 324 360 347 351 314 393 340 336 377 368 357 381 372 337 394 398 396 334 326 323 399 317 321 375 305 371 339 352 356 343 378 319 345 362 318 300 363 350 366 349 303 387 331 354 388 332 342 364 307 325 329 346 338 379 311 391 344 353 361 389 330 380 309
264
548
17
915
708
833
612
801
111
56
932
611
421
503
418
355
304
151
656
123
689
957
384
239
515
100
970
619
1
987
710
129
587
180
565
700
706
159
726
436
863
764
808
933
745
999
260
240
429
397
748
320
107
30
308
477
613
190
70
122
797
158
215
568
191
383
937
951
198
5
707
528
65
78
276
117
41
909
522
156
45
243
19
451
513
789
859
900
730
376
558
400
450
440
997
600
335
624
121
969
328
175
201
945
500
130
617
315
623
89
572
526
576
992
220
373
271
727
644
842
118
43
446
358
192
785
423
928
80
905
686
733
382
606
484
687
821
472
914
269
179
725
67
316
374
807
93
496
763
879
524
775
37
963
178
199
553
856
296
301
101
61
232
42
592
211
189
610
855
881
224
948
481
62
395
302
978
975
171