988 939 985 967 940 996 917 952 944 935 924 965 961 911 918 986 984 981 979 974 904 990 912 913 946 962 966 956 954 927 949 919 925 901 972 907 930 934 982 947 908 931 995 998 906 958 920 936 943 950 902 903 942 959 910 977 993 960 941 983 964 921 994 976 916 922 929 938 968 953 926 971 973 923 955 980 991 989
2 6 53 21 88 20 66 54 33 7 83 75 87 48 74 27 71 16 51 50 39 10 59 64 94 34 86 29 68 25 76 55 91 4 69 9 81 85 24 22 26 84 46 40 12 95 13 57 49 72 98 28 52 73 23 32 0 82 99 18 3 97 63 11 36 77 96 14 58 38 92 15 79 31 35 60 47 44 90
109 183 146 177 142 114 127 133 102 187 108 153 194 195 112 154 150 106 128 132 152 148 196 172 185 160 149 139 193 125 115 105 145 167 174 161 147 113 182 164 140 181 120 162 116 186 169 197 165 144 110 103 141 176 138 168 143 134 104 124 188 184 131 155 119 126 157 136 135 166 170 163 137 173
469 497 498 439 447 411 473 413 475 401 424 491 416 406 428 414 493 479 426 466 483 444 455 467 405 468 482 430 460 459 433 448 474 492 457 458 427 431 434 420 432 408 476 464 445 462 480 415 465 412 402 417 461 404 435 489 407 422 437 463 471 488 438 495 452 425 453 441 409 485 419 443 499 486 478 454 410 456 403 490 487 442 470 494 449
877 819 875 854 812 862 872 815 865 868 834 810 826 831 889 884 822 818 869 864 887 823 886 874 838 880 861 830 800 828 850 883 820 866 837 867 806 827 876 836 845 891 860 809 846 841 893 805 814 897 829 890 892 878 882 898 894 824 840 804 899 816 803 817 825 844 832 870 885 849 835 843 848 858 852 888 847 853 895 857 813 839 851 871 873 896
203 268 266 289 278 281 273 252 227 214 204 246 290 236 248 251 249 237 253 294 223 210 250 285 245 217 297 279 286 257 267 238 229 256 219 295 202 275 265 277 212 298 216 228 259 226 241 231 282 284 233 288 213 272 262 222 292 283 200 235 206 218 208 209 205 221 247 299 287 258 263 274 207 225 293 244 291 261 230 280 270 234 254 255 242
715 750 782 798 777 722 761 767 729 720 758 741 746 783 765 796 754 743 768 787 724 739 701 736 752 770 784 702 751 757 772 790 773 762 755 712 766 779 792 742 719 704 776 780 735 774 713 747 769 781 771 711 788 737 728 705 716 717 778 791 793 732 738 703 718 759 753 756 786 714 799 721 794 731 749 795 740 709 760 744 734 723
625 658 671 694 634 648 674 684 698 620 630 649 683 640 639 672 657 637 622 641 685 603 665 664 659 688 631 697 604 661 607 682 608 650 638 695 669 678 618 643 655 635 677 645 605 601 621 680 629 675 651 691 666 616 628 654 696 693 676 647 633 662 670 668 653 626 614 642 636 699 692 646 632 681 652 663 679 690 602 609 667 673 660 615 627
802
532 554 570 509 533 511 539 504 589 580 595 557 537 584 591 510 530 599 586 588 519 575 518 535 506 579 502 508 590 546 529 542 581 567 512 517 514 555 566 574 547 556 569 534 541 521 501 516 559 545 594 562 544 550 520 571 596 527 563 583 536 573 561 560 538 505 549 578 564 531 543 597 593 552 598 577 582 585 525 540 523 551 507
8
356 367 334 370 347 330 309 375 331 310 322 365 386 377 369 305 359 306 379 391 364 323 319 392 326 385 345 311 313 348 394 318 312 337 343 341 321 325 399 314 354 303 346 338 351 372 342 344 333 324 361 357 317 327 371 339 396 393 353 340 360 368 336 378 398 352 388 389 387 380 332 381 390 307 329 349 362 350 300 366 363
264
548
17
915
708
833
612
801
111
56
932
611
421
503
418
355
304
151
656
123
689
957
384
239
515
100
970
619
1
987
710
129
587
180
565
700
706
159
726
436
863
764
808
933
745
999
260
240
429
397
748
320
107
30
308
477
613
190
70
122
797
158
215
568
191
383
937
951
198
5
707
528
65
78
276
117
41
909
522
156
45
243
19
451
513
789
859
900
730
376
558
400
450
440
997
600
335
624
121
969
328
175
201
945
500
130
617
315
623
89
572
526
576
992
220
373
271
727
644
842
118
43
446
358
192
785
423
928
80
905
686
733
382
606
484
687
821
472
914
269
179
725
67
316
374
807
93
496
763
879
524
775
37
963
178
199
553
856
296
301
101
61
811
232
42
592
211
189
610
855
881
224
948
481
62
395
302
978
975
171