924 979 916 952 996 920 917 990 911 958 973 949 984 903 960 986 934 939 982 912 994 941 977 972 980 913 940 946 988 993 967 953 923 922 989 943 956 935 938 902 981 929 955 942 921 962 919 925 930 926 966 907 904 985 995 961 908 950 971 947 906 918 983 944 901 965 968 910 936 976 931 991 959 964 927 998 974 954
94 21 32 31 14 7 23 63 85 52 22 47 53 77 16 46 33 55 60 82 66 75 10 87 51 6 76 34 20 95 96 40 68 74 48 99 92 71 9 49 26 3 35 39 11 83 0 69 90 4 58 81 44 91 29 54 79 25 28 97 98 88 86 36 72 27 38 18 24 50 2 73 13 64 12 84 59 15 57
135 167 144 164 169 116 147 138 110 113 161 166 134 148 120 128 183 197 195 142 109 131 163 137 184 193 174 105 194 125 160 108 126 186 150 145 173 141 154 176 196 136 187 103 185 124 112 181 165 172 149 168 127 155 170 104 146 162 140 106 182 143 119 114 188 153 157 139 132 115 177 152 133 102
466 458 468 413 460 420 475 439 483 495 422 487 424 445 498 452 485 442 492 497 437 411 490 444 465 474 425 486 489 408 405 403 435 462 457 470 416 406 419 438 402 407 410 480 449 464 482 467 426 493 428 455 443 456 447 401 499 417 488 471 412 415 476 448 479 473 463 461 441 491 478 431 409 453 454 432 469 430 434 404 459 414 494 427 433
835 849 898 878 837 854 882 819 806 830 853 887 803 827 804 828 812 816 838 832 867 869 885 852 844 875 824 864 809 820 851 800 825 861 848 850 839 845 880 805 858 895 892 862 834 883 841 884 868 813 894 817 836 823 889 896 831 846 886 840 888 865 897 874 822 871 829 890 860 857 876 815 810 826 891 899 818 847 877 872 893 870 843 873 814 866
280 221 274 248 223 249 257 250 228 299 225 226 265 214 203 237 218 205 290 287 222 263 295 202 278 291 267 200 231 281 247 204 209 256 236 246 238 298 241 251 227 273 272 230 261 266 285 277 255 233 253 245 244 229 217 206 270 279 289 286 262 297 275 288 207 210 284 294 212 234 219 259 242 293 268 208 252 282 216 235 254 292 213 283 258
767 798 793 794 765 766 709 771 729 744 799 756 705 770 731 717 741 703 740 783 750 778 796 738 795 712 752 702 753 787 728 773 754 701 768 749 758 704 761 722 742 743 790 755 735 746 711 774 734 719 762 714 779 720 757 736 791 784 721 739 724 747 780 788 759 718 737 782 716 715 786 772 713 777 776 781 751 723 732 760 769 792
602 675 605 629 637 632 615 636 658 668 676 603 669 677 657 670 665 627 616 601 692 634 622 630 697 649 667 628 638 620 635 609 688 652 640 655 698 647 621 680 642 625 695 631 639 618 685 663 696 607 699 646 633 651 694 666 650 643 679 672 674 626 683 671 660 681 654 648 608 645 690 604 659 661 684 682 664 614 662 673 641 678 691 653 693
802
532 543 514 535 550 573 509 560 569 583 540 504 567 511 512 520 530 525 555 523 561 529 596 578 579 582 554 585 541 542 586 519 598 597 594 551 517 521 546 563 595 507 591 516 556 544 590 552 518 547 537 570 593 501 531 575 588 545 506 577 510 502 534 580 564 538 581 574 571 599 536 527 508 549 539 566 589 557 505 559 533 584
8
371 342 354 300 321 369 351 398 361 372 313 337 387 353 340 388 318 380 386 385 303 319 324 391 377 366 323 362 327 314 343 399 309 325 390 330 329 312 375 365 349 332 311 359 333 305 392 331 306 339 346 363 348 352 336 345 370 389 379 350 341 344 367 326 381 364 310 334 338 360 396 317 322 347 368 357 394 378 356 393 307
264
548
17
915
708
833
612
801
111
56
932
611
421
503
418
355
304
151
656
123
689
957
384
562
239
515
100
970
619
1
987
710
129
587
180
565
700
706
159
726
436
863
764
808
933
745
999
260
240
429
397
748
320
107
30
308
477
613
190
70
122
797
158
215
568
191
383
937
951
198
5
707
528
65
78
276
117
41
909
522
156
45
243
19
451
513
789
859
900
730
376
558
400
450
440
997
600
335
624
121
969
328
175
201
945
500
130
617
315
623
89
572
526
576
992
220
373
271
727
644
842
118
43
446
358
192
785
423
928
80
905
686
733
382
606
484
687
821
472
914
269
179
725
67
316
374
807
93
496
763
879
524
775
37
963
178
199
553
856
296
301
101
61
811
232
42
592
211
189
610
855
881
224
948
481
62
395
302
978
975
171