958 961 912 907 935 995 989 990 942 983 947 946 971 950 959 996 956 910 926 993 921 979 988 952 967 922 931 936 918 913 954 920 980 965 991 916 994 976 966 968 925 953 901 974 943 923 982 981 930 955 939 924 949 927 998 964 911 984 940 962 977 919 973 903 938 972 986 929 934 904 985 944 908 902 941 906 917 960
55 58 14 28 69 3 12 77 26 47 73 48 10 46 29 64 75 51 86 44 0 35 85 36 4 31 54 81 99 76 72 92 40 27 84 95 98 71 18 15 9 33 90 34 53 96 11 22 87 91 6 7 57 16 83 13 50 59 82 63 24 74 25 94 32 52 60 88 79 2 97 23 20 49 39 38 68 21 66
174 173 148 182 161 152 128 109 126 115 184 125 188 104 102 186 110 119 197 166 150 141 164 162 163 133 170 138 140 103 132 165 160 146 112 176 155 169 143 137 196 181 116 120 124 195 106 114 131 167 177 113 147 145 134 183 149 135 172 139 193 105 154 168 144 185 187 157 127 194 108 153 142 136
466 499 430 444 487 482 452 463 431 469 486 428 485 498 433 415 476 419 453 438 460 413 490 425 462 403 493 410 447 491 474 489 442 427 457 473 401 497 445 464 488 468 465 406 407 470 449 424 495 416 478 417 437 480 420 434 492 494 404 459 471 409 405 441 461 432 475 443 435 458 454 411 439 414 422 479 426 402 408 448 467 456 455 412 483
831 852 892 815 848 809 825 818 829 898 857 853 880 804 882 894 877 864 883 806 899 832 823 871 888 824 889 830 826 816 803 847 861 873 828 849 868 819 810 884 843 822 817 886 820 893 844 812 875 839 891 838 840 851 874 860 814 837 834 813 896 866 850 865 897 876 887 885 890 870 895 854 827 858 846 836 805 841 862 867 835 800 869 845 872 878
288 230 231 221 263 209 218 245 287 277 200 214 285 253 273 270 275 278 235 203 236 217 291 266 208 292 246 297 247 229 248 222 281 226 279 202 259 284 244 233 261 256 223 237 268 293 274 205 250 219 241 258 210 227 249 255 242 299 238 295 251 228 257 294 216 280 289 207 265 206 252 290 298 272 204 234 225 286 254 213 262 212 282 267 283
792 737 751 755 739 769 738 753 720 757 752 714 793 735 774 715 765 786 705 744 716 767 701 772 773 776 740 760 799 770 721 762 777 711 779 704 736 731 787 709 702 771 768 761 747 783 791 734 712 729 732 746 794 798 766 742 782 790 717 784 743 728 778 796 795 723 724 754 722 749 718 756 741 713 759 703 719 780 781 788 750
653 636 684 676 692 607 625 671 661 667 640 691 646 603 615 634 652 694 657 659 641 655 609 688 632 608 649 616 673 637 679 668 697 620 628 675 635 685 631 682 660 601 670 698 674 654 669 690 604 622 639 683 681 672 662 693 618 648 650 677 680 695 614 638 645 642 696 633 626 629 658 665 630 647 664 651 699 678 602 666 627 621 643 663 605
802
563 588 591 509 577 531 512 559 519 516 555 533 557 537 543 538 580 514 596 575 536 502 567 578 571 501 539 530 554 542 594 589 529 550 597 564 574 504 521 598 579 595 506 560 551 556 545 593 520 544 534 549 511 525 532 585 552 508 582 584 535 517 546 541 540 586 590 507 599 547 570 510 566 573 561 581 505 583 569 518 523 527
8
306 393 340 314 396 344 346 367 370 399 352 362 359 398 303 322 347 324 319 336 371 310 339 377 317 391 343 342 325 360 311 350 354 318 378 356 385 389 368 361 333 300 338 313 341 369 337 364 307 305 312 323 345 351 387 375 381 366 372 327 348 331 321 330 365 332 379 349 329 309 380 326 353 386 357 388 363 392 390 394 334
264
548
17
915
708
833
612
801
111
56
932
611
421
503
418
355
304
151
656
123
689
957
384
562
239
515
100
970
619
1
987
710
129
587
180
565
700
706
159
726
436
863
764
808
933
745
999
260
240
429
397
748
320
107
30
308
477
613
190
70
122
797
158
215
568
191
383
937
951
198
5
707
528
65
78
276
117
41
909
522
156
45
243
19
451
513
789
859
900
730
376
558
400
450
440
997
600
335
624
121
969
328
175
201
945
500
130
617
315
623
89
572
526
576
992
220
373
271
727
644
842
118
43
446
358
192
785
758
423
928
80
905
686
733
382
606
484
687
821
472
914
269
179
725
67
316
374
807
93
496
763
879
524
775
37
963
178
199
553
856
296
301
101
61
811
232
42
592
211
189
610
855
881
224
948
481
62
395
302
978
975
171