912 949 941 926 917 966 985 958 971 984 927 973 907 976 967 938 925 974 910 991 947 939 924 944 953 983 934 919 940 929 922 962 930 916 943 955 993 961 972 904 982 965 902 994 964 990 921 988 923 989 986 995 942 981 998 935 918 911 959 950 906 936 954 952 960 979 931 977 913 901 956 908 920 996 903 946 968 980
6 3 13 51 57 38 96 97 11 27 2 24 29 88 25 21 68 66 79 39 75 40 23 4 44 64 12 99 58 76 49 82 52 36 18 14 48 16 87 60 54 95 84 69 72 53 46 92 83 9 63 74 77 94 0 20 7 98 86 55 81 10 32 73 26 59 31 15 28 71 34 47 91 90 22 35 85 50
139 145 182 147 116 127 104 149 108 106 184 113 173 164 120 109 167 153 140 126 162 169 103 102 174 131 160 193 154 134 148 157 187 150 183 197 142 176 110 144 185 136 168 135 143 112 188 141 172 124 133 195 105 194 152 155 125 128 165 161 186 138 146 181 114 196 115 163 119 177 137 166 170 132
449 489 406 456 467 425 411 419 490 491 402 424 407 461 441 480 455 448 420 464 445 470 471 413 415 492 433 437 478 463 458 495 498 454 432 408 466 469 457 447 416 401 475 410 452 494 414 426 486 434 468 493 485 430 403 427 404 483 422 443 459 497 444 465 412 474 473 405 479 462 482 487 439 428 417 488 442 435 431 438 499 409 453 476 460
843 844 813 889 847 817 882 810 831 849 887 896 888 822 853 864 835 892 869 891 824 899 828 839 860 890 834 884 829 865 874 803 827 866 875 883 848 809 846 876 885 898 857 826 840 820 858 870 872 838 845 894 815 854 806 878 893 867 830 862 851 805 825 841 836 818 814 850 897 895 804 837 868 861 823 852 886 877 819 800 880 816 832 871 812 873
234 237 288 228 281 277 235 293 210 250 209 253 299 206 257 258 295 205 244 254 241 282 298 255 285 207 259 261 252 287 208 291 216 212 214 263 203 246 273 280 204 245 297 292 256 265 213 279 268 219 217 270 230 202 275 225 229 227 289 262 226 233 221 286 247 278 294 223 290 248 249 272 242 284 267 274 236 251 266 283 222 238 200 231 218
766 786 788 737 701 734 793 798 736 768 751 753 790 755 702 787 765 792 783 767 784 743 714 770 791 795 774 771 747 719 781 731 746 721 718 729 778 769 712 715 713 722 777 756 782 717 762 759 760 752 735 749 794 776 779 738 754 720 703 772 704 716 739 724 757 740 732 744 723 705 761 728 773 780 709 799 711 742 750 796 741
682 652 614 601 607 677 625 628 646 631 605 616 671 676 660 640 604 639 622 685 691 657 643 642 650 620 662 653 603 636 666 634 699 659 637 633 632 668 615 626 696 621 680 649 698 629 661 672 655 667 673 635 658 669 647 602 681 654 684 693 618 692 664 697 645 641 683 648 651 663 670 609 630 665 678 695 688 675 679 627 694 690 638 608 674
802
567 542 559 586 569 563 521 591 570 535 547 510 537 504 545 538 580 595 527 593 585 533 577 514 575 578 550 516 590 517 566 598 505 556 594 554 531 518 589 506 508 574 544 546 502 561 599 507 584 541 552 579 581 555 564 536 539 551 511 543 573 501 520 596 588 525 560 549 540 529 530 557 532 571 512 597 583 582 519 534 523 509
8
321 324 305 371 343 387 379 357 389 323 307 331 336 394 386 303 310 349 369 391 330 367 378 338 366 399 319 309 344 318 350 333 314 380 370 313 306 312 351 325 393 341 352 327 354 356 329 348 340 322 368 326 360 372 332 388 300 385 347 392 363 377 339 398 317 345 353 362 346 364 375 334 337 365 381 390 342 396 359 361 311
264
548
17
915
33
708
833
612
801
111
56
932
611
421
503
418
355
304
151
656
123
689
957
384
562
239
515
100
970
619
1
987
710
129
587
180
565
700
706
159
726
436
863
764
808
933
745
999
260
240
429
397
748
320
107
30
308
477
613
190
70
122
797
158
215
568
191
383
937
951
198
5
707
528
65
78
276
117
41
909
522
156
45
243
19
451
513
789
859
900
730
376
558
400
450
440
997
600
335
624
121
969
328
175
201
945
500
130
617
315
623
89
572
526
576
992
220
373
271
727
644
842
118
43
446
358
192
785
758
423
928
80
905
686
733
382
606
484
687
821
472
914
269
179
725
67
316
374
807
93
496
763
879
524
775
37
963
178
199
553
856
296
301
101
61
811
232
42
592
211
189
610
855
881
224
948
481
62
395
302
978
975
171