938 962 941 949 994 974 947 980 954 907 950 977 924 922 901 940 984 981 972 952 904 906 921 986 995 913 908 964 939 931 991 942 911 936 943 961 965 990 953 976 966 958 927 934 919 910 923 993 926 983 912 917 960 935 985 920 998 967 996 989 968 902 903 925 959 973 918 930 916 982 944 955 988 946 979 956 929 971
6 22 20 99 69 76 94 97 4 32 38 88 23 11 85 49 57 12 2 84 90 75 48 25 79 98 77 63 52 59 15 54 60 46 66 9 35 51 18 16 7 91 13 64 36 96 24 71 39 58 73 0 40 44 68 10 29 34 87 83 86 28 74 72 55 3 26 31 82 27 14 50 92 47 81 95 21
134 110 146 128 182 103 195 155 143 183 165 154 168 135 150 137 153 144 162 116 108 184 181 188 186 185 163 125 102 104 139 187 173 174 132 196 112 133 142 161 115 152 194 131 124 170 126 149 193 113 140 119 105 120 167 138 164 114 145 177 160 197 141 109 147 148 127 169 166 136 172 157 176 106
462 468 402 454 486 448 457 470 413 415 482 497 441 439 485 424 417 412 467 463 465 403 464 408 475 447 479 483 473 407 442 469 478 458 444 488 498 428 416 449 490 476 404 452 445 480 455 405 427 487 494 401 431 420 432 495 471 422 460 426 410 411 443 437 459 453 435 466 474 419 430 499 489 434 409 491 433 492 406 456 425 438 414 493 461
809 857 826 822 873 837 830 880 851 839 866 843 869 829 894 858 825 804 854 887 823 827 871 852 814 860 865 899 861 817 816 834 889 838 845 895 891 874 886 844 882 813 818 876 864 849 805 870 893 867 828 824 883 898 896 836 897 820 848 800 803 890 892 885 884 850 812 841 810 806 846 888 835 815 868 831 832 853 872 878 877 840 819 875 847
294 227 259 237 298 200 283 231 261 286 272 278 221 234 207 266 253 214 208 242 263 236 279 284 252 226 203 275 256 238 251 282 299 216 254 205 204 202 245 297 219 210 292 222 258 270 248 289 280 255 274 246 273 287 244 257 268 230 290 265 217 262 213 209 295 206 250 218 281 293 241 277 285 267 225 249 288 223 233 291 229 235 228 247 212
718 795 759 779 793 720 701 770 739 735 738 767 713 703 722 757 778 798 746 750 705 754 772 756 734 753 755 773 743 729 751 781 741 723 744 782 731 786 784 742 780 760 714 747 788 709 717 728 776 724 761 749 791 765 732 783 721 762 752 712 736 774 766 796 794 740 792 719 716 787 768 715 799 790 704 737 702 771 769 777 711
604 654 641 650 668 635 647 658 663 680 655 634 692 628 676 638 653 618 621 698 640 609 626 684 681 675 691 657 677 616 601 636 627 605 697 603 629 690 674 646 648 661 622 699 633 643 608 625 620 649 632 671 673 652 660 696 651 664 662 631 659 695 693 602 694 642 678 679 615 685 688 639 669 683 665 682 630 666 670 645 667 672 607 637 614
802
537 549 554 598 517 569 579 566 519 501 550 551 561 541 563 584 581 564 573 597 539 578 520 529 555 531 557 509 544 593 585 510 538 577 546 552 536 543 540 567 518 559 586 547 525 506 508 512 570 582 530 534 533 514 532 556 588 571 535 594 560 504 596 521 583 542 575 595 590 545 591 505 502 580 527 511 523 599 516 589 507 574
8
389 377 386 300 327 399 350 394 319 378 371 351 359 391 352 390 324 338 368 323 385 317 337 306 367 380 361 310 388 309 347 349 339 362 363 340 365 326 341 311 331 353 329 398 360 364 375 343 325 372 348 330 321 342 387 396 370 314 313 381 344 303 318 393 357 307 322 354 369 305 392 379 333 366 336 334 312 332 356 346 345
264
548
17
915
33
708
833
612
801
111
56
932
611
421
503
418
355
304
151
656
123
689
957
384
562
239
515
100
970
619
1
987
710
129
587
180
565
700
706
159
726
436
863
764
808
933
745
999
260
240
429
397
748
320
107
30
308
477
613
190
70
122
797
158
215
568
191
53
383
937
951
198
5
707
528
65
78
276
117
41
909
522
156
45
243
19
451
513
789
859
900
730
376
558
400
450
440
997
600
335
624
121
969
328
175
201
945
500
130
617
315
623
89
572
526
576
992
220
373
271
727
644
842
118
43
446
358
192
785
758
423
928
80
905
686
733
382
606
484
687
821
472
914
269
179
725
67
316
374
807
93
496
763
879
524
775
37
963
178
199
862
553
856
296
301
101
61
811
232
42
592
211
189
610
855
881
224
948
481
62
395
302
978
975
171