991 998 985 906 913 994 990 927 962 981 967 907 958 982 939 926 936 979 922 973 910 902 929 968 919 901 983 950 940 984 966 976 924 971 911 908 904 949 943 954 972 921 918 960 974 956 934 942 959 988 912 995 931 965 917 903 952 941 930 961 923 986 980 946 993 935 938 916 964 977 925 955 920 996 947 953 989 944
54 34 36 85 16 92 18 81 55 31 7 94 11 83 13 48 12 3 32 49 35 72 63 21 24 99 75 23 84 40 69 98 26 50 64 29 2 91 74 20 76 59 44 25 57 51 22 46 52 58 82 39 15 90 73 79 0 6 68 14 60 71 77 28 96 47 9 66 38 95 87 86 27 4 97 88 10
139 172 164 166 188 143 127 119 140 197 106 177 148 102 196 115 167 128 141 108 173 195 184 137 153 132 183 149 161 152 124 194 116 162 135 193 170 168 146 144 147 138 120 136 134 176 165 174 125 181 114 150 186 160 187 163 155 109 113 185 182 133 103 112 104 169 105 154 142 157 131 145 126 110
417 498 479 445 474 458 473 401 438 449 404 433 434 427 461 478 424 483 430 495 488 453 480 426 460 409 469 447 489 482 475 490 422 410 493 413 441 411 454 444 466 416 467 442 405 437 414 468 499 494 459 431 403 428 439 457 471 486 476 443 470 491 497 408 462 415 425 412 420 463 455 485 407 406 487 448 456 465 402 419 432 464 435 492 452
832 829 865 848 828 809 898 886 877 822 818 897 805 803 867 831 876 854 846 834 894 869 817 887 895 800 851 827 847 890 816 843 813 875 893 891 812 804 850 806 825 840 837 896 824 826 841 871 814 899 868 838 844 858 866 853 873 861 860 880 889 884 810 882 823 874 883 819 839 852 864 870 849 836 885 830 888 872 892 857 835 878 845 815 820
253 219 237 216 229 233 255 283 280 242 241 218 228 286 263 205 227 290 272 245 214 279 256 238 246 204 287 223 292 251 235 206 250 226 236 209 221 257 273 293 230 208 200 252 234 277 262 248 261 225 294 249 288 210 202 259 213 281 212 207 299 266 270 297 274 203 265 244 231 289 275 291 222 254 285 284 258 268 278 217 295 267 298 247 282
721 719 770 714 720 712 783 722 790 738 765 757 779 767 701 791 716 743 703 709 786 798 771 776 762 752 711 715 713 772 784 735 718 792 751 781 736 760 728 744 704 702 723 731 780 774 732 777 749 787 788 740 747 778 737 754 768 734 794 756 761 755 741 746 724 705 739 717 793 796 729 766 773 795 753 769 742 750 799 759 782
621 664 637 630 651 605 659 609 634 625 671 675 607 655 654 699 633 604 679 693 697 614 662 676 645 695 626 636 685 601 673 680 670 647 635 667 692 618 603 660 668 696 639 641 666 631 622 681 665 646 627 698 650 649 669 678 683 615 682 602 663 658 638 643 657 640 648 632 688 677 674 690 628 672 691 642 608 620 661 629 694 653 684 616
802
584 520 550 521 555 594 518 539 577 507 593 588 595 544 563 556 596 506 569 557 532 533 530 505 547 573 559 566 511 575 597 536 561 542 541 516 525 578 589 546 591 534 583 560 523 564 581 512 508 582 586 517 504 529 574 537 535 501 599 571 552 538 570 509 590 551 598 543 585 502 531 527 540 579 519 514 549 510 567 545 580 554
8
331 332 324 366 379 364 349 389 318 386 369 380 396 307 385 361 377 338 393 347 381 346 367 394 363 388 309 313 306 339 352 310 340 368 387 327 323 341 360 348 375 350 333 321 391 336 345 359 362 303 351 357 319 398 354 300 326 305 314 322 371 325 337 399 392 390 334 329 353 365 370 312 330 317 378 372 343 342 356 311 344
264
548
17
915
33
708
833
612
801
111
56
932
611
421
503
418
355
304
151
656
123
689
957
384
562
239
515
100
970
619
1
987
710
129
587
180
565
700
706
159
726
436
863
764
808
933
745
999
260
240
429
397
748
320
107
30
308
477
613
190
70
122
797
158
215
568
191
53
383
937
951
198
5
707
528
65
78
276
117
41
909
522
156
45
243
19
451
513
789
859
900
730
376
558
400
450
440
997
600
335
624
652
121
969
328
175
201
945
500
130
617
315
623
89
572
526
576
992
220
373
271
727
644
842
118
43
446
358
192
785
758
423
928
80
905
686
733
382
606
484
687
821
472
914
269
179
725
67
316
374
807
93
496
763
879
524
775
37
963
178
199
862
553
856
296
301
101
61
811
232
42
592
211
189
610
855
881
224
948
481
62
395
302
978
975
171