974 926 977 931 995 939 954 925 940 935 946 918 993 936 989 921 952 961 972 950 942 920 916 984 976 990 953 923 944 960 967 938 968 991 955 924 962 949 959 964 988 971 908 980 981 911 927 903 929 922 979 910 947 943 904 930 958 906 934 986 913 985 998 965 901 973 941 917 907 912 983 956 966 902 994 919 982 996
39 58 82 11 81 72 2 36 83 55 20 28 98 63 84 4 12 44 68 51 38 64 21 6 25 9 10 35 46 74 22 13 0 7 71 49 34 76 85 60 77 26 92 47 86 59 31 52 94 40 69 29 32 88 75 87 3 66 54 15 73 18 27 79 99 57 50 14 97 23 48 16 91 95 90 24 96
154 181 115 184 140 146 109 102 174 185 133 142 197 139 147 131 138 193 161 155 137 177 153 150 176 143 105 106 149 172 157 166 194 108 144 148 114 168 110 113 124 183 188 132 160 128 136 187 162 186 104 145 152 163 125 173 134 165 126 195 167 182 120 164 112 103 196 127 116 170 169 141 135 119
497 431 403 426 458 456 432 485 453 434 492 482 430 435 474 425 470 494 479 473 433 416 437 467 407 460 401 424 438 404 499 463 495 428 420 443 466 454 447 419 498 402 413 444 408 445 464 490 457 449 461 411 471 455 489 478 412 491 417 410 406 483 441 487 480 459 486 488 465 462 405 476 442 422 452 427 493 475 448 409 439 414 469 468 415
858 874 830 886 809 820 895 882 826 835 843 846 884 812 865 861 857 869 866 834 893 803 880 849 827 815 887 828 829 850 899 870 883 848 814 885 819 868 871 837 832 838 810 860 836 841 804 824 872 800 897 845 823 844 840 813 822 891 876 890 894 831 818 816 889 805 854 839 806 852 892 873 864 851 888 878 896 825 875 853 817 867 898 877 847
293 223 287 234 230 241 295 247 284 228 270 206 203 281 253 261 200 207 245 277 244 231 237 266 298 209 251 227 288 210 217 242 250 204 278 280 255 274 289 213 275 233 238 282 283 235 290 219 226 246 259 299 273 263 205 265 208 272 267 294 252 202 229 225 292 257 249 262 221 291 256 254 218 268 286 222 258 214 297 216 212 236 285 248
783 786 791 759 737 769 744 740 796 701 750 779 721 718 746 795 774 751 732 757 792 714 742 716 771 735 790 793 755 741 712 734 772 731 724 756 770 762 781 722 776 738 753 749 719 798 760 739 782 702 784 765 767 788 794 799 729 778 761 787 766 736 747 703 752 720 709 711 715 717 768 777 773 780 704 743 705 723 728 713 754
646 632 655 657 601 627 674 654 633 661 608 630 615 668 636 681 691 641 694 603 662 664 650 663 645 696 625 637 692 651 634 699 675 626 649 635 670 685 680 620 647 678 677 682 640 659 679 642 697 666 660 665 639 688 684 614 683 658 672 605 621 622 628 607 693 631 673 648 690 602 695 669 604 667 638 698 618 676 609 629 671 643 616 653
802
567 569 564 577 537 546 589 555 561 530 534 529 588 509 580 502 527 519 521 536 590 597 586 514 516 511 579 593 599 532 510 594 520 574 504 551 582 585 563 591 554 531 545 571 535 596 505 584 544 559 583 539 523 578 598 549 512 552 595 550 575 541 543 518 570 508 547 566 581 540 556 507 501 533 560 542 506 573 538 517 525 557
8
332 346 317 388 387 323 371 361 391 354 393 368 398 314 351 334 363 385 309 392 362 359 381 390 313 321 331 330 389 366 318 319 353 303 329 344 307 347 322 349 338 378 352 369 342 305 350 312 300 336 386 380 356 343 360 364 306 341 394 333 365 379 337 339 311 327 396 367 310 377 324 325 326 348 345 375 399 357 370 340 372
264
548
17
915
33
708
833
612
801
111
56
932
611
421
503
418
355
304
151
656
123
689
957
384
562
239
515
100
970
619
1
987
710
129
587
180
565
700
706
159
726
436
863
764
808
933
745
999
260
240
429
397
748
320
107
30
308
477
279
613
190
70
122
797
158
215
568
191
53
383
937
951
198
5
707
528
65
78
276
117
41
909
522
156
45
243
19
451
513
789
859
900
730
376
558
400
450
440
997
600
335
624
652
121
969
328
175
201
945
500
130
617
315
623
89
572
526
576
992
220
373
271
727
644
842
118
43
446
358
192
785
758
423
928
80
905
686
733
382
606
484
687
821
472
914
269
179
725
67
316
374
807
93
496
763
879
524
775
37
963
178
199
862
553
856
296
301
101
61
811
232
42
592
211
189
610
855
881
224
948
481
62
395
302
978
975
171