960 907 912 940 987 966 927 962 933 981 945 988 992 974 977 928 982 956 971 984 910 915 932 985 983 931 970 926 925 901 949 914 934 937 979 946 947 965 930 905 968 948 961 936 996 959 963 917 994 978 911 944 904 939 924 942 943 997 916 906 952 972 921 919 990 950 957 954 958 951 941 998 955 902 953 993 973 986 908 964 999 989 923 913 909 980 922 929 991 976 935 995 903 918 969 938 975 920 967
77 90 41 38 29 54 45 89 72 65 84 66 60 31 52 0 12 10 40 76 82 62 69 55 91 33 37 21 51 24 8 47 16 88 78 96 63 58 23 22 20 95 27 73 3 46 83 32 36 75 59 11 99 17 79 93 13 39 4 14 26 28 86 64 61 94 68 70 7 50 98 25 92 57 67 81 35 85 44 80 87 34 5 6 9 30 56 97 43 49 71 42 19 2 74 15 53 48 18
116 199 178 131 133 161 190 149 152 157 187 136 139 111 181 106 108 142 143 119 130 124 188 169 167 104 138 113 153 183 121 141 166 158 107 195 148 151 177 140 155 144 127 150 160 126 102 179 165 105 162 147 115 154 103 163 112 176 146 129 186 180 100 123 122 128 191 164 192 170 137 134 159 174 168 118 198 110 196 175 135 132 182 125 117 171 173 184 109 189 145 193 120 185 197 194 114 172 156
471 410 479 466 420 444 484 483 469 409 431 452 424 438 451 454 456 411 480 423 459 464 405 404 443 436 426 415 441 486 433 491 427 495 432 475 490 498 485 493 434 408 414 460 488 458 468 412 465 445 473 417 463 407 478 416 462 461 442 449 499 403 437 429 477 492 419 435 450 489 476 448 440 402 421 482 487 470 422 467 497 455 428 406 430 418 447 472 457 474 494 496 446 425 481 413 453 401 439
804 847 863 858 897 829 817 859 828 816 871 869 843 846 890 822 872 866 807 805 882 879 841 848 887 821 898 880 862 865 810 868 861 873 895 896 845 809 806 891 823 886 857 826 852 840 856 860 870 833 885 819 813 889 824 830 875 884 877 893 849 808 815 837 892 842 851 827 832 853 838 834 878 874 883 811 800 867 802 831 835 864 888 814 818 825 844 812 839 803 876 854 855 836 850 894 899 881 820
255 250 245 205 227 290 221 285 240 267 222 288 265 291 243 253 228 252 217 225 218 293 236 214 241 246 234 238 279 268 226 275 206 200 232 256 269 230 242 215 295 209 235 299 203 292 231 266 287 289 274 233 298 237 278 251 262 212 280 261 277 220 223 207 297 272 249 271 208 273 296 210 286 248 259 213 264 239 270 244 281 211 284 224 276 247 260 258 204 216 202 229 254 282 283 263 219 257 294
768 759 725 709 769 717 792 740 787 738 744 781 758 745 773 756 766 791 712 751 750 701 720 770 793 734 782 732 726 789 775 772 728 739 736 761 711 706 713 755 735 733 785 719 742 737 714 794 722 741 786 783 788 797 747 718 746 762 757 708 771 778 776 784 731 715 729 727 705 760 752 748 730 716 743 779 795 703 777 702 790 723 780 754 798 799 710 704 763 749 753 796 767 774 764 721 765 724 707
612 651 670 644 679 635 666 604 645 618 684 628 623 622 613 615 627 648 671 664 601 610 624 699 630 674 625 662 629 689 643 685 649 694 667 669 676 672 633 640 683 663 639 693 658 614 603 698 678 642 661 620 634 631 655 646 654 652 657 665 688 616 621 682 611 609 605 608 680 619 691 602 632 686 687 607 695 668 617 681 650 673 660 606 659 653 637 677 641 647 626 636 692 656 638 690 675 696 697
515 568 508 548 552 528 554 599 587 553 565 593 578 596 506 531 575 514 582 566 581 560 504 591 558 583 530 598 597 537 557 555 571 550 590 541 527 577 524 516 546 507 520 525 519 539 535 513 567 521 585 545 559 529 573 510 518 501 551 505 538 592 579 522 549 542 517 503 562 543 588 576 556 523 509 563 502 540 533 584 595 547 532 526 536 572 569 570 589 561 580 574 586 534 594 544 564 512 511
335 371 352 362 387 384 367 320 339 378 306 331 309 324 365 390 375 383 353 313 300 345 377 349 359 354 358 374 301 381 332 344 357 388 338 398 340 314 355 341 396 328 336 308 379 389 382 385 318 347 363 373 337 399 395 323 394 393 315 325 351 304 366 310 368 372 321 356 364 322 346 350 397 343 319 369 330 376 342 348 361 302 392 316 380 307 370 327 311 312 317 303 386 334 333 391 329 326 305 360
801
1
700
900
400
600
201
500
101