911 977 984 904 938 901 941 960 918 940 985 930 926 972 910 927 939 903 993 946 971 907 936 983 959 967 956 921 986 976 942 964 991 944 968 931 934 950 965 916 981 989 966 958 906 925 929 982 961 924 908 949 919 988 995 912 962 973 998 953 974 994 980 913 902 923 990 952 922 920 935 917 955 954 996 979 943
92 34 48 28 21 60 3 35 88 84 4 9 29 51 95 99 79 81 64 73 74 47 18 6 14 71 90 0 86 7 83 15 57 2 66 96 85 39 82 76 49 10 11 59 25 75 91 22 24 94 44 13 98 54 26 69 46 38 36 23 32 12 58 77 50 97 52 68 16 63 31 40 20 27 87 55 72
124 195 105 164 181 141 148 102 119 168 157 137 194 133 109 188 186 182 150 197 176 145 113 135 187 165 142 163 160 149 116 193 139 147 177 173 144 104 184 114 128 132 134 152 153 140 185 167 136 126 154 172 110 162 131 143 112 166 169 138 170 174 115 125 127 106 196 183 108 161 103 155 146 120
408 415 416 475 432 456 469 439 441 495 499 491 492 406 435 431 414 419 470 457 466 437 468 409 422 434 412 417 478 488 461 455 445 442 425 428 486 480 405 460 489 458 438 483 413 426 444 448 402 479 490 487 482 411 494 449 497 462 493 404 453 476 467 474 424 463 464 433 452 403 401 498 485 454 427 430 447 407 410 465 459 420 443 473 471
887 848 838 844 841 836 850 893 828 834 800 876 812 851 877 891 832 864 871 843 806 805 839 869 868 814 809 820 829 875 849 861 866 897 826 894 860 854 845 817 847 823 835 804 888 873 872 895 878 837 883 899 880 853 867 810 840 886 822 858 818 813 827 885 892 803 846 825 852 889 830 896 890 865 819 815 831 857 824 870 882 816 898 884 874
282 290 225 257 250 208 281 218 219 234 226 284 246 222 238 278 267 274 241 227 202 268 244 293 210 236 209 213 247 228 200 286 221 263 235 255 242 289 230 283 262 256 288 233 295 294 273 229 237 251 272 275 204 253 254 299 205 212 270 298 266 245 217 258 203 261 287 297 231 248 216 292 291 259 285 206 207 252 214 223 265 277 280 249
702 723 739 770 792 793 772 741 712 783 761 796 771 749 790 711 709 799 724 705 757 788 714 762 736 760 791 773 767 701 738 703 781 765 744 721 750 777 798 735 753 729 751 734 776 755 732 719 746 794 786 782 766 747 713 742 716 722 715 756 778 784 774 780 740 728 704 779 752 717 768 787 737 743 795 754 720 769 731 759 718
668 680 641 695 653 643 682 646 671 605 681 614 665 657 662 609 660 659 650 629 639 692 683 608 684 655 667 661 666 618 693 694 642 621 648 636 627 674 649 625 664 672 620 647 651 634 628 688 678 645 615 698 685 640 632 626 601 675 622 637 696 670 607 602 697 669 603 604 690 630 691 635 663 676 673 616 631 654 677 658 633 699 638 679
802
506 507 581 504 567 529 540 534 560 583 551 577 566 589 545 533 514 523 521 501 505 598 582 586 555 599 530 502 590 546 564 541 597 549 543 518 525 579 580 538 536 544 588 535 527 552 554 594 520 556 519 547 508 575 563 511 570 557 584 509 561 539 550 559 571 569 591 578 512 593 595 510 542 585 516 531 537 532 596 574 573 517
8
347 377 399 388 390 324 362 356 342 396 341 321 387 309 349 370 380 337 352 322 389 379 357 314 348 391 375 318 338 353 319 351 343 366 394 305 330 378 354 364 386 334 368 360 392 371 332 359 311 300 340 307 350 385 333 398 329 323 327 331 306 317 344 346 381 312 345 336 372 365 369 310 339 325 361 367 303 363 313 393 326
264
548
17
915
33
708
833
612
801
111
56
932
611
421
503
418
355
304
151
656
123
689
957
384
562
239
515
100
970
619
1
987
710
129
587
180
565
700
706
159
726
436
863
764
808
933
745
999
260
240
429
947
397
748
320
107
30
308
477
279
613
190
70
122
797
158
215
568
191
53
383
937
951
198
5
707
528
65
78
276
117
41
909
522
156
45
243
19
451
513
789
859
900
730
376
558
400
450
440
997
600
335
624
652
121
969
328
175
201
945
500
130
617
315
623
89
572
526
576
992
220
373
271
727
644
842
118
43
446
358
192
785
758
423
928
80
905
686
733
382
606
484
687
821
472
914
269
179
725
67
316
374
807
93
496
763
879
524
775
37
963
178
199
862
553
856
296
301
101
61
811
232
42
592
211
189
610
855
881
224
948
481
62
395
302
978
975
171