988 913 941 998 981 942 952 940 964 930 922 935 903 912 955 958 907 960 943 968 991 986 965 926 977 934 973 993 953 976 979 961 936 995 938 967 920 959 984 962 972 946 923 982 985 929 910 919 904 918 966 931 927 939 925 908 983 921 949 980 916 950 996 917 902 911 954 956 971 989 990 906 994 901 944 974 924
39 88 72 57 91 75 46 77 22 47 50 55 51 69 81 29 36 73 7 13 96 85 79 82 35 68 14 44 32 40 12 4 10 87 86 94 28 18 54 2 84 11 16 63 98 9 21 0 52 66 6 23 74 71 59 60 95 64 97 58 76 25 31 15 20 99 38 26 27 92 49 90 83 3 24 34 48
135 116 139 115 142 105 134 143 138 106 164 140 124 177 114 141 133 137 197 155 183 194 168 172 170 104 102 119 145 109 193 149 131 174 176 125 167 113 144 173 147 162 160 157 185 148 196 108 188 103 126 163 182 186 165 150 195 128 132 169 110 187 152 184 161 153 136 154 120 112 127 166 181 146
448 406 474 412 478 461 410 475 409 425 426 488 443 470 476 464 473 407 433 424 427 491 430 438 480 417 444 420 403 487 468 465 485 458 494 482 401 416 456 467 439 490 493 402 441 445 422 435 469 462 414 428 432 415 413 460 434 437 419 457 492 405 466 431 454 483 495 486 497 447 471 479 452 459 498 453 408 499 463 404 455 489 442 411 449
832 803 884 809 875 838 800 854 848 885 805 831 876 818 882 891 866 834 839 849 888 872 827 860 898 816 828 845 874 857 820 897 867 880 836 814 894 846 810 877 813 890 823 815 883 895 871 817 853 837 889 865 893 841 899 806 812 826 819 822 852 861 870 843 851 825 896 868 804 850 844 864 835 873 887 830 847 829 886 858 869 878 824 892 840
223 249 248 216 241 286 288 274 230 202 272 217 270 293 229 245 218 259 236 209 285 295 263 221 253 273 214 219 294 255 280 258 252 222 226 208 289 282 234 265 268 205 246 250 284 238 225 267 231 203 290 251 281 233 297 262 287 207 291 212 298 247 266 228 257 200 242 235 254 227 292 275 261 256 283 206 210 213 277 244 237 299 204 278
761 793 791 701 787 703 717 788 716 752 753 774 718 737 744 750 782 766 759 738 723 732 760 779 757 729 784 734 736 715 776 765 786 747 740 780 781 735 739 771 798 768 799 794 743 742 754 721 769 772 792 714 719 720 790 773 711 749 731 741 709 704 722 762 702 755 767 713 778 751 724 746 705 777 712 756 783 770 728 796
629 690 601 634 638 649 635 641 609 627 646 697 643 605 693 691 607 659 699 632 658 602 682 670 679 668 636 698 684 667 637 674 603 673 671 660 666 692 681 621 616 645 642 676 662 640 639 651 618 683 647 657 675 604 661 672 630 663 628 696 680 648 615 685 626 695 664 614 633 669 665 608 677 622 650 631 688 655 678 620 625 694 653 654
802
511 579 542 504 584 516 580 512 506 589 559 502 538 581 520 566 598 519 582 541 551 597 525 510 521 529 505 531 537 535 546 564 509 550 533 578 514 530 570 590 574 596 593 583 556 577 523 532 560 599 544 534 557 563 552 575 540 508 573 549 536 517 545 594 518 527 539 547 501 567 507 561 569 543 554 571 595 586 585 588 555 591
8
379 339 312 357 326 391 367 340 334 318 324 300 307 330 380 368 396 388 350 345 366 361 342 387 309 375 372 364 353 360 306 319 341 362 343 303 349 332 359 331 365 336 398 385 322 314 313 389 390 386 327 337 338 344 346 351 348 347 392 321 371 329 311 305 354 377 317 378 356 393 363 352 370 381 310 394 369 325 399 323 333
264
548
17
915
33
708
833
612
801
111
56
932
611
421
503
418
355
304
151
656
123
689
957
384
562
239
515
100
970
619
1
987
710
129
587
180
565
700
706
159
726
436
863
764
808
933
745
999
260
240
429
947
397
748
320
107
30
308
477
279
613
190
70
122
797
158
215
568
191
53
383
937
951
198
5
707
528
65
78
276
117
41
909
522
156
45
243
19
451
513
789
859
900
730
376
558
400
450
440
997
600
335
624
652
121
969
328
175
201
945
500
130
617
315
623
89
572
526
576
992
220
373
271
727
644
842
118
43
446
358
192
785
758
423
928
80
905
686
733
382
606
484
687
821
472
914
269
179
725
67
316
374
807
93
496
763
879
524
775
37
963
178
199
862
553
856
795
296
301
101
61
811
232
42
592
211
189
610
855
881
224
948
481
62
395
302
978
975
171