984 902 977 967 919 921 994 974 920 980 926 912 958 950 990 981 918 953 968 936 911 954 956 927 917 993 973 988 960 995 904 906 964 925 924 961 985 907 941 942 982 903 908 983 991 922 910 949 962 952 929 934 971 944 923 966 979 972 939 989 996 935 998 940 930 916 931 955 959 901 946 976 938 965 943 913 986
16 49 14 69 84 11 88 63 46 81 82 15 12 74 35 97 22 73 98 50 57 66 2 28 91 31 13 72 44 3 9 23 26 54 77 83 51 59 4 95 85 68 90 55 71 86 0 32 29 79 60 64 34 47 48 24 96 39 18 76 40 87 75 99 94 25 36 52 27 21 58 10 20 92 6 38 7
120 138 105 131 119 124 103 160 163 146 157 195 110 109 183 174 154 148 197 112 194 165 167 177 132 153 145 166 162 161 176 147 193 134 108 152 140 139 113 168 170 150 126 116 137 115 196 141 128 188 114 164 142 143 133 182 155 125 127 169 187 181 144 135 186 104 102 136 173 149 172 106 185
489 497 411 442 479 430 465 427 416 456 476 443 468 410 486 494 491 414 406 444 431 419 425 445 463 469 483 437 453 474 447 464 441 420 458 487 471 428 426 405 460 480 490 403 413 459 449 492 435 455 499 422 457 404 402 454 470 415 424 466 432 409 439 478 434 461 408 412 473 417 475 498 485 462 438 433 452 488 407 493 401 495 467 448 482
846 809 848 820 892 857 880 803 827 897 886 885 852 870 838 894 889 865 834 871 895 869 849 860 864 888 841 858 867 845 819 872 853 883 898 825 891 839 835 875 884 836 877 850 861 805 816 828 830 847 812 893 813 837 874 829 810 873 899 832 890 844 800 840 887 823 817 851 876 866 806 831 878 826 824 868 843 854 818 896 815 804 822 882 814
254 270 206 210 280 218 246 237 229 282 209 247 227 261 299 289 200 273 268 234 238 213 278 244 287 256 292 235 249 225 203 290 214 241 283 250 298 252 291 221 202 257 293 216 255 226 208 233 228 204 207 217 242 295 281 258 288 245 286 263 230 231 275 251 262 259 205 265 274 266 253 272 223 219 294 248 297 284 222 212 277 285 236 267
747 719 793 732 713 716 794 746 792 784 731 721 711 786 749 776 753 798 737 718 782 796 714 709 772 780 773 735 752 734 765 739 783 778 744 769 740 741 724 704 742 722 781 701 790 751 743 761 767 774 729 712 787 736 717 760 771 755 703 757 750 779 756 715 791 766 728 702 754 738 723 770 777 768 788 762 759 720 799 705
664 670 648 667 615 692 660 690 666 645 653 636 697 633 640 616 601 681 637 676 646 661 696 631 662 630 691 607 698 655 684 651 639 674 627 663 688 675 658 629 634 618 628 625 643 620 695 672 671 677 669 621 699 682 673 626 678 603 602 683 604 657 693 650 685 638 665 608 641 654 679 659 635 647 605 680 609 649 642 622 632 694 668 614
802
551 555 509 504 556 559 573 532 569 598 597 536 580 584 567 554 512 585 505 523 519 508 594 540 506 510 533 552 539 596 570 557 563 530 531 560 546 529 574 537 511 527 538 591 581 501 593 547 550 561 579 517 541 583 525 582 578 544 577 543 590 518 534 599 595 549 571 589 516 575 520 521 588 564 507 566 502 514 535 545 542 586
8
312 366 318 388 393 365 391 321 380 368 361 354 367 311 334 360 343 348 300 386 306 359 378 364 375 356 323 331 349 372 399 394 338 357 345 369 317 322 336 324 362 390 332 344 396 353 352 385 370 329 337 377 381 333 341 363 303 379 392 309 326 342 319 313 325 371 339 387 314 350 351 347 327 389 307 346 310 398 330 305 340
264
548
17
915
33
708
833
612
801
111
56
932
611
421
503
418
355
304
151
656
123
689
957
384
562
239
515
100
970
619
1
987
710
129
587
180
565
700
706
159
726
436
863
764
808
933
745
999
260
240
429
947
397
748
320
107
30
308
477
279
613
190
70
122
797
158
215
568
191
53
383
937
951
198
5
707
528
65
78
276
117
41
909
522
156
45
243
19
451
513
789
859
900
730
376
558
400
450
440
997
600
335
624
652
121
969
328
175
201
945
500
130
617
315
623
89
572
526
576
992
220
373
271
727
644
842
118
43
446
358
192
785
758
423
928
80
905
686
733
382
606
484
687
821
472
914
269
179
184
725
67
316
374
807
93
496
763
879
524
775
37
963
178
199
862
553
856
795
296
301
101
61
811
232
42
592
211
189
610
855
881
224
948
481
62
395
302
978
975
171