913 940 939 962 959 973 910 952 972 993 924 953 931 930 901 925 974 916 934 921 906 950 995 965 902 908 944 960 943 982 946 926 981 984 961 929 927 919 903 956 918 911 977 949 912 979 936 966 998 988 904 991 996 942 967 917 990 935 976 955 938 954 968 920 958 986 941 971 989 994 923 980 922 907 964 985 983
49 68 73 39 2 99 71 14 88 50 44 16 34 85 87 94 55 15 74 23 76 18 20 95 60 96 90 81 51 57 3 52 22 27 69 48 0 29 77 28 11 97 46 26 63 21 79 35 58 31 38 54 86 7 40 24 12 82 91 72 10 59 92 4 6 84 47 25 98 36 64 75 32 66 13 9 83
195 169 197 143 124 152 138 141 119 137 142 187 125 147 114 188 172 109 170 174 139 193 110 135 144 186 102 183 165 154 108 160 161 116 128 126 162 166 132 167 115 113 150 120 134 181 196 145 127 168 103 163 136 140 148 104 164 105 131 173 194 182 133 153 149 157 106 146 112 155 176 185 177
443 476 430 470 441 467 425 420 431 403 416 471 482 449 439 485 463 489 401 490 493 478 406 413 426 415 407 479 424 468 417 462 414 404 497 499 422 455 487 498 433 466 492 448 486 461 419 452 459 457 408 464 409 438 456 453 447 405 475 483 458 411 432 454 465 428 445 402 442 473 412 427 460 494 434 469 444 410 435 437 491 495 488 480 474
854 867 888 877 814 885 803 850 834 827 800 826 819 837 828 809 866 893 831 882 840 852 874 838 812 891 889 878 824 810 847 853 825 849 829 845 880 813 820 892 884 815 883 871 832 886 872 876 822 844 857 894 817 835 864 869 865 841 846 896 823 860 816 899 897 839 895 818 843 887 830 804 805 898 875 851 848 868 836 861 890 870 858 806 873
294 251 253 222 247 284 275 287 231 270 292 263 238 249 283 252 230 241 289 297 267 265 209 286 261 228 234 221 242 266 207 216 223 218 259 250 281 200 295 254 235 257 290 214 202 268 248 217 208 246 288 227 205 280 210 273 237 225 282 285 256 226 204 212 262 258 255 244 274 213 291 299 236 219 229 203 245 206 298 278 293 233 272 277
715 771 784 703 780 796 738 723 762 709 786 767 781 772 713 704 717 744 751 753 752 774 761 776 732 765 743 740 779 714 755 794 760 769 770 711 747 722 788 705 749 750 782 768 712 731 791 792 783 729 742 759 702 790 757 777 778 720 746 721 701 718 735 724 719 793 798 736 739 734 728 799 737 756 716 766 741 787 773 754
618 616 637 645 699 646 667 638 601 695 635 672 660 653 608 626 650 620 684 639 631 627 604 655 602 654 636 633 697 625 688 691 607 682 696 647 677 648 669 649 663 651 605 668 664 673 621 666 683 680 678 640 674 609 661 634 643 675 670 615 614 657 603 628 698 694 658 676 642 641 665 659 692 679 685 662 632 671 681 690 693 630 629 622
802
540 523 580 550 590 589 560 509 552 536 519 599 516 539 564 556 521 535 586 538 597 578 561 507 541 579 533 559 544 547 584 527 514 512 545 594 577 574 567 510 575 543 581 595 591 508 520 583 505 546 517 542 532 557 504 588 537 585 582 534 563 525 551 530 598 593 529 573 549 566 518 555 554 569 596 506 570 511 501 571 531
8
368 340 379 326 372 386 317 366 341 348 330 310 357 367 331 303 339 380 351 337 300 363 393 318 378 375 362 343 394 387 354 312 345 311 309 388 344 322 365 329 336 305 391 314 371 369 349 390 370 377 321 392 389 364 338 325 399 307 356 327 350 323 324 360 334 342 385 347 396 313 306 319 381 333 352 359 398 361 353 346 332
264
548
17
915
33
708
833
612
801
111
56
932
611
421
503
418
355
304
151
656
123
689
957
384
562
239
515
100
970
619
1
987
710
129
587
180
565
700
706
159
726
436
863
764
808
933
745
999
260
240
429
947
397
748
320
107
30
308
477
279
613
190
70
122
797
158
215
568
191
53
383
937
951
198
5
707
528
65
78
276
117
41
502
909
522
156
45
243
19
451
513
789
859
900
730
376
558
400
450
440
997
600
335
624
652
121
969
328
175
201
945
500
130
617
315
623
89
572
526
576
992
220
373
271
727
644
842
118
43
446
358
192
785
758
423
928
80
905
686
733
382
606
484
687
821
472
914
269
179
184
725
67
316
374
807
93
496
763
879
524
775
37
963
178
199
862
553
856
795
296
301
101
61
811
232
42
592
211
189
610
855
881
224
948
481
62
395
302
978
975
171