926 935 943 964 946 910 920 991 953 986 931 982 934 956 984 927 922 961 993 924 929 950 919 911 907 936 989 981 967 972 949 940 959 979 977 952 995 954 973 944 903 913 988 962 980 908 994 916 918 901 998 941 912 955 958 966 983 960 996 902 990 968 904 985 925 965 938 971 974 906 942 976 939 917 923 921 930
59 85 44 28 90 82 63 58 74 73 64 25 81 18 6 29 96 2 40 92 14 20 13 76 72 69 49 27 98 7 16 24 10 88 95 50 4 86 68 77 34 48 91 21 36 94 23 9 31 79 87 75 15 22 11 57 55 0 60 26 47 35 99 12 51 83 97 32 38 52 71 3 39 46 66 84 54
149 142 145 140 105 152 163 124 144 120 110 102 193 116 112 106 148 127 197 172 196 167 133 173 166 185 176 162 161 183 174 195 138 168 115 103 177 164 113 104 119 108 141 139 188 186 153 155 147 146 182 160 128 194 132 109 150 165 154 134 187 125 131 170 157 114 126 143 136 137 169 135 181
476 435 402 415 467 447 471 495 453 492 498 465 407 463 489 469 417 466 473 420 487 456 468 475 461 448 413 493 449 455 462 480 412 431 486 474 478 443 439 427 414 490 482 411 430 441 459 444 491 409 458 464 483 452 437 419 460 410 442 403 425 428 445 401 426 432 494 416 470 499 488 422 404 408 497 454 433 424 457 434 405 479 438 485 406
827 831 895 894 822 828 804 851 890 854 848 853 825 824 865 874 876 836 880 868 882 885 823 878 813 864 814 867 861 810 870 846 898 872 843 888 803 830 847 841 819 871 826 887 886 815 837 834 849 896 812 850 877 891 820 845 857 839 809 899 832 860 893 866 838 852 858 835 869 873 806 829 817 840 805 818 892 897 800 816 883 875 884 844 889
221 203 241 212 297 236 265 274 250 268 234 267 278 262 253 255 259 222 295 242 209 270 256 298 205 227 247 206 249 272 251 283 216 280 248 287 252 204 238 246 214 219 245 286 291 273 275 288 207 200 217 281 233 208 266 231 254 213 261 229 290 284 258 225 289 282 202 223 244 237 228 285 299 230 292 210 235 277 294 293 263 226 257 218
744 742 750 731 760 779 777 793 709 766 767 752 737 769 761 784 791 771 712 773 704 787 736 729 728 721 762 711 780 701 713 783 756 778 751 798 755 757 720 722 759 703 732 753 796 794 765 735 739 786 723 738 754 792 724 749 781 702 719 768 714 705 799 743 788 746 770 718 716 741 734 776 715 790 774 717 782 772 740 747
660 616 668 697 658 646 657 662 677 698 630 653 696 634 650 663 649 679 648 685 640 667 635 636 659 645 625 693 683 626 670 601 605 666 669 690 654 602 638 682 643 671 674 675 647 639 691 642 699 672 676 651 641 631 692 633 618 614 609 620 629 661 688 655 664 678 665 637 615 608 627 684 632 680 681 628 695 604 673 607 621 622 694
802
598 542 584 590 527 597 549 530 596 504 585 507 532 509 563 554 547 564 501 569 583 535 521 534 589 595 544 517 536 551 566 506 582 546 516 561 573 541 523 588 519 525 559 580 543 510 578 571 537 545 599 512 540 552 511 575 557 593 560 594 520 591 539 518 533 577 574 556 550 531 505 570 508 581 538 586 567 529 555 579 514
8
398 365 326 347 303 307 389 339 379 387 386 317 325 345 354 388 342 390 375 351 391 309 333 310 394 360 372 306 377 371 343 350 356 362 332 321 349 367 363 348 344 314 324 359 393 313 322 361 336 368 338 341 381 392 330 385 305 352 369 357 318 323 312 396 337 364 366 399 334 370 319 329 353 311 346 327 300 340 378 380 331
264
548
17
915
33
708
833
612
801
111
56
932
611
421
503
418
355
304
151
656
123
689
957
384
562
239
515
100
970
619
1
987
710
129
587
180
565
700
706
159
726
436
863
764
808
933
745
999
260
240
429
947
397
748
320
107
30
308
477
279
613
190
70
122
797
158
215
568
191
53
383
937
951
198
5
707
528
65
78
276
117
41
502
909
522
156
45
243
19
451
513
789
859
900
730
376
558
400
450
440
997
600
335
624
652
121
969
328
175
201
945
603
500
130
617
315
623
89
572
526
576
992
220
373
271
727
644
842
118
43
446
358
192
785
758
423
928
80
905
686
733
382
606
484
687
821
472
914
269
179
184
725
67
316
374
807
93
496
763
879
524
775
37
963
178
199
862
553
856
795
296
301
101
61
811
232
42
592
211
189
610
855
881
224
948
481
62
395
302
978
975
171