955 901 927 941 958 934 994 993 902 936 988 939 910 943 976 918 940 974 952 921 949 922 938 995 961 950 917 979 935 924 920 954 989 982 983 966 996 965 953 923 903 967 981 904 960 912 968 942 906 977 931 907 913 908 925 911 946 919 972 929 964 990 930 986 916 998 980 959 991 944 985 926 962 971 956 973 984
2 0 87 83 23 59 3 84 16 63 90 48 40 4 35 44 15 28 54 96 99 32 76 46 49 27 14 38 50 98 9 47 11 74 64 69 18 12 71 60 55 58 77 34 75 88 24 68 36 21 91 22 39 86 57 7 25 10 82 31 73 92 52 72 94 95 6 20 26 29 85 81 13 66 79 97 51
137 181 104 140 194 169 187 124 196 108 116 146 188 163 161 115 125 127 193 152 136 110 148 162 186 114 139 154 105 155 131 143 102 141 170 103 145 134 182 135 142 197 174 172 195 157 126 149 185 173 177 106 133 112 113 166 183 128 168 109 165 176 144 150 119 160 167 153 120 164 132 147 138
487 455 431 460 406 488 432 422 474 405 435 485 457 490 409 413 486 425 420 410 461 408 439 434 448 417 454 482 411 467 428 430 433 478 463 498 426 480 449 416 458 407 427 462 447 404 438 445 491 466 452 401 412 464 402 465 489 468 469 437 479 414 494 471 459 441 492 475 483 499 443 473 497 470 444 493 424 453 403 456 495 415 442 476 419
882 818 812 848 868 851 849 827 810 865 841 894 852 892 876 809 838 850 836 874 875 815 872 806 884 857 866 800 835 869 843 899 896 846 895 890 814 860 898 830 816 864 829 826 823 873 893 844 840 804 897 817 853 822 871 824 889 867 888 858 880 891 839 885 813 834 805 825 861 883 828 877 837 870 878 847 854 831 820 803 832 845 886 819 887
209 213 242 250 287 278 251 203 291 223 255 265 284 236 288 210 274 272 280 256 222 253 268 241 244 205 283 257 295 237 262 221 294 263 231 219 273 289 292 281 216 217 298 270 293 218 261 202 299 267 275 259 290 238 206 235 207 225 245 297 208 282 204 285 230 200 214 228 229 227 277 234 248 286 246 212 226 247 254 233 249 252 258 266
724 776 732 766 736 723 721 767 791 784 770 728 752 742 738 749 769 702 744 799 787 720 788 750 751 773 703 781 712 735 774 782 759 756 704 793 722 754 746 798 741 729 709 792 719 779 755 794 740 705 771 796 701 790 711 786 743 762 737 772 713 716 777 780 761 760 718 715 731 768 714 753 739 778 747 783 717 765 757
626 615 676 668 677 661 630 690 693 680 635 631 671 658 684 616 640 602 655 614 699 625 694 682 641 646 664 667 654 620 666 648 679 659 628 638 692 674 697 609 678 649 670 601 629 637 688 605 608 650 627 685 675 669 696 651 662 607 622 636 604 632 681 639 691 618 673 633 683 698 660 643 695 634 665 672 647 663 642 621 645 657 653
802
525 599 598 554 538 575 561 531 594 591 547 595 577 539 517 551 507 545 532 533 570 557 552 514 567 574 579 527 588 505 597 573 586 569 511 560 510 578 516 590 580 566 564 593 506 501 540 596 555 550 523 556 519 544 559 563 536 535 512 584 509 520 537 529 546 549 589 583 504 534 508 518 571 543 582 530 542 521 541 581 585
8
334 387 375 362 333 311 388 364 345 359 379 309 393 354 343 313 318 377 336 368 366 381 340 360 391 337 300 389 380 323 344 349 371 398 326 329 386 361 372 350 331 317 338 357 310 341 332 385 378 399 312 348 351 319 390 322 365 307 352 324 396 330 367 363 347 306 321 392 339 370 356 346 353 342 305 327 303 394 369 314 325
264
548
17
915
33
708
833
612
801
111
56
932
611
421
503
418
355
304
151
656
123
689
957
384
562
239
515
100
970
619
1
987
710
129
587
180
565
700
706
159
726
436
863
764
808
933
745
999
260
240
429
947
397
748
320
107
30
308
477
279
613
190
70
122
797
158
215
568
191
53
383
937
951
198
5
707
528
65
78
276
117
41
502
909
522
156
45
243
19
451
513
789
859
900
730
376
558
400
450
440
997
600
335
624
652
121
969
328
175
201
945
603
500
130
617
315
623
89
572
526
576
992
220
373
271
727
644
842
118
43
446
358
192
785
758
423
928
80
905
686
733
382
606
484
687
821
472
914
269
179
184
725
67
316
374
807
93
496
763
879
524
775
37
963
178
199
862
553
856
795
296
301
101
61
811
232
42
592
211
189
610
855
881
224
948
481
62
395
302
978
734
975
171