922 964 979 961 974 962 907 902 919 960 901 929 927 941 989 926 958 904 980 950 973 976 996 994 911 934 954 952 921 955 924 985 912 966 986 903 946 925 920 972 916 906 956 913 940 935 910 942 967 971 995 988 990 982 923 944 998 953 968 981 949 983 931 959 984 943 917 965 936 938 939 977 930 918 908 991 993
90 23 99 98 85 87 6 10 91 96 84 77 66 88 13 2 54 83 14 57 0 81 25 21 48 47 68 7 35 73 18 64 20 95 46 29 79 92 4 16 71 36 24 97 76 12 55 58 74 60 38 15 11 34 22 75 26 39 31 3 28 40 72 49 52 86 51 32 94 69 82 9 50 44 63 59 27
145 176 119 150 132 110 186 157 102 149 165 109 181 155 134 113 108 144 161 120 143 197 168 125 147 174 160 152 188 136 193 169 170 172 114 173 105 138 182 131 128 164 112 139 104 133 142 137 135 106 115 146 185 141 194 116 162 167 195 166 153 183 154 148 196 163 126 124 103 127 187 140 177
448 464 419 471 424 432 488 467 403 416 465 406 466 431 414 458 494 407 485 447 459 404 478 426 456 476 415 455 486 454 490 401 402 493 483 453 443 434 480 441 474 422 413 405 411 425 497 417 427 444 475 492 408 495 433 452 482 435 445 489 487 410 460 498 412 463 439 491 462 469 430 428 473 457 409 479 420 461 449 437 470 499 468 442 438
816 804 841 880 876 860 893 858 899 857 823 854 814 837 896 870 839 886 815 826 820 818 831 853 832 894 813 809 836 895 865 897 828 806 847 871 898 844 834 861 835 838 827 819 883 890 843 849 878 850 846 817 829 800 824 864 852 805 877 872 887 840 867 882 874 875 851 889 866 892 888 848 845 830 891 869 803 885 868 873 812 884 825 822 810
265 229 256 214 298 288 226 266 207 253 205 230 222 249 285 290 252 237 283 227 274 250 206 244 282 233 202 289 203 270 223 231 221 295 212 287 284 292 225 286 228 272 209 259 275 299 267 294 247 281 204 200 248 236 210 245 251 219 278 261 297 216 291 257 217 238 268 241 255 218 213 263 246 262 277 254 235 293 234 258 242 208 280 273
746 793 731 792 713 771 783 778 724 722 796 728 772 705 776 714 738 762 786 740 753 780 770 769 794 767 718 735 777 774 757 751 701 749 765 717 760 788 773 768 784 756 737 761 703 732 721 736 704 743 750 744 752 755 741 747 711 787 799 729 702 742 782 779 716 739 723 791 712 709 720 715 759 798 790 754 719 781 766
688 645 671 692 605 630 658 680 608 699 609 681 640 683 607 695 653 639 682 694 673 637 663 649 622 659 631 667 678 627 679 654 646 635 697 601 674 633 666 664 691 602 657 642 693 675 618 648 661 669 685 620 651 672 690 668 641 634 647 655 650 696 638 660 698 676 625 604 616 636 632 684 670 629 614 615 626 677 662 628 665 643 621
802
537 518 566 535 597 557 594 519 517 596 539 531 589 506 569 573 543 561 527 578 529 582 509 560 551 595 567 580 532 559 538 590 516 563 583 514 545 588 546 542 523 599 570 541 598 579 574 534 507 591 533 586 564 511 530 581 577 571 556 547 555 549 575 501 585 520 505 544 508 512 504 550 554 584 552 521 525 510 536 593 540
8
334 322 371 356 369 354 352 396 370 300 378 329 386 389 351 362 364 309 317 319 385 353 332 307 387 333 347 390 368 344 349 345 340 311 375 391 381 348 321 325 312 372 360 363 366 303 393 342 399 323 305 379 398 313 377 331 324 330 367 361 392 380 326 318 339 306 359 338 394 337 350 341 314 336 327 365 346 343 388 357
264
548
17
915
33
708
833
612
801
111
56
932
611
421
503
418
355
304
151
656
123
689
957
384
562
239
515
100
970
619
1
987
710
129
587
180
565
700
706
159
726
436
863
764
808
933
745
999
260
240
429
947
397
748
320
107
30
308
477
279
613
190
70
122
797
158
215
568
191
53
383
937
951
198
5
707
528
65
78
276
117
41
502
909
522
156
45
243
19
451
513
789
859
900
730
376
558
400
450
440
997
600
335
624
652
121
969
328
175
201
945
603
500
130
617
315
623
89
572
526
576
992
220
373
271
727
644
842
118
43
446
358
192
785
758
423
928
80
905
686
733
382
606
310
484
687
821
472
914
269
179
184
725
67
316
374
807
93
496
763
879
524
775
37
963
178
199
862
553
856
795
296
301
101
61
811
232
42
592
211
189
610
855
881
224
948
481
62
395
302
978
734
975
171