980 911 935 903 960 913 930 976 974 927 918 929 988 919 953 972 973 942 939 941 901 910 940 917 991 924 996 916 965 920 995 984 993 952 964 906 985 926 994 912 908 907 979 966 954 922 902 936 956 923 946 958 986 921 950 967 925 904 949 931 968 961 934 962 944 990 983 943 998 977 971 989 959 981 955 938 982
71 79 94 44 14 47 66 95 20 35 76 97 91 11 50 27 85 58 49 83 54 18 16 21 74 82 26 25 31 29 57 6 24 38 69 64 51 88 9 75 39 36 81 63 34 73 99 92 22 55 0 72 10 48 98 46 28 23 15 77 84 52 7 86 87 2 59 40 12 3 32 60 96 68 90 4 13
110 176 145 153 103 172 126 160 128 183 162 131 164 144 116 197 120 143 165 125 127 168 113 169 155 150 181 167 108 188 161 185 133 163 186 149 182 170 177 196 119 193 137 147 173 115 166 124 112 105 174 194 135 106 132 146 187 102 136 154 157 148 109 195 114 142 139 138 134 141 104 140 152
456 437 407 409 460 467 433 427 445 442 420 432 435 458 402 401 455 447 476 430 405 406 414 479 474 403 470 454 463 487 473 457 495 499 444 419 483 464 475 498 482 426 489 413 461 453 411 494 493 497 410 404 428 452 412 468 443 415 491 490 469 439 424 471 466 438 416 480 434 441 408 459 492 449 485 425 488 486 417 448 431 478 422 462 465
806 812 874 845 848 889 864 816 882 887 835 873 853 870 828 892 846 850 875 810 841 820 896 877 893 803 804 867 858 843 854 800 834 857 825 885 894 880 832 895 837 890 831 869 847 838 818 897 884 852 899 872 878 840 891 815 868 865 817 814 824 805 829 898 844 839 888 851 861 823 826 866 827 836 813 819 830 849 860 886 876 809 871 822 883
205 248 255 285 272 236 293 219 245 297 258 266 268 291 221 213 200 203 257 218 230 262 287 241 207 283 228 273 237 234 274 267 263 226 229 204 214 286 254 210 282 231 281 261 252 265 238 289 278 284 294 246 277 202 280 235 216 259 250 225 275 212 298 223 217 256 242 206 292 227 288 244 270 290 295 222 253 247 251 249 299 209 208
787 770 728 756 781 751 754 744 761 767 711 749 747 760 769 778 732 786 743 740 703 721 736 716 794 709 712 729 783 757 771 777 738 723 724 776 722 768 799 752 796 782 737 735 746 701 713 773 759 742 702 714 766 798 792 790 779 753 788 720 704 784 750 762 780 793 741 718 715 717 705 755 731 739 791 772 765 774 719
614 645 634 629 695 672 671 658 668 663 675 657 697 643 625 616 681 676 690 626 604 662 648 605 666 631 660 628 661 638 665 679 633 608 632 667 688 654 646 674 641 637 607 693 618 669 651 647 609 653 699 673 627 692 601 615 664 683 680 677 670 650 685 630 639 691 698 620 602 696 649 636 659 684 682 642 640 678 655 635 622 621 694
802
538 564 566 536 571 550 591 511 599 589 521 546 518 593 574 529 575 582 520 590 557 530 552 580 533 549 579 585 541 561 581 547 509 560 584 570 577 555 569 554 517 539 510 573 505 531 594 543 588 501 544 542 545 525 559 514 506 598 516 504 556 551 535 523 586 512 596 519 597 537 583 540 532 527 567 508 534 578 563 507 595
8
398 385 387 353 393 371 360 389 334 396 329 322 309 312 323 319 354 350 345 388 365 324 318 394 391 369 317 372 370 366 344 342 305 314 343 321 380 351 367 399 364 307 363 386 326 341 311 348 337 359 356 300 381 378 303 331 379 347 375 325 332 362 390 313 361 306 336 346 330 349 338 352 377 340 333 392 368 327 357 339
264
548
17
915
33
708
833
612
801
111
56
932
611
421
503
418
355
304
151
656
123
689
957
384
562
239
515
100
970
619
1
987
710
129
587
180
565
700
706
159
726
436
863
764
808
933
745
999
260
240
429
947
397
748
320
107
30
308
477
279
613
190
70
122
797
158
215
568
191
53
383
937
951
198
5
707
528
65
78
276
117
41
502
909
522
156
233
45
243
19
451
513
789
859
900
730
376
558
400
450
440
997
600
335
624
652
121
969
328
175
201
945
603
500
130
617
315
623
89
572
526
576
992
220
373
271
727
644
842
118
43
446
358
192
785
758
423
928
80
905
686
733
382
606
310
484
687
821
472
914
269
179
184
725
67
316
374
807
93
496
763
879
524
775
37
963
178
199
862
553
856
795
296
301
101
61
811
232
42
592
211
189
610
855
881
224
948
481
62
395
302
978
734
975
171