940 967 958 912 953 929 923 961 926 931 921 980 908 974 983 901 964 939 985 991 965 952 981 946 986 977 998 911 941 920 968 904 949 962 930 955 982 916 973 971 936 942 972 950 976 943 925 995 966 917 938 993 990 994 934 960 906 907 959 903 988 910 935 979 902 989 922 984 913 954 956 918 996 944 919 927 924
12 95 38 13 49 88 58 66 26 6 20 86 72 15 14 9 90 97 51 91 94 27 87 36 96 4 50 0 92 60 44 29 76 16 31 32 98 75 57 64 59 47 81 34 85 82 35 21 25 18 71 68 10 83 54 11 73 40 74 84 77 46 2 52 63 79 48 23 28 99 3 55 39 22 24 69 7
145 114 144 177 172 195 163 136 170 141 124 119 157 138 164 193 181 135 139 152 186 102 128 140 116 150 146 115 108 148 149 105 143 104 153 187 137 127 194 161 196 155 110 160 197 131 174 169 182 113 120 112 132 162 109 168 142 183 167 188 185 154 125 103 133 106 173 165 147 166 176 134 126
466 464 495 467 462 485 482 479 473 438 416 455 411 448 474 497 499 403 489 498 431 483 410 407 486 454 427 452 488 434 437 456 426 453 415 480 447 422 493 478 413 441 424 491 414 460 433 408 463 461 445 476 402 470 443 471 444 409 487 475 404 412 442 458 449 419 457 420 430 428 417 469 435 492 405 490 439 494 459 406 468 425 401 465
898 844 854 848 869 816 858 823 840 815 875 831 843 852 895 876 853 867 883 880 845 866 890 806 810 803 824 838 899 865 837 809 820 847 870 812 884 874 828 839 885 841 887 886 834 814 877 857 897 830 819 851 868 864 872 882 829 861 835 805 836 813 800 817 894 822 860 878 827 849 871 892 818 804 891 825 889 846 873 896 888 850 893 826 832
207 261 205 278 295 249 283 294 272 204 248 244 209 246 297 263 231 259 250 258 219 267 241 299 268 253 212 227 228 256 254 266 292 293 274 281 298 223 226 265 288 255 270 262 291 206 290 277 202 287 222 284 200 213 218 221 214 237 234 252 275 229 210 203 225 242 273 245 286 257 289 280 235 216 217 238 247 208 251 282 236 285 230
782 784 714 720 761 747 762 716 735 773 778 741 711 737 721 728 749 705 702 703 701 765 772 715 713 780 788 774 787 704 799 756 750 768 724 712 781 718 719 752 777 738 739 754 776 798 791 766 743 790 793 767 757 794 731 717 792 759 723 783 742 769 744 722 796 746 760 755 786 770 751 779 732 753 736 709 740 729 771
618 672 633 680 615 648 621 636 699 616 658 649 659 688 602 643 654 696 647 677 646 695 634 673 664 625 651 668 641 682 601 666 626 691 622 671 614 639 676 628 653 657 629 605 678 684 693 630 655 670 679 608 609 650 663 681 607 685 640 665 604 683 642 697 632 667 638 627 620 661 631 698 674 637 645 694 660 692 662 669 690 675 635
802
555 578 593 569 596 588 583 514 516 511 537 519 564 597 594 530 538 585 542 556 577 567 591 551 508 506 554 529 512 559 560 523 507 589 543 571 590 540 533 501 504 584 549 574 539 536 575 582 552 518 557 544 566 599 505 534 517 573 595 510 521 520 547 550 580 531 532 546 570 509 586 561 545 535 563 541 579 525 598 527 581
8
325 366 393 379 362 307 300 394 313 336 388 387 380 338 385 321 367 327 317 331 311 391 309 349 372 350 361 389 312 341 352 343 342 323 378 303 364 329 319 339 371 332 333 305 306 347 340 322 326 318 356 392 360 369 370 368 398 337 351 346 377 344 359 363 396 314 357 353 354 334 348 390 330 375 381 399 345 386 324 365
264
548
17
915
33
708
833
612
801
111
56
932
611
421
503
418
355
304
151
656
123
689
957
384
562
239
515
100
970
619
1
987
710
129
587
180
565
700
706
159
726
436
863
764
808
933
745
999
260
240
429
947
397
748
320
107
30
308
477
279
613
190
70
122
797
158
215
568
191
53
383
937
951
198
5
707
528
65
78
276
117
41
502
909
522
156
233
432
45
243
19
451
513
789
859
900
730
376
558
400
450
440
997
600
335
624
652
121
969
328
175
201
945
603
500
130
617
315
623
89
572
526
576
992
220
373
271
727
644
842
118
43
446
358
192
785
758
423
928
80
905
686
733
382
606
310
484
687
821
472
914
269
179
184
725
67
316
374
807
93
496
763
879
524
775
37
963
178
199
862
553
856
795
296
301
101
61
811
232
42
592
211
189
610
855
881
224
948
481
62
395
302
978
734
975
171