927 902 944 921 938 931 935 920 929 974 973 912 923 996 904 940 989 950 993 939 908 998 955 980 983 971 979 924 949 972 961 960 952 913 962 965 991 990 959 958 925 985 934 984 922 995 943 901 942 919 954 926 910 916 964 936 988 911 966 953 917 956 968 994 941 982 906 977 967 918 907 976 903 986 930 946 981
68 38 50 36 90 58 75 51 18 28 7 94 63 77 69 16 25 12 15 14 0 98 71 9 97 21 85 95 99 66 79 34 55 31 81 52 59 29 10 13 47 86 72 82 46 57 64 48 74 44 24 3 84 4 54 91 35 60 27 49 11 88 73 87 39 6 22 92 20 96 2 32 76 83 40 23 26
108 150 168 185 135 143 149 124 152 157 164 173 132 197 181 104 153 182 115 128 125 144 193 170 116 110 167 146 103 177 154 163 136 109 126 155 195 102 183 131 172 134 169 174 139 105 196 187 133 120 141 140 138 113 142 166 148 137 194 127 165 160 112 186 176 145 106 188 161 162 147 114 119
448 435 406 408 458 404 459 411 444 437 424 438 445 403 422 420 489 405 456 442 415 425 447 417 487 473 482 430 465 478 434 416 410 471 460 497 419 495 474 457 466 407 439 412 449 479 428 454 490 402 401 443 486 455 470 475 491 462 499 427 409 452 464 493 463 494 498 480 431 488 413 469 441 467 461 485 414 492 433 476 468 453 426 483
872 871 841 897 815 822 898 874 858 896 805 820 809 888 882 870 883 814 866 847 830 893 887 875 889 851 884 865 803 818 873 861 876 835 885 810 886 806 829 840 854 823 843 895 819 852 864 826 857 839 837 838 890 853 867 834 804 816 860 831 849 846 899 827 892 828 800 878 845 848 832 880 891 812 894 813 836 850 817 877 844 824 869 868 825
209 207 291 225 288 249 281 206 287 231 250 299 248 283 261 230 282 213 278 236 258 222 254 286 216 210 205 218 252 280 200 237 253 208 219 289 272 244 226 267 277 265 274 293 255 292 285 246 204 273 251 228 235 214 256 223 242 257 229 203 298 247 263 295 221 238 266 275 241 290 217 245 297 259 268 284 270 202 212 234 262 294 227
762 703 747 796 743 786 781 784 774 724 714 723 783 792 798 741 716 718 778 701 779 771 715 756 735 705 736 780 749 721 738 760 750 752 751 776 711 773 754 787 766 768 737 709 728 713 782 702 742 739 761 799 732 729 767 793 769 790 744 770 757 731 722 717 720 746 772 777 755 791 765 788 759 712 794 719 753 704 740
660 649 678 639 605 690 670 699 621 627 620 651 665 641 654 609 682 637 697 622 664 693 671 696 650 615 625 646 601 647 684 607 628 640 672 653 667 694 683 648 668 674 608 645 658 662 692 673 661 655 636 633 666 679 635 675 626 688 616 659 676 685 681 604 677 634 638 631 632 663 630 618 680 695 602 629 691 614 657 643 642 698 669
802
512 525 542 517 543 505 555 575 596 501 530 527 567 510 554 514 547 551 586 556 582 570 529 595 579 546 516 589 538 577 564 593 584 583 535 508 597 536 569 506 541 545 560 561 509 537 559 574 523 590 571 599 552 532 550 588 520 539 580 540 544 566 585 581 573 531 549 557 598 533 519 591 578 563 511 521 594 534 507 504 518
8
319 312 337 305 354 389 365 317 352 360 344 325 399 398 334 349 340 313 363 300 380 366 361 381 350 357 303 370 356 364 322 377 367 394 368 393 333 359 331 351 323 379 348 307 378 314 375 386 362 338 372 343 345 371 388 392 318 391 330 306 346 390 396 321 353 332 324 326 342 369 339 311 341 387 385 309 336 327 329
264
548
17
915
33
708
833
612
801
111
56
932
611
347
421
503
418
355
304
151
656
123
689
957
384
562
239
515
100
970
619
1
987
710
129
587
180
565
700
706
159
726
436
863
764
808
933
745
999
260
240
429
947
397
748
320
107
30
308
477
279
613
190
70
122
797
158
215
568
191
53
383
937
951
198
5
707
528
65
78
276
117
41
502
909
522
156
233
432
45
243
19
451
513
789
859
900
730
376
558
400
450
440
997
600
335
624
652
121
969
328
175
201
945
603
500
130
617
315
623
89
572
526
576
992
220
373
271
727
644
842
118
43
446
358
192
785
758
423
928
80
905
686
733
382
606
310
484
687
821
472
914
269
179
184
725
67
316
374
807
93
496
763
879
524
775
37
963
178
199
862
553
856
795
296
301
101
61
811
232
42
592
211
189
610
855
881
224
948
481
62
395
302
978
734
975
171