903 924 918 964 955 974 908 905 923 997 975 985 988 996 979 994 960 969 995 920 928 902 967 925 993 941 934 951 930 940 976 966 921 919 963 962 980 973 992 999 987 909 901 929 942 937 945 932 947 950 946 952 978 970 914 933 989 922 954 968 912 936 944 916 965 913 911 982 972 939 935 907 926 931 959 948 957 983 977 910 984 998 990 953 906 961 986 971 917 981 904 958 991 938 943 949 915 927 956
65 97 31 98 16 62 92 99 39 29 74 33 71 95 34 17 35 86 40 51 0 60 94 73 32 67 5 24 91 46 22 88 63 68 58 18 15 41 14 82 3 53 85 64 28 27 38 83 76 56 93 11 78 55 19 61 75 23 42 48 80 54 47 79 49 21 50 10 13 59 72 30 20 90 87 45 25 77 6 81 84 7 9 57 44 89 37 2 70 12 43 52 8 36 26 66 96 69 4
181 172 176 111 114 195 118 104 153 109 163 168 167 143 196 197 183 126 123 100 193 159 161 110 106 188 182 151 162 189 184 160 156 102 171 179 154 157 124 107 115 129 122 187 113 149 139 173 120 146 175 158 141 112 148 132 138 108 186 198 164 152 130 127 174 142 192 147 121 190 116 180 128 169 166 155 191 136 105 199 150 145 185 170 177 134 140 103 133 135 131 119 144 165 178 137 125 194 117
470 429 434 436 427 401 478 491 433 483 445 454 474 415 424 403 438 402 413 449 419 462 499 476 467 473 432 423 458 443 485 452 409 444 440 405 404 426 481 480 441 457 459 492 407 412 456 494 421 469 464 460 447 446 463 484 435 471 450 495 453 442 488 465 431 410 466 411 422 414 493 468 437 417 477 487 406 486 420 451 497 439 472 418 430 496 461 428 425 408 489 455 416 479 482 448 490 475 498
837 883 895 886 833 879 839 861 842 882 852 815 877 808 874 899 881 821 871 885 893 843 802 890 845 884 822 859 840 844 825 823 867 805 838 827 826 813 866 896 809 816 865 888 830 850 811 889 875 863 848 860 898 846 806 894 800 851 897 872 858 820 887 880 836 862 869 835 855 810 804 831 876 828 853 834 870 841 891 847 857 832 819 873 868 864 878 807 856 892 817 829 824 812 854 814 849 803 818
208 250 270 265 244 239 206 292 215 281 255 221 207 216 225 280 296 209 219 273 234 287 202 210 200 272 269 295 259 214 218 236 203 212 266 230 289 271 299 213 263 245 229 279 205 256 233 238 249 240 246 252 257 258 253 297 242 217 231 293 227 235 204 243 294 223 220 276 268 251 283 232 248 298 222 211 260 228 254 285 261 274 284 277 286 241 290 275 262 267 291 282 264 278 247 237 288 226 224
732 772 792 757 775 773 777 703 737 788 721 736 706 759 763 774 760 722 752 758 749 744 715 769 764 787 704 728 748 725 767 780 782 738 723 745 799 729 766 733 762 794 765 724 786 751 779 754 778 726 712 761 701 755 730 768 710 740 708 702 731 798 711 734 784 781 797 790 716 718 789 707 743 719 771 746 795 750 742 770 756 741 705 713 753 709 720 783 714 735 739 785 776 727 796 793 791 717 747
628 639 647 603 604 697 649 619 623 624 641 684 601 682 614 643 644 642 611 650 648 664 651 655 699 694 671 683 656 662 665 637 672 605 690 618 629 693 610 666 686 608 689 668 645 607 620 653 687 675 669 691 681 660 654 632 633 667 602 698 622 636 630 621 615 679 676 695 617 670 657 661 652 612 627 673 638 677 659 646 616 674 678 658 663 635 613 680 609 640 688 631 692 625 696 634 606 685 626
574 503 592 565 543 589 550 588 561 545 510 524 551 522 554 539 523 528 527 584 557 581 529 587 566 546 577 508 515 560 573 513 514 583 559 507 517 571 567 518 534 531 563 549 570 538 586 568 540 533 572 547 502 548 530 501 520 578 564 556 505 552 521 504 580 575 526 519 596 598 509 576 537 532 516 544 593 555 599 591 512 597 590 569 535 595 506 585 558 511 594 536 579 541 562 553 582 525 542
348 303 353 307 399 346 325 386 394 395 388 361 317 333 324 345 332 335 357 393 339 315 373 323 367 392 320 365 352 300 390 379 389 371 342 359 360 329 337 355 344 328 302 314 305 374 380 381 312 331 318 368 326 321 313 369 364 378 362 340 327 363 372 334 306 382 343 338 383 387 341 384 350 322 396 358 310 376 397 385 377 347 391 330 316 370 311 366 398 309 354 351 308 336 304 356 319 375 349
801
1
700
900
400
600
201
500
301
101