910 946 990 995 923 940 943 926 967 929 955 996 938 939 906 988 960 968 983 994 980 911 916 927 956 958 908 962 924 964 985 903 922 959 979 952 907 984 919 931 973 950 954 998 917 901 921 944 942 965 904 949 961 993 912 971 902 941 991 918 936 974 930 976 982 920 981 972 966 977 925 934 986 953 913 989 935
21 92 79 29 83 69 47 22 7 71 2 87 59 98 63 38 9 86 77 57 55 36 73 44 75 23 51 40 28 24 16 88 3 31 81 82 34 99 64 74 94 50 32 4 54 6 26 68 72 10 14 12 27 49 84 48 0 91 97 11 46 95 13 35 85 60 58 15 20 52 76 66 96 90 25 18
113 104 163 120 170 196 127 162 167 182 114 116 145 115 135 177 197 188 131 128 154 133 164 108 157 186 172 124 138 119 106 153 110 174 126 148 193 185 137 161 165 194 152 181 150 166 160 144 105 142 112 176 146 173 132 109 140 102 183 139 136 187 155 103 141 149 168 143 134 195 169 125 147
465 443 416 452 425 479 488 470 478 401 467 441 428 456 409 459 485 453 433 434 468 427 495 442 410 404 489 462 454 413 424 406 408 411 490 412 407 486 483 498 461 494 471 430 457 463 499 403 431 491 422 445 447 405 419 449 497 439 414 444 475 426 448 473 437 493 455 474 464 482 420 460 487 438 469 402 476 458 480 415 435 492 417 466
874 822 845 882 895 849 839 883 829 827 826 818 891 890 848 825 820 854 832 866 892 836 887 812 884 858 803 835 889 837 861 800 878 843 871 814 888 869 823 872 886 813 870 834 824 865 875 897 873 893 846 867 898 885 819 810 868 857 816 841 864 805 860 809 853 817 804 880 838 831 896 899 844 877 840 828 852 876 851 894 815 830 847 850 806
218 298 274 246 214 238 295 237 247 235 251 288 286 289 228 262 245 236 241 234 297 255 284 216 253 261 252 280 212 223 293 287 259 257 256 206 200 219 254 282 249 209 273 263 266 250 278 281 291 290 265 277 213 207 292 204 205 242 208 272 267 221 275 294 222 299 217 202 210 268 244 226 283 203 229 227 225 231 270 258 285 230 248
716 777 712 709 719 769 703 711 717 759 704 718 770 741 783 749 736 780 724 720 788 771 729 739 787 766 728 743 799 760 792 751 754 744 774 721 713 701 793 772 715 738 786 737 768 790 750 798 747 796 779 752 755 761 742 782 784 705 714 732 762 731 756 753 773 723 746 757 776 722 781 794 778 702 735 765 767 791 740
639 609 671 645 670 604 682 677 697 620 688 621 666 651 641 640 631 622 684 635 694 615 662 649 681 678 608 657 607 602 673 632 629 659 648 698 643 634 693 653 668 683 667 680 642 696 628 616 690 614 699 601 618 647 637 665 654 664 674 685 636 679 650 625 695 669 692 660 672 675 691 638 605 661 676 630 663 626 658 655 633 646 627
802
505 541 529 556 596 590 567 570 581 555 539 525 510 507 536 566 559 583 569 534 543 546 578 533 549 550 506 527 579 530 580 544 554 520 582 509 575 594 540 501 504 586 585 531 584 563 523 518 514 551 516 511 577 591 535 532 595 545 552 517 571 519 599 560 538 542 597 521 561 574 589 588 593 547 598 557 508 573 564 512 537
8
380 368 305 357 392 359 372 399 365 396 306 360 313 391 319 379 367 311 350 345 346 338 300 363 388 303 385 352 349 341 312 364 393 322 369 332 326 333 348 323 354 325 317 366 398 330 386 362 387 356 340 377 370 375 327 309 343 371 336 339 314 337 351 329 334 361 321 353 331 318 394 381 378 342 344 390 324 389 307
264
548
17
915
33
708
833
612
801
111
56
932
611
347
421
503
418
355
39
304
151
656
123
689
957
384
562
239
515
100
970
619
1
987
710
129
587
180
565
700
706
159
726
436
863
764
808
933
745
999
260
240
429
947
397
748
320
107
30
308
477
279
613
190
70
122
797
158
215
568
191
53
383
937
951
198
5
707
528
65
78
276
117
41
502
909
522
156
233
432
45
243
19
451
513
789
859
900
730
376
558
400
450
440
997
600
335
624
652
121
969
328
175
201
945
603
500
130
617
315
623
89
572
526
576
992
220
373
271
727
644
842
118
43
446
358
192
785
758
423
928
80
905
686
733
382
606
310
484
687
821
472
914
269
179
184
725
67
316
374
807
93
496
763
879
524
775
37
963
178
199
862
553
856
795
296
301
101
61
811
232
42
592
211
189
610
855
881
224
948
481
62
395
302
978
734
975
171