926 918 908 994 921 977 934 966 995 913 955 998 981 974 953 923 996 952 920 903 993 910 982 961 902 973 907 983 956 988 979 911 962 922 980 985 938 972 940 931 936 912 930 989 986 935 942 927 960 925 944 959 919 967 964 917 904 958 949 984 943 901 976 941 929 939 924 916 946 991 971 990 968 954 950 965 906
77 98 83 58 68 50 95 24 86 48 27 82 7 16 36 44 2 18 64 87 22 46 90 76 4 14 6 66 9 54 35 47 55 40 38 74 60 85 59 73 63 26 92 28 11 10 97 25 49 81 96 99 51 21 69 15 0 84 88 23 34 20 57 13 12 29 94 31 52 72 3 75 79 71 32 91
148 155 177 113 109 105 142 185 172 132 169 133 153 168 157 124 150 103 112 127 181 176 183 167 162 143 174 187 126 110 163 146 114 135 134 144 116 145 125 188 160 138 161 165 120 141 119 147 173 102 193 108 149 196 197 139 166 164 195 131 170 152 137 194 104 136 128 186 154 106 140 115 182
473 474 410 401 438 413 449 455 454 464 424 437 409 443 453 490 404 457 426 463 431 411 470 483 419 412 439 475 428 441 486 458 433 444 495 485 465 456 497 435 427 417 420 489 414 468 452 469 482 403 493 448 467 471 479 460 425 461 499 402 447 442 422 405 430 406 445 415 459 476 462 491 487 434 488 494 492 478 466 480 407 416 408 498
874 843 813 888 824 873 892 823 861 841 898 810 886 890 835 814 868 866 871 845 844 872 832 867 840 828 893 858 894 826 875 895 876 869 882 847 805 899 819 849 820 803 817 896 897 870 839 809 853 891 885 877 834 806 829 857 878 854 836 851 848 827 822 838 850 825 818 830 860 864 865 837 884 889 846 880 812 804 800 887 816 815 852 883 831
244 218 245 231 223 278 286 267 219 204 250 287 254 265 275 268 259 247 263 285 281 241 214 227 208 242 292 221 203 228 280 294 282 257 200 213 212 290 237 270 258 210 217 277 291 266 236 274 248 273 256 255 272 226 207 205 249 252 202 299 288 284 222 298 246 253 261 230 235 225 234 293 283 206 262 297 295 238 229 289 251 216 209
704 791 732 798 722 771 783 703 712 735 728 702 716 762 794 767 719 737 751 759 757 790 782 779 792 749 724 750 760 796 770 765 721 711 740 701 715 755 756 754 774 720 753 784 717 718 743 781 768 778 738 709 766 713 731 741 772 786 705 787 714 773 769 736 752 746 744 723 777 739 747 761 799 729 742 788 776 793
609 696 664 699 673 648 663 690 675 630 680 677 694 620 621 654 626 691 679 683 642 670 639 647 668 615 698 665 671 661 649 625 601 667 634 641 633 669 653 692 602 655 662 693 607 628 688 638 666 660 629 646 672 674 657 604 635 631 645 650 605 637 640 608 627 678 632 622 685 682 676 651 659 697 643 618 658 636 616 684 695 614 681
802
586 501 534 585 579 529 506 532 577 593 549 583 504 525 543 597 563 536 557 505 545 538 566 582 555 595 561 512 556 591 598 521 575 516 581 589 588 541 518 537 550 584 546 569 580 571 509 599 523 511 520 514 578 517 596 547 535 540 552 519 539 574 560 542 533 527 544 594 564 510 551 567 559 590 530 570 531 573 507 554 508
8
389 351 377 318 311 370 357 391 333 371 332 354 340 303 367 350 331 337 327 363 319 368 366 379 390 323 307 349 353 346 386 305 372 364 396 359 321 344 380 394 324 381 348 326 352 339 345 369 341 378 356 399 314 322 387 365 300 388 334 336 313 342 362 392 375 317 329 385 343 306 361 360 325 393 330 312 338 309 398
264
548
17
915
33
708
833
612
801
111
56
932
611
347
421
503
418
355
39
304
151
656
123
689
957
384
562
239
515
100
970
619
1
987
710
129
587
180
565
700
706
159
726
436
863
764
808
933
745
999
260
240
429
947
397
748
320
107
30
308
477
279
613
190
70
122
797
158
215
568
191
53
383
937
951
198
5
707
528
65
78
276
117
41
502
909
522
156
233
432
45
243
19
451
513
789
859
900
730
376
558
400
450
440
997
600
335
624
652
121
969
328
175
201
945
603
500
130
617
315
623
89
572
526
576
992
220
373
271
727
644
842
118
43
446
358
192
785
758
423
928
80
905
686
733
382
606
310
484
687
821
472
780
914
269
179
184
725
67
316
374
807
93
496
763
879
524
775
37
963
178
199
862
553
856
795
296
301
101
61
811
232
42
592
211
189
610
855
881
224
948
481
62
395
302
978
734
975
171