935 977 960 985 934 989 959 901 990 996 919 938 927 955 984 907 918 921 924 958 976 936 946 943 972 974 982 922 994 939 961 920 979 942 908 911 903 991 965 993 913 981 904 949 940 968 986 931 950 952 995 910 964 971 930 983 973 998 953 962 923 917 956 944 980 967 925 966 902 916 941 926 912 929 906 954 988
28 75 76 57 15 3 55 88 10 7 79 59 0 14 16 60 98 46 36 72 35 86 84 32 20 97 73 13 25 95 68 74 63 99 18 49 64 2 12 58 52 40 71 51 24 47 92 94 34 23 85 9 66 6 82 83 29 27 91 90 50 21 22 4 96 44 26 77 11 48 31 54 38 87 81 69
167 172 152 197 176 106 104 112 102 145 137 114 142 185 195 174 134 166 155 181 124 163 115 165 187 139 146 188 113 144 109 173 193 131 110 177 160 132 182 125 105 183 157 170 154 119 161 103 116 147 128 135 150 141 143 126 148 168 108 186 138 162 194 127 140 149 153 120 133 169 136 196 164
426 491 468 452 441 414 427 489 469 486 467 453 448 495 455 483 422 478 471 476 454 494 434 462 443 487 460 458 485 490 430 424 493 413 480 466 401 461 474 447 463 410 403 479 497 457 417 420 415 439 425 406 412 470 408 464 475 488 498 433 437 442 405 465 473 416 428 456 438 409 411 482 404 492 402 444 459 445 435 499 407 449 431 419
857 804 824 878 814 841 829 885 806 837 869 868 867 815 827 897 805 810 892 830 896 843 877 861 858 813 860 809 836 840 880 828 825 890 888 891 883 893 851 835 876 894 818 886 899 832 834 866 831 852 864 847 871 838 826 875 898 812 853 884 822 845 872 865 887 846 850 816 844 819 800 803 854 873 817 889 839 848 870 849 820 874 895 882 823
289 234 288 228 203 200 217 259 219 283 212 290 222 294 265 209 208 286 257 241 250 297 274 261 221 293 205 218 299 281 202 214 295 249 298 244 245 213 242 252 270 278 223 258 251 277 285 253 204 275 247 248 238 272 291 254 230 231 267 216 226 225 263 206 237 284 210 227 273 266 207 280 235 256 292 236 262 282 255 246 287 229
798 799 714 750 790 770 747 786 728 720 717 752 778 751 709 740 719 762 702 736 769 755 784 718 716 705 776 773 703 765 779 792 788 744 701 793 791 723 781 753 772 766 759 757 715 760 739 741 796 729 743 731 724 704 721 742 761 794 754 711 735 782 713 787 732 774 737 768 712 738 771 746 777 722 749 756 767 783
697 668 683 698 677 684 658 665 635 695 632 602 670 637 666 696 673 629 680 628 648 699 674 660 690 640 685 657 663 693 681 691 655 630 667 672 678 621 604 636 608 641 688 616 682 645 662 694 664 633 649 614 653 626 661 638 605 615 634 679 625 601 669 627 651 643 607 654 620 646 642 609 631 675 676 618 647 659 692 622 671 650 639
802
501 578 505 506 520 569 510 543 530 555 589 535 580 550 514 557 593 598 532 525 546 571 563 533 536 583 523 579 561 582 518 559 511 575 519 542 509 577 538 521 534 599 588 547 537 567 507 540 556 566 551 584 504 591 573 549 581 554 545 544 564 552 570 539 531 590 560 586 597 512 541 574 529 527 516 585 517 594 596 508 595
8
359 345 378 393 327 385 377 375 340 394 300 337 367 370 338 313 330 307 357 350 311 390 314 380 360 392 331 352 369 365 329 354 326 351 344 348 361 324 346 333 381 362 386 317 321 356 366 323 319 396 305 388 391 309 336 398 325 372 387 312 353 389 368 399 341 379 322 342 334 343 363 306 303 364 318 332 349 371 339
264
548
17
915
33
708
833
612
801
111
56
932
611
347
421
503
418
355
39
304
151
656
123
689
957
384
562
239
515
100
970
619
1
987
710
129
587
180
565
700
268
706
159
726
436
863
764
808
933
745
999
260
240
429
947
397
748
320
107
30
308
477
279
613
190
70
122
797
158
215
568
191
53
383
937
951
198
5
707
528
65
78
276
117
41
502
909
522
156
233
432
45
243
19
451
513
789
859
900
730
376
558
400
450
440
997
600
335
624
652
121
969
328
175
201
945
603
500
130
617
315
623
89
572
526
576
992
220
373
271
727
644
842
118
43
446
358
192
785
758
423
928
80
905
686
733
382
606
310
484
687
821
472
780
914
269
179
184
725
67
316
374
807
93
496
763
879
524
775
37
963
178
199
862
553
856
795
296
301
101
61
811
232
42
592
211
189
610
855
881
224
948
481
62
395
302
978
734
975
171