973
25 27 72 15 9 96 20 59 94 82 92 31 35 57 34 63 21 51 64 90 11 88 38 32 18 77 0 71 83 48 23 12 50 10 36 60 81 69 86 14 74 91 66 75 40 16 4 2 47 52 87 95 24 79 29 7 97 22 73 3 49 84 85 58 76 13 55 99 98 6 26 46 44 28 54
125 157 114 163 124 177 149 106 139 131 137 176 144 194 187 128 119 145 132 146 165 169 138 150 173 108 183 116 162 112 135 127 110 160 172 102 134 115 181 104 103 164 105 152 136 113 193 143 142 195 166 141 155 109 126 147 170 161 140 148 186 167 154 196 197 133 168 174 182 153 188 185 120
412 466 456 416 454 419 470 453 475 409 435 417 480 491 438 487 478 483 413 443 404 406 449 426 461 424 469 444 431 422 474 498 415 457 455 428 434 425 402 448 473 433 493 411 437 445 499 442 410 427 441 490 485 495 471 452 405 489 467 482 407 492 488 497 462 468 476 408 494 465 460 486 458 430 463 479 401 439 414 420 464 403 459 447
894 869 830 883 819 845 878 839 892 843 838 846 812 884 874 896 890 849 891 820 880 886 826 817 836 813 814 822 804 805 882 898 825 852 872 832 818 823 897 831 877 810 876 828 850 834 888 899 809 848 844 858 827 868 829 815 861 866 889 806 895 816 854 851 875 860 837 873 803 887 870 864 871 853 841 800 840 847 824 885 857 893 835 867 865
960 903 990 901 934 923 921 919 994 938 908 983 984 950 911 910 940 929 962 956 989 918 953 902 925 958 930 998 927 972 993 939 922 954 966 988 995 936 976 913 931 941 982 906 985 981 965 968 942 959 967 991 946 924 949 926 964 961 917 920 904 955 980 944 974 916 996 952 943 907 977 986 971 935 912 979
235 286 202 223 295 200 274 225 209 216 213 230 208 203 234 255 246 251 254 237 253 262 217 229 265 212 252 258 219 207 294 247 256 226 214 227 287 298 221 245 250 285 244 266 231 238 236 280 297 290 267 289 206 263 272 293 241 299 242 228 275 278 210 270 292 284 218 273 257 281 222 283 277 282 205 261 288 291 204 248 259 249
701 762 719 773 790 753 767 723 704 736 737 732 718 739 749 781 735 747 740 717 799 715 744 720 709 713 721 702 754 750 729 791 752 779 771 768 751 760 761 741 778 728 724 793 794 792 716 784 731 765 766 703 798 770 743 714 777 738 756 782 776 774 783 769 772 787 711 759 755 722 712 786 796 742 705 746 757 788
683 658 677 636 692 605 616 674 684 696 679 635 615 659 607 663 643 627 665 697 630 618 629 699 690 625 648 673 698 602 626 694 642 671 681 631 622 672 641 680 682 695 667 666 653 670 660 647 604 645 620 669 668 650 637 628 676 661 664 634 608 685 693 633 638 609 654 649 678 655 662 614 640 688 675 639 657 621 646 601 691 632 651
802
556 511 531 506 596 543 519 574 570 514 588 534 551 541 521 507 533 540 557 589 559 597 571 591 586 530 593 554 580 527 573 536 538 545 517 567 529 561 583 550 518 599 563 594 512 520 532 525 542 566 539 537 547 504 579 584 595 501 523 575 552 509 581 555 598 569 564 544 590 560 510 577 546 508 535 585 582 516 505 578 549
8
393 389 305 331 313 340 357 344 322 326 314 338 371 356 377 394 392 318 360 303 325 388 323 365 321 387 366 372 362 346 399 379 329 300 332 385 354 311 309 368 370 307 398 336 351 343 359 324 348 361 381 390 349 341 353 319 333 339 350 369 391 375 386 312 306 334 345 327 363 342 352 378 367 396 317 337 364 330 380
264
548
17
915
33
708
833
612
801
111
56
932
611
347
421
503
418
355
39
304
151
656
123
689
957
384
562
239
515
100
970
619
1
987
710
129
587
180
565
700
268
706
159
726
436
863
764
808
933
745
999
260
240
429
947
397
748
320
107
30
308
477
279
613
190
70
122
797
158
215
568
191
53
383
937
951
198
5
707
528
65
78
276
117
41
502
909
522
156
233
432
45
243
19
451
513
789
859
900
730
376
558
400
450
440
997
600
335
624
652
121
68
969
328
175
201
945
603
500
130
617
315
623
89
572
526
576
992
220
373
271
727
644
842
118
43
446
358
192
785
758
423
928
80
905
686
733
382
606
310
484
687
821
472
780
914
269
179
184
725
67
316
374
807
93
496
763
879
524
775
37
963
178
199
862
553
856
795
296
301
101
61
811
232
42
592
211
189
610
855
881
224
948
481
62
395
302
978
734
975
171