973
10 63 29 18 50 38 94 16 14 69 15 35 7 6 58 40 99 72 2 31 21 46 74 36 64 73 48 54 0 86 57 96 59 77 23 85 24 20 11 34 91 26 87 79 49 98 13 25 3 12 27 52 76 75 32 84 22 88 83 97 55 81 47 4 95 60 92 51 82 90 66 9 71 44 28
177 146 173 197 139 131 161 185 168 108 109 110 138 134 142 105 114 125 194 149 150 128 172 145 133 162 119 104 169 187 113 154 103 126 182 193 195 188 183 124 132 186 164 127 102 115 152 147 153 166 148 144 112 163 120 116 181 137 136 157 140 165 135 155 174 167 141 143 196 160 170 106 176
420 493 471 402 480 433 426 414 410 427 415 448 443 456 470 437 468 461 482 487 491 412 430 408 467 428 404 475 499 447 401 498 494 439 478 405 473 409 438 458 416 434 474 492 462 485 455 490 425 441 488 497 445 469 422 483 424 403 464 442 459 431 411 465 489 407 476 460 444 417 413 486 406 452 419 435 457 453 466 463 454 449 479 495
899 826 816 819 873 864 806 831 860 854 889 898 875 890 888 820 865 885 844 818 880 827 800 877 851 896 812 813 835 823 887 871 869 809 853 840 866 891 870 836 838 861 829 804 852 832 882 846 886 822 867 893 874 810 894 830 857 815 892 849 883 850 845 817 837 824 884 876 848 834 868 814 839 858 803 828 895 878 847 825 897 805 841 843 872
917 901 977 950 907 960 946 984 929 903 913 988 965 993 911 927 956 990 985 944 921 962 912 952 964 966 938 920 949 998 942 918 924 982 995 994 986 989 954 959 976 991 922 910 906 967 996 908 936 968 972 941 979 940 925 934 971 980 981 904 955 902 939 926 953 974 935 958 983 961 919 923 916 930 931
223 229 253 230 257 226 284 235 231 218 216 205 251 248 291 259 258 261 290 288 266 289 244 277 208 238 204 282 274 275 285 202 242 250 222 294 292 270 206 209 217 214 247 212 207 249 263 234 213 228 293 254 210 265 262 267 297 255 273 286 295 280 299 281 236 246 298 287 256 225 241 283 203 221 252 219 278 245 200 272 237 227
720 719 799 760 765 731 701 728 737 781 711 715 705 742 790 787 740 770 732 729 773 739 756 777 762 751 792 779 750 746 769 724 716 753 794 709 784 766 767 759 704 788 761 741 798 778 755 717 768 722 718 793 796 712 772 752 721 749 774 786 744 743 735 713 703 702 776 783 736 791 782 738 771 714 747 723 757 754
635 658 665 604 615 642 627 670 625 663 608 636 629 626 653 680 677 640 696 660 678 621 646 694 605 655 684 602 601 681 668 628 622 679 676 674 649 669 688 607 609 643 634 693 699 695 671 632 620 631 654 682 639 692 675 697 651 662 673 645 637 690 664 647 614 659 666 691 683 657 650 630 618 638 667 685 661 641 672 698 648 616 633
802
596 532 583 567 582 533 527 510 590 514 580 531 509 577 563 550 559 539 534 585 599 560 501 569 578 586 520 579 549 523 511 554 535 507 521 508 529 573 536 544 542 593 551 552 575 598 517 584 570 506 597 512 525 571 518 545 555 588 556 547 519 541 589 537 516 540 546 561 566 564 595 557 543 530 581 591 538 594 505 504 574
8
305 360 366 392 399 311 393 307 362 300 333 338 331 312 345 330 342 370 332 319 379 351 391 375 381 353 340 303 352 363 341 344 356 372 380 309 349 371 398 324 385 343 394 346 321 306 368 377 364 387 357 313 336 369 348 325 390 365 396 378 327 388 339 350 337 367 389 322 317 323 359 354 314 361 326 329 334 318 386
264
548
17
915
33
708
833
612
801
111
56
932
611
347
421
503
418
355
39
304
151
656
123
689
957
384
562
239
515
100
970
619
1
987
710
129
587
180
565
700
268
706
159
726
436
863
764
808
933
745
999
260
240
429
947
397
748
320
107
30
308
477
279
613
190
70
122
797
158
215
568
191
53
383
937
951
198
5
707
528
65
78
276
117
41
502
909
522
156
233
432
45
243
19
451
513
789
859
900
730
376
558
400
450
440
997
600
335
624
652
121
68
969
328
175
201
945
603
500
130
617
315
623
89
572
526
576
992
220
373
271
727
644
842
118
43
446
358
192
785
758
423
928
80
905
686
733
382
606
310
484
687
821
472
780
914
269
179
184
725
67
316
374
807
93
496
763
879
524
775
37
963
178
199
862
553
943
856
795
296
301
101
61
811
232
42
592
211
189
610
855
881
224
948
481
62
395
302
978
734
975
171