973
86 7 64 18 28 69 72 35 16 51 4 38 74 79 50 59 21 40 15 20 49 99 71 6 27 52 97 95 63 83 48 87 11 90 22 91 23 73 25 55 98 54 58 88 75 10 76 31 9 12 85 77 96 46 24 29 92 47 32 57 44 2 84 34 14 66 13 81 82 60 0 94 36 3 26
102 147 164 106 139 136 183 113 170 161 112 148 167 173 186 144 124 135 137 127 108 195 133 165 131 153 176 146 104 110 187 138 169 181 126 115 125 141 185 197 188 182 114 140 157 160 109 143 154 116 177 152 172 149 168 103 132 120 150 105 174 194 196 142 166 119 128 162 155 163 134 145 193
449 480 448 402 497 409 499 428 430 488 465 439 459 419 417 467 422 463 408 490 460 464 489 445 498 414 404 444 452 424 483 401 485 487 434 495 486 407 455 431 403 473 466 475 458 442 492 456 412 474 416 411 478 493 420 441 468 471 453 462 457 443 438 454 470 447 494 405 433 410 425 426 406 415 482 476 435 479 413 491 437 469 461 427
865 803 870 841 829 893 817 885 899 853 831 848 813 889 872 897 849 854 810 835 886 890 839 867 830 871 883 869 837 878 812 858 822 891 857 846 816 819 806 838 843 828 892 864 850 820 898 894 844 852 861 888 809 818 882 845 866 814 832 873 805 868 823 880 876 860 851 874 825 896 826 875 877 884 827 836 815 800 834 824 847 895 804 887 840
931 956 930 968 910 950 906 936 983 923 954 995 958 985 965 913 976 904 902 941 972 959 966 955 977 929 980 962 984 961 986 981 918 935 952 920 908 939 919 938 990 949 926 989 979 940 922 982 934 953 907 911 988 925 964 924 960 991 921 971 912 974 942 916 946 993 998 996 917 944 901 903 927 967
248 205 298 218 200 222 244 286 254 235 212 261 238 246 257 226 202 256 289 285 230 231 251 280 297 273 206 255 283 228 208 272 275 249 221 241 213 295 278 250 259 293 217 209 227 225 284 258 237 207 219 223 247 290 291 216 253 210 265 262 252 299 236 229 204 203 266 288 277 267 234 294 281 242 292 263 274 245 214 287 282 270
793 765 716 705 781 757 721 749 783 771 762 742 776 746 709 788 747 729 722 778 779 791 767 719 750 701 741 731 773 766 723 720 782 732 724 715 794 798 717 784 786 792 777 738 761 796 769 714 756 751 754 760 703 774 770 739 737 799 740 752 735 772 759 787 768 704 702 713 711 736 728 743 744 790 718 753 712 755
650 672 693 638 698 658 642 662 667 620 640 634 655 679 683 695 629 688 607 625 631 659 605 685 653 626 666 673 645 692 682 676 618 671 601 602 621 636 657 648 694 649 660 646 669 677 684 633 696 609 691 615 604 637 678 627 643 654 681 614 663 680 699 632 664 661 608 630 628 639 690 670 647 616 622 641 668 697 635 651 675 665 674
802
569 584 509 540 564 514 535 519 575 578 512 543 510 533 520 594 595 504 501 589 544 525 551 534 593 577 561 597 560 529 590 583 532 521 554 518 516 581 523 598 527 563 573 530 507 586 550 596 559 517 591 547 567 571 580 599 536 537 546 538 579 557 541 549 574 555 552 508 582 545 556 531 542 585 511 588 570 506 505 539 566
8
369 333 393 380 372 300 387 392 322 326 386 399 307 378 381 327 354 313 389 345 331 350 325 352 394 398 309 342 364 361 312 370 348 375 303 334 321 338 379 353 351 391 330 346 385 396 360 318 359 357 332 329 306 365 319 371 317 323 363 340 367 311 366 339 390 337 324 362 305 368 388 336 377 343 356 349 344 341 314
994
264
548
17
915
33
708
833
612
801
111
56
932
611
347
421
503
418
355
39
304
151
656
123
689
957
384
562
239
515
100
970
619
1
987
710
129
587
180
565
700
268
706
159
726
436
863
764
808
933
745
999
260
240
429
947
397
748
320
107
30
308
477
279
613
190
70
122
797
158
215
568
191
53
383
937
951
198
5
707
528
65
78
276
117
41
502
909
522
156
233
432
45
243
19
451
513
789
859
900
730
376
558
400
450
440
997
600
335
624
652
121
68
969
328
175
201
945
603
500
130
617
315
623
89
572
526
576
992
220
373
271
727
644
842
118
43
446
358
192
785
758
423
928
80
905
686
733
382
606
310
484
687
821
472
780
914
269
179
184
725
67
316
374
807
93
496
763
879
524
775
37
963
178
199
862
553
943
856
795
296
301
101
61
811
232
42
592
211
189
610
855
881
224
948
481
62
395
302
978
734
975
171