973
92 50 3 69 57 47 81 26 60 58 18 14 77 85 9 4 72 12 66 6 38 63 2 32 64 24 82 99 46 22 49 29 84 13 34 71 7 52 20 27 97 48 74 44 40 96 54 95 51 94 10 90 87 16 91 36 75 0 35 73 79 55 11 31 23 83 98 86 88 15 59 25 28 21 76
187 183 140 196 139 138 141 116 127 172 165 108 128 132 105 186 149 143 173 102 152 193 115 197 147 150 169 145 166 112 119 168 114 160 137 194 146 135 164 104 161 144 124 185 182 110 109 170 177 134 167 188 113 153 136 103 126 142 120 148 176 133 162 174 195 181 106 125 131 155 154 163 157
405 491 430 468 485 483 409 410 488 445 408 463 437 414 460 457 419 461 489 462 401 452 471 456 404 448 413 416 478 480 475 474 424 467 492 435 443 459 497 455 453 433 482 487 486 428 466 499 494 465 470 403 420 444 473 426 422 442 406 438 417 441 498 431 447 434 495 439 454 427 493 490 415 469 411 407 425 449 479 412 476 464 458 402
898 847 828 823 880 878 846 883 834 860 871 873 894 827 806 832 825 830 887 841 890 861 850 888 814 838 829 885 895 884 874 810 839 867 837 818 872 893 840 845 891 858 813 869 803 826 835 876 866 852 857 831 865 805 851 897 815 848 819 820 816 800 868 849 864 899 844 877 822 809 892 889 870 824 875 896 804 853 836 843 812 882 817 854 886
964 923 991 985 910 976 958 988 935 984 919 940 980 962 990 912 956 927 950 952 925 971 926 903 974 931 916 920 960 901 961 930 983 953 959 906 924 934 939 944 949 929 989 995 938 965 966 936 982 979 986 941 946 955 967 968 908 998 913 954 981 996 904 942 977 922 972 918 911 902 921 907 917
287 273 200 205 250 285 261 245 263 292 225 219 249 218 235 266 251 299 258 253 289 291 222 293 248 234 204 241 252 221 278 209 247 230 210 282 275 277 294 255 216 274 206 213 270 236 244 288 238 295 267 229 262 231 227 283 217 203 259 212 272 223 256 280 207 242 237 257 228 297 284 298 265 246 254 286 214 202 290 226 208 281
790 704 702 776 721 788 761 703 739 741 783 773 778 770 716 717 759 769 781 786 771 794 747 762 756 744 792 750 731 718 782 746 798 723 766 791 779 796 709 738 749 737 799 760 720 736 724 713 729 728 765 714 735 767 751 754 722 774 711 772 732 757 743 777 787 705 753 715 719 768 784 755 740 793 752 712 701 742
684 698 632 636 634 670 627 649 660 625 685 654 637 676 692 605 662 674 638 669 640 615 659 646 658 645 688 655 648 675 626 620 651 642 635 604 628 693 614 667 630 681 631 639 661 682 641 679 608 678 665 683 609 616 622 657 621 668 697 601 694 673 691 696 643 607 629 633 671 602 672 647 618 680 695 677 650 699 666 663 653 664 690
802
538 567 519 532 588 543 508 547 529 584 518 534 506 556 545 520 583 590 535 501 540 516 593 541 533 517 531 544 575 512 589 566 563 582 597 521 560 530 523 571 578 579 511 527 537 577 551 569 557 561 552 594 581 599 555 505 509 554 586 598 580 564 542 539 504 574 549 536 595 546 550 525 559 573 570 591 596 514 585 510 507
8
329 363 338 360 311 300 368 392 331 330 346 312 305 377 399 342 351 337 313 314 379 398 354 361 387 332 326 393 369 359 317 349 362 356 318 367 350 334 378 309 333 396 381 303 391 371 321 319 366 386 340 390 364 324 341 357 306 336 322 394 385 325 370 348 353 380 339 327 343 389 345 388 372 352 307 375 365 344 323
994
264
548
17
915
33
708
833
612
801
111
56
932
611
347
421
503
418
355
39
304
151
656
123
689
957
384
562
239
515
100
970
619
1
987
710
129
587
180
565
700
268
706
159
726
436
863
764
808
933
745
999
260
240
429
947
397
748
320
107
30
308
477
279
613
190
70
122
797
158
215
568
191
53
383
937
951
198
5
707
528
65
78
276
117
41
502
909
522
156
233
432
45
243
19
451
513
789
859
900
730
376
558
400
450
440
997
600
335
624
652
121
68
969
328
175
201
945
603
500
130
617
315
623
89
572
526
576
992
220
373
271
727
644
842
118
43
446
358
192
785
758
423
928
80
905
686
733
382
606
310
484
687
821
472
780
914
993
269
179
184
725
67
316
374
807
93
496
763
879
524
775
37
963
178
199
862
553
943
856
795
296
301
101
61
811
232
42
592
211
189
610
855
881
224
948
481
62
395
302
978
734
975
171