973
36 34 18 82 72 29 96 58 88 63 3 35 23 48 14 22 16 49 55 79 31 95 66 24 20 90 99 92 4 97 77 47 26 46 76 84 27 11 86 91 21 64 7 13 60 15 94 50 9 10 25 40 54 85 75 73 87 59 71 74 57 38 6 83 52 44 32 69 28 12 98 81 0 2 51
133 125 140 181 119 165 131 124 141 154 137 188 114 139 113 193 120 127 169 148 176 186 149 168 109 157 162 143 187 102 183 147 103 161 135 142 185 166 172 196 197 153 105 173 126 155 144 160 108 112 152 167 195 138 177 174 128 194 182 136 164 132 116 170 110 115 106 163 104 134 150 146 145
453 492 499 497 414 490 456 458 470 476 464 419 457 474 420 426 413 463 443 439 454 480 449 473 435 437 441 466 469 431 489 407 471 442 428 438 447 406 408 434 444 411 478 491 460 475 462 424 482 401 412 404 459 498 452 486 445 487 410 405 467 422 415 468 409 417 433 495 416 427 448 494 461 425 430 403 455 493 485 402 483 479 465 488
826 884 845 887 818 885 896 882 865 806 866 819 854 890 858 849 825 891 835 834 853 830 848 876 850 894 877 843 822 898 897 883 829 869 892 871 804 823 873 852 857 867 860 831 837 846 844 870 868 888 814 899 851 836 832 861 880 895 820 864 893 886 805 840 815 889 839 813 809 828 847 874 875 824 816 827 812 810 817 838 841 878 800 803 872
956 942 959 954 929 998 982 988 949 920 974 912 930 962 996 968 921 952 944 981 965 995 926 908 977 924 913 964 941 925 950 939 976 967 961 918 903 991 904 972 940 986 946 910 907 923 902 906 958 917 984 919 936 985 953 979 989 927 955 960 922 935 901 980 916 934 983 911 966 990 938 971 931
255 219 292 237 242 270 214 298 274 282 265 231 250 223 261 213 281 227 253 235 247 299 225 210 221 228 212 267 217 244 238 222 273 294 234 288 275 289 251 248 226 256 245 258 205 241 259 206 252 254 208 266 297 278 295 257 246 218 263 291 283 280 277 207 286 236 285 202 216 262 290 272 200 230 203 209 293 287 249 229 284 204
705 793 791 711 704 703 732 799 715 771 788 750 742 796 756 776 754 743 722 712 761 782 714 781 735 716 738 765 787 729 723 774 772 741 778 777 737 719 728 790 744 736 720 701 784 746 798 718 773 779 757 709 762 731 739 759 740 752 769 786 783 794 767 717 721 747 724 768 760 749 753 770 766 792 713 702 751 755
639 674 657 690 658 667 650 649 691 604 636 608 659 646 621 632 641 669 616 605 678 682 668 676 609 677 680 618 614 693 625 645 627 620 661 698 635 664 670 685 653 602 633 694 601 631 672 637 692 662 630 622 695 607 683 660 681 643 626 634 696 647 684 629 699 651 654 642 665 655 679 697 648 615 671 666 663 628 638 640 688 675
802
545 543 579 583 551 591 564 586 529 582 597 566 507 571 517 578 585 561 537 534 573 581 527 575 560 519 556 588 547 569 535 514 532 598 599 550 505 554 559 504 596 538 563 540 541 511 555 508 520 533 521 595 512 570 510 536 542 516 539 574 594 584 525 530 557 546 589 518 593 544 580 531 590 549 523 501 577 552 509 506 567
8
331 317 356 369 351 303 354 330 391 375 309 368 319 396 370 364 393 362 343 357 337 387 333 345 339 323 311 340 353 386 329 346 314 371 306 379 349 338 359 336 300 389 394 305 344 352 350 324 381 313 390 388 334 341 385 399 307 342 378 327 366 365 318 326 361 348 398 377 325 312 360 392 322 321 372 367 363 380 332
994
264
548
17
915
33
708
833
612
801
111
56
932
611
347
421
503
418
355
39
304
151
656
123
689
957
384
562
239
515
100
970
619
1
987
710
129
587
180
565
700
268
706
159
726
436
863
764
808
933
745
999
260
240
429
947
397
748
320
107
30
308
477
279
613
190
70
122
797
158
215
568
191
53
383
937
951
198
5
707
528
65
78
276
117
41
502
909
522
156
233
432
45
243
19
451
513
789
859
900
730
376
558
400
450
440
997
600
335
624
652
121
68
969
328
175
201
945
603
500
130
617
315
623
89
572
526
576
992
220
373
271
727
644
842
118
43
446
358
192
785
758
423
928
80
905
673
686
733
382
606
310
484
687
821
472
780
914
993
269
179
184
725
67
316
374
807
93
496
763
879
524
775
37
963
178
199
862
553
943
856
795
296
301
101
61
811
232
42
592
211
189
610
855
881
224
948
481
62
395
302
978
734
975
171