973
3 35 60 63 48 74 91 95 21 75 51 69 71 34 88 79 99 66 20 2 26 90 76 40 73 57 84 14 98 24 64 12 13 49 59 7 4 15 18 23 94 85 0 32 82 87 28 81 16 10 36 11 38 31 27 25 46 83 44 77 54 97 47 29 22 92 6 52 58 96 86 55 9 50 72
166 195 124 153 150 155 103 141 132 162 105 152 131 176 154 188 183 127 126 196 143 181 116 161 194 137 115 147 157 128 136 197 148 168 165 133 145 182 119 113 177 172 102 174 104 173 120 187 110 142 109 146 138 135 160 164 169 193 114 125 163 144 139 106 186 149 112 170 167 108 134 185 140
456 422 457 480 417 461 439 465 455 452 483 448 449 489 453 416 428 467 497 447 482 435 458 464 473 441 486 413 410 401 424 488 411 493 495 460 402 485 466 476 490 420 427 419 412 430 475 409 463 438 425 462 470 403 406 474 433 454 405 492 443 469 415 408 498 431 478 414 404 442 468 491 499 434 437 479 426 471 494 445 407 459 444 487
831 828 869 832 827 864 824 894 830 899 878 891 816 846 820 835 882 877 866 800 893 870 825 871 865 886 898 837 852 844 810 815 888 819 884 861 850 845 874 897 817 805 838 806 875 885 840 883 896 843 829 804 848 857 892 889 887 880 873 895 868 823 853 849 858 890 822 876 872 813 854 814 809 841 803 818 834 860 839 867 836 847 812 851 826
971 931 918 961 916 976 985 934 926 974 923 941 946 935 908 901 988 939 907 912 903 965 911 904 991 949 917 984 983 956 919 996 924 966 906 920 927 913 936 954 958 938 922 902 981 930 998 925 968 964 955 995 979 986 910 989 967 950 990 962 953 982 972 942 940 959 929 980 921 960 977 952 944
217 210 265 287 207 229 213 290 259 273 249 218 294 248 299 242 247 234 228 286 267 226 283 285 253 284 205 297 266 245 230 222 231 219 298 261 295 252 270 209 277 202 255 225 236 214 241 274 204 238 289 251 223 293 246 275 256 237 221 250 258 200 262 292 281 212 278 280 244 257 291 263 254 288 216 203 235 208 272 227 206 282
719 767 751 769 791 786 783 752 750 701 741 788 762 768 743 798 793 736 713 794 731 721 737 761 717 772 749 702 732 790 778 779 753 773 720 765 774 712 782 729 714 740 724 796 799 704 777 742 703 735 728 754 770 781 722 711 715 759 756 716 755 757 705 718 709 760 766 747 771 744 738 787 776 784 723 746 739 792
666 674 661 645 608 683 614 630 618 696 684 672 602 680 659 679 627 694 699 625 620 667 641 681 698 697 649 660 675 615 691 690 693 626 654 631 609 670 682 650 643 604 621 676 646 640 636 678 677 695 651 685 664 662 642 632 607 634 647 669 663 657 629 665 605 601 653 648 688 633 655 658 622 635 628 637 616 668 692 671 638
802
542 540 589 580 577 591 549 516 573 575 525 537 501 598 546 586 561 536 523 581 521 512 543 559 520 593 557 552 534 599 582 510 531 514 544 508 539 532 566 550 519 504 535 533 554 579 538 506 597 578 505 541 585 527 564 588 517 563 529 556 567 594 511 551 583 570 590 595 596 560 574 555 569 518 571 545 584 530 507 547 509
8
332 353 313 330 324 359 319 380 385 309 371 368 399 361 300 322 392 394 398 343 341 379 337 331 372 350 327 351 352 356 390 377 391 370 326 311 307 349 325 367 306 396 340 323 378 344 386 342 364 362 346 389 381 317 318 321 366 369 336 393 338 314 354 312 365 333 305 329 334 339 303 360 387 375 363 345 348 357 388
994
264
548
17
915
33
708
833
612
801
111
56
932
611
347
421
503
418
355
39
304
151
656
123
689
957
384
562
239
515
100
970
619
1
987
710
129
587
180
565
700
268
706
159
726
436
863
764
808
933
745
999
260
240
429
947
397
748
320
107
30
639
308
477
279
613
190
70
122
797
158
215
568
191
53
383
937
951
198
5
707
528
65
78
276
117
41
502
909
522
156
233
432
45
243
19
451
513
789
859
900
730
376
558
400
450
440
997
600
335
624
652
121
68
969
328
175
201
945
603
500
130
617
315
623
89
572
526
576
992
220
373
271
727
644
842
118
43
446
358
192
785
758
423
928
80
905
673
686
733
382
606
310
484
687
821
472
780
914
993
269
179
184
725
67
316
374
807
93
496
763
879
524
775
37
963
178
199
862
553
943
856
795
296
301
101
61
811
232
42
592
211
189
610
855
881
224
948
481
62
395
302
978
734
975
171