958 910 921 936 930 977 982 948 970 954 990 987 907 984 941 967 963 903 937 902 979 913 922 947 999 924 961 925 957 998 951 916 995 944 985 971 962 908 980 929 989 928 927 959 993 964 940 986 969 945 965 946 981 991 938 972 988 904 997 943 949 911 973 920 915 950 934 919 994 974 931 935 914 923 901 912 956 952 976 932 906 983 905 966 960 918 992 926 975 978 955 996 909 953 917 968 939 942 933
60 84 19 36 25 56 66 39 17 63 93 53 29 48 73 8 96 78 0 31 52 62 11 71 88 70 4 43 86 89 76 72 37 9 83 38 99 81 45 94 44 22 14 13 68 6 65 15 64 12 74 59 91 26 80 34 28 18 55 67 20 5 75 58 40 90 87 77 16 33 51 85 50 2 92 30 21 3 57 61 24 54 23 32 98 42 47 97 41 95 27 79 69 82 46 7 49 10 35
168 125 154 179 121 185 117 195 156 119 102 143 122 145 199 158 136 174 129 189 103 140 112 173 134 155 182 110 108 149 184 111 191 193 106 160 114 166 167 186 116 196 171 118 190 144 135 177 159 153 138 164 157 197 152 163 172 181 120 137 148 147 162 165 169 187 180 100 170 146 150 133 109 131 178 175 188 115 104 176 127 105 139 123 113 161 194 142 198 130 132 124 141 126 183 192 128 107
413 449 407 411 441 498 460 423 464 431 408 442 453 454 432 433 492 496 482 452 488 429 465 443 486 439 409 456 472 444 437 435 497 474 424 415 493 401 491 468 430 462 448 410 494 475 499 420 445 479 484 438 489 436 495 483 417 434 405 406 467 478 476 466 416 471 490 481 480 427 446 469 422 426 477 459 419 457 447 451 418 461 487 463 455 421 458 402 485 450 428 404 473 414 425 412 403 470 440
818 841 816 897 892 854 872 844 860 828 842 882 836 875 873 829 865 886 852 877 826 869 827 817 874 822 879 898 864 819 876 883 825 835 814 896 823 850 833 834 804 845 855 870 837 843 894 810 880 889 808 840 871 805 824 866 800 878 858 884 853 868 881 813 893 809 830 890 891 803 856 851 838 867 846 811 812 861 857 862 807 887 802 839 849 806 821 885 895 888 848 847 831 820 899 815 859 863 832
250 225 257 228 292 283 259 203 248 210 291 294 209 246 298 274 258 235 242 287 200 240 295 278 289 277 247 265 280 202 276 290 238 218 296 263 297 229 293 224 279 255 286 216 233 288 213 267 252 219 269 271 241 299 239 226 253 204 217 270 211 220 272 245 256 223 207 205 254 214 212 275 230 268 284 227 264 261 232 266 234 215 281 260 282 237 231 273 262 236 206 243 208 222 249 244 285 221 251
781 703 708 794 714 785 764 769 763 760 796 706 717 748 710 779 755 747 767 730 740 783 743 768 784 765 757 777 731 718 712 724 725 762 778 751 728 771 707 786 713 776 788 739 793 741 726 704 756 705 754 701 738 732 774 719 752 787 744 795 742 749 775 799 798 736 761 790 759 766 716 709 789 734 758 772 702 733 782 721 715 773 753 711 746 792 745 750 735 723 722 727 737 791 729 797 720 770 780
612 686 662 621 656 602 681 650 658 638 690 695 666 606 654 603 631 696 609 625 601 637 634 677 615 608 678 628 614 687 632 660 653 655 617 673 688 694 689 641 651 619 675 643 616 693 633 627 626 646 667 668 683 624 664 691 685 605 698 636 699 623 674 640 680 676 613 607 670 665 645 679 620 649 622 661 644 671 604 663 639 652 672 618 629 697 657 669 630 611 647 642 692 648 682 659 684 635 610
543 516 565 518 585 588 537 596 562 506 529 508 523 577 581 590 570 522 528 534 501 535 538 507 548 503 517 589 597 580 514 573 579 555 567 520 571 504 533 566 512 578 557 559 549 505 530 569 552 532 509 511 541 546 536 531 598 544 527 584 583 540 564 576 575 582 556 550 591 595 554 568 586 502 539 542 572 592 587 551 574 553 561 524 558 515 519 547 594 526 545 510 513 563 560 599 521 593 525
394 339 367 340 306 323 398 302 313 361 303 342 371 335 317 315 344 310 354 316 384 351 373 300 370 350 346 322 374 390 311 314 348 320 307 338 393 319 388 366 309 328 383 355 333 386 387 352 389 359 327 365 321 353 356 326 378 345 341 360 337 357 363 308 334 392 331 372 312 364 399 343 382 304 318 325 336 395 380 375 362 369 324 332 305 396 385 379 376 391 368 349 377 397 358 330 381 347 329
801
151
1
700
900
400
600
201
500
301
101