973
32 69 79 85 74 27 50 76 55 13 20 3 88 95 36 7 38 75 40 0 48 60 46 52 31 12 21 22 99 23 96 10 47 63 4 44 34 18 6 59 94 91 26 58 14 35 57 2 24 9 87 64 82 90 66 25 81 49 86 29 51 92 15 84 77 73 71 28 98 54 72 16 97 83 11
185 155 108 193 161 112 133 143 104 126 120 164 137 174 140 153 163 150 170 142 172 187 115 160 132 113 136 181 157 144 103 134 182 188 124 168 147 125 194 176 119 102 154 167 183 166 105 195 186 146 197 116 173 177 148 162 196 109 149 152 131 169 165 141 110 145 135 139 128 138 127 106 114
494 424 486 482 441 459 420 430 444 408 493 479 470 433 435 454 466 443 448 464 462 489 461 460 456 426 405 413 468 465 415 442 428 445 416 469 473 497 492 407 437 478 471 447 422 449 480 453 410 425 414 463 495 412 476 485 452 488 491 427 404 409 458 406 475 401 467 474 411 483 457 403 434 499 487 402 419 439 490 431 438 455 498
889 837 843 846 898 814 871 810 848 893 876 884 896 824 861 874 867 899 840 831 805 847 820 815 809 812 806 877 816 829 826 828 832 834 804 838 895 870 819 825 817 813 866 853 875 883 839 892 897 841 878 890 850 857 852 845 830 868 836 827 854 851 803 894 887 869 882 872 880 844 873 865 886 800 823 835 858 860 888 885 849 822 818 891 864
971 981 922 906 924 920 930 967 916 918 923 931 986 904 946 989 910 942 964 926 901 960 944 952 941 988 972 908 984 968 991 907 977 995 921 911 982 959 919 979 966 917 940 927 955 934 903 949 962 939 990 936 998 965 985 912 954 913 961 976 958 938 956 929 925 980 983 935 996 902 974 953 950
214 231 272 237 200 278 274 244 228 295 225 286 261 253 238 254 258 298 230 217 221 288 203 291 259 223 209 280 249 299 222 292 283 265 266 235 206 290 247 248 255 227 204 226 202 236 263 241 256 257 270 287 229 246 297 282 281 210 218 262 275 212 245 294 267 205 273 285 252 284 208 216 289 242 219 207 250 234 277 251 293 213
713 729 720 774 798 793 739 783 769 736 796 721 737 718 717 738 762 799 719 743 773 777 757 753 751 722 740 711 712 776 787 728 731 759 788 755 746 771 705 749 779 715 724 794 761 709 791 747 781 732 760 742 752 782 744 716 714 754 703 770 741 792 704 784 735 765 766 790 750 778 701 768 772 756 723 702 767 786
661 609 637 680 604 636 658 626 632 657 643 633 690 696 682 672 665 670 699 669 645 697 650 627 602 698 662 674 695 666 630 629 615 684 667 688 605 653 620 601 628 692 660 677 664 634 691 631 654 635 694 663 607 685 676 678 608 668 659 621 655 625 681 642 671 616 638 649 640 618 648 651 683 622 647 614 693 641 679 675 646
802
506 581 594 599 509 501 554 527 504 584 580 566 574 525 588 586 543 510 530 556 598 536 529 540 569 570 590 520 555 518 564 539 537 535 561 596 578 514 585 583 538 550 544 595 557 516 552 523 545 559 579 508 547 512 567 533 571 573 549 511 507 560 582 541 575 546 591 589 519 551 534 563 597 593 517 505 521 577 532 542 531
8
389 367 323 325 305 312 343 318 322 307 363 344 346 377 399 331 360 334 366 300 361 396 306 372 313 333 390 349 341 337 311 368 369 371 326 386 340 332 329 339 303 354 362 385 314 345 392 352 370 317 387 336 388 319 351 391 364 324 381 398 327 357 342 330 338 375 309 348 380 394 353 378 356 350 321 379 365 359 393
994
264
548
17
915
33
708
833
612
801
111
56
932
611
347
421
503
418
355
39
304
151
656
123
689
957
384
562
239
515
100
970
619
1
987
710
129
587
180
565
700
268
706
159
726
436
863
764
808
933
745
999
260
240
429
947
397
748
320
107
30
639
308
477
279
613
190
70
122
797
158
215
568
191
53
383
937
951
198
5
707
528
65
78
276
117
41
502
909
522
156
233
432
45
243
19
451
513
789
859
900
730
376
558
400
450
440
997
600
335
624
652
121
68
969
328
175
201
945
603
500
130
617
315
623
89
572
526
576
992
220
373
271
727
644
842
118
43
446
358
192
785
758
423
928
80
905
673
686
733
382
606
310
484
687
821
472
780
914
993
269
179
184
725
67
316
374
807
93
496
763
879
524
775
37
963
178
417
199
862
553
943
856
795
296
301
101
61
811
232
42
592
211
189
610
855
881
224
948
481
62
395
302
978
734
975
171