973
32 64 96 60 48 94 34 23 14 71 86 12 27 21 74 90 11 9 97 55 22 49 91 87 3 95 92 54 36 44 85 38 18 50 35 63 58 46 88 6 10 7 66 51 29 77 15 26 75 4 0 16 25 40 79 99 69 81 83 73 82 24 13 84 52 57 72 20 2 76 59 31 47 28 98
182 161 131 112 155 160 168 157 142 186 169 120 197 183 140 196 105 127 139 124 170 134 194 195 163 176 113 187 109 173 188 133 116 132 136 181 148 167 166 146 119 126 150 185 143 165 137 147 154 110 106 108 193 115 104 138 174 141 114 102 164 149 135 162 125 177 172 128 144 152 145 153 103
487 494 475 413 492 434 435 420 497 498 422 404 448 412 469 452 488 466 402 415 419 408 463 462 499 409 457 461 453 458 460 430 431 483 459 439 485 478 428 416 414 490 480 401 437 438 403 442 482 426 468 455 471 447 493 464 441 491 454 445 444 406 411 470 474 467 465 407 449 424 443 489 473 425 476 456 433 427 486 405 495 479 410
882 889 817 837 852 846 880 830 892 884 816 835 893 854 891 873 815 875 886 839 806 838 800 832 818 887 861 866 872 870 843 896 825 860 848 836 874 868 844 850 851 869 804 823 858 840 876 829 822 885 827 813 834 812 831 841 894 849 877 890 878 847 826 828 888 857 871 867 820 814 898 895 810 803 853 845 805 899 897 865 819 864 883 824 809
968 988 906 958 922 934 902 995 980 950 986 923 984 979 919 953 967 939 961 982 971 926 927 985 960 912 942 911 956 955 952 908 962 940 907 931 910 903 925 921 920 918 972 946 974 965 996 901 981 941 924 976 930 917 938 936 935 929 990 959 991 916 964 944 989 983 913 966 949 904 998 977
223 237 217 226 241 274 281 213 228 287 284 292 218 275 246 257 200 219 289 210 288 277 254 258 293 216 261 278 248 295 256 249 230 286 285 236 273 252 209 266 282 238 235 298 234 208 265 207 299 214 270 212 202 297 222 204 221 244 247 231 206 250 267 242 291 255 227 245 263 229 283 251 203 262 205 294 272 253 280 225 259 290
794 784 754 773 760 777 765 742 705 788 786 711 796 749 709 721 747 791 718 752 762 753 781 735 716 728 714 719 792 729 743 715 771 750 779 720 768 713 737 746 767 732 701 772 740 787 793 712 703 704 741 770 723 739 790 783 798 736 769 731 724 751 756 757 782 738 722 702 778 799 755 717 774 744 776 759 766 761
602 626 653 637 677 604 615 697 699 672 685 634 651 668 640 630 688 696 631 693 684 628 676 670 680 669 657 674 625 658 620 698 665 679 678 650 666 618 635 605 647 621 683 622 643 645 609 655 627 608 654 616 662 638 667 633 641 629 607 648 681 664 671 646 692 691 632 649 694 690 614 636 659 601 660 675 663 695 682 642 661
802
954
511 599 536 556 504 577 578 593 505 546 510 555 501 586 534 557 516 517 523 598 531 561 567 539 535 585 581 544 542 591 559 530 570 543 563 538 551 583 580 521 564 537 575 541 552 540 579 588 589 590 509 520 582 594 574 508 554 566 569 527 545 533 549 518 584 550 547 529 512 514 507 596 525 506 519 573 532 597 571 595 560
8
366 341 377 371 363 396 360 389 393 327 323 349 339 313 388 326 334 375 368 307 321 322 311 345 306 380 317 325 343 309 344 387 378 330 329 348 346 361 314 342 351 336 340 356 362 369 318 390 332 324 305 392 381 303 391 372 398 364 352 338 353 379 300 365 333 319 394 385 357 331 386 359 399 367 350 337 370 354 312
994
264
548
17
915
33
708
833
612
801
111
56
932
611
347
421
503
418
355
39
304
151
656
123
689
957
384
562
239
515
100
970
619
1
987
710
129
587
180
565
700
268
706
159
726
436
863
764
808
933
745
999
260
240
429
947
397
748
320
107
30
639
308
477
279
613
190
70
122
797
158
215
568
191
53
383
937
951
198
5
707
528
65
78
276
117
41
502
909
522
156
233
432
45
243
19
451
513
789
859
900
730
376
558
400
450
440
997
600
335
624
652
121
68
969
328
175
201
945
603
500
130
617
315
623
89
572
526
576
992
220
373
271
727
644
842
118
43
446
358
192
785
758
423
928
80
905
673
686
733
382
606
310
484
687
821
472
780
914
993
269
179
184
725
67
316
374
807
93
496
763
879
524
775
37
963
178
417
199
862
553
943
856
795
296
301
101
61
811
232
42
592
211
189
610
855
881
224
948
481
62
395
302
978
734
975
171