973
36 44 49 79 74 73 0 94 90 4 92 7 46 55 6 3 69 24 18 14 16 2 96 72 83 12 52 97 77 86 57 76 58 25 40 87 28 27 11 95 85 84 81 38 75 60 23 20 10 51 9 99 34 66 29 54 48 32 15 91 63 13 21 47 35 31 82 71 88 22 26 50 98 64 59
104 119 182 155 161 108 165 188 132 126 138 166 103 194 124 187 181 172 140 102 105 145 131 125 196 147 115 197 137 139 128 162 143 112 193 109 173 116 135 160 164 148 183 134 154 176 146 150 141 168 195 149 157 152 142 174 186 127 167 185 144 163 177 169 120 170 113 136 106 114 133 110
493 435 401 467 437 479 402 473 408 478 494 465 419 461 458 485 406 414 452 445 482 447 441 455 456 433 444 457 442 410 431 453 486 475 483 443 480 469 427 438 460 439 448 411 466 428 464 434 420 403 425 463 491 471 426 449 459 498 492 430 468 413 412 454 487 416 489 415 488 474 422 404 497 490 495 462 499 405 424 476 409 470 407
827 880 819 815 829 866 831 843 898 892 865 812 822 896 817 893 876 870 848 836 825 869 883 803 814 847 899 840 835 838 884 809 845 800 851 895 878 852 891 857 889 841 837 846 871 834 804 894 890 824 844 828 816 888 886 826 875 850 805 823 849 810 872 839 853 854 867 887 885 861 820 897 806 864 874 882 832 877 868 873 860 813 818 858 830
956 904 938 953 989 901 939 949 988 985 925 979 908 926 902 982 921 913 940 964 924 919 911 972 976 986 959 967 907 918 931 965 950 998 960 946 955 977 927 936 929 912 952 944 962 923 916 906 974 981 910 917 996 941 995 983 934 968 935 984 961 971 990 980 958 991 920 966 922 903 930 942
291 275 253 267 230 245 203 231 241 252 294 265 225 290 250 206 244 289 286 221 246 266 274 204 202 270 261 226 285 287 248 234 278 258 216 235 263 299 280 293 251 229 284 218 273 205 257 212 295 277 207 247 237 209 288 283 227 262 238 298 272 200 255 242 256 222 208 236 292 217 213 282 219 249 259 210 214 254 223 297 281 228
704 731 796 767 729 756 744 774 736 719 722 786 777 776 783 716 732 784 759 728 746 770 782 791 714 755 747 723 798 701 757 799 750 742 702 709 778 753 793 787 794 749 792 771 781 740 735 760 751 711 779 718 743 773 715 738 717 705 721 790 761 737 766 720 724 768 713 703 752 772 788 712 741 762 739 769 754 765
695 672 696 614 674 621 683 682 616 630 669 607 681 655 628 654 657 633 685 620 643 642 601 661 622 670 684 666 659 638 608 668 647 636 631 640 677 635 676 671 632 615 634 678 646 651 688 662 664 650 604 699 692 649 680 665 645 653 618 609 648 675 667 691 693 658 690 679 626 698 641 694 660 625 697 663 605 602 637 629 627
802
954
521 549 547 563 567 543 593 560 509 559 550 505 512 501 506 590 599 552 585 564 589 538 569 583 539 542 582 554 580 581 518 523 579 577 557 535 504 594 525 597 544 574 575 545 566 573 520 578 571 530 596 516 527 507 536 519 591 570 584 532 540 508 534 588 517 586 537 555 595 514 510 511 598 546 541 531 551 533 556 529 561
8
339 336 372 350 334 317 364 359 370 371 305 360 387 390 318 312 375 365 344 349 307 338 386 331 352 394 378 351 363 309 333 325 324 345 337 396 385 343 361 368 398 399 322 313 391 362 366 388 393 346 332 367 369 341 323 329 380 377 306 314 327 342 330 357 354 353 381 356 300 389 340 379 303 311 319 321 392 326 348
994
264
548
17
915
33
708
833
612
801
111
56
932
611
347
421
503
418
355
39
304
151
656
123
689
957
384
562
239
515
100
970
619
1
987
710
129
587
180
565
700
268
706
159
726
436
863
764
808
933
745
999
260
240
429
947
397
748
320
107
30
639
308
477
279
613
190
70
122
797
158
215
568
191
53
383
937
951
198
5
707
528
65
78
276
117
41
502
909
522
156
233
432
45
243
19
451
513
789
859
900
730
376
558
400
450
440
997
600
335
624
652
121
68
969
328
175
201
945
603
500
130
617
315
623
89
572
526
576
992
220
373
271
727
644
842
118
43
446
358
192
785
758
423
928
80
905
673
686
733
382
606
310
484
687
821
472
780
914
993
269
179
184
725
67
316
374
807
93
496
763
879
524
775
37
963
178
417
199
862
553
943
856
795
296
301
101
61
811
232
42
592
211
189
153
610
855
881
224
948
481
62
395
302
978
734
975
171