973
84 11 50 31 15 75 92 85 25 71 6 77 95 99 7 9 22 69 66 10 91 98 90 76 14 3 27 47 24 83 87 79 59 49 4 82 57 34 60 73 29 55 48 21 18 12 54 58 97 46 0 44 36 74 20 86 16 96 64 51 40 2 38 26 35 28 52 23 81 88 32 13 94 63 72
181 197 140 176 110 187 186 137 164 154 169 172 124 120 114 193 127 157 188 106 109 162 148 119 152 103 128 195 113 105 168 143 139 144 160 196 125 185 170 173 194 155 116 108 161 182 146 165 166 115 174 112 167 135 141 163 102 145 133 177 134 142 147 126 150 136 149 104 138 183 131 132
441 492 442 431 489 420 456 412 452 449 404 466 409 433 455 426 424 479 413 464 402 401 490 457 488 470 406 411 474 427 468 410 497 476 491 480 422 471 494 462 469 467 439 499 458 453 415 416 487 430 435 461 454 408 444 495 475 485 405 425 437 459 419 498 482 478 483 443 448 414 428 447 465 403 473 463 445 407 460 438 486 434
826 896 884 840 870 860 805 847 835 864 837 858 889 810 888 832 800 899 877 839 814 878 845 890 828 868 822 892 844 819 898 891 812 861 882 824 836 897 834 809 849 829 876 848 841 869 850 823 815 820 873 883 825 887 827 875 853 838 854 895 831 817 880 874 804 818 852 846 886 872 830 865 857 867 866 893 816 803 851 885 806 871 843 813 894
998 925 958 901 908 986 938 966 968 910 923 907 939 918 981 917 911 996 991 989 913 988 940 949 946 960 944 983 926 959 977 902 990 967 935 976 930 953 929 955 904 964 941 974 922 942 985 952 919 916 934 962 979 956 980 971 927 950 961 931 906 920 903 995 972 984 921 924 912 982 965 936
273 256 247 261 282 293 267 277 230 283 221 263 218 257 212 258 203 246 266 262 217 236 299 294 209 205 286 287 298 281 295 228 200 213 235 289 272 252 244 225 253 255 251 280 229 208 290 210 249 227 265 259 237 278 291 275 238 245 234 219 202 274 248 222 223 270 254 285 206 242 214 288 250 226 284 204 231 297 292 216 241 207
711 759 756 793 765 772 798 767 739 782 750 754 794 741 744 716 746 751 788 713 760 784 705 786 749 777 778 769 721 757 715 701 737 743 714 738 720 729 787 709 774 752 779 742 736 717 728 723 762 799 770 792 719 732 724 740 718 755 781 776 766 704 722 773 768 796 712 703 783 771 702 753 735 731 791 747 761 790
642 685 651 698 615 682 627 674 653 684 668 654 677 649 637 636 690 616 640 607 683 625 655 643 664 622 618 635 699 646 633 634 604 678 661 669 688 650 676 657 614 647 667 695 626 681 605 680 628 608 658 620 662 666 675 641 663 660 670 609 638 679 671 621 696 692 632 659 694 672 665 648 691 630 631 697 629 645 693 602 601
802
954
516 549 537 579 586 507 511 589 544 597 519 501 536 521 595 598 534 566 577 555 554 551 564 539 593 523 571 535 512 582 590 599 510 540 584 509 573 543 559 581 556 569 583 538 578 531 525 591 557 560 545 532 517 527 574 596 514 588 550 505 547 567 518 585 506 529 575 533 561 563 552 570 508 520 530 594 546 541 504 580 542
8
399 369 321 360 366 309 334 329 393 307 306 319 338 342 351 343 326 346 317 348 345 331 387 379 381 359 330 398 336 312 396 371 394 300 377 322 363 388 305 341 354 324 378 311 352 364 323 344 303 390 353 357 375 313 367 332 339 370 318 372 337 380 349 389 391 350 314 333 327 361 362 385 325 392 368 386 356 365 340
994
264
548
17
915
33
708
833
612
801
111
56
932
611
347
421
503
418
355
39
304
151
656
123
689
957
384
562
239
515
100
970
619
1
987
710
129
587
180
565
700
268
706
159
726
436
863
764
808
933
745
999
260
240
429
947
397
748
320
107
30
639
308
477
279
613
190
70
122
797
158
215
568
191
53
383
937
951
198
5
707
528
65
78
276
117
41
502
909
522
156
233
432
45
243
493
19
451
513
789
859
900
730
376
558
400
450
440
997
600
335
624
652
121
68
969
328
175
201
945
603
500
130
617
315
623
89
572
526
576
992
220
373
271
727
644
842
118
43
446
358
192
785
758
423
928
80
905
673
686
733
382
606
310
484
687
821
472
780
914
993
269
179
184
725
67
316
374
807
93
496
763
879
524
775
37
963
178
417
199
862
553
943
856
795
296
301
101
61
811
232
42
592
211
189
153
610
855
881
224
948
481
62
395
302
978
734
975
171