973
47 76 50 20 21 23 3 83 59 85 71 77 31 72 24 12 92 96 51 36 87 74 22 69 57 26 88 63 46 94 0 82 79 64 95 98 13 90 4 84 49 48 7 14 75 27 11 54 16 29 28 32 38 58 6 2 35 73 91 10 25 99 66 40 60 86 52 18 9 97 44 81 55 15 34
110 134 174 166 114 181 108 128 168 196 126 131 169 177 133 132 106 116 155 161 188 167 112 160 170 173 150 140 105 103 183 152 124 182 104 119 120 157 193 142 197 113 187 165 146 164 137 143 125 135 195 136 186 145 163 172 154 194 141 148 115 109 149 127 139 144 162 147 138 185 176
459 468 428 461 441 405 462 424 469 467 476 498 482 463 448 426 465 419 434 430 495 415 486 475 452 473 422 499 403 409 478 492 433 490 435 406 497 411 443 445 453 414 444 457 420 413 410 454 437 404 489 449 456 425 458 402 487 474 491 479 408 455 483 431 480 488 427 416 447 485 407 460 439 401 464 466 494 438 412 471 470 442
849 895 810 880 852 887 875 890 861 823 843 883 819 851 889 844 822 860 899 847 877 815 850 829 892 817 825 840 896 831 816 846 827 891 848 800 820 873 876 803 854 866 868 836 839 834 871 818 858 885 813 809 884 867 874 870 898 832 835 864 865 824 826 894 845 857 882 841 830 828 897 806 872 804 812 837 814 886 869 878 838 888 893 853 805
974 907 916 904 956 949 990 984 941 977 962 968 952 955 918 998 922 930 971 958 960 927 926 936 991 976 938 950 939 944 935 966 910 979 929 986 965 903 942 934 982 967 995 946 902 931 980 923 985 901 961 972 983 964 940 996 919 925 917 920 913 924 921 989 912 908 906 953 911 988 981 959
210 262 209 248 287 222 217 278 289 237 204 285 295 297 208 228 282 273 266 288 227 202 283 244 229 265 219 231 298 267 294 247 272 258 261 252 212 286 235 236 245 263 226 281 291 230 206 256 292 274 299 223 242 241 249 205 250 200 218 270 259 234 293 225 253 238 216 275 255 277 254 246 284 203 221 280 257 207 214 213 251 290
739 779 798 772 719 757 796 765 793 782 717 756 751 720 715 767 788 721 799 773 744 737 736 777 722 728 792 790 724 750 735 705 723 755 704 783 776 787 703 711 766 778 716 791 761 738 743 760 784 714 762 794 740 770 786 752 729 781 749 768 769 732 771 753 718 709 713 712 754 741 746 747 731 774 742 702 759 701
678 675 695 629 691 653 609 658 663 693 677 698 607 634 681 643 661 655 604 608 670 601 602 664 685 633 679 641 682 694 666 659 684 657 671 630 669 688 622 627 672 636 621 605 676 699 631 618 649 665 614 642 635 650 674 654 648 667 640 638 615 647 626 620 651 692 646 683 690 637 662 628 632 668 680 616 660 625 645 696 697
802
954
520 583 560 581 579 588 549 559 580 507 577 514 505 578 539 509 501 537 529 517 570 557 573 586 566 521 597 582 541 527 534 516 571 561 556 550 523 545 585 594 555 591 547 554 535 530 542 589 508 546 593 590 540 536 512 552 531 504 595 518 563 551 511 575 525 544 598 533 574 519 567 506 510 564 584 532 538 599 543 569 596
8
360 350 341 325 352 379 381 342 322 327 330 389 331 343 364 386 345 337 371 303 323 318 365 344 388 390 305 354 370 326 348 361 369 333 317 309 366 378 300 346 314 387 393 398 313 385 311 359 377 392 396 353 362 367 321 368 349 363 380 312 394 356 306 351 391 329 307 357 324 399 340 372 319 338 334 332 339 336 375
994
264
548
17
915
33
708
833
612
801
111
56
932
611
347
421
503
418
355
39
304
151
656
123
689
957
384
562
239
515
100
970
619
1
987
710
129
587
180
565
700
268
706
159
726
436
863
764
808
933
745
999
260
240
429
947
397
748
320
107
30
639
308
477
279
613
190
70
122
797
158
215
568
191
53
383
937
951
198
5
707
528
65
78
276
117
41
502
909
522
156
233
432
45
243
493
19
451
513
789
859
900
730
376
558
400
450
440
997
600
335
624
652
121
68
969
328
175
201
945
603
500
130
617
315
623
89
572
526
576
992
220
373
271
727
644
842
118
43
446
358
192
785
758
423
928
80
905
673
686
733
102
382
606
310
484
687
821
472
780
914
993
269
179
184
725
67
316
374
807
93
496
763
879
524
775
37
963
178
417
199
862
553
943
856
795
296
301
101
61
811
232
42
592
211
189
153
610
855
881
224
948
481
62
395
302
978
734
975
171