973
4 13 79 81 94 75 40 59 23 72 31 95 84 97 3 88 32 63 0 10 55 90 27 44 14 29 51 96 38 21 36 9 52 22 54 49 71 73 86 18 64 99 87 35 77 76 20 28 91 26 82 69 50 25 83 7 6 11 48 16 98 12 57 15 74 24 34 85 2 47 60 92 58 66 46
170 157 195 135 125 155 168 185 119 173 154 146 161 149 164 140 116 167 142 137 112 106 141 124 176 177 150 166 139 196 165 174 133 103 138 131 115 172 113 194 160 163 169 109 132 143 104 187 105 181 152 136 188 183 162 120 182 114 147 108 186 145 110 148 134 193 144 128 127 197 126
475 468 428 482 476 424 478 405 499 448 453 456 465 460 411 425 489 455 488 416 463 457 473 412 407 413 403 495 494 485 408 480 444 459 497 441 434 433 491 445 454 486 479 464 466 406 474 422 439 442 438 461 431 452 402 449 490 415 404 492 435 420 469 427 498 414 419 409 470 458 487 483 443 467 462 437 401 426 447 410 430 471
875 818 812 838 806 872 814 873 848 841 869 847 851 885 852 809 883 889 816 857 846 898 896 839 882 865 837 877 823 843 864 887 844 820 840 884 822 897 825 800 803 870 878 892 836 874 835 868 861 830 819 832 893 805 880 854 845 849 899 895 804 866 886 834 826 831 817 853 858 888 813 828 815 876 829 850 891 867 894 824 860 871 827 890 810
925 903 921 913 972 961 938 981 958 968 967 907 942 935 985 936 917 910 962 984 929 916 995 931 939 920 974 989 988 918 922 946 982 965 966 940 926 986 919 998 912 902 930 950 923 908 956 991 971 953 949 927 977 952 976 960 904 901 990 983 980 906 911 959 979 996 964 924 941 934 944 955
286 253 270 234 289 237 275 249 251 203 290 267 293 206 254 231 241 238 263 272 295 248 287 202 256 277 223 207 209 236 212 214 218 292 200 204 281 208 266 288 221 294 265 235 216 291 297 285 226 217 273 282 259 262 258 245 298 250 278 255 229 283 210 227 242 222 225 284 205 252 246 280 274 244 247 219 257 299 261 230 228
742 757 746 740 771 755 770 756 776 723 724 787 799 718 714 738 701 712 765 762 786 766 752 729 719 720 767 739 728 774 754 721 761 717 759 749 779 783 794 703 781 732 705 702 793 784 744 768 709 715 791 747 735 773 716 790 753 704 736 798 743 731 760 737 782 778 796 769 713 792 711 788 772 722 741 750 777 751
641 697 678 626 607 658 682 667 674 662 693 668 681 660 622 642 648 677 630 676 643 698 655 663 625 629 669 671 608 604 649 665 633 614 696 699 628 627 692 694 680 650 634 683 647 654 632 685 661 601 684 605 672 602 645 659 616 637 621 679 653 690 691 657 651 640 618 646 631 695 635 615 609 636 688 675 620 666 664 638 670
802
954
549 507 569 551 536 521 508 501 588 559 516 584 537 545 574 575 582 509 519 504 506 546 563 552 538 589 596 533 579 590 597 570 583 554 586 594 585 525 598 577 542 555 564 514 578 550 543 510 591 541 560 530 527 557 532 567 505 534 520 561 529 517 573 566 599 512 595 518 593 535 511 580 581 531 540 544 571 556 547 523 539
8
348 326 318 365 378 306 399 300 369 371 362 361 345 329 327 331 324 380 360 321 372 352 305 357 317 303 333 370 398 309 389 344 368 351 354 313 393 377 363 366 330 349 340 314 388 367 312 332 379 356 341 353 391 319 396 359 394 338 364 385 381 392 325 350 322 390 342 346 336 386 334 343 311 375 307 339 337 387 323
994
264
548
17
915
33
708
833
612
801
111
56
932
611
347
421
503
418
355
39
304
151
656
123
689
957
384
562
239
515
100
970
619
1
987
710
129
587
180
565
700
268
706
159
726
436
863
764
808
933
745
999
260
240
429
947
397
748
320
107
30
639
308
477
279
613
190
70
122
797
158
215
568
191
53
383
937
951
198
5
707
528
65
78
276
117
41
502
909
522
156
233
432
45
243
493
19
451
513
789
859
900
730
376
558
400
450
440
997
600
335
624
652
121
68
969
328
175
201
945
603
500
130
617
315
623
89
572
526
576
992
220
373
271
727
644
842
118
43
446
358
192
785
758
423
213
928
80
905
673
686
733
102
382
606
310
484
687
821
472
780
914
993
269
179
184
725
67
316
374
807
93
496
763
879
524
775
37
963
178
417
199
862
553
943
856
795
296
301
101
61
811
232
42
592
211
189
153
610
855
881
224
948
481
62
395
302
978
734
975
171