973
83 73 99 76 74 84 15 36 85 87 14 10 22 7 12 58 91 52 55 57 96 31 94 21 92 63 11 98 81 9 26 66 44 13 77 3 86 50 24 0 29 23 59 27 6 64 90 88 28 75 46 35 69 25 54 72 2 32 48 60 51 20 49 79 16 47 40 82 34 97 18 4 95 38 71
146 162 160 196 147 187 165 172 181 148 106 140 168 183 126 110 197 137 112 177 169 128 161 135 109 136 134 127 145 103 132 150 142 154 114 149 144 143 188 163 105 164 167 195 119 141 170 138 139 176 194 131 133 108 166 155 186 113 193 185 182 120 124 174 115 125 157 104 152 173 116
482 407 416 445 402 454 455 431 473 488 479 483 486 498 497 404 441 491 464 478 499 409 403 422 401 415 485 456 492 443 448 487 428 470 452 411 438 405 459 453 414 447 449 444 434 468 412 433 457 462 439 476 490 413 460 424 480 408 427 425 410 458 466 495 467 465 435 461 494 437 463 419 442 420 475 471 489 426 474 430 406 469
823 822 891 867 805 815 825 860 861 857 812 889 837 878 803 818 820 869 824 865 864 814 887 894 806 896 847 886 874 892 841 883 885 836 829 851 850 840 846 858 839 831 866 897 884 871 835 809 827 838 828 804 888 873 898 810 852 899 877 882 870 844 849 848 826 893 843 845 819 830 875 800 816 834 854 880 895 817 813 853 872 832 868 890
913 965 974 923 942 935 912 938 991 939 958 927 995 922 907 903 904 990 916 980 917 946 931 902 925 988 930 972 962 967 918 929 998 921 971 976 979 952 949 940 920 982 981 936 996 934 944 941 985 919 977 959 953 910 989 901 956 911 986 961 926 906 966 964 924 960 950 968 984 955 983 908
221 244 246 204 210 229 280 285 236 218 259 247 205 231 287 225 230 286 250 235 208 295 206 288 212 293 297 217 238 289 273 283 282 274 202 203 242 209 278 222 249 226 207 216 267 200 255 248 266 290 284 241 227 275 298 292 261 245 256 277 223 234 265 281 237 254 270 291 294 251 257 262 253 252 228 263 214 219 258 299 272
722 777 769 783 750 766 715 790 772 753 759 723 793 716 754 731 767 773 703 799 711 719 771 736 741 749 781 737 729 755 704 728 756 787 751 768 774 782 732 735 747 796 712 791 760 742 739 761 714 744 701 709 776 740 798 724 702 718 765 762 784 757 778 721 770 779 743 746 788 717 713 786 752 738 720 705 792
648 649 660 678 657 694 616 643 659 633 685 615 605 674 680 663 691 618 683 645 653 607 682 699 665 636 697 622 625 681 628 608 696 646 642 602 688 667 651 672 693 664 631 666 661 658 614 655 679 690 675 676 626 647 671 601 638 634 654 641 692 650 662 640 668 698 637 632 620 669 695 684 629 604 627 609 621 670 635 630 677
802
954
583 545 535 505 510 593 566 594 523 550 546 564 532 561 514 552 536 577 556 567 541 597 551 508 563 538 525 517 511 557 570 580 506 530 555 519 596 575 543 509 518 520 501 599 529 534 569 571 595 504 507 527 537 584 544 516 559 574 554 573 579 547 585 578 560 588 533 582 542 521 539 512 586 598 581 590 549 531 591 589 540
8
338 369 360 348 370 333 325 379 391 357 351 344 393 350 340 362 314 367 318 326 359 313 392 321 345 306 323 378 339 311 334 349 386 365 307 337 319 346 381 356 387 336 300 389 364 332 331 342 305 385 371 330 388 322 372 329 303 390 368 375 361 363 377 327 399 309 398 380 352 394 353 324 312 343 341 317 354 396 366
994
264
548
17
915
33
708
833
612
801
111
56
932
611
347
421
503
418
355
39
304
151
656
123
689
957
384
562
239
515
100
970
619
1
987
710
129
587
180
565
700
268
706
159
726
436
863
764
808
933
745
999
260
240
429
947
397
748
320
107
30
639
308
477
279
613
190
70
122
797
158
215
568
191
53
383
937
951
198
5
707
528
65
78
276
117
41
502
909
522
156
233
432
45
243
493
19
451
513
789
859
900
730
376
558
400
450
440
876
997
600
335
624
652
121
68
969
328
175
201
945
603
500
130
617
315
623
89
572
526
576
992
220
373
271
727
644
842
118
43
446
358
192
785
758
423
213
928
80
905
673
686
733
102
382
606
310
484
687
821
472
780
914
993
269
179
184
725
67
316
374
807
93
496
763
879
524
775
37
963
178
417
199
862
553
943
856
795
296
301
794
101
61
811
232
42
592
211
189
153
610
855
881
224
948
481
62
395
302
978
734
975
171