973
46 58 94 54 44 92 9 82 88 29 84 98 0 38 69 7 66 73 27 85 34 14 4 10 16 49 36 97 40 79 26 13 3 55 48 35 90 74 31 95 11 81 51 91 83 64 72 12 22 99 6 21 76 87 86 57 47 75 59 28 25 71 77 24 52 15 18 50 63 23 20 60 2 96 32
119 116 114 148 120 193 145 110 142 160 127 141 128 164 170 165 104 150 112 163 103 172 126 155 125 152 146 185 182 157 124 131 195 177 166 183 173 161 186 197 113 108 188 143 105 136 138 167 187 140 176 196 109 147 133 135 144 162 181 106 134 149 137 139 194 115 154 132 168 174 169
414 490 443 470 427 433 456 426 457 408 474 441 442 461 476 455 452 407 453 486 467 411 473 464 494 448 465 435 412 437 444 413 466 409 475 445 447 431 485 458 489 406 402 480 449 419 478 405 403 422 482 439 428 460 401 430 491 497 479 468 434 404 424 425 483 488 415 454 410 462 498 420 469 487 492 495 416 499 438 459 471
800 831 853 815 844 872 878 850 884 892 889 865 882 838 858 818 846 828 898 847 899 819 886 869 873 840 857 806 860 822 817 883 866 835 852 874 820 885 896 814 848 841 834 839 832 809 816 803 837 823 836 829 812 813 826 880 867 888 805 895 830 849 804 851 871 868 887 897 894 810 890 877 891 864 825 861 824 893 870 843 845 875 854 827
995 938 942 965 974 931 924 964 940 921 991 968 989 950 936 996 990 953 926 961 911 959 904 956 901 917 946 939 907 925 902 934 935 982 929 980 958 916 949 998 976 971 918 922 903 967 984 983 962 910 979 986 960 923 988 912 955 972 927 944 952 985 908 920 930 906 977 941 913 981 966 919
275 261 297 290 293 299 221 265 225 206 258 237 216 245 229 292 227 298 272 270 231 209 246 202 250 294 267 249 283 286 234 208 218 222 284 277 295 247 200 204 259 248 251 291 219 205 273 203 254 278 226 223 241 255 236 235 253 238 280 244 252 263 262 210 214 281 257 289 228 285 274 256 266 287 230 212 242 207 288 282 217
728 738 709 791 787 717 782 718 714 721 790 777 776 715 798 773 765 735 742 788 731 760 743 749 761 768 751 739 753 752 746 741 744 783 740 719 704 769 747 754 766 755 796 756 701 779 703 711 772 705 793 702 774 750 732 759 767 792 771 724 757 712 729 713 781 786 720 737 770 762 722 778 723 736 784 716 799
604 648 631 614 607 667 609 650 684 692 643 651 608 657 645 695 668 676 671 658 649 683 637 632 633 625 688 677 663 660 654 629 635 620 618 662 642 655 630 699 693 661 641 628 670 622 680 601 681 665 682 626 674 685 697 664 634 602 696 698 659 679 640 616 638 627 615 694 636 672 678 621 666 653 675 690 605 691 647 646 669
802
954
590 585 575 547 505 533 534 594 542 543 589 538 588 546 566 551 511 540 541 539 523 529 504 570 532 549 509 520 550 597 556 598 581 557 525 563 578 584 531 527 580 591 593 535 586 530 560 574 501 544 595 521 569 559 577 554 516 552 599 571 564 596 506 507 508 536 514 579 583 519 517 555 545 537 510 582 573 512 561 567 518
8
354 333 381 327 352 323 337 393 318 392 324 394 367 391 371 343 368 345 389 357 338 346 336 307 341 319 363 378 312 375 350 349 326 377 369 398 356 342 340 332 339 329 306 353 380 309 314 366 387 334 325 322 386 317 379 388 331 372 330 313 359 348 385 361 305 321 311 396 390 351 364 399 303 300 344 360 362 370 365
994
264
548
17
915
33
708
833
612
801
111
56
932
611
347
421
503
418
355
39
304
151
656
123
689
957
384
562
239
515
100
970
619
1
987
710
129
587
180
565
700
268
706
159
726
436
863
764
808
933
745
999
260
240
429
947
397
748
320
107
30
639
308
477
279
613
190
70
122
797
158
215
568
191
53
383
937
951
198
5
707
528
65
78
276
117
41
502
909
522
463
156
233
432
45
243
493
19
451
513
789
859
900
730
376
558
400
450
440
876
997
600
335
624
652
121
68
969
328
175
201
945
603
500
130
617
315
623
89
572
526
576
992
220
373
271
727
644
842
118
43
446
358
192
785
758
423
213
928
80
905
673
686
733
102
382
606
310
484
687
821
472
780
914
993
269
179
184
725
67
316
374
807
93
496
763
879
524
775
37
963
178
417
199
862
553
943
856
795
296
301
794
101
61
811
232
42
592
211
189
153
610
855
881
224
948
481
62
395
302
978
734
975
171