973
13 4 49 48 85 83 98 6 81 35 14 31 79 97 94 82 84 12 28 51 16 55 40 87 46 27 63 7 18 21 90 99 29 32 96 72 91 54 2 92 34 47 0 24 58 71 59 52 44 38 36 66 75 88 25 10 3 69 50 74 23 77 86 9 20 95 73 64 15 57 22 26 60 76 11
126 131 138 193 143 103 173 149 194 119 104 135 164 137 120 147 185 174 157 105 169 165 140 176 183 154 113 142 161 197 187 181 188 186 136 152 162 177 106 172 133 148 125 127 182 139 134 168 114 116 163 144 167 145 110 124 112 141 195 132 166 196 155 160 109 128 170 115 150 108
492 482 402 461 468 458 437 403 471 498 412 465 407 480 447 448 426 404 491 405 408 476 462 469 422 488 474 473 441 467 416 435 470 431 460 475 497 428 401 495 485 406 430 466 483 449 415 413 438 410 453 442 490 411 414 420 455 494 444 424 499 489 443 439 454 456 478 464 486 479 425 487 433 419 459 445 409 434 457 452 427
843 831 867 835 816 827 813 804 853 848 898 894 847 864 893 884 892 819 817 895 891 803 890 836 820 815 824 885 874 865 823 872 870 800 869 852 840 829 854 860 812 837 896 851 899 844 826 850 883 828 886 849 818 866 805 871 810 877 838 868 822 861 857 875 878 809 858 846 825 830 889 841 845 882 834 832 873 839 806 880 888 814 887 897
927 919 939 925 980 946 935 949 958 936 955 923 941 924 989 985 953 984 902 982 910 977 995 983 959 903 908 961 911 921 996 912 920 960 990 986 988 922 938 917 904 942 940 979 907 950 966 906 968 934 918 916 965 981 998 967 974 930 962 944 929 901 913 972 976 964 926 991 931 952 971 956
214 290 238 272 287 283 251 270 246 231 284 298 277 278 259 200 234 242 255 223 249 273 288 226 275 228 208 289 262 286 297 230 256 210 237 292 202 204 291 267 219 282 266 216 252 225 247 229 280 254 257 281 299 205 245 295 206 265 263 241 253 209 274 221 261 218 212 235 217 248 285 222 203 294 250 258 227 236 293 244 207
788 769 720 740 701 799 703 717 750 738 705 719 728 774 777 787 798 773 741 762 765 737 704 752 766 713 716 729 767 732 772 735 736 756 715 723 751 702 742 793 761 757 759 743 721 792 747 754 779 744 749 718 746 770 755 739 714 786 711 796 776 731 724 791 753 781 709 712 768 760 771 782 722 784 783 790 778
676 620 630 681 650 601 672 682 625 643 662 645 655 636 621 605 684 670 668 641 657 609 608 658 695 667 693 629 664 616 638 640 688 699 607 618 654 604 659 685 666 674 697 677 642 698 665 635 675 691 678 651 626 647 637 633 627 614 653 683 696 649 690 632 694 631 615 661 622 679 680 663 648 634 671 669 646 628 660 692 602
802
954
567 535 594 555 504 516 545 573 541 588 533 554 523 560 529 580 543 534 578 590 552 589 570 520 501 518 597 510 505 527 579 571 538 591 521 599 563 549 551 585 511 547 566 586 519 536 581 569 556 531 574 582 583 506 596 598 544 550 564 525 584 557 507 546 509 561 517 530 542 540 575 508 514 559 595 537 593 532 512 577 539
8
329 386 351 368 392 352 360 309 300 325 331 369 338 342 327 339 326 340 311 324 307 357 393 377 390 341 388 318 344 350 330 366 303 391 312 314 389 378 353 332 398 387 375 317 313 364 305 372 346 385 370 306 381 349 321 345 337 394 362 380 371 379 363 343 367 354 365 334 361 396 322 323 359 336 319 333 356 399 348
994
264
548
17
915
33
708
833
612
801
111
56
932
611
347
421
503
418
355
39
304
151
656
123
689
146
957
384
562
239
515
100
970
619
1
987
710
129
587
180
565
700
268
706
159
726
436
863
764
808
933
745
999
260
240
429
947
397
748
320
107
30
639
308
477
279
613
190
70
122
797
158
215
568
191
53
383
937
951
198
5
707
528
65
78
276
117
41
502
909
522
463
156
233
432
45
243
493
19
451
513
789
859
900
730
376
558
400
450
440
876
997
600
335
624
652
121
68
969
328
175
201
945
603
500
130
617
315
623
89
572
526
576
992
220
373
271
727
644
842
118
43
446
358
192
785
758
423
213
928
80
905
673
686
733
102
382
606
310
484
687
821
472
780
914
993
269
179
184
725
67
316
374
807
93
496
763
879
524
775
37
963
178
417
199
862
553
943
856
795
296
301
794
101
61
811
232
42
592
211
189
153
610
855
881
224
948
481
62
395
302
978
734
975
171