989 917 938 962 984 950 990 922 909 951 913 911 958 953 927 966 976 978 932 985 930 973 956 967 936 915 957 979 916 963 994 910 923 991 921 955 993 998 947 944 997 981 968 959 934 903 954 935 940 961 943 914 969 964 948 926 937 908 992 972 919 931 901 971 918 977 902 941 999 946 905 925 987 995 974 904 960 988 980 907 906 929 933 965 939 920 924 928 952 942 975 949 986 912 983 982 945 996 970
55 11 97 76 52 12 82 68 86 67 94 64 23 51 41 95 78 4 92 70 80 84 9 62 63 16 19 28 5 8 96 25 29 36 73 38 22 75 71 42 93 21 98 88 59 54 17 49 13 15 85 24 31 33 26 14 7 79 39 3 43 34 6 89 65 48 87 83 46 69 44 37 99 61 10 18 50 81 32 40 58 77 47 35 0 74 90 56 57 53 20 91 2 27 60 72 45 30 66
158 117 146 197 192 198 190 100 162 124 170 167 154 189 178 122 193 137 191 185 103 196 187 133 153 113 144 111 160 134 132 169 129 159 138 126 143 149 173 171 112 155 130 119 102 120 156 141 179 121 105 163 123 180 110 125 184 194 140 174 106 165 175 188 182 128 142 136 168 186 104 147 108 172 199 115 152 195 164 157 150 114 145 131 107 135 127 118 109 181 116 177 166 161 148 176 183 139
485 477 467 430 452 402 419 488 440 475 413 490 453 465 415 489 491 472 442 469 411 461 498 454 476 468 479 449 474 441 448 455 417 420 428 460 407 451 446 457 450 482 422 480 412 481 434 410 437 427 459 408 462 432 439 496 421 429 497 483 499 484 492 471 470 436 466 435 425 431 405 438 443 403 414 493 456 458 464 416 404 494 487 486 406 478 401 423 473 445 426 409 444 447 433 424 418 463 495
823 826 865 862 867 849 806 886 834 831 877 808 855 827 890 881 856 813 889 828 884 818 816 869 829 822 820 810 835 821 860 851 875 850 812 825 876 864 841 803 893 846 863 811 848 836 809 840 817 852 853 882 800 883 899 815 866 874 861 802 859 837 895 819 897 843 830 872 878 879 847 838 868 885 844 833 854 804 873 857 870 892 814 858 871 807 887 880 824 842 896 891 805 888 894 839 832 898 845
279 262 220 240 296 267 213 226 292 215 214 283 205 284 245 206 294 216 225 236 231 229 207 217 286 257 221 266 204 270 238 224 297 293 268 248 264 247 218 265 271 273 203 290 202 246 222 249 228 219 299 209 274 208 200 259 275 232 258 251 241 282 253 212 269 260 298 278 289 234 256 244 295 210 277 211 223 250 242 291 233 288 235 263 227 280 261 285 276 272 281 243 255 237 230 239 254 287 252
710 757 721 745 706 788 784 728 716 727 708 703 774 756 795 707 761 791 783 771 705 742 725 720 730 747 786 741 765 732 704 754 702 755 753 709 748 776 777 773 780 724 790 712 750 799 781 782 766 713 767 789 749 778 729 746 734 718 758 768 722 751 779 793 760 798 719 717 735 738 715 762 764 752 723 797 743 792 770 731 763 796 714 744 759 726 785 775 733 737 739 787 736 701 772 711 794 769 740
656 620 672 619 639 680 692 649 690 637 617 609 655 645 604 641 606 616 666 631 608 626 676 621 622 648 646 661 679 638 625 659 640 612 602 610 687 671 660 669 623 689 657 696 636 699 684 670 624 682 603 615 647 695 674 643 694 605 635 653 644 614 697 613 654 685 662 630 688 673 611 628 634 677 607 681 683 664 652 693 667 633 601 675 650 642 658 629 627 668 691 651 618 686 665 698 632 663 678
525 590 544 519 528 542 569 566 598 584 510 540 512 533 520 558 592 562 545 529 578 588 573 577 502 556 570 521 579 563 526 583 517 596 515 553 574 548 503 539 560 535 559 557 511 599 595 586 580 564 567 547 506 537 549 575 550 589 534 508 587 568 582 538 530 541 543 514 504 509 554 581 576 597 513 565 505 546 524 591 518 531 561 552 516 593 522 555 532 501 507 594 571 523 551 536 585 527
357 305 331 304 345 394 362 310 365 315 346 313 360 320 382 307 386 324 376 302 374 364 347 366 354 308 330 384 377 317 334 367 383 319 392 363 336 380 391 375 309 397 368 322 385 344 393 351 338 388 352 348 342 359 349 381 337 378 314 325 379 335 311 318 390 370 321 316 358 333 340 398 341 323 328 353 387 343 389 395 303 339 332 372 399 373 355 369 396 326 356 312 371 327 306 300 350 361 329
801
151
1
700
900
400
600
201
500
572
301
101