973
10 81 0 72 27 55 84 26 3 25 50 31 86 59 88 77 40 28 54 35 46 87 2 92 58 13 18 6 79 11 24 98 12 52 4 83 69 71 20 16 34 90 66 48 36 38 75 64 22 74 14 85 97 95 51 76 7 73 99 32 63 44 47 15 49 96 60 57 29 23 94 21 82 9 91
157 104 116 112 149 125 174 135 136 142 140 181 155 195 196 172 193 160 161 131 170 154 127 182 167 177 152 186 145 148 150 168 183 197 134 139 185 106 173 144 124 188 165 113 114 163 110 108 169 103 141 132 162 147 126 119 143 109 138 187 166 105 176 133 115 194 128 137 164 120
413 487 410 424 466 475 492 464 497 459 416 455 499 489 403 419 438 485 405 452 468 422 442 409 486 402 425 482 404 498 478 408 412 449 441 431 454 443 437 462 428 448 461 474 457 471 433 476 435 467 465 439 407 491 426 444 453 420 406 456 447 411 401 494 414 430 495 488 490 460 415 483 470 469 434 480 473 479 458 445 427
831 873 891 839 846 892 800 849 853 885 854 864 888 829 847 851 877 841 880 828 878 803 867 810 871 835 834 840 868 819 874 817 869 887 837 866 886 893 850 899 809 848 894 860 824 804 816 882 820 852 858 845 844 813 826 836 843 872 832 814 838 857 827 830 815 865 898 805 825 897 883 806 895 812 896 870 823 818 889 822 884 875 890 861
923 939 930 981 950 911 991 935 906 952 912 934 901 986 920 974 959 953 941 980 965 979 918 961 931 971 925 938 902 964 955 926 996 916 989 995 968 977 982 983 942 960 908 998 917 988 936 958 903 910 944 924 962 967 949 922 972 985 966 927 921 940 913 976 929 904 946 907 990 956 984 919
259 242 217 250 275 284 285 291 238 272 206 262 288 280 295 294 278 257 277 249 263 222 252 287 299 248 204 270 241 286 274 226 258 214 281 234 236 205 289 216 231 297 256 228 253 223 251 212 293 246 218 207 210 273 283 245 235 225 202 208 255 266 244 200 203 261 298 230 221 290 209 254 282 267 219 237 227 229 247 265
711 771 799 749 751 729 791 769 714 752 793 739 750 735 712 704 783 756 747 787 717 760 776 765 720 778 796 701 736 781 738 753 772 782 755 737 788 743 770 741 774 705 716 709 792 746 767 732 790 722 786 757 742 798 773 766 768 703 731 744 719 784 723 740 713 779 721 718 762 724 728 777 702 754 759 761 715
675 682 641 648 602 608 632 679 671 601 692 631 657 690 680 625 645 696 672 663 695 650 699 633 618 607 674 647 654 634 693 629 604 666 698 626 691 664 665 621 646 697 615 614 653 651 642 676 659 684 694 670 636 655 683 677 640 627 638 669 667 649 635 681 605 637 685 660 688 620 609 678 643 616 658 662 661 630 628 668 622
802
954
597 506 559 504 510 590 551 566 538 550 537 575 511 571 501 535 594 542 596 516 539 579 554 555 547 540 523 508 570 552 581 531 505 593 544 599 527 546 530 545 598 561 582 583 541 564 514 595 591 560 569 543 585 533 574 534 589 584 549 517 567 563 578 520 512 521 536 507 519 529 557 580 532 573 588 509 577 586 556 518 525
8
369 377 319 389 318 317 337 306 305 359 361 321 365 349 396 330 327 372 380 343 334 386 331 333 307 366 311 322 360 303 324 354 340 341 390 357 398 381 368 352 363 350 323 348 364 394 351 392 388 387 379 312 345 371 329 300 336 362 344 356 399 391 353 375 393 325 309 367 338 385 332 370 346 313 314 326 339 378 342
994
264
548
17
915
33
708
833
612
801
111
56
932
611
347
421
503
418
355
39
304
151
656
123
689
146
957
384
562
239
515
100
970
619
1
987
710
129
587
180
565
700
268
706
159
726
436
863
764
808
933
745
999
260
240
429
947
397
748
320
107
30
639
308
477
279
613
190
70
122
797
158
215
568
191
53
383
937
951
198
5
707
528
65
78
276
117
41
502
909
522
463
156
233
432
45
243
493
19
451
513
789
859
900
730
376
558
400
450
440
876
997
600
335
624
652
121
68
969
328
175
201
945
603
500
130
617
315
623
89
572
526
576
992
220
373
271
727
644
842
118
43
446
358
192
785
758
423
213
928
80
905
673
686
733
102
382
606
310
484
687
821
472
780
914
993
269
179
184
725
67
316
374
807
93
496
763
879
524
775
37
963
178
417
199
862
292
553
943
856
795
296
301
794
101
61
811
232
42
592
211
189
153
610
855
881
224
948
481
62
395
302
978
734
975
171