973
90 83 10 18 12 76 72 11 31 52 75 58 71 22 40 87 2 88 86 77 28 91 97 96 94 25 47 63 49 27 48 74 4 50 54 21 85 20 98 51 35 3 79 16 95 6 23 15 46 38 14 92 55 82 9 81 57 24 36 34 59 69 0 64 26 60 84 7 73 66 32 99 13 29 44
134 115 168 186 183 188 125 162 114 124 176 164 127 112 145 138 110 119 170 163 150 149 141 105 139 174 147 197 132 143 128 169 104 126 116 131 182 157 194 155 195 120 148 140 135 144 166 177 109 167 173 106 187 165 160 108 113 136 193 154 152 137 172 103 185 196 133 181 161 142
438 433 414 412 453 486 487 469 471 460 466 470 498 464 476 447 462 403 434 416 475 420 445 492 439 425 467 410 441 409 405 430 408 411 497 452 479 489 401 473 457 461 415 478 448 404 407 402 422 474 442 427 426 482 494 449 424 454 435 437 491 406 455 483 431 485 443 488 459 458 490 419 499 480 465 468 413 428 444 456 495
814 854 897 893 884 839 889 829 831 830 832 878 818 824 870 851 853 877 834 888 849 816 838 806 858 845 890 891 887 898 837 873 826 871 819 805 822 810 865 800 825 804 835 843 823 844 874 895 875 857 883 803 848 892 852 847 899 872 861 886 885 840 813 841 896 812 817 880 867 869 868 850 860 809 836 846 894 815 828 820 864 882 866 827
958 956 946 996 991 925 967 990 904 910 907 903 934 953 949 979 917 966 984 982 940 922 988 964 955 935 972 960 913 985 939 981 927 908 998 983 920 959 923 962 941 918 971 942 965 926 906 902 919 936 989 930 950 974 961 912 924 931 901 921 995 980 911 986 977 944 976 929 968 938 952 916
249 281 267 297 230 210 252 258 228 222 223 263 285 280 273 200 250 238 245 277 298 293 248 203 212 209 207 217 205 261 221 204 256 266 282 244 216 257 259 219 272 225 235 270 236 265 288 231 290 242 234 275 262 226 241 286 227 208 287 251 291 289 295 214 299 229 206 218 202 254 278 237 274 255 284 247 283 253 246
701 717 715 768 757 756 754 738 791 770 773 736 719 724 781 722 765 782 790 796 728 721 744 704 784 714 720 761 739 751 740 771 792 709 713 755 766 750 729 778 753 723 731 742 711 702 776 786 762 788 747 783 779 732 759 749 799 705 746 737 703 774 769 712 735 743 787 718 752 772 777 793 741 767 760 716 798
631 627 681 692 629 657 614 693 668 667 663 608 672 679 659 607 628 637 658 635 662 633 676 648 660 675 615 669 605 622 636 647 642 677 620 690 609 678 641 696 699 682 625 694 671 618 649 697 616 698 680 651 683 630 688 691 634 632 650 621 638 695 646 661 665 643 640 626 685 602 664 670 674 666 654 684 653 655 601 645 604
802
954
501 596 519 573 570 536 533 595 504 559 593 525 531 586 574 517 537 583 599 514 542 566 554 549 555 545 541 520 540 529 571 506 564 551 578 584 563 547 508 575 577 580 510 591 552 544 523 597 534 588 505 535 589 585 582 530 590 527 557 507 546 511 512 567 550 581 556 521 569 560 518 561 516 543 538 532 594 579 509 539 598
8
336 324 390 350 399 332 300 375 360 333 365 338 386 331 371 370 311 348 353 392 372 363 309 345 326 306 346 339 312 356 359 377 361 352 318 319 369 344 330 323 393 325 303 362 366 388 351 322 317 342 364 321 337 394 334 398 354 385 381 341 368 380 340 379 349 378 314 313 327 391 396 343 329 307 305 357 367 389 387
994
264
548
17
915
33
708
833
612
801
111
56
932
611
347
421
503
418
355
39
304
151
656
123
689
146
957
384
562
239
515
100
970
619
1
987
710
129
587
180
565
700
268
706
159
726
436
863
764
808
933
745
999
260
240
429
947
397
748
320
107
30
639
308
477
279
613
190
70
122
797
158
215
568
191
53
383
937
951
198
5
707
528
65
78
276
117
41
502
909
522
463
156
233
432
45
243
493
19
451
513
789
859
900
730
376
558
400
450
440
876
997
600
335
624
652
121
68
969
328
175
201
945
603
500
130
617
315
623
89
572
526
576
992
220
373
271
727
644
842
118
43
446
358
192
785
758
423
213
928
80
905
673
686
294
733
102
382
606
310
484
687
821
472
780
914
993
269
179
184
725
67
316
374
807
93
496
763
879
524
775
37
963
178
417
199
862
292
553
943
856
795
296
301
794
101
61
811
232
42
592
211
189
153
610
855
881
224
948
481
62
395
302
978
734
975
171