973
21 47 73 25 98 86 81 34 26 82 50 49 52 54 28 85 4 72 64 12 40 48 20 35 60 79 69 74 27 44 15 3 77 11 22 75 36 32 59 24 97 95 99 29 71 9 6 63 14 38 58 87 18 7 51 84 31 10 92 94 23 13 96 0 83 2 90 88 46 55 66 91 76 57 16
155 116 172 112 185 114 173 177 136 169 150 127 109 106 141 174 138 182 163 119 154 193 197 128 135 103 188 157 194 113 110 168 142 132 145 162 120 139 125 166 161 126 195 115 147 187 165 137 104 149 181 196 144 124 176 143 148 183 134 131 186 140 160 167 164 108 105 152 133 170
425 430 495 406 435 456 412 489 485 403 411 499 469 442 458 409 405 473 497 492 420 402 401 438 449 447 414 468 490 453 416 487 480 434 408 455 483 486 459 437 465 452 445 467 454 491 488 476 494 471 482 415 470 448 428 439 478 419 457 462 422 441 475 461 404 464 407 474 431 413 424 426 443 460 427 479 444 433 466 498 410
824 893 887 845 872 810 864 891 804 820 885 813 847 822 835 860 870 852 838 883 895 831 830 890 866 843 869 875 803 806 800 850 867 823 826 892 853 817 832 827 854 898 814 819 844 880 899 871 839 857 809 836 858 861 825 848 878 877 874 894 888 884 889 815 882 886 868 841 812 849 834 818 865 816 851 846 897 896 805 840 873 837 829 828
941 981 982 979 907 930 953 960 972 916 926 989 931 940 967 950 902 983 912 946 927 962 949 919 961 965 966 996 980 977 959 955 990 921 918 944 984 995 939 904 956 934 913 908 920 935 958 923 976 929 922 911 971 910 924 906 936 985 901 917 968 991 952 925 986 964 974 903 988 938 942 998
251 210 287 227 280 205 278 255 256 222 212 237 203 291 258 266 259 234 253 252 288 286 245 265 274 254 284 289 231 261 238 219 285 235 208 262 223 293 273 270 248 295 283 241 229 236 298 267 209 214 221 272 206 275 299 263 207 230 217 242 228 218 282 216 225 281 200 226 297 244 202 290 246 204 247 277 249 257 250
713 735 756 720 717 771 701 774 711 705 750 751 703 770 779 746 741 762 728 768 722 704 732 712 765 760 776 753 798 787 767 786 782 754 747 702 755 729 799 743 784 721 761 781 709 749 791 715 719 744 736 793 740 718 788 739 752 766 731 769 783 742 723 716 778 792 759 714 772 757 737 724 796 773 790 777 738
665 625 643 626 622 615 649 685 647 651 668 677 620 661 607 680 621 694 634 629 640 658 608 697 681 674 630 683 659 616 636 699 628 675 635 663 646 601 688 638 672 670 698 645 676 605 664 637 654 671 602 650 631 632 666 678 648 609 604 633 693 669 614 662 642 696 691 657 627 679 690 692 641 695 684 682 667 660 655 653
802
954
531 561 563 543 588 549 584 557 540 580 593 511 590 514 544 507 573 585 598 560 578 597 551 550 506 516 542 595 581 504 567 554 571 518 535 534 583 556 564 552 525 541 536 520 530 510 521 512 566 546 519 547 538 596 501 537 508 539 533 505 523 559 577 589 570 575 569 527 509 532 582 574 599 579 594 555 591 529 545 517 586
8
337 361 300 333 321 303 380 312 341 377 336 327 392 306 391 330 322 326 360 318 325 393 368 338 307 369 357 387 349 371 385 314 398 319 370 311 339 309 365 334 366 332 389 353 359 329 362 367 351 386 345 305 340 394 313 388 348 379 342 354 390 350 324 346 323 352 396 317 344 356 378 381 343 372 375 363 364 399 331
994
264
548
17
915
33
708
833
612
801
111
56
932
611
347
421
503
418
355
39
304
151
656
123
689
146
957
384
562
239
515
100
970
619
1
987
710
129
587
180
565
700
268
706
159
726
436
863
764
808
933
745
999
260
240
429
947
397
748
320
107
30
639
308
477
279
613
190
70
122
797
158
215
568
191
53
383
937
951
198
5
707
528
65
78
276
117
41
502
909
522
463
156
233
618
432
45
243
493
19
451
513
789
859
900
730
376
558
400
450
440
876
997
600
335
624
652
121
68
969
328
175
201
945
603
500
130
617
315
623
89
572
526
576
992
220
373
271
727
644
842
118
43
446
358
192
785
758
423
213
928
80
905
673
686
294
733
102
382
606
310
484
687
821
472
780
914
993
269
179
184
725
67
316
374
807
93
496
763
879
524
775
37
963
178
417
199
862
292
553
943
856
795
296
301
794
101
61
811
232
42
592
211
189
153
610
855
881
224
948
481
62
395
302
978
734
975
171