973
63 13 92 90 18 94 58 66 95 14 79 32 20 87 9 23 28 2 27 7 83 91 36 48 72 84 34 77 12 76 35 59 40 88 96 73 49 74 97 57 21 15 0 50 6 25 81 38 98 75 10 26 86 71 82 16 54 85 69 24 44 11 55 60 29 64 3 51 22 46 52 47 99 31 4
154 181 145 161 155 148 144 141 124 177 125 132 114 103 105 160 116 174 162 112 110 139 149 115 140 133 138 143 126 193 173 165 135 134 169 166 137 113 167 150 127 164 152 157 176 147 182 119 183 108 109 136 104 128 168 131 163 197 172 142 196 188 106 185 120 195 186 170 187
455 412 456 413 480 419 491 416 407 478 492 454 498 485 402 468 447 497 424 415 473 433 445 479 464 452 422 401 490 439 448 411 449 467 489 462 476 438 437 410 486 427 428 474 457 442 495 482 466 487 425 434 405 408 494 499 403 431 470 458 406 488 420 461 460 453 443 483 469 465 441 414 459 409 444 435 404 471 475 426 430
813 898 800 887 893 810 809 858 818 827 860 820 895 824 874 814 844 882 835 806 866 865 803 884 828 861 838 885 831 837 896 852 848 872 825 805 851 850 880 847 891 854 878 816 869 867 853 883 845 819 832 899 849 829 804 864 823 840 812 888 843 890 822 870 857 830 875 871 839 841 836 894 826 897 834 815 873 817 886 892 846 868 877 889
920 926 925 976 990 935 919 984 982 949 991 942 956 940 981 907 968 906 985 955 965 917 936 939 962 953 902 980 971 911 986 995 930 916 913 944 967 998 938 950 923 958 931 901 972 934 910 952 983 946 977 996 974 988 908 924 959 927 960 922 904 903 921 912 929 979 961 966 941 918 989 964
247 244 277 262 203 284 250 289 207 290 274 216 299 278 227 252 226 249 218 273 219 270 221 280 229 297 212 235 257 246 253 295 267 237 259 272 256 265 231 281 238 210 275 223 283 202 245 236 287 205 251 293 234 225 206 258 254 209 242 200 298 204 261 255 286 248 228 263 208 285 214 230 217 241 282 222 266 291 288
773 765 762 709 719 714 742 716 778 786 747 768 721 782 739 732 757 715 746 701 792 753 711 703 787 771 735 750 717 702 738 759 722 769 741 755 705 723 743 720 704 767 744 736 740 766 737 783 788 779 760 751 793 761 731 784 777 728 754 712 729 718 798 749 774 770 713 776 772 790 791 752 724 796 781 799 756
643 697 671 641 683 609 630 631 625 681 665 680 608 695 666 684 674 629 659 694 672 628 653 651 621 605 655 637 635 607 668 692 667 601 638 685 690 688 602 678 627 646 670 616 604 660 691 682 675 632 648 645 679 658 620 626 634 654 677 650 661 642 663 657 676 614 633 647 669 696 649 662 664 622 693 636 698 699 615 640
802
954
560 537 506 598 538 593 561 545 579 517 566 516 594 570 554 523 584 532 577 507 552 531 563 575 551 520 508 573 541 544 599 559 535 588 511 504 534 571 586 557 596 527 580 581 555 521 533 597 574 505 529 540 501 550 595 569 583 578 591 525 564 514 542 512 549 530 547 546 539 543 590 582 519 567 556 589 510 536 585 518 509
8
380 326 372 338 366 367 379 385 359 361 360 339 319 311 357 365 394 312 327 350 333 353 393 381 368 371 334 390 354 322 396 378 370 340 391 300 324 318 351 306 323 356 325 337 392 398 317 343 387 336 329 389 331 344 364 330 352 386 342 305 349 332 341 399 346 377 313 345 321 314 363 348 303 309 369 375 307 388 362
994
264
548
17
915
33
708
833
612
801
111
56
932
611
347
421
503
418
355
39
304
151
656
123
689
146
957
384
562
239
515
100
970
619
1
987
710
129
587
180
565
700
268
706
159
726
436
863
764
808
933
745
999
260
240
429
947
397
748
320
107
30
639
308
477
279
613
190
70
122
797
158
215
568
191
53
383
937
951
198
5
707
528
65
78
276
117
41
502
909
522
463
156
233
618
432
45
243
493
19
451
513
789
859
900
730
376
558
400
450
440
876
997
600
335
624
652
121
68
969
328
175
201
945
603
500
130
617
315
623
89
572
526
576
992
220
373
271
727
644
842
118
43
446
358
192
785
758
423
213
928
80
905
673
686
294
733
102
382
606
310
484
687
821
472
780
914
993
269
179
184
725
67
316
374
807
93
496
763
879
524
775
37
963
178
417
199
862
292
553
943
856
795
296
301
794
101
61
811
232
42
592
211
189
153
610
855
881
224
948
481
62
395
302
194
978
734
975
171