973
96 35 23 97 14 36 46 49 6 4 60 3 25 28 52 0 51 40 59 88 26 82 18 44 99 95 73 31 74 9 86 11 75 57 98 83 85 24 48 76 47 90 22 15 13 7 58 72 55 12 77 87 71 91 27 34 16 2 69 81 10 32 63 79 92 66 20 64 21 54 38 94 50 84 29
176 144 109 197 147 188 155 131 193 183 187 139 138 164 108 143 173 137 185 116 154 104 181 157 113 105 162 145 195 160 148 115 140 114 169 163 150 106 110 112 161 103 136 152 196 168 167 186 120 166 124 133 149 141 172 125 170 142 134 127 182 132 128 165 119 126 177 174 135
486 404 497 407 448 425 403 412 487 427 445 426 449 498 454 408 469 499 443 459 456 464 442 415 409 460 480 494 401 479 428 474 490 434 457 441 430 435 495 462 466 431 489 438 492 478 452 488 413 476 491 485 416 471 483 455 437 467 444 422 402 458 468 405 475 411 439 424 406 453 461 420 470 482 473 465 433 410 419 447 414
867 809 898 853 806 843 819 882 864 884 804 854 839 850 875 830 835 885 896 818 847 861 852 865 816 838 837 897 814 899 877 891 874 848 846 813 872 887 857 866 873 894 892 869 870 851 886 823 889 828 824 805 803 895 840 820 871 817 890 822 812 825 810 831 827 878 883 834 829 800 868 880 836 845 860 858 841 893 844 888 832 849 815 826
944 949 991 918 931 959 934 903 923 927 998 960 929 965 961 930 981 971 980 990 921 910 953 917 995 940 989 926 988 982 908 962 938 919 939 979 906 952 968 956 920 941 955 974 950 977 922 964 911 925 901 967 983 996 912 904 985 924 966 936 942 935 976 946 907 916 913 986 972 984 902 958
255 206 256 231 219 273 298 221 200 207 210 212 225 217 286 247 230 289 272 237 228 293 216 281 278 252 209 288 235 266 261 236 214 246 297 204 238 275 227 249 290 226 229 218 274 245 241 250 253 282 270 222 254 203 280 242 287 263 267 251 202 284 265 259 208 234 295 291 299 285 262 258 205 223 244 248 277 283 257
735 714 793 715 779 731 721 718 799 771 756 717 759 792 750 716 777 754 798 782 781 768 766 776 761 701 784 760 743 774 752 755 724 769 741 737 772 786 732 719 773 739 703 711 713 704 751 753 747 723 762 767 746 757 778 729 736 788 787 709 783 728 705 749 744 770 791 702 738 712 740 742 796 790 720 722 765
675 621 695 640 622 671 629 653 641 660 693 616 672 699 677 697 661 637 682 678 679 684 674 607 657 609 663 601 642 620 628 647 626 676 655 625 636 638 669 685 688 668 681 602 692 643 650 634 615 632 635 651 649 667 694 666 648 614 665 631 664 659 696 627 608 605 645 658 691 683 604 670 680 662 633 698 646 630 654
802
954
595 547 510 530 512 535 509 531 573 561 546 574 538 516 552 537 543 529 578 504 539 549 551 577 540 559 557 593 521 591 581 569 570 555 520 567 507 501 534 582 583 580 532 506 545 556 566 541 511 536 575 527 589 514 579 598 590 505 554 518 596 525 560 586 533 564 542 508 519 585 550 594 544 517 599 584 597 571 523 588 563
8
300 390 317 362 303 319 323 381 366 332 368 350 309 371 354 345 327 346 353 325 344 386 370 318 352 340 387 377 307 311 379 339 375 349 305 363 356 326 306 399 380 361 331 336 365 333 341 359 392 394 398 391 330 338 385 393 342 312 360 343 351 314 313 321 364 378 367 388 322 389 324 396 337 334 348 369 329 372 357
994
264
548
17
915
33
708
833
612
801
111
56
932
611
347
421
503
418
355
39
304
151
656
123
689
146
957
384
562
239
515
100
970
619
1
987
710
129
587
180
565
700
268
706
159
726
436
863
764
808
933
745
999
260
240
429
947
397
748
320
107
30
639
308
477
279
613
190
70
122
797
158
215
568
191
53
383
937
951
198
5
707
528
65
78
690
276
117
41
502
909
522
463
156
233
618
432
45
243
493
19
451
513
789
859
900
730
376
558
400
450
440
876
997
600
335
624
652
121
68
969
328
175
201
945
603
500
130
617
315
623
89
572
526
576
992
220
373
271
727
644
842
118
43
446
358
192
785
758
423
213
928
80
905
673
686
294
733
102
382
606
310
484
687
821
472
780
914
993
269
179
184
725
67
316
374
807
93
496
763
879
524
775
37
963
178
417
199
862
292
553
943
856
795
296
301
794
101
61
811
232
42
592
211
189
153
610
855
881
224
948
481
62
395
302
194
978
734
975
171