973
91 46 22 72 29 14 13 32 57 36 96 3 6 28 7 38 31 92 86 99 69 44 23 54 76 63 95 26 84 20 0 16 9 66 94 27 60 90 48 79 85 51 64 81 24 2 83 50 21 15 55 97 34 4 74 75 18 59 82 52 40 77 71 10 58 98 12 87 35 88 47 49 73 11 25
135 161 126 106 157 165 114 136 197 148 166 162 145 105 195 193 170 112 143 139 137 173 155 125 187 147 186 177 138 104 115 109 142 127 160 167 169 132 185 133 108 144 110 196 181 154 119 116 128 131 120 152 149 183 140 176 164 150 134 113 182 141 124 168 172 163 188 103 174
490 469 430 407 434 409 459 427 444 416 441 435 461 466 405 415 443 455 494 431 406 433 462 412 458 408 476 486 452 449 482 442 464 402 497 491 498 422 414 485 439 454 401 468 437 403 473 475 499 424 483 420 489 465 448 467 492 419 404 478 425 426 428 413 480 460 411 474 457 438 488 447 453 410 487 456 470 495 471 479 445
838 840 889 854 873 896 869 836 843 857 849 858 894 826 877 822 851 814 892 871 816 804 848 898 830 870 875 817 829 853 835 885 832 867 828 888 824 845 895 841 806 813 812 860 865 846 887 820 825 823 872 815 897 805 850 827 818 831 834 866 809 810 883 899 874 880 837 861 882 844 800 864 893 891 819 852 847 890 868 878 884 886 839 803
958 917 923 967 974 968 903 990 918 971 991 972 995 979 960 902 920 985 926 946 956 989 919 916 912 959 988 955 929 922 910 930 952 950 934 924 938 942 953 961 949 944 906 964 977 921 939 925 984 996 983 980 935 940 908 931 982 986 936 907 966 965 927 981 904 962 913 941 901 911 976 998
230 236 274 288 205 259 262 242 222 291 247 293 225 277 254 234 248 200 273 255 229 238 214 241 283 297 244 298 284 237 299 206 270 289 228 252 226 282 216 253 295 227 203 256 219 221 265 280 246 250 261 212 202 281 267 217 204 278 218 207 257 258 287 266 245 249 231 209 263 235 272 275 285 223 210 251 290 286 208
740 744 747 724 773 749 798 742 771 704 718 739 703 717 709 760 728 790 723 778 786 793 783 787 705 759 715 765 731 767 791 712 762 719 784 757 743 750 732 738 752 711 753 713 796 777 768 729 735 722 788 781 701 746 799 702 761 716 776 720 736 751 792 756 754 770 779 769 721 714 774 741 755 772 766 782
671 616 608 678 670 636 626 620 661 641 674 634 660 691 698 697 672 668 655 677 682 647 681 663 628 653 659 699 629 609 607 625 605 622 633 650 669 645 679 638 643 683 649 640 651 684 648 692 658 627 685 621 680 688 676 601 657 654 695 635 642 632 646 664 662 630 614 696 602 666 615 631 667 675 604 665 637 693 694
802
954
519 546 556 574 504 521 577 527 509 512 573 579 507 516 510 511 564 525 580 570 595 520 537 596 514 578 533 534 563 505 544 597 599 529 542 594 532 586 523 591 539 550 545 589 559 569 549 508 590 582 501 593 506 571 598 535 536 581 575 554 518 538 557 547 540 551 561 567 584 541 531 555 530 517 543 583 588 566 585 560 552
8
352 314 339 311 317 346 377 360 350 362 340 398 389 390 379 330 322 392 337 338 303 371 396 381 300 327 319 364 386 378 367 318 399 388 365 393 368 351 369 385 370 325 353 329 309 394 344 375 363 305 321 345 359 357 334 343 313 387 306 349 366 326 341 342 323 312 333 331 380 332 348 336 391 307 324 372 354 361 356
994
264
548
17
915
33
708
833
612
801
111
56
932
611
347
421
503
418
355
39
304
151
656
123
689
146
957
384
562
239
515
100
970
619
1
987
710
129
587
180
565
700
268
706
159
726
436
863
764
808
933
745
999
260
240
429
947
397
748
320
107
30
639
308
477
279
613
190
70
122
797
158
215
568
191
53
383
937
737
951
198
5
707
528
65
78
690
276
117
41
502
909
522
463
156
233
618
432
45
243
493
19
451
513
789
859
900
730
376
558
400
450
440
876
997
600
335
624
652
121
68
969
328
175
201
945
603
500
130
617
315
623
89
572
526
576
992
220
373
271
727
644
842
118
43
446
358
192
785
758
423
213
928
80
905
673
686
294
733
102
382
606
310
484
687
821
472
780
914
993
269
179
184
725
67
316
374
807
93
496
763
879
524
775
37
963
178
417
199
862
292
553
943
856
795
296
301
794
101
61
811
232
42
592
211
189
153
610
855
881
224
948
481
62
395
302
194
978
734
975
171