973
98 64 75 25 55 3 91 14 97 50 79 13 57 48 69 77 29 16 38 99 92 85 10 59 0 4 63 21 6 90 27 23 22 18 40 71 66 88 35 7 81 32 74 51 87 73 2 15 31 82 49 76 34 44 20 96 54 60 47 86 72 26 9 36 11 46 12 58 52 28 83 95 84 24 94
167 161 162 174 132 142 154 177 152 147 185 143 196 104 195 106 138 133 120 181 112 125 165 187 173 108 193 168 126 157 128 169 166 176 134 136 137 149 197 103 113 182 127 145 109 164 135 188 183 115 170 155 160 186 124 110 119 114 163 105 140 131 172 116 150 144 139 141 148
488 415 411 464 482 470 435 420 492 438 414 428 422 434 497 433 457 430 452 405 469 456 498 437 431 489 458 487 407 468 479 467 441 424 408 412 474 475 462 445 404 486 478 476 410 460 413 442 466 449 427 480 490 455 448 495 453 439 406 471 494 465 459 419 402 409 444 461 499 454 447 443 401 483 473 425 403 426 485 491 416
850 893 870 844 840 809 867 854 832 888 805 812 831 884 892 897 874 866 885 860 872 899 818 898 819 896 835 834 841 829 873 847 857 886 865 890 816 815 826 806 883 853 864 848 810 830 813 817 889 869 849 846 836 838 880 887 851 825 804 882 852 822 800 845 875 871 803 868 895 823 820 814 843 827 828 839 878 858 837 877 894 861 824 891
912 921 961 939 916 968 911 958 920 982 998 904 979 977 986 919 902 991 906 995 953 989 985 983 925 990 950 918 971 924 935 926 927 931 974 962 908 938 913 929 996 941 934 903 901 981 946 944 966 910 923 960 917 922 949 988 955 907 959 952 967 976 942 964 965 972 956 936 984 930 980 940
242 248 272 216 209 275 256 265 226 228 285 290 253 204 255 249 297 280 241 212 286 289 219 261 231 251 205 293 257 237 299 283 234 245 223 250 225 288 246 217 229 252 207 295 277 291 262 273 203 254 282 258 274 238 214 222 259 218 210 202 244 230 221 208 266 284 235 281 270 206 298 200 227 278 236 267 247 287 263
752 778 718 712 714 744 701 761 746 739 774 751 796 798 724 768 722 711 740 759 799 715 779 788 702 755 766 732 760 728 742 783 765 772 792 703 735 716 723 787 709 786 782 753 781 771 754 736 713 770 776 749 791 762 793 741 731 747 721 719 717 720 769 757 704 729 705 738 767 784 743 750 773 756 790 777
631 616 641 630 665 621 629 688 651 633 694 693 664 678 696 692 605 627 635 638 608 632 649 677 670 628 658 607 614 648 682 662 604 643 601 675 679 672 615 625 657 671 620 645 647 684 691 609 634 642 683 650 699 668 646 685 695 640 653 626 655 698 622 674 636 669 666 654 660 681 676 661 697 659 667 680 637 663
802
954
527 596 511 554 518 532 517 588 585 514 543 537 575 598 505 509 519 533 595 508 550 589 577 516 521 529 520 534 569 584 559 573 561 580 552 583 560 512 555 506 541 563 501 538 594 557 542 566 597 581 545 504 531 551 582 564 567 571 507 549 578 523 547 539 586 530 510 574 590 593 535 544 556 599 525 540 591 546 570 579 536
8
369 390 393 343 319 332 359 323 380 327 391 361 362 392 398 378 363 367 365 351 317 334 348 389 372 387 329 331 312 364 338 386 352 342 305 303 371 385 381 399 307 313 346 318 340 326 336 324 333 357 388 325 309 394 345 379 344 337 349 314 330 322 321 339 350 370 341 356 306 396 366 375 311 353 368 360 300 354 377
994
264
548
17
915
33
708
833
612
801
111
56
932
611
347
421
503
418
355
39
304
151
656
123
689
146
957
384
562
239
515
100
970
619
1
987
710
129
587
180
565
700
268
706
159
726
436
863
764
808
933
745
999
260
240
429
947
397
748
320
107
30
639
308
477
279
613
602
190
70
122
797
158
215
568
191
53
383
937
737
951
198
5
707
528
65
78
690
276
117
41
502
909
522
463
156
233
618
432
45
243
493
19
451
513
789
859
900
730
376
558
400
450
440
876
997
600
335
624
652
121
68
969
328
175
201
945
603
500
130
617
315
623
89
572
526
576
992
220
373
271
727
644
842
118
43
446
358
192
785
758
423
213
928
80
905
673
686
294
733
102
382
606
310
484
687
821
472
780
914
993
269
179
184
725
67
316
374
807
93
496
763
879
524
775
37
963
178
417
199
862
292
553
943
856
795
296
301
794
101
61
811
232
42
592
211
189
153
610
855
881
224
948
481
62
395
302
194
978
734
975
171