973
97 57 86 31 3 82 98 64 12 40 2 34 48 60 9 29 26 27 95 44 10 0 6 52 36 96 74 63 51 18 21 58 49 28 79 15 90 91 14 87 77 71 24 47 69 76 84 22 85 20 35 83 25 16 92 73 38 50 72 94 59 13 66 23 81 4 46 88 32 11 54 99 7 75 55
162 147 132 150 182 120 185 169 127 195 152 172 148 197 173 142 143 105 133 167 161 174 103 110 140 160 119 128 196 165 157 131 138 113 168 164 106 166 176 186 149 177 124 136 193 135 141 134 155 188 187 112 104 126 116 154 163 181 109 114 139 144 170 125 108 183 115 137 145
483 470 406 479 419 462 407 403 442 454 478 444 435 424 428 498 455 494 476 434 408 405 491 487 411 474 413 449 480 460 402 497 471 439 438 425 473 445 490 415 468 465 433 430 457 461 499 441 469 492 401 486 404 412 447 489 426 427 452 475 488 443 416 437 482 453 409 464 466 431 485 459 467 410 458 448 420 414 422 495 456
892 864 887 882 869 805 877 815 888 873 845 806 823 849 827 851 853 865 846 820 857 831 854 893 814 899 891 860 878 837 824 897 803 813 835 867 872 895 847 826 839 858 830 886 810 850 840 817 844 868 880 875 885 812 874 894 819 828 809 852 800 816 848 838 889 898 834 866 871 890 804 825 841 884 829 870 861 843 818 896 883 836 822 832
980 984 935 961 962 995 913 918 930 904 958 967 998 944 922 966 955 991 959 972 990 964 925 952 942 906 965 982 929 924 934 901 902 986 917 920 941 908 931 979 919 907 912 926 923 950 956 960 977 916 936 974 946 921 971 939 981 996 983 927 903 911 985 910 976 949 940 989 968 953 988 938
231 234 203 238 289 254 255 207 284 221 225 266 235 208 298 244 258 272 290 256 285 288 236 291 227 262 278 299 274 226 280 251 204 245 259 257 241 205 286 283 295 206 214 252 228 261 270 202 249 248 277 246 293 273 267 263 230 282 217 242 265 209 229 200 250 216 219 253 287 281 247 275 212 222 218 223 297 210 237
768 716 762 759 793 703 742 792 749 754 774 799 705 767 776 765 750 714 770 728 712 740 732 779 784 798 729 777 723 741 772 766 715 796 761 720 717 782 713 746 704 744 722 738 757 791 735 787 724 786 790 778 747 701 718 702 709 781 736 755 719 739 743 773 760 788 769 731 756 751 753 771 721 711 783 752
679 641 659 643 658 672 650 648 631 680 607 630 698 608 660 675 678 661 628 683 636 625 657 667 649 622 674 665 629 677 615 627 640 633 693 669 682 632 655 663 646 699 651 664 635 601 637 638 684 614 696 662 604 697 605 681 654 695 670 621 671 616 626 685 694 688 676 666 645 692 647 668 642 620 634 653 691
802
954
538 596 589 519 508 535 527 523 560 546 574 584 573 543 554 549 530 578 597 511 585 561 541 581 564 590 507 540 582 552 518 517 569 580 539 512 544 563 577 547 514 533 557 556 510 559 595 506 588 566 545 571 575 593 537 551 521 520 534 586 504 501 550 525 542 591 531 598 579 570 555 599 529 516 594 505 532 536 509 583 567
8
399 349 371 332 314 354 356 319 359 391 311 329 365 305 368 360 306 345 312 363 309 338 340 364 385 339 321 398 389 313 300 381 336 350 303 392 333 351 387 390 352 366 331 342 370 362 317 337 375 323 388 394 346 326 327 393 380 361 369 322 353 348 330 334 341 307 324 325 357 377 386 344 379 367 318 372 396 378 343
994
264
548
17
915
33
708
833
612
801
111
56
932
611
347
421
503
418
355
39
304
151
656
123
689
146
957
384
562
239
515
100
970
619
1
987
710
129
587
180
565
700
268
706
159
726
436
863
764
808
933
745
999
260
240
429
947
397
609
748
320
107
30
639
308
477
279
613
602
190
70
122
797
158
215
568
191
53
383
937
737
951
198
5
707
528
65
78
690
276
117
41
502
909
522
463
156
233
618
432
45
243
493
19
451
513
789
859
900
730
376
558
400
450
440
876
997
600
335
624
652
121
68
969
328
175
201
945
603
500
130
617
315
623
89
572
526
576
992
220
373
271
727
644
842
118
43
446
358
192
785
758
423
213
928
80
905
673
686
294
733
102
382
606
310
484
687
821
472
780
914
993
269
179
184
725
67
316
374
807
93
496
763
879
524
775
37
963
178
417
199
862
292
553
943
856
795
296
301
794
101
61
811
232
42
592
211
189
153
610
855
881
224
948
481
62
395
302
194
978
734
975
171