973
38 46 31 3 85 79 84 35 81 20 71 98 64 13 11 57 10 49 74 28 27 94 87 83 15 9 69 44 18 40 58 82 66 32 14 77 97 12 0 52 76 6 91 55 59 95 96 48 88 90 4 50 47 16 7 25 63 24 34 92 36 29 23 2 51 86 54 22 60 72 73 21 75 26 99
160 169 147 152 119 181 135 168 103 173 172 104 166 163 150 140 142 196 148 141 125 124 182 136 137 110 176 185 186 109 161 132 139 112 106 105 197 143 193 133 113 162 128 134 131 188 116 108 144 195 114 164 167 127 157 187 138 177 126 183 155 165 115 154 120 174 145 149
411 404 460 401 470 407 412 439 431 492 498 444 437 456 490 467 403 468 461 408 499 409 486 441 424 420 495 482 434 425 459 410 430 478 474 455 438 483 489 491 471 466 414 480 465 488 473 445 402 422 427 405 435 428 457 449 433 406 442 494 426 475 454 469 416 448 476 447 453 458 479 415 497 452 464 485 487 413 462 443 419
815 851 898 823 831 865 892 873 813 896 852 893 836 812 895 832 816 890 878 888 860 853 883 819 899 894 809 886 874 848 824 837 805 880 884 857 829 844 870 858 814 872 828 866 800 838 847 885 835 826 839 854 840 869 850 834 887 867 849 803 806 875 820 891 877 804 825 817 861 882 818 830 897 845 871 889 864 843 810 841 827 868 846 822
903 906 962 958 907 916 950 989 981 927 955 988 946 961 964 990 979 996 908 918 952 942 982 930 949 953 944 925 922 934 940 901 941 984 929 920 921 917 960 972 939 998 966 968 919 924 910 923 956 986 936 977 935 967 985 913 904 902 959 974 971 965 911 995 980 938 976 991 983 931 926 912
297 221 212 244 278 295 217 266 290 207 272 245 210 255 293 288 275 208 283 257 265 238 241 235 216 249 230 237 223 287 250 231 246 236 261 281 206 277 222 273 263 229 200 252 267 254 247 282 225 242 226 258 286 285 280 203 256 259 219 228 251 299 270 284 289 234 262 202 209 253 218 274 227 204 248 205 291 298 214
761 705 716 746 736 765 740 782 792 713 773 731 704 702 724 735 717 739 788 747 741 771 728 784 757 783 799 729 749 776 786 738 723 798 779 754 774 768 742 760 790 772 766 744 796 793 714 753 770 769 759 756 743 703 791 767 719 732 755 721 718 787 751 762 712 715 722 709 701 711 781 778 752 777 750 720
616 679 668 655 620 674 650 649 622 615 637 636 676 627 638 625 634 665 604 682 645 626 607 661 659 671 693 667 653 605 646 632 680 681 654 698 675 663 614 642 669 672 670 660 657 629 683 628 643 630 633 621 688 651 608 635 684 631 691 601 697 678 664 695 648 647 699 692 694 662 677 658 685 696 641 640 666
802
954
545 509 541 538 516 555 580 518 531 583 569 517 599 570 543 595 588 533 581 567 596 542 525 549 591 506 544 561 594 566 578 585 537 540 546 574 554 598 590 584 559 556 535 504 551 575 593 564 577 507 520 511 501 597 523 571 589 534 552 530 539 514 586 508 563 579 550 527 560 529 532 557 573 582 510 512 536 505 521 547 519
8
387 356 388 314 366 393 377 300 349 303 342 367 371 354 321 318 360 362 344 337 370 359 375 332 361 336 307 350 386 396 306 330 381 369 352 364 312 372 325 311 339 313 322 329 390 380 368 341 305 323 345 309 326 399 351 333 334 324 379 398 346 391 385 365 348 378 357 340 363 331 319 394 353 389 317 327 343 338 392
994
264
548
17
915
33
708
833
612
801
111
56
932
611
347
421
503
418
355
39
304
151
656
123
689
146
957
384
562
239
515
100
970
619
1
987
710
129
587
180
565
700
268
706
159
726
436
863
764
808
933
745
999
260
240
429
947
397
609
748
320
107
30
639
308
477
279
613
602
190
70
122
797
158
215
568
191
53
383
937
737
951
198
5
707
528
65
78
690
276
117
41
502
909
522
463
156
233
618
432
45
243
493
19
451
513
789
859
900
730
376
558
400
450
440
876
997
600
335
624
652
121
68
969
328
175
201
945
603
170
500
130
617
315
623
89
572
526
576
992
220
373
271
727
644
842
118
43
446
358
192
785
758
423
213
928
80
905
673
686
294
733
102
382
606
310
484
687
821
472
780
914
993
269
179
184
725
67
316
374
807
93
496
763
879
524
775
37
963
178
417
199
862
292
553
943
856
795
296
301
794
101
61
811
232
42
592
211
189
153
610
855
881
224
948
481
62
395
302
194
978
734
975
171