973
51 69 13 82 12 29 14 20 87 9 54 73 3 47 23 40 72 36 0 2 38 76 11 18 94 98 57 10 75 28 4 96 91 48 25 92 50 24 32 60 58 52 77 79 34 86 55 6 59 83 7 81 97 44 22 35 26 84 95 21 46 74 99 16 27 71 15 31 66 64 85 49 90 63 88
186 127 196 164 134 155 173 168 125 152 182 193 140 150 162 183 105 113 128 185 119 137 176 154 131 195 132 103 188 147 144 120 143 197 166 116 141 149 145 148 165 139 142 157 124 112 108 163 133 169 109 136 135 138 160 187 114 174 115 177 110 126 181 106 161 167 172 104
479 407 452 497 460 486 485 455 470 488 427 465 403 499 424 475 487 402 491 438 478 431 458 468 471 412 420 457 434 433 454 411 459 464 410 415 474 482 490 443 442 409 453 441 492 495 428 467 445 408 483 469 422 444 480 448 401 476 404 416 426 447 494 435 439 406 413 425 405 462 430 419 473 498 456 414 489 466 449 461 437
873 838 829 814 825 868 804 845 849 827 812 819 817 860 866 809 847 844 813 840 832 816 893 867 889 843 828 880 822 897 824 852 835 851 865 870 878 892 805 891 890 837 823 836 869 803 848 884 895 834 885 898 853 875 888 894 810 826 850 831 839 800 815 830 883 841 818 820 846 806 861 887 871 858 857 854 886 864 882 899 872 896 877 874
926 991 923 903 958 964 904 983 971 913 912 906 921 998 981 911 940 934 979 985 922 930 936 917 955 982 920 929 938 968 927 916 902 910 967 972 907 995 919 924 990 925 935 988 961 966 949 942 939 950 946 965 953 962 986 941 918 901 908 996 976 980 974 931 959 977 956 952 944 984 960 989
272 250 252 297 248 238 280 231 245 214 247 226 242 283 258 249 253 281 219 216 295 205 290 209 236 225 293 230 204 287 207 262 259 286 277 263 217 288 273 275 256 267 223 255 266 274 229 210 200 282 251 291 206 228 261 278 218 289 299 202 234 284 265 237 270 298 246 208 222 227 212 257 203 244 285 221 241 254 235
701 778 773 739 724 735 719 787 756 729 721 766 709 783 774 781 798 717 747 791 713 759 704 705 741 736 779 757 753 723 718 742 777 772 720 786 767 771 731 782 740 744 749 714 776 702 761 792 762 746 770 716 769 793 732 703 715 750 711 765 752 799 751 768 728 722 712 754 784 796 760 788 738 790 743 755
628 658 655 699 664 607 621 638 650 625 641 657 637 635 605 640 646 627 698 643 630 659 626 676 616 660 670 622 636 675 692 697 620 604 634 632 663 672 679 693 674 685 678 662 608 667 666 691 645 642 684 601 647 683 682 648 665 614 654 677 671 629 631 695 653 688 615 681 668 649 661 680 651 669 694 696 633
802
954
574 595 520 581 527 583 569 501 549 536 507 539 585 551 535 550 593 538 547 582 557 517 546 530 586 537 589 596 579 570 506 597 542 540 516 519 518 508 560 563 564 545 577 594 514 532 525 573 598 556 529 555 566 509 505 578 533 588 512 571 504 521 584 543 554 531 575 559 544 599 534 511 580 552 523 591 567 541 590 510
8
300 361 327 356 360 393 371 345 318 342 352 372 389 368 317 338 377 348 367 324 381 364 388 323 336 319 346 337 366 351 378 341 386 343 370 311 306 333 387 339 321 325 375 369 385 350 353 303 354 394 330 326 362 344 313 334 314 363 331 340 390 365 305 398 380 359 329 399 309 379 391 322 349 332 357 396 307 312 392
994
264
548
17
915
33
708
833
612
801
111
56
932
611
347
421
503
418
355
39
304
151
656
123
689
146
957
384
562
239
515
100
970
619
1
987
710
129
587
180
565
700
268
706
159
726
436
863
764
808
933
745
999
260
240
429
947
397
609
748
320
107
30
639
308
477
279
613
602
190
70
122
797
158
215
568
191
53
383
937
737
951
198
5
707
528
65
78
690
276
117
41
502
909
522
463
156
233
618
432
45
243
493
19
451
513
789
859
900
730
376
558
400
450
440
876
997
600
335
624
652
121
68
969
328
175
201
945
603
170
500
130
617
315
623
89
572
526
576
992
220
373
271
727
644
842
118
43
446
358
192
785
758
423
213
928
80
905
673
686
294
733
102
382
606
310
484
561
687
821
472
780
914
993
269
179
184
725
67
316
374
807
93
496
763
879
524
775
37
963
178
417
199
862
292
553
943
856
795
296
301
794
101
61
811
232
42
592
211
189
153
610
855
881
224
948
481
62
395
302
194
978
734
975
171