993 960 996 912 943 969 901 908 911 945 930 940 925 976 997 979 942 906 952 951 989 986 932 958 941 935 961 971 937 931 944 939 913 957 981 992 988 905 994 974 910 968 928 909 933 949 915 927 947 954 926 923 959 956 973 903 999 977 917 904 916 985 967 964 966 946 955 965 998 991 980 918 936 929 978 938 924 982 902 914 922 983 950 934 970 921 972 948 987 975 907 920 990 953 995 962 984 919 963
30 89 4 58 53 23 61 32 77 74 17 96 40 91 95 38 98 51 22 97 52 6 64 45 33 34 19 62 57 11 94 81 56 8 29 43 86 20 5 44 71 76 37 42 12 16 88 68 2 13 26 25 73 47 60 18 36 65 46 59 28 93 67 39 82 54 50 48 75 69 24 14 92 90 9 83 66 0 79 15 49 63 10 7 31 99 80 21 70 84 3 85 41 27 35 72 87 55 78
139 164 153 132 166 119 184 154 199 124 103 137 190 130 191 198 105 189 175 161 142 100 197 160 171 162 112 118 155 141 188 102 169 163 149 123 173 131 111 120 178 106 168 174 134 183 182 128 187 177 135 195 170 181 158 185 145 147 156 193 114 186 107 179 115 138 110 144 150 116 167 176 129 133 140 125 180 192 121 122 108 104 148 117 152 146 194 109 157 127 172 165 196 136 159 143 113 126
482 486 442 438 425 476 456 480 448 408 479 455 488 407 498 481 436 403 441 460 452 440 457 423 450 421 470 473 491 484 453 429 477 420 467 405 418 414 490 413 469 419 461 410 496 459 499 435 416 485 478 433 493 437 406 434 497 483 443 415 411 432 431 464 445 489 487 465 428 424 430 426 444 458 447 422 492 449 401 466 462 495 427 494 412 472 468 402 439 463 451 446 404 475 474 471 417 454 409
857 869 888 863 831 883 848 872 870 866 811 827 840 816 874 822 833 898 843 842 896 818 875 894 836 800 877 884 864 897 887 850 892 807 855 821 838 808 845 809 826 823 856 860 885 865 867 819 834 882 830 899 814 804 813 841 825 824 802 815 803 847 858 853 859 835 878 891 846 820 876 881 862 861 828 817 852 893 832 868 854 851 805 880 806 895 871 849 829 879 810 890 844 889 812 886 839 873 837
237 234 292 277 258 293 286 221 202 208 212 207 228 260 255 213 266 296 210 259 262 241 245 252 230 253 273 283 261 222 209 242 236 246 291 263 278 268 250 247 225 274 290 243 229 205 272 287 244 217 223 200 281 288 215 206 235 233 211 285 265 269 279 238 232 267 216 280 282 251 219 295 214 227 220 275 264 248 270 239 297 298 294 299 254 276 231 271 218 240 224 284 289 256 226 249 204 203 257
767 738 723 775 718 725 720 703 721 728 774 709 754 794 746 719 733 787 735 779 702 765 788 749 715 731 742 760 736 758 732 769 726 798 741 708 766 799 759 784 780 745 730 771 744 791 737 714 753 743 793 796 776 704 729 748 740 792 773 764 790 795 706 717 786 710 755 734 711 781 713 757 789 750 752 756 716 777 751 739 768 701 763 707 770 783 772 797 712 785 747 722 778 762 782 705 724 761
689 606 626 618 623 697 620 612 643 686 602 607 653 608 682 694 659 660 605 664 679 696 633 610 688 611 667 635 666 601 631 657 684 652 647 680 636 646 692 640 651 673 663 615 649 639 690 661 691 699 674 609 603 662 630 641 632 668 672 604 622 648 621 681 614 642 698 670 687 645 655 685 658 634 628 613 644 624 678 625 656 683 676 650 695 693 654 616 637 627 665 677 629 638 617 671 619 669 675
507 541 579 515 512 501 503 554 518 599 527 589 560 553 562 582 547 556 513 539 596 538 597 588 542 540 514 505 537 529 595 565 551 508 510 578 511 535 568 545 573 526 598 592 504 509 546 583 552 506 548 536 520 581 532 594 561 571 523 558 563 519 534 577 516 550 566 587 502 593 521 586 580 576 564 549 584 543 531 557 530 591 533 528 569 570 575 585 524 522 525 559 555 574 517 567 590 544
319 344 308 376 387 310 367 313 355 393 356 354 350 378 386 341 352 364 302 379 377 324 359 374 315 337 372 349 357 346 312 318 331 322 327 399 368 392 317 316 369 332 397 385 339 370 388 325 375 361 309 371 394 311 342 314 382 383 345 362 328 320 358 380 365 307 306 300 334 373 329 340 395 303 326 360 381 347 304 389 390 305 366 391 384 396 336 343 321 353 398 323 333 351 335 338 330 363 348
801
151
1
700
900
400
600
201
500
572
727
301
101