973
99 71 2 82 59 95 86 7 98 24 16 76 94 75 50 52 40 81 27 12 74 47 26 9 22 92 31 25 21 85 72 44 35 36 55 49 87 51 90 57 77 60 20 79 64 18 63 11 29 73 13 54 46 48 15 3 14 38 84 97 4 28 6 10 96 88 0 23 83 69 32 91 58 66
125 168 149 113 134 160 141 116 136 145 193 169 186 157 143 172 142 162 155 185 103 182 120 176 110 183 154 161 144 126 106 124 139 128 164 115 152 133 147 148 127 167 114 135 181 105 196 163 188 150 137 187 132 174 119 104 138 112 108 197 173 195 166 109 140 177 131 165
448 471 458 449 420 495 453 486 492 444 475 491 439 408 470 447 419 461 442 489 478 430 490 424 483 485 434 410 404 460 437 428 405 441 457 414 403 431 466 480 464 422 497 465 454 474 415 427 459 482 469 411 426 433 435 468 479 413 416 407 401 406 487 473 443 412 425 494 438 402 476 499 467 488 409 498 455 462 452 445 456
850 838 851 875 864 894 889 887 834 861 867 893 816 883 873 836 827 891 825 814 847 877 819 846 897 806 854 805 885 896 898 832 888 829 839 824 857 835 882 852 872 803 858 826 809 817 837 895 818 886 841 830 849 878 865 848 870 860 823 815 843 880 899 813 810 840 871 868 866 812 845 884 831 822 828 820 800 869 844 804 853 874 892 890
936 935 996 982 904 930 989 976 964 965 949 903 979 960 944 946 968 950 988 959 953 923 911 972 908 974 958 940 925 983 929 962 916 991 913 971 926 998 934 910 941 912 921 924 920 901 977 922 919 918 980 927 984 902 956 955 995 986 966 907 931 942 985 917 939 967 961 990 981 906 952 938
266 225 280 290 203 247 216 221 283 257 219 202 207 298 223 249 285 245 256 295 252 286 236 242 275 235 244 222 254 204 263 272 299 262 291 277 210 255 281 214 205 230 241 209 227 259 293 234 282 273 238 237 246 229 270 217 278 218 265 251 297 267 274 208 206 288 228 226 250 258 253 261 287 284 200 231 289 212
750 746 768 704 759 729 772 751 786 784 714 715 762 776 769 739 724 721 712 787 788 798 777 770 719 716 736 774 755 799 740 717 781 771 767 709 723 711 783 743 703 747 778 792 742 790 720 765 766 702 722 732 718 796 701 757 728 791 705 741 752 761 753 735 760 749 713 773 779 782 754 793 738 744 731 756
614 660 653 675 638 698 661 634 627 632 622 674 669 695 693 676 626 601 642 664 607 604 616 670 671 659 643 645 637 682 696 640 678 699 621 631 688 681 685 684 608 635 649 677 605 647 683 654 648 679 667 655 641 692 662 629 672 691 615 651 625 665 666 668 697 663 694 636 620 657 646 633 630 650 658 680 628
802
954
557 555 594 573 532 596 535 509 578 588 590 551 564 556 533 583 570 512 545 574 589 577 599 539 523 593 525 520 519 575 518 549 511 563 585 597 569 571 591 560 547 580 507 505 579 501 540 529 550 567 521 586 504 508 510 598 595 543 517 536 582 534 584 541 552 514 516 527 537 542 531 530 559 581 506 554 544 546 566 538
8
394 381 398 380 351 300 319 332 342 329 364 390 350 396 314 375 368 348 386 331 379 388 340 334 322 377 366 357 343 307 339 362 330 321 370 369 393 333 385 356 311 323 346 345 336 389 305 327 344 309 317 349 365 324 361 326 313 353 337 363 360 392 325 306 318 341 338 359 354 391 378 367 303 372 312 371 399 352 387
994
264
548
17
915
33
708
833
612
801
111
56
932
611
347
421
503
418
355
39
304
151
656
123
689
146
957
384
562
239
515
100
970
248
619
1
987
710
129
587
180
565
700
268
706
159
726
436
863
764
808
933
745
999
260
240
429
947
397
609
748
320
107
30
639
308
477
279
613
602
190
70
122
797
34
158
215
568
191
53
383
937
737
951
198
5
707
528
65
78
690
276
117
41
502
909
522
463
156
233
618
432
45
243
493
19
451
513
789
859
900
730
376
558
400
450
440
876
997
600
335
624
652
121
68
969
328
175
201
945
603
170
500
130
617
315
623
89
572
526
576
992
220
373
271
727
644
842
118
43
446
358
192
785
758
423
213
928
80
905
673
686
294
733
102
382
606
310
484
561
687
821
472
780
914
993
269
179
184
725
67
316
374
807
93
496
763
879
524
775
37
963
178
417
199
862
292
553
943
856
795
296
301
794
101
61
811
232
42
592
211
189
153
610
855
881
224
948
481
62
395
302
194
978
734
975
171