973
51 98 69 21 57 75 77 95 82 76 85 25 64 59 81 36 38 72 12 73 83 55 23 87 32 49 47 6 20 40 52 97 31 92 66 48 22 91 27 35 46 90 29 96 71 58 86 44 10 26 84 99 16 63 13 7 60 79 14 9 28 4 88 11 50 3 0 74 54 2 15 94 18 24
139 133 140 169 116 113 136 148 183 152 147 106 196 187 163 168 125 149 138 120 141 104 115 134 172 167 132 154 142 103 144 165 157 197 162 145 195 119 186 128 193 114 131 155 105 109 177 160 112 127 185 126 174 143 161 176 166 135 182 110 124 150 173 108 188 164 137
455 433 441 459 492 442 435 460 415 427 473 447 416 403 406 411 443 449 404 424 457 408 483 465 413 485 444 453 425 464 497 469 487 452 498 402 437 480 422 461 474 499 445 419 471 412 475 407 439 478 428 405 430 462 434 420 401 494 479 486 448 426 414 476 489 468 456 409 482 467 438 454 431 488 410 470 495 458 490 491 466
894 867 866 816 829 810 877 840 871 864 817 873 847 837 814 858 882 887 812 878 832 838 815 889 800 897 883 850 803 845 806 875 869 868 896 853 895 899 880 892 841 834 884 809 827 848 839 823 835 843 861 860 819 836 846 874 824 865 893 804 898 890 851 805 822 857 825 830 831 891 854 826 872 818 886 888 870 828 820 885 844 813 852 849
955 903 971 981 939 942 916 989 923 938 977 912 906 918 911 986 946 995 966 950 985 934 960 929 930 936 967 944 920 940 949 931 956 925 982 974 902 983 991 988 990 924 910 984 958 926 904 935 953 913 996 968 962 919 998 917 965 961 907 921 980 941 952 972 901 927 976 964 908 922 979 959
266 216 217 230 289 293 258 284 226 229 259 267 237 205 209 299 270 228 244 231 251 250 219 272 262 278 253 265 204 255 274 246 235 287 283 242 214 281 286 207 277 236 291 257 208 290 200 247 202 210 275 223 218 241 221 261 263 234 282 206 245 225 254 249 222 252 297 227 203 280 285 273 238 298 295 288 256 212
749 753 767 769 718 713 799 732 703 736 744 760 724 755 709 776 729 714 712 781 752 720 702 768 719 770 777 798 717 716 723 792 772 739 751 747 738 786 715 783 750 761 701 787 756 704 731 746 705 762 765 721 784 766 757 771 743 788 796 728 759 793 741 742 740 778 754 722 782 711 790 791 779 773 735 774
629 661 614 649 607 651 672 674 643 645 683 668 626 670 667 696 648 688 663 681 647 636 627 635 693 660 666 637 632 659 608 604 680 694 631 684 664 601 654 699 682 628 616 675 669 650 698 679 678 605 634 641 625 692 662 630 620 677 691 697 658 622 642 653 671 655 695 657 621 615 685 676 665 646 638 640 633
802
954
504 517 527 559 599 575 584 590 505 582 532 569 588 552 537 546 571 534 581 578 542 580 595 541 583 554 529 512 591 567 566 518 593 564 520 596 531 543 597 511 557 519 533 594 544 525 586 509 551 570 508 549 598 556 539 536 514 560 506 579 540 523 573 585 521 563 545 555 516 535 510 577 507 550 501 530 589 538 574 547
8
351 399 344 394 365 342 370 375 369 379 338 368 377 348 389 372 325 323 318 354 300 306 309 337 339 343 345 391 346 388 361 307 313 331 327 387 350 319 352 381 314 364 398 332 371 322 341 321 330 305 311 393 359 334 380 336 366 362 357 360 390 392 356 326 378 363 303 385 386 333 367 396 353 329 317 340 312 324 349
994
264
548
17
915
33
708
833
612
801
111
56
932
611
347
421
503
418
355
39
304
151
656
123
689
146
957
384
562
239
515
100
970
248
619
1
987
710
129
587
180
565
700
268
706
159
726
436
863
764
808
933
745
999
260
240
429
947
397
609
748
320
107
30
639
308
477
279
613
602
190
70
122
797
34
158
215
568
191
53
383
937
737
951
198
5
707
528
65
78
690
276
117
41
502
909
522
463
156
233
618
432
45
243
493
181
19
451
513
789
859
900
730
376
558
400
450
440
876
997
600
335
624
652
121
68
969
328
175
201
945
603
170
500
130
617
315
623
89
572
526
576
992
220
373
271
727
644
842
118
43
446
358
192
785
758
423
213
928
80
905
673
686
294
733
102
382
606
310
484
561
687
821
472
780
914
993
269
179
184
725
67
316
374
807
93
496
763
879
524
775
37
963
178
417
199
862
292
553
943
856
795
296
301
794
101
61
811
232
42
592
211
189
153
610
855
881
224
948
481
62
395
302
194
978
734
975
171