973
47 12 6 96 97 36 60 32 50 99 94 55 87 49 82 24 73 16 46 90 10 26 22 27 0 20 64 18 21 88 75 2 29 15 83 48 72 7 51 79 95 11 98 44 85 86 38 92 31 58 77 74 59 84 25 3 63 54 57 71 23 28 69 35 40 91 52 76 4 81 13 14 66 9
183 119 188 128 125 168 120 110 154 193 136 106 144 127 143 112 147 176 104 172 182 164 161 186 145 177 134 103 195 126 142 169 135 187 113 105 140 148 152 114 167 163 155 157 173 137 150 109 108 141 132 196 138 162 131 124 166 165 116 115 133 197 139 149 174 160 185
456 478 441 407 411 435 475 427 416 494 404 408 425 470 498 431 471 492 443 489 439 437 410 491 466 464 415 465 459 469 458 426 480 448 483 403 445 401 406 485 449 460 444 499 428 468 402 409 476 488 461 487 490 482 453 414 420 473 422 413 419 424 495 457 454 405 474 433 486 442 497 479 438 412 447 434 430 462 455 452 467
804 891 883 877 857 823 875 809 867 865 818 861 803 898 800 851 806 819 873 828 812 837 805 814 846 847 827 824 841 872 860 853 882 864 887 895 810 866 899 850 844 834 839 843 852 888 832 817 874 840 871 845 894 831 886 893 838 822 884 836 890 889 892 858 885 896 878 826 869 897 830 820 835 854 829 815 868 880 825 849 848 816 870 813
996 921 931 902 903 926 942 935 907 950 980 930 906 938 982 925 956 918 959 946 936 929 960 974 913 912 988 904 991 941 934 976 990 916 961 953 922 908 995 967 983 952 962 911 924 985 989 958 966 944 977 986 984 910 920 964 968 955 965 917 919 940 998 979 981 901 972 971 949 939 927
238 241 286 283 234 263 299 245 284 266 295 219 200 281 258 285 247 287 221 290 217 230 250 297 298 246 205 225 259 256 280 212 202 291 222 282 226 237 235 203 262 255 214 204 274 223 254 242 252 210 209 288 293 265 231 216 257 273 270 261 275 253 251 272 278 207 208 277 267 218 244 227 249 228 236 289 229 206
773 746 701 768 757 767 750 784 791 770 713 772 702 739 782 783 729 793 731 712 738 762 743 765 788 790 711 709 741 740 723 705 755 747 715 769 722 754 714 717 781 719 798 786 776 766 759 779 753 751 716 760 720 744 774 756 792 761 721 752 787 728 749 703 799 718 742 732 771 704 796 735 777 724 736 778
695 637 601 676 693 657 633 672 630 604 683 645 684 662 668 691 654 643 628 698 614 660 625 692 627 682 650 638 607 653 688 696 681 631 635 664 636 685 674 621 616 648 694 670 659 632 626 699 663 622 680 605 629 651 671 665 640 608 679 677 661 667 634 658 678 620 697 655 666 641 615 647 642 649 669 646 675
802
954
563 537 531 544 566 595 532 580 557 527 589 596 520 574 541 533 599 512 583 579 525 591 550 521 539 577 504 593 560 549 554 543 510 505 508 507 569 567 590 588 594 519 575 535 582 542 586 551 578 598 516 523 514 534 518 501 555 517 511 559 571 509 536 556 506 573 529 538 545 584 581 546 570 552 540 547 564 530 585 597
8
332 380 307 352 322 340 375 313 318 369 371 370 381 349 377 345 324 353 357 361 344 330 362 388 341 337 342 303 309 305 323 336 387 331 350 317 389 306 351 338 396 359 354 390 346 314 368 372 399 385 398 392 300 360 393 367 356 333 364 348 394 334 366 378 319 379 386 339 391 326 311 321 363 329 343 327 365 312 325
994
264
548
17
915
33
708
833
612
801
111
56
932
611
347
421
503
418
355
39
304
151
656
123
689
146
957
384
562
239
515
100
970
248
619
1
987
710
129
587
180
565
700
268
706
159
726
436
863
764
808
933
745
999
260
240
429
947
397
609
748
320
107
30
639
308
477
279
613
602
190
70
122
797
34
158
215
568
191
53
383
937
737
951
198
5
707
528
65
78
690
276
117
41
502
909
522
463
156
233
923
618
432
45
243
493
181
19
451
513
789
859
900
730
376
558
400
450
440
876
997
600
335
624
652
121
68
969
328
175
201
945
603
170
500
130
617
315
623
89
572
526
576
992
220
373
271
727
644
842
118
43
446
358
192
785
758
423
213
928
80
905
673
686
294
733
102
382
606
310
484
561
687
821
472
780
914
993
269
179
184
725
67
316
374
807
93
496
763
879
524
775
37
963
178
417
199
862
292
553
943
856
795
296
301
794
101
61
811
232
42
592
211
189
153
610
855
881
224
948
481
62
395
302
194
978
734
975
171