973
90 81 12 83 26 31 76 59 99 75 11 25 84 3 35 82 57 96 6 15 14 52 48 86 64 94 50 58 13 88 87 47 16 66 7 49 24 18 55 72 51 28 95 44 71 27 97 21 98 20 60 29 40 54 36 91 92 4 85 73 69 46 23 2 32 63 74 9 77 0 10 38 79 22
136 113 131 139 106 135 186 163 115 132 109 183 161 120 176 114 147 182 128 185 160 140 142 187 152 164 119 116 157 188 154 155 193 167 112 148 127 173 197 162 150 145 124 166 125 143 149 138 108 126 174 105 137 168 195 104 141 133 165 177 103 110 144 134 196 169
447 478 430 473 415 475 419 420 443 467 403 427 495 498 428 413 416 411 497 441 409 480 486 491 499 456 424 442 406 476 405 401 433 466 454 410 453 407 468 462 431 489 402 448 414 437 426 452 412 482 488 471 494 449 464 444 438 487 434 470 492 474 465 479 404 455 422 435 439 469 445 425 457 461 459 490 460 408 483 458 485
837 817 813 835 814 827 899 888 889 832 883 838 896 845 846 871 851 865 809 818 887 864 869 830 800 873 894 854 880 812 819 834 892 878 815 824 820 829 825 816 893 828 891 858 867 861 847 866 836 839 868 803 805 882 857 849 841 875 872 898 870 897 848 885 874 852 895 860 823 850 843 806 810 877 840 826 884 886 890 844 804 831 853 822
912 925 958 966 906 921 946 986 976 977 962 950 939 944 942 955 940 911 996 980 924 964 907 918 926 931 956 904 952 984 990 953 960 922 930 988 967 908 913 971 934 936 995 959 982 901 910 965 989 929 968 919 985 938 916 981 902 974 991 979 972 961 927 998 983 920 935 941 903 917 949
278 214 258 259 252 295 253 205 210 265 275 254 200 217 291 221 282 228 227 273 203 272 255 223 247 204 208 257 266 290 238 250 284 289 280 274 288 298 262 218 286 236 249 283 267 251 231 235 281 285 261 209 202 225 222 270 226 293 246 242 263 299 245 207 297 229 216 287 244 241 219 206 234 256 277 237 212 230
746 756 747 750 718 724 742 744 788 720 736 743 759 774 732 769 768 783 796 735 731 713 786 753 793 740 722 762 776 754 760 719 723 721 712 767 782 799 711 781 791 729 792 766 704 709 761 771 705 752 702 778 787 714 703 741 728 784 715 749 739 773 772 798 757 770 777 765 717 790 755 716 701 738 751 779
667 637 601 663 633 625 671 699 692 677 685 604 605 629 614 641 666 688 682 681 650 668 622 645 697 662 616 678 632 665 680 655 654 674 653 631 691 694 615 626 676 698 658 628 643 640 675 620 664 638 647 608 646 627 648 636 683 670 642 661 679 695 651 693 672 607 635 649 660 669 684 621 630 696 659 657 634
802
954
545 509 585 531 557 541 549 555 501 579 529 507 544 597 571 593 547 505 590 551 598 581 504 516 573 542 584 588 575 569 532 552 595 546 511 512 577 589 518 582 533 536 519 567 560 534 586 517 539 596 599 538 537 527 570 535 550 583 508 591 540 506 594 563 564 521 554 574 578 523 556 525 520 514 559 566 543 510 580 530
8
387 300 343 352 345 362 375 334 367 333 357 388 305 394 356 342 398 366 318 393 337 303 317 324 309 370 329 396 351 380 363 307 322 361 386 306 323 350 365 390 385 339 364 348 327 360 392 340 354 349 346 389 319 321 359 336 332 399 325 379 353 391 372 311 377 314 338 330 331 326 313 341 369 344 371 381 378 312 368
994
264
548
17
915
33
708
833
612
801
111
56
932
611
347
421
503
418
355
39
304
151
656
123
689
146
957
384
562
239
515
100
970
248
619
1
987
710
129
587
180
565
700
268
706
159
726
436
863
764
808
933
745
999
260
240
172
429
947
397
609
748
320
107
30
639
308
477
279
613
602
190
70
122
797
34
158
215
568
191
53
383
937
737
951
198
5
707
528
65
78
690
276
117
41
502
909
522
463
156
233
923
618
432
45
243
493
181
19
451
513
789
859
900
730
376
558
400
450
440
876
997
600
335
624
652
121
68
969
328
175
201
945
603
170
500
130
617
315
623
89
572
526
576
992
220
373
271
727
644
842
118
43
446
358
192
785
758
423
213
928
80
905
673
686
294
733
102
382
606
310
484
561
687
821
472
780
914
993
269
179
184
725
67
316
374
807
93
496
763
879
524
775
37
963
178
417
199
862
292
553
943
856
795
296
301
794
101
61
811
232
42
592
211
189
153
610
855
881
224
948
481
62
395
302
194
978
734
975
171