973
40 14 51 96 15 20 55 58 63 3 94 32 10 13 44 18 36 88 90 97 31 47 66 57 52 72 82 99 86 23 12 76 77 46 91 50 26 9 84 22 71 59 11 27 21 6 38 79 81 98 92 75 16 87 24 74 83 2 49 28 4 69 54 25 64 29 48 7 95 35 60 85 73 0
160 185 119 188 164 195 124 163 138 114 196 115 169 120 141 126 131 177 148 145 187 155 104 125 133 144 157 137 147 112 193 165 162 167 150 110 113 139 134 106 168 140 183 132 149 143 108 173 186 135 127 161 166 105 176 152 116 109 174 197 182 128 142 154 136 103
461 474 478 497 473 414 479 413 452 405 412 442 443 495 482 428 407 455 445 494 487 404 402 492 409 457 466 475 419 491 483 426 415 427 480 456 403 401 441 406 434 486 458 416 410 465 489 464 468 469 437 470 499 422 467 424 420 431 435 490 485 439 449 498 471 454 453 476 444 433 488 408 430 438 460 459 447 411 448 462 425
816 831 874 882 872 860 820 839 848 878 850 852 885 869 873 828 834 893 803 838 898 894 897 880 810 889 886 877 800 853 866 815 891 813 826 823 884 858 854 871 835 805 843 887 827 867 896 883 895 890 840 829 841 830 846 845 832 892 806 857 870 849 836 814 825 844 819 824 847 837 812 817 804 865 818 899 822 809 851 868 875 888 861
989 938 908 990 913 949 918 946 955 961 988 971 920 998 939 985 964 968 925 907 950 983 906 936 904 980 930 991 942 965 967 911 952 921 902 960 912 919 966 996 940 903 944 972 926 979 977 984 995 916 929 981 976 986 959 931 956 953 974 922 917 982 924 901 910 958 934 935 927 941 962
200 231 258 286 221 204 203 207 274 237 219 249 250 217 246 263 212 275 206 225 267 257 265 222 227 262 259 226 293 238 299 295 278 216 210 205 209 252 244 235 261 281 273 223 251 277 202 253 270 254 247 242 291 228 236 230 280 218 285 208 290 288 272 245 282 284 214 266 298 283 297 289 255 234 256 287 241 229
740 719 770 750 736 721 783 705 777 747 762 729 761 716 769 798 717 776 732 755 752 704 796 779 738 799 767 739 791 715 792 756 724 786 760 788 774 741 771 713 765 793 768 753 778 742 723 746 735 751 772 701 759 743 749 718 702 703 766 754 722 714 712 709 728 731 787 782 781 773 790 784 711 757 744 720
672 682 657 651 669 643 671 662 630 653 650 634 615 635 664 620 691 670 679 601 647 674 608 683 654 699 694 605 629 696 638 642 688 628 646 661 685 645 622 695 632 627 675 659 663 621 641 604 676 692 607 658 678 666 668 655 665 633 660 626 677 637 697 616 693 681 640 698 680 648 667 649 631 636 614 684 625
802
954
578 516 550 556 523 577 540 521 591 537 505 559 527 508 599 584 538 512 598 530 507 545 546 571 589 536 542 519 504 529 514 567 586 525 549 579 532 595 509 593 583 518 534 543 574 564 511 582 533 575 596 560 590 551 539 555 588 581 506 547 580 531 520 569 510 535 541 594 570 517 585 573 566 552 554 557 501 544 563 597
8
342 339 340 387 353 381 362 378 346 393 359 343 398 354 300 348 319 390 317 331 337 380 368 366 336 311 318 333 305 314 389 303 330 306 349 352 364 396 313 391 307 385 388 334 312 377 379 322 361 369 332 325 399 360 370 367 392 345 356 363 329 326 344 338 324 371 341 350 309 386 357 365 351 375 394 321 323 327 372
994
264
548
17
915
33
708
833
612
801
111
56
932
611
347
421
503
418
355
39
304
151
656
123
689
146
957
384
562
239
515
100
970
248
619
1
987
710
129
587
180
565
700
268
706
159
726
436
863
764
808
933
745
999
260
240
172
429
947
397
609
748
320
107
30
639
308
477
279
613
602
190
70
122
797
34
158
215
568
864
191
53
383
937
737
951
198
5
707
528
65
78
690
276
117
41
502
909
522
463
156
233
923
618
432
45
243
493
181
19
451
513
789
859
900
730
376
558
400
450
440
876
997
600
335
624
652
121
68
969
328
175
201
945
603
170
500
130
617
315
623
89
572
526
576
992
220
373
271
727
644
842
118
43
446
358
192
785
758
423
213
928
80
905
673
686
294
733
102
382
606
310
484
561
687
821
472
780
914
993
269
179
184
725
67
316
374
807
93
496
763
879
524
775
37
963
178
417
199
862
292
553
943
856
795
296
301
794
101
61
811
232
42
592
211
189
153
610
855
881
224
948
481
62
395
302
194
978
734
975
171