973
6 86 21 60 18 0 74 96 38 87 12 51 52 35 73 83 44 84 20 11 99 79 14 55 7 22 36 16 57 29 94 97 2 27 25 3 71 47 40 48 72 66 64 31 49 92 23 54 4 63 9 98 88 10 82 50 85 75 46 77 28 59 81 90 13 24 69 91 95 15 76 58 32 26
114
445 411 442 476 434 415 427 428 419 458 422 435 491 461 469 498 433 497 416 453 444 483 448 468 404 459 447 438 482 408 402 414 487 413 464 455 410 471 454 480 405 443 409 473 407 431 460 495 490 494 467 403 449 479 465 441 457 466 426 492 489 401 456 424 485 420 425 475 488 437 430 462 486 499 474 478 439 470 412 406 452
105 155 141 115 140 188 173 182 185 157 149 120 142 143 150 193 177 125 163 166 136 133 103 139 168 110 161 183 196 145 135 113 138 108 154 127 131 167 112 126 160 104 165 124 197 169 176 137 116 119 144 132 128 148 186 147 162 174 106 187 195 109 134 152 164
826 857 869 865 814 875 851 847 841 825 845 874 805 806 887 890 837 824 829 892 849 831 804 820 835 885 894 810 866 886 819 884 853 803 880 873 858 850 895 827 896 839 830 893 888 897 838 871 852 883 891 822 868 844 834 843 828 813 848 800 867 854 870 812 817 898 809 836 889 872 832 846 818 860 877 823 816 882 878 899 840 815 861
974 941 958 991 971 986 956 940 922 946 972 960 985 981 953 959 984 906 917 925 961 919 936 929 918 944 930 990 902 913 927 967 935 962 942 920 934 924 998 979 988 901 966 921 996 995 982 964 980 949 911 983 910 912 950 977 926 938 916 908 907 939 931 968 989 952 955 976 965 903 904
272 212 242 256 259 244 246 289 291 285 222 206 218 293 216 247 204 223 205 235 258 251 253 254 266 249 202 228 286 234 284 265 214 203 230 287 298 283 278 299 238 280 295 267 250 252 274 207 275 263 277 210 273 261 241 257 245 226 231 290 262 288 282 229 208 200 225 270 209 221 236 219 217 237 297 227 281 255
771 713 738 760 723 770 755 740 747 798 750 778 732 719 757 786 768 766 769 735 749 774 739 718 702 790 782 752 728 709 787 743 722 784 751 791 741 717 761 796 777 781 783 779 729 753 767 711 705 776 703 742 759 731 765 712 721 716 754 736 701 704 714 715 788 724 772 762 799 756 792 744 773 720 746 793
640 661 638 668 672 655 677 662 646 681 628 635 626 605 663 630 636 674 678 645 625 616 660 698 653 621 688 632 683 615 693 647 676 692 694 643 604 658 671 665 648 695 675 642 670 637 657 654 627 620 680 679 699 601 684 641 622 633 664 651 696 667 634 650 697 685 669 666 607 629 631 608 614 649 691 659 682
802
954
575 579 586 511 527 597 519 574 508 588 590 506 551 567 532 521 595 538 564 591 509 537 546 543 578 520 544 505 534 585 593 570 560 523 535 589 580 563 555 598 531 517 584 514 573 501 559 577 529 594 556 504 554 599 525 557 541 552 507 571 542 550 510 582 547 540 581 583 518 596 549 512 545 566 569 530 516 536 533 539
8
313 366 364 340 337 343 359 346 324 375 356 389 319 398 387 361 385 363 307 357 345 342 386 325 317 354 323 349 396 322 333 377 309 331 367 391 371 378 339 365 351 360 390 380 392 393 399 341 332 330 344 311 329 306 348 369 305 394 368 379 327 300 338 381 318 350 321 303 352 388 334 336 314 370 326 372 353 312 362
994
264
548
17
915
33
708
833
612
801
111
56
932
611
347
421
503
418
355
39
304
151
656
123
689
146
957
384
562
239
515
100
970
248
619
1
987
710
129
587
180
565
700
268
706
159
726
436
863
764
808
933
745
999
260
240
172
429
947
397
609
748
320
107
30
639
308
477
279
613
602
190
70
122
797
34
158
215
568
864
191
53
383
937
737
951
198
5
707
528
65
78
690
276
117
41
502
909
522
463
156
233
923
618
432
45
243
493
181
19
451
513
789
859
900
730
376
558
400
450
440
876
997
600
335
624
652
121
68
969
328
175
201
945
603
170
500
130
617
315
623
89
572
526
576
992
220
373
271
727
644
842
118
43
446
358
192
785
758
423
213
928
80
905
673
686
294
733
102
382
606
310
484
561
687
821
472
780
914
993
269
179
184
725
67
316
374
807
93
496
763
879
524
775
37
963
178
417
199
862
292
553
943
856
795
296
301
794
101
61
811
232
42
592
211
189
153
610
855
881
224
948
481
62
395
302
194
978
734
975
171