973
60 50 38 72 77 57 99 88 29 35 55 32 59 86 22 9 51 74 66 36 69 91 2 20 11 83 87 3 31 0 21 16 6 54 4 40 10 98 71 92 90 44 24 85 95 13 14 63 49 46 58 52 76 84 73 12 28 23 81 64 27 25 96 48 79 26 7 15 97 75 82 94 47 18
114
444 409 480 401 486 455 473 428 498 485 442 467 461 460 448 426 470 410 449 445 408 406 412 411 425 495 405 465 404 434 468 419 464 497 457 452 456 447 462 488 479 458 466 438 415 459 475 427 491 471 469 422 430 483 487 435 474 490 416 437 403 413 441 492 424 420 482 414 433 431 489 407 453 454 478 402 476 494 439 443 499
145 157 105 150 131 106 196 144 138 183 174 152 167 135 168 195 133 143 137 164 148 142 147 120 140 177 126 154 185 115 132 103 160 119 173 124 108 188 165 141 104 176 109 186 125 197 182 169 161 112 116 193 127 136 134 163 166 113 155 128 162 110 187 139 149
866 813 891 834 805 865 895 815 853 858 812 810 857 804 871 890 818 874 854 852 882 800 817 830 828 893 849 803 840 860 816 838 824 823 847 819 886 884 872 867 892 844 835 870 885 850 880 897 832 883 887 846 894 841 861 825 848 899 826 843 868 845 820 875 878 851 829 822 806 869 889 814 898 809 888 831 836 827 873 837 877 839 896
998 988 920 903 980 990 927 966 976 961 982 935 971 908 916 952 983 955 912 922 995 941 949 907 936 906 956 934 984 917 911 967 921 930 919 985 939 931 929 974 960 926 968 959 986 940 901 979 964 942 989 965 953 913 946 958 918 991 944 924 938 910 996 981 950 962 925 972 977 904 902
267 254 265 295 273 256 272 258 218 242 299 212 291 204 214 200 255 225 284 286 274 290 216 206 237 288 297 298 277 285 252 250 207 234 247 293 203 219 229 259 246 241 266 275 287 208 263 221 227 289 278 251 282 236 205 209 257 280 270 249 226 238 210 231 253 244 217 230 283 235 202 245 281 228 222 261 223 262
757 761 732 750 790 754 702 791 720 782 771 705 788 704 722 703 783 749 746 759 773 784 747 796 743 762 766 778 713 714 736 769 711 765 744 709 718 751 786 729 741 728 742 781 776 792 760 721 716 787 735 770 774 724 779 715 777 717 753 739 772 768 701 793 740 756 767 755 798 731 799 752 738 719 723 712
677 668 632 672 674 601 636 633 697 635 605 638 664 649 631 658 647 699 614 626 684 669 655 616 695 620 679 654 608 648 650 642 630 666 621 688 676 627 622 685 693 646 682 675 691 643 653 671 680 628 660 665 641 661 629 615 634 640 607 683 637 667 651 694 681 698 604 678 692 625 662 645 663 696 670 659
802
954
549 596 569 543 577 520 552 540 563 547 590 534 535 529 564 546 593 533 541 554 519 527 504 523 581 584 599 582 507 505 586 538 506 559 501 555 530 598 570 511 571 594 517 551 509 536 589 574 560 591 580 595 588 532 510 525 566 583 578 512 521 557 514 545 544 567 579 542 539 556 585 516 531 573 597 537 508 550 518 575
8
345 329 312 309 379 366 353 336 380 363 300 333 321 362 369 396 346 319 343 394 326 313 351 361 322 342 371 364 338 305 314 350 354 368 357 370 388 339 306 331 375 360 365 352 377 378 385 303 327 334 387 340 317 330 372 311 349 324 392 390 318 359 393 344 356 367 332 325 307 399 348 386 337 391 381 398 323 341 389
994
264
548
17
915
33
708
833
612
801
111
56
932
611
347
421
503
418
355
39
304
151
656
123
689
146
957
384
562
239
515
100
970
248
619
1
987
710
129
587
180
565
700
268
706
159
726
436
863
764
808
933
745
999
260
240
172
429
947
397
609
748
320
107
30
639
308
477
279
613
602
190
70
122
797
34
158
215
568
864
191
53
383
937
737
951
198
5
707
528
65
78
690
276
117
41
502
909
522
463
156
233
923
618
432
45
243
493
181
19
451
513
789
859
900
730
376
558
400
450
440
876
997
600
335
624
652
121
68
969
328
175
201
945
603
170
500
130
617
315
623
89
572
526
576
992
220
373
271
727
644
842
118
43
446
358
192
785
758
423
213
928
80
905
673
686
294
733
102
382
606
310
484
561
687
821
472
780
914
993
269
179
184
725
67
316
374
807
93
496
763
879
524
775
37
963
178
417
199
862
292
553
943
856
795
296
301
794
101
61
811
232
42
592
211
189
153
610
855
881
224
948
481
62
395
657
302
194
978
734
975
171