973
75 79 48 90 28 14 97 66 73 15 51 84 76 3 46 92 12 25 29 83 71 64 22 2 87 95 24 40 81 94 57 47 36 58 69 50 10 16 6 54 96 82 20 72 11 18 59 21 4 13 23 88 38 55 0 26 60 77 7 86 74 44 99 27 98 49 32 9 85 63 52 91 35
114
486 490 414 469 482 478 458 467 411 447 404 498 452 494 470 419 406 480 407 485 499 439 415 410 471 460 408 455 475 402 491 420 476 434 454 430 438 448 428 409 465 462 461 431 459 437 426 405 497 422 441 453 403 483 488 416 464 449 401 443 413 474 466 427 456 487 492 442 445 479 473 444 468 457 424 435 433 495 412 425 489
140 163 145 136 134 162 188 113 141 164 167 138 142 135 120 128 132 185 109 119 126 183 177 110 139 143 104 115 161 160 187 125 169 196 173 176 124 154 168 149 197 112 108 131 133 144 166 127 165 157 152 147 155 105 103 150 106 148 182 174 186 116 193 195 137
835 804 857 816 878 825 840 869 866 897 854 884 829 817 837 893 832 820 870 827 830 826 813 818 853 896 844 898 875 819 843 888 846 845 847 886 885 889 861 806 887 831 849 812 834 822 868 810 800 824 852 894 805 848 823 828 882 809 814 874 851 815 838 836 850 865 873 899 841 892 860 883 871 858 803 839 895 872 880 877 867 890 891
929 966 956 958 918 984 959 961 995 925 946 924 944 910 950 979 985 927 926 907 930 921 983 990 968 922 902 982 988 917 934 952 962 977 991 949 960 996 989 941 908 955 939 940 904 912 911 938 916 919 998 976 967 981 980 972 974 906 931 986 903 971 936 953 964 965 935 901 942 920 913
266 227 275 208 270 222 288 252 265 290 226 207 299 214 242 216 286 202 247 298 210 230 206 204 281 225 251 285 235 218 295 267 274 205 200 231 257 203 273 284 221 253 217 245 297 234 237 291 282 246 244 255 236 278 277 209 241 287 263 280 258 272 223 293 259 254 256 289 249 283 228 229 212 238 261 219 262 250
717 791 719 736 762 728 744 798 787 735 779 781 740 746 720 759 753 765 704 790 709 767 711 788 756 713 799 769 749 778 761 752 786 721 782 754 712 723 757 751 774 770 729 743 732 793 772 784 703 714 796 773 722 724 716 750 747 742 776 766 702 777 768 718 741 705 792 755 731 739 738 715 701 783 771 760
694 697 615 659 661 684 633 666 660 646 605 622 616 669 638 648 649 676 672 625 698 628 634 626 643 692 640 632 601 642 675 654 671 696 630 647 636 620 663 655 664 651 608 665 674 635 650 691 637 658 604 627 641 695 688 667 682 680 693 645 621 679 614 677 685 662 668 629 607 683 670 631 653 681 699 678
802
954
563 542 514 566 573 529 531 510 507 593 583 533 541 570 501 530 571 512 525 597 545 516 511 567 551 505 546 585 506 549 504 596 532 550 527 509 580 543 569 534 559 538 588 552 535 539 523 578 595 584 579 544 557 577 594 540 554 556 519 574 590 555 575 598 521 564 537 589 581 547 536 518 517 520 591 508 586 582 599 560
8
311 356 365 360 392 341 322 323 325 313 344 350 354 346 338 345 353 326 349 342 321 379 394 396 330 327 378 317 306 380 303 300 339 309 381 399 364 307 314 332 334 387 362 367 319 312 393 333 352 370 369 329 372 337 359 386 305 348 388 389 377 351 357 343 363 398 385 336 391 361 375 331 366 390 368 324 340 318 371
994
264
548
17
915
33
708
833
612
801
111
56
932
611
347
421
503
418
355
39
304
151
656
123
689
146
957
384
562
239
515
100
970
248
619
1
987
710
129
587
180
565
700
268
706
159
726
436
863
764
808
933
745
999
260
240
172
429
947
397
609
748
320
107
30
639
308
477
279
613
602
190
70
122
797
34
158
215
568
864
191
53
383
937
737
951
198
5
707
528
65
78
690
276
117
41
502
909
522
463
156
233
923
618
432
45
243
493
181
19
451
513
789
859
900
730
376
558
400
450
440
876
997
600
335
624
652
121
68
969
328
175
201
945
603
170
500
130
617
315
31
623
89
572
526
576
992
220
373
271
727
644
842
118
43
446
358
192
785
758
423
213
928
80
905
673
686
294
733
102
382
606
310
484
561
687
821
472
780
914
993
269
179
184
725
67
316
374
807
93
496
763
879
524
775
37
963
178
417
199
862
292
553
943
856
795
296
301
794
101
61
811
232
42
592
211
189
153
610
855
881
224
948
481
62
395
657
302
194
978
734
975
171