973
25 15 86 76 3 88 10 0 2 12 83 16 97 29 7 60 92 63 94 28 91 27 23 36 21 49 74 35 87 71 72 11 14 52 77 81 40 64 85 6 24 26 50 73 66 59 99 95 57 9 79 44 58 54 22 20 90 18 4 13 84 82 98 48 51 38 47 55 96 46 32 69 75
114
449 434 485 402 424 401 483 465 475 420 412 409 470 462 456 413 474 415 494 457 408 448 488 499 486 416 428 461 464 495 404 468 422 426 445 405 497 487 460 478 490 479 453 476 406 427 439 419 433 466 452 489 443 407 411 498 431 455 482 410 471 442 480 454 438 492 437 441 414 435 467 458 425 447 444 469 491 403 459 473 430
186 115 125 104 142 147 106 154 164 193 110 145 137 182 188 168 138 131 103 187 157 109 150 160 124 195 126 119 161 128 143 183 134 120 162 165 105 127 132 169 148 173 112 144 152 108 139 163 197 196 136 113 185 174 133 166 140 176 177 141 116 167 155 149 135
888 853 886 887 857 834 827 858 815 861 838 850 897 848 823 843 896 895 870 819 837 800 803 885 877 816 852 878 825 840 874 891 868 860 836 829 898 813 875 873 851 880 810 882 867 832 892 869 835 849 854 839 893 824 871 817 805 847 812 866 820 845 899 884 831 818 889 894 890 844 828 872 830 822 865 883 814 804 846 809 841 806 826
936 931 972 919 940 927 913 916 958 939 920 953 942 904 935 996 908 989 922 976 912 962 980 934 903 982 906 967 974 910 979 966 911 917 902 991 971 938 944 990 988 926 981 956 952 921 964 984 930 985 968 983 924 907 960 941 950 986 965 961 998 918 929 901 949 955 977 925 959 946 995
214 221 280 259 289 238 287 295 297 274 278 262 222 207 283 230 258 204 290 298 247 225 273 288 299 200 234 282 244 227 206 205 256 277 286 219 266 249 226 209 263 253 245 231 242 252 218 236 267 202 284 265 261 235 293 270 217 223 257 203 212 275 216 291 246 281 272 229 237 254 228 285 208 210 255 250 251
738 742 701 743 716 754 720 783 717 790 781 761 724 747 704 776 778 784 774 787 732 728 798 759 723 791 772 752 768 714 771 769 750 702 739 731 765 744 709 777 713 729 749 751 711 756 793 786 718 757 746 719 703 721 799 736 766 735 788 755 770 796 712 741 715 782 792 740 705 753 773 760 722 762 767 779
660 608 681 675 630 648 604 601 631 653 667 693 663 691 698 669 622 688 636 647 635 641 671 640 679 626 642 638 633 643 658 637 699 627 697 662 607 649 620 654 621 692 696 661 665 685 651 646 645 632 659 672 628 650 694 616 634 664 614 680 695 670 668 683 615 682 677 684 678 625 676 655 605 674 666 629
802
954
534 533 508 544 519 540 523 514 541 546 581 596 594 504 564 506 537 584 550 557 586 501 593 595 531 525 559 585 582 566 521 575 518 580 591 512 567 598 571 538 597 509 554 599 536 551 539 543 535 556 590 555 545 589 578 517 574 520 579 516 527 583 570 529 505 511 530 552 547 577 507 549 573 560 532 588 569 510 542 563
8
353 367 309 350 319 387 338 356 388 323 369 359 314 362 321 300 329 318 330 307 341 333 386 357 326 305 366 360 343 365 391 398 361 317 379 311 306 393 303 351 322 337 368 394 345 332 313 372 331 389 336 342 364 312 340 352 390 371 325 354 385 339 396 348 381 392 375 363 399 377 327 346 380 334 349 344 370 378 324
994
264
548
17
915
33
708
833
612
801
111
56
932
611
347
421
503
418
355
39
304
151
656
123
689
146
957
384
562
239
515
100
970
248
619
1
987
710
129
587
180
565
700
268
706
159
726
436
863
764
808
933
745
999
260
240
172
429
947
397
609
748
320
107
30
639
308
477
279
613
602
190
70
122
797
34
158
215
568
864
191
53
383
937
737
951
198
5
707
528
65
78
690
276
117
41
502
909
241
522
463
156
233
923
618
432
45
243
493
181
19
451
513
789
859
900
730
376
558
400
450
440
876
997
600
335
624
652
121
68
969
328
175
201
945
603
170
500
130
617
315
31
623
89
572
526
576
992
220
373
271
727
644
842
118
43
446
358
192
785
758
423
213
928
80
905
673
686
294
733
102
382
606
310
484
561
687
821
472
780
914
993
269
179
184
725
67
316
374
807
93
496
763
879
524
775
37
963
178
417
199
862
292
553
943
856
795
296
301
794
101
61
811
232
42
592
211
189
153
610
855
881
224
948
481
62
395
657
302
194
978
734
975
171