997 995 925 968 979 967 902 901 912 952 985 980 959 931 986 903 936 945 988 911 954 917 928 946 942 921 969 991 923 916 941 951 943 956 940 963 947 929 949 976 973 950 981 957 962 934 919 909 932 905 971 938 922 990 966 906 935 927 926 964 913 975 948 933 983 955 924 961 960 993 920 978 930 972 999 944 914 937 939 992 989 994 998 918 987 996 904 970 974 910 907 908 965 953 915 982 977 958 984
34 99 28 83 16 90 38 35 65 66 88 94 13 6 93 39 55 20 70 26 76 0 85 68 2 33 58 50 89 42 79 31 43 49 74 80 84 14 12 59 44 18 75 53 47 97 64 96 67 19 63 37 48 73 24 3 30 92 46 52 78 72 57 77 41 51 21 15 5 11 98 54 82 45 29 91 95 27 9 69 62 60 61 7 32 36 23 86 22 71 40 17 4 8 81 25 10 56 87
108 137 159 112 104 136 121 171 174 117 163 179 100 103 182 138 146 192 197 109 139 158 160 113 124 165 184 125 164 167 142 170 127 185 194 181 187 186 183 156 178 116 162 198 168 195 123 126 119 172 169 128 161 191 153 180 190 154 141 188 173 110 148 133 143 196 149 193 114 106 105 118 107 152 120 129 157 130 189 145 147 134 135 175 132 111 144 140 176 102 131 177 115 199 150 122 166 155
457 486 433 413 426 469 490 467 448 481 470 487 478 430 411 471 497 417 412 410 472 484 437 434 436 429 423 444 435 427 445 482 441 458 405 455 463 447 422 419 476 421 414 466 418 498 485 415 496 442 449 404 493 456 491 408 460 474 473 464 494 492 424 462 483 488 489 465 416 409 453 406 438 402 425 420 446 499 407 450 459 439 440 461 451 443 403 468 479 432 452 475 431 495 454 428 477 480 401
872 828 866 882 830 861 804 831 836 850 874 814 898 806 813 845 839 809 808 893 887 827 876 819 875 825 862 821 802 851 890 854 800 892 858 838 812 852 816 878 853 879 844 805 820 896 868 841 826 856 859 884 865 849 803 870 834 885 873 855 843 894 863 829 895 857 840 832 835 871 833 811 823 897 864 810 886 815 807 883 847 842 846 880 860 881 869 817 848 877 888 837 867 889 818 822 899 824 891
277 231 289 265 274 213 237 286 299 270 227 282 280 271 212 258 232 242 297 284 223 295 225 292 215 279 255 210 293 218 281 208 234 296 269 219 263 240 204 224 291 252 251 246 285 260 217 230 287 264 214 228 266 202 249 233 206 216 253 290 238 267 244 221 203 262 298 245 241 273 278 222 207 250 200 239 236 276 205 226 209 220 268 283 248 235 259 261 211 272 275 243 294 247 254 288 257 229 256
790 720 789 749 767 718 771 788 728 719 768 753 733 722 721 715 730 737 759 752 795 785 748 723 761 740 783 780 766 738 774 765 734 754 756 712 743 772 782 739 745 787 703 726 797 762 773 735 799 778 751 779 714 708 710 732 736 707 770 706 775 729 758 757 786 764 777 776 792 769 755 793 731 796 713 701 725 784 716 704 781 760 746 794 741 709 711 763 724 791 750 702 798 744 705 747 717 742
626 603 613 642 619 682 698 689 659 646 624 620 664 602 608 663 629 623 632 617 618 631 652 604 687 679 647 622 644 699 697 658 677 601 634 678 649 610 625 654 665 628 648 621 605 683 609 681 694 695 673 669 614 672 638 606 656 651 615 641 696 684 692 661 667 630 666 653 639 690 657 636 611 607 693 671 640 691 686 627 674 670 612 676 650 655 637 662 633 675 643 668 680 645 635 660 688 685 616
535 515 560 514 571 507 564 569 536 583 533 561 548 554 523 527 553 524 512 581 567 576 504 537 577 584 587 502 534 578 566 563 542 501 508 526 568 573 579 588 550 532 525 596 518 552 580 545 574 575 541 591 551 599 511 595 586 522 530 556 594 540 520 590 582 562 543 547 570 593 516 585 510 506 598 597 531 513 509 589 565 505 539 592 558 529 557 528 538 559 517 555 546 549 519 521 544 503
390 327 389 326 379 309 398 377 369 350 397 339 356 344 363 319 324 358 394 321 380 381 383 391 351 361 357 372 353 303 371 314 354 347 328 384 333 386 396 374 365 362 375 399 331 342 355 318 393 352 388 305 338 385 378 366 320 345 370 313 334 323 335 360 306 367 322 307 337 302 315 387 349 311 340 343 346 341 359 348 310 376 364 304 373 300 329 382 312 317 308 330 325 368 395 336 332 392
801
151
1
700
900
400
600
201
500
572
727
316
301
101