973
94 49 26 14 75 74 51 35 22 58 11 27 28 0 83 36 48 84 18 16 6 7 69 91 71 98 25 21 12 81 88 32 99 38 92 24 82 52 63 55 4 64 77 3 97 44 59 13 72 86 85 90 79 66 96 87 57 29 9 60 10 40 47 2 95 46 23 20 15 50 54 73 76
114
434 408 470 467 489 456 497 407 491 447 469 486 425 473 409 498 444 439 426 454 448 433 479 490 482 442 460 403 435 431 483 462 465 411 401 424 461 488 449 495 455 452 445 458 414 476 415 459 438 404 466 468 474 437 499 464 419 475 443 494 413 406 428 422 457 430 441 485 478 410 412 420 402 492 405 487 453 480 471 416 427
176 132 110 177 108 152 161 173 135 106 185 112 119 197 134 104 154 137 140 168 116 115 149 139 128 127 169 182 113 193 188 166 196 150 187 174 144 183 157 165 142 105 195 126 186 167 131 120 136 163 155 133 109 162 143 125 164 160 103 145 138 141 148 124 147
860 858 814 866 880 873 851 806 861 882 872 853 889 846 818 810 857 892 896 824 840 895 891 831 822 897 890 899 828 898 850 878 816 852 829 894 868 817 805 823 827 871 836 865 839 804 893 883 825 847 837 841 800 867 887 886 869 877 874 820 834 830 849 854 819 812 848 845 844 826 832 888 870 843 803 809 815 835 838 813 885 884 875
964 976 931 959 921 922 904 907 940 926 917 938 996 949 935 995 929 966 918 901 985 911 952 990 916 924 961 984 991 946 965 906 927 982 934 902 981 988 950 998 968 977 956 980 955 960 942 920 958 979 903 925 936 913 953 939 974 908 962 930 919 971 989 967 910 941 983 986 972 912 944
295 267 202 226 288 214 298 285 270 219 283 273 251 299 242 281 266 254 200 244 216 261 287 207 282 208 286 263 259 203 289 230 234 249 228 284 206 280 297 210 229 253 250 221 290 217 256 245 238 205 235 258 223 237 293 225 247 272 255 246 222 252 274 291 278 277 227 218 257 275 265 231 236 262 209 204
798 715 701 744 716 796 759 720 731 739 736 724 791 772 735 767 769 771 712 793 714 790 765 787 751 752 738 766 783 760 754 753 729 788 773 711 702 774 719 781 721 709 762 747 742 799 768 704 746 722 755 750 703 740 792 732 705 786 756 757 741 749 713 777 718 776 723 743 778 761 779 782 717 728 770 784
667 647 637 672 676 654 670 646 693 698 694 642 630 641 629 688 678 616 622 699 607 632 631 685 625 668 664 605 692 649 680 662 601 635 665 634 660 615 636 620 677 669 666 671 651 659 681 628 650 663 621 614 640 697 661 674 643 638 645 695 658 633 626 653 655 684 627 682 608 675 691 696 679 648 604 683
802
954
557 523 589 575 584 546 547 580 538 586 510 509 555 539 525 578 550 535 597 533 516 599 554 507 545 564 590 585 560 541 595 579 519 588 582 571 563 593 527 501 540 531 574 567 521 508 514 506 566 520 591 556 573 511 552 569 559 598 577 594 583 512 570 532 517 505 534 543 544 542 581 504 549 537 529 518 536 596 530
8
398 307 378 396 344 319 312 389 321 330 372 338 352 342 339 341 371 375 361 351 346 391 357 392 327 306 356 334 314 353 362 311 331 333 364 390 380 393 368 394 350 305 370 332 381 348 363 325 317 366 354 377 399 322 324 359 365 349 318 326 369 345 313 340 309 300 329 337 379 386 360 303 343 385 323 388 387 336 367
994
264
548
17
915
33
708
833
612
801
111
56
932
611
347
421
503
418
355
39
304
151
656
123
689
146
957
384
562
239
515
100
970
248
619
1
987
710
129
587
180
565
700
268
706
159
726
436
863
764
808
933
745
999
260
240
172
429
947
397
609
748
320
107
30
639
308
212
477
279
613
602
190
70
122
797
34
158
215
568
864
191
53
383
937
737
951
198
5
707
528
551
65
78
690
276
117
41
502
909
241
522
463
156
233
923
618
432
45
243
493
181
19
451
513
789
859
900
730
376
558
400
450
440
876
997
600
335
624
652
121
68
969
328
175
201
945
603
170
500
130
617
315
31
623
89
572
526
576
992
220
373
271
727
644
842
118
43
446
358
192
785
758
423
213
928
80
905
673
686
294
733
102
382
606
310
484
561
687
821
472
780
914
993
269
179
184
725
67
316
374
807
93
496
763
879
524
775
37
963
178
417
199
862
292
553
943
856
795
296
301
794
101
61
811
232
42
592
211
189
153
610
855
881
224
948
481
62
395
657
302
194
978
734
975
171