973
0 57 28 59 36 91 46 87 2 29 18 25 84 4 54 86 49 60 71 20 22 3 95 79 72 14 16 69 76 40 77 38 9 74 81 55 92 12 85 50 58 44 23 88 27 98 35 52 51 99 48 97 64 94 21 82 6 90 66 10 15 75 96 26 63 7 32 13 24 47 73 83 11
114
401 460 442 441 452 456 407 430 483 474 434 462 431 487 449 479 453 448 437 445 482 473 406 428 419 458 412 468 454 457 408 465 495 498 425 469 415 475 435 438 443 405 439 411 471 478 492 433 466 461 485 416 403 489 410 497 424 490 480 409 444 459 455 488 464 491 420 447 422 467 402 426 413 486 470 494 404 499 427 476 414
125 120 150 110 137 149 169 113 139 187 145 143 134 124 109 154 174 133 148 177 119 104 157 135 144 168 131 115 106 173 141 140 188 186 165 112 195 182 197 166 105 127 132 138 128 161 196 126 116 185 103 147 136 142 183 176 193 160 163 152 155 164 108 167 162
838 832 889 847 892 800 836 870 846 817 823 850 895 860 828 854 882 809 898 843 803 866 857 830 899 815 813 869 816 868 819 844 853 840 824 865 880 871 814 831 874 810 820 887 873 852 805 888 849 829 867 897 806 827 877 893 858 894 891 896 872 825 883 818 884 834 837 878 845 804 835 826 875 839 886 841 822 861 885 890 812 851 848
938 939 929 990 988 912 925 962 959 940 956 955 958 996 985 977 991 980 935 981 964 949 950 911 967 904 971 974 942 961 924 926 930 944 966 953 998 968 952 908 984 910 979 901 920 927 918 976 972 917 907 906 916 982 986 995 934 941 965 983 921 922 902 946 936 903 931 919 989 960 913
230 206 290 251 225 217 222 287 275 204 216 210 288 284 205 265 237 256 277 253 252 208 255 246 257 278 266 282 259 258 285 227 238 291 218 245 244 242 263 203 219 281 299 267 209 274 272 254 297 234 226 249 228 293 289 280 214 221 200 250 283 235 273 202 298 295 262 247 223 229 261 270 286 231 207 236
713 736 731 777 776 753 712 796 715 772 732 722 778 769 723 720 786 791 752 749 756 721 747 718 742 774 739 790 770 746 787 728 762 757 744 781 768 702 719 767 792 703 788 704 714 793 716 761 701 784 771 798 709 754 765 783 759 760 741 779 773 751 755 711 717 782 735 738 724 799 705 729 743 750 740 766
664 633 659 614 631 667 671 616 693 688 650 674 634 645 676 695 698 607 679 608 692 672 635 647 601 678 684 665 621 636 637 627 625 620 662 663 675 630 638 604 677 666 681 632 660 668 670 640 615 699 682 654 651 646 661 643 696 697 605 685 629 694 628 626 622 641 649 658 669 653 683 691 680 642 655 648
802
954
559 550 535 517 577 525 597 595 554 557 555 514 511 549 508 590 543 507 598 593 546 594 588 581 573 574 505 570 516 537 575 596 538 579 542 582 540 583 586 531 519 556 599 589 591 547 529 520 578 501 563 512 564 584 532 527 510 541 571 530 536 504 521 523 580 552 518 533 566 506 509 545 560 539 534 585 544 567 569
8
313 346 327 350 352 351 345 326 360 331 303 312 365 394 370 359 367 375 305 307 364 341 354 392 362 306 396 372 353 399 391 388 387 390 338 342 324 332 314 386 356 317 357 340 337 336 333 325 378 385 349 311 330 321 348 323 339 322 343 363 368 377 379 366 318 334 300 393 380 369 371 381 361 319 309 344 389 398
994
264
548
17
915
33
708
833
612
801
111
56
932
611
347
421
503
418
355
39
304
151
656
123
689
146
957
384
562
239
515
100
970
248
619
1
987
710
129
587
180
565
700
268
706
159
726
436
863
764
808
933
745
999
260
240
172
429
947
397
609
748
320
107
30
639
308
212
477
279
613
602
190
70
122
797
34
158
215
568
864
191
53
383
937
737
951
198
5
707
528
551
65
78
690
276
117
41
502
909
241
522
463
156
233
923
618
432
45
243
493
181
19
451
513
789
859
900
730
376
558
400
450
440
876
997
600
335
624
652
121
68
969
328
175
201
945
603
170
500
130
617
315
31
623
89
572
526
576
992
220
373
271
727
644
842
118
43
446
358
192
785
758
423
213
928
80
905
673
686
294
733
102
382
606
310
484
561
687
821
472
780
914
993
269
179
184
725
67
316
374
807
93
496
763
879
524
775
37
963
178
417
199
862
292
553
943
856
795
296
301
794
101
61
811
232
42
592
211
189
153
610
855
881
224
948
481
62
395
657
302
329
194
978
734
975
171