973
44 77 2 4 38 15 12 7 50 92 83 6 96 63 23 29 76 28 52 22 75 59 99 55 40 47 27 73 0 82 36 74 51 21 85 72 24 58 3 11 10 20 18 32 35 46 88 84 79 60 16 57 91 13 26 97 14 69 86 87 98 66 90 49 64 81 25 94 71 48 95 9 54
114
416 475 406 460 452 411 490 453 422 491 408 488 405 474 479 466 402 467 495 403 437 458 478 497 413 428 444 468 409 425 461 492 442 412 410 469 404 473 489 476 415 486 480 414 494 449 465 464 433 439 447 448 499 498 434 431 420 482 455 407 424 456 427 426 419 487 470 457 430 401 462 471 443 454 459 435 483 445 441 438 485
152 163 140 197 187 188 109 105 120 142 164 160 137 161 138 154 169 177 134 136 166 132 131 193 143 165 135 162 119 182 174 195 126 112 149 173 185 110 103 145 113 176 144 106 168 139 148 127 157 115 150 133 108 124 116 196 128 147 167 141 125 186 104 155 183
852 839 830 843 815 861 835 813 884 837 810 819 820 827 871 809 831 816 898 829 853 878 897 868 817 806 874 845 867 848 887 823 885 877 834 824 872 841 894 890 857 891 800 847 828 892 851 899 840 869 888 849 812 804 870 873 836 825 826 858 882 886 805 895 844 875 893 889 865 860 883 818 822 866 838 803 846 850 880 814 854 896 832
980 929 989 901 912 918 953 949 962 956 919 903 931 917 907 939 955 934 982 944 916 952 972 926 927 984 971 995 988 921 985 940 935 925 958 930 966 986 913 967 911 906 960 998 922 977 904 965 979 990 996 902 961 964 920 976 908 941 981 938 942 936 950 968 910 974 959 983 946 991 924
217 226 205 275 297 273 227 223 251 216 210 204 299 245 222 247 244 265 278 291 202 209 229 257 221 231 236 253 262 249 234 200 230 280 290 258 281 246 285 283 219 218 289 203 288 256 228 214 225 242 282 298 208 255 238 263 266 274 287 270 252 286 293 206 259 254 267 272 284 250 235 237 295 277 261 207
769 718 765 767 709 740 757 766 761 779 701 702 754 790 781 742 759 755 771 721 756 798 724 736 787 711 746 731 799 703 735 749 713 772 743 723 715 783 714 738 752 793 741 728 773 791 774 712 770 762 782 717 792 719 732 768 750 744 716 784 788 760 776 796 705 722 739 777 753 786 747 729 778 751 720 704
647 620 651 641 684 659 634 663 675 661 636 694 649 665 629 642 632 666 622 605 646 631 633 607 615 672 667 660 697 645 640 648 679 662 643 699 668 650 671 601 621 678 680 669 653 628 654 637 691 655 670 682 692 616 695 630 664 698 693 683 626 674 681 685 676 614 658 638 696 627 604 608 677 688 635
802
954
570 517 569 566 529 542 516 567 595 535 539 523 521 585 546 580 584 597 571 596 574 593 532 509 511 552 512 575 531 563 582 545 549 538 540 550 505 581 543 598 594 504 518 537 534 591 579 590 527 589 564 588 577 547 533 510 544 514 556 507 559 586 557 501 519 536 583 508 525 554 599 530 520 573 555 578 541 560 506
8
369 343 300 338 370 324 305 325 361 362 366 314 312 399 348 331 391 336 330 339 334 345 321 354 303 326 351 364 363 346 352 392 307 342 389 359 306 350 356 360 398 379 349 322 377 311 337 375 313 365 341 309 396 385 387 323 318 332 386 380 368 371 381 327 390 340 344 357 394 378 388 333 319 393 353 317 367 372
994
264
548
17
915
33
708
833
612
801
111
56
932
611
347
421
503
418
355
39
304
151
656
123
689
146
957
384
562
239
515
100
970
248
619
1
987
710
129
587
180
565
700
268
706
159
726
436
863
764
808
933
745
999
260
240
172
429
947
397
609
748
320
107
30
639
308
212
477
279
613
602
190
70
122
797
34
158
215
568
864
191
53
383
937
737
951
198
5
707
528
551
65
78
690
276
117
41
502
909
241
522
463
156
233
923
618
432
45
243
493
181
19
451
513
789
859
900
730
376
558
400
450
440
876
997
600
335
624
652
121
68
969
328
175
201
945
603
170
500
130
617
315
31
623
89
572
526
576
992
220
373
271
727
644
842
118
43
446
358
192
785
758
423
213
928
80
905
673
686
294
733
102
382
606
310
484
561
687
821
472
780
914
993
269
625
179
184
725
67
316
374
807
93
496
763
879
524
775
37
963
178
417
199
862
292
553
943
856
795
296
301
794
101
61
811
232
42
592
211
189
153
610
855
881
224
948
481
62
395
657
302
329
194
978
734
975
171