973
12 26 77 25 2 44 4 6 47 49 3 73 32 48 71 9 66 54 97 52 72 27 57 88 96 69 64 36 92 35 7 58 29 10 24 16 79 85 15 18 75 87 94 60 63 13 59 95 40 84 22 86 55 74 51 82 46 14 81 76 28 99 23 11 38 98 20 21 91 90 50 83 0
114
467 464 469 480 485 402 468 470 459 415 444 404 495 405 437 449 452 497 473 475 442 458 461 487 498 428 456 414 408 490 406 441 424 486 438 422 427 407 416 411 457 488 409 431 462 454 430 478 410 426 401 435 448 443 434 412 466 420 482 491 445 474 455 489 494 492 453 465 439 413 419 483 479 476 403 460 447 471 433 499 425
135 125 132 162 105 173 183 131 128 143 150 187 142 119 126 163 167 169 145 127 197 134 161 157 154 160 166 186 103 109 140 104 116 176 115 138 188 120 193 182 137 149 155 110 174 112 133 141 136 177 148 144 152 196 195 139 106 165 108 113 168 147 124 164 185
827 849 832 848 831 806 891 885 853 877 895 839 870 800 826 869 810 874 867 829 883 847 814 851 854 882 871 823 889 866 898 899 835 816 890 868 861 804 893 844 887 830 815 850 819 837 875 896 852 888 836 884 809 820 818 857 843 803 838 825 822 845 894 858 880 892 846 812 841 860 834 805 872 878 897 873 840 817 865 824 886 813 828
944 941 977 964 998 910 990 938 922 929 995 979 955 965 934 989 907 927 913 952 924 925 920 967 902 974 936 935 919 911 959 996 916 939 904 926 906 991 988 930 971 980 958 903 966 976 950 931 940 968 960 918 953 962 917 901 949 961 908 942 956 984 981 983 982 946 921 912 972 985 986
295 255 226 228 299 252 208 238 219 266 225 284 235 245 236 230 285 223 283 231 216 244 253 280 297 249 214 209 272 298 257 273 291 281 242 222 286 270 207 234 277 221 254 261 278 218 289 265 288 259 246 262 217 200 204 227 263 290 267 274 202 206 229 247 256 203 250 293 275 287 237 210 205 282 258
755 716 712 750 792 761 784 788 798 783 719 796 735 744 711 773 782 715 776 759 791 760 751 754 741 739 766 720 749 722 786 746 793 736 714 732 703 702 743 724 772 723 762 779 778 717 747 765 770 774 728 721 704 753 731 768 718 790 701 781 757 738 705 742 713 709 769 767 740 787 752 771 729 777 799 756
601 628 660 693 682 636 631 671 676 648 647 681 632 697 674 653 692 683 629 627 695 659 622 679 642 650 651 684 677 638 615 645 637 699 649 620 698 688 663 694 626 621 633 670 678 685 604 634 669 646 655 696 635 665 667 662 668 661 672 664 614 605 630 616 643 607 608 641 654 666 680 675 658 640 691
802
954
593 544 510 594 578 563 557 533 520 556 505 516 519 569 535 590 537 580 573 527 546 597 575 550 509 536 566 583 581 521 539 532 586 530 596 538 543 598 588 559 589 504 542 534 577 555 508 545 585 571 529 564 584 506 552 554 560 547 514 579 512 501 517 591 531 574 599 595 570 525 511 540 567 518 549 541 507 523 582
8
330 339 336 348 399 366 380 352 327 314 323 324 368 372 357 307 370 313 364 393 346 309 394 363 343 300 353 354 385 337 396 306 318 321 379 317 326 351 365 345 334 341 356 331 359 388 362 392 319 381 360 340 398 312 371 361 369 305 349 333 311 367 389 391 386 342 332 387 390 378 375 322 350 303 344 338 325 377
994
264
548
17
915
33
708
833
612
801
111
56
932
611
347
421
503
418
355
39
304
151
656
123
689
146
957
384
562
239
515
100
970
248
619
1
987
710
129
587
180
565
700
268
706
159
726
436
863
764
808
933
745
999
260
240
172
429
947
397
609
748
320
107
30
639
308
212
477
279
613
602
190
70
122
797
34
158
215
568
864
191
53
383
937
737
951
198
5
707
528
551
65
78
690
276
117
41
502
909
241
522
463
156
233
923
618
432
45
243
493
181
19
451
513
789
859
900
730
376
558
400
450
440
876
997
600
335
624
652
121
68
969
328
175
201
945
603
170
500
130
617
315
31
623
89
572
526
576
992
220
373
271
727
644
842
118
43
446
358
192
785
758
423
213
928
80
905
673
686
294
733
102
382
606
310
484
561
687
251
821
472
780
914
993
269
625
179
184
725
67
316
374
807
93
496
763
879
524
775
37
963
178
417
199
862
292
553
943
856
795
296
301
794
101
61
811
232
42
592
211
189
153
610
855
881
224
948
481
62
395
657
302
329
194
978
734
975
171