973
73 83 25 71 11 54 44 51 3 27 52 96 13 72 66 84 38 75 85 48 90 59 87 32 21 77 26 57 76 69 58 24 91 81 22 82 20 18 97 12 15 28 99 40 6 9 29 2 88 36 94 74 86 0 92 7 49 98 23 55 4 46 14 64 60 50 16 63 35 95 10 47 79
114
487 403 480 488 469 427 474 430 415 468 402 478 461 495 443 438 431 475 445 424 482 413 426 476 494 452 419 412 458 447 499 454 435 414 439 456 489 406 428 404 448 441 471 442 486 411 401 464 453 497 420 460 416 407 449 405 434 479 473 483 485 410 467 409 444 491 466 437 462 490 459 422 433 457 465 470 455 492 498 425
183 147 162 177 144 168 103 116 132 163 115 119 125 196 127 133 154 165 140 124 105 186 173 110 108 155 197 134 185 160 141 166 161 152 193 112 109 145 143 149 104 113 131 187 167 176 139 148 188 128 164 137 169 126 182 135 106 195 157 174 120 138 150 136 142
827 820 803 817 872 850 813 884 826 882 857 834 858 878 825 845 861 854 828 898 810 887 835 843 818 885 891 893 866 830 849 868 880 837 841 832 840 815 875 806 865 812 869 897 809 819 847 804 877 867 853 871 895 839 873 883 844 888 848 846 874 836 822 899 892 870 838 831 805 894 823 860 800 852 814 896 889 824 851 816 829 886 890
941 919 989 990 952 980 958 916 920 936 960 979 922 974 972 908 934 946 924 955 942 956 991 967 906 903 913 998 995 985 917 904 944 929 911 964 950 901 939 982 983 949 940 981 907 918 996 959 977 961 966 953 926 927 965 935 931 988 930 938 902 962 984 986 912 971 968 976 910 921 925
210 228 206 221 293 261 207 252 253 204 265 214 272 295 254 247 237 262 282 235 255 231 274 273 238 266 298 246 275 288 223 225 219 256 278 285 230 291 287 277 258 234 242 250 208 249 280 205 263 236 200 227 226 203 289 267 244 202 229 216 283 218 284 281 299 222 209 257 217 270 290 245 286 259 297
782 772 741 746 776 714 718 787 771 752 777 738 773 768 728 753 731 709 790 788 755 774 759 799 715 781 722 735 712 705 702 747 729 754 720 760 796 757 779 761 766 703 786 749 744 719 716 711 739 740 723 750 701 762 792 717 767 713 742 778 793 751 784 743 724 770 732 721 783 765 756 769 736 798 791 704
614 648 695 697 664 693 676 620 672 666 678 669 688 675 699 641 630 645 685 660 626 636 654 646 627 661 634 663 622 658 608 640 691 638 674 653 667 605 680 683 670 665 694 637 604 631 698 615 607 662 601 629 684 696 692 659 635 682 650 633 632 671 621 677 628 642 655 643 651 668 681 649 679 647 616
802
954
584 574 543 506 534 510 563 514 521 537 530 511 519 590 546 531 573 541 566 560 581 591 555 599 505 508 504 544 564 523 527 529 549 545 586 598 594 516 570 579 512 595 535 540 571 556 567 589 532 582 575 593 542 501 509 578 518 585 559 525 538 583 547 539 507 552 557 588 577 580 536 533 596 597 520 550 517 569 554
8
366 357 326 363 387 370 337 313 321 380 346 391 385 338 342 325 314 396 341 345 398 356 336 393 322 331 392 309 305 312 365 360 344 334 300 369 330 350 311 348 323 349 339 394 343 317 364 375 307 362 378 324 390 388 368 361 371 381 303 318 354 386 377 327 306 353 367 333 399 319 332 359 372 352 340 351 389 379
994
264
548
17
915
33
708
833
612
801
111
56
932
611
347
421
503
418
355
39
304
151
656
123
689
146
957
384
562
239
515
100
970
248
619
1
987
710
129
587
180
565
700
268
706
159
726
436
863
764
808
933
745
999
260
240
172
429
947
397
609
748
320
107
30
639
308
212
477
279
613
602
190
70
122
797
34
158
215
568
864
191
53
383
937
737
951
198
5
707
528
551
65
78
690
276
117
41
502
909
241
522
463
156
233
923
618
432
45
243
493
181
19
451
513
789
859
900
730
376
558
400
450
440
876
997
600
408
335
624
652
121
68
969
328
175
201
945
603
170
500
130
617
315
31
623
89
572
526
576
992
220
373
271
727
644
842
118
43
446
358
192
785
758
423
213
928
80
905
673
686
294
733
102
382
606
310
484
561
687
251
821
472
780
914
993
269
625
179
184
725
67
316
374
807
93
496
763
879
524
775
37
963
178
417
199
862
292
553
943
856
795
296
301
794
101
61
811
232
42
592
211
189
153
610
855
881
224
948
481
62
395
657
302
329
194
978
734
975
171