973
35 60 50 97 71 49 9 95 98 10 51 47 23 40 84 21 55 44 87 27 75 15 63 28 85 69 86 24 64 38 13 94 36 7 18 3 26 83 88 20 29 90 79 82 81 22 57 92 6 32 73 58 91 4 16 48 77 2 96 59 0 25 54 52 72 74 12 66 11 46 99 76 14
114
480 453 449 474 445 464 473 483 495 489 469 499 405 465 428 448 476 414 402 478 497 460 447 406 468 494 438 439 415 443 492 457 466 437 498 490 409 441 431 471 467 407 412 444 488 458 455 454 475 403 456 486 419 461 420 411 487 425 427 410 442 422 479 482 434 424 401 430 413 462 452 459 435 470 426 404 433 491 485 416
120 193 133 115 185 106 163 167 116 110 109 168 144 160 177 187 105 140 176 196 103 161 127 149 188 154 137 186 112 162 169 136 174 147 126 152 143 166 104 157 195 124 155 142 138 165 135 182 197 119 113 150 183 125 131 145 128 148 141 164 134 173 139 132 108
804 898 866 891 819 845 809 853 893 885 896 832 831 892 818 837 820 887 816 814 828 877 848 823 822 894 874 817 835 851 806 830 890 889 875 827 834 888 839 861 843 886 870 878 868 836 803 829 825 810 869 844 812 813 883 840 846 841 838 867 884 871 897 860 873 858 872 852 800 850 865 826 882 849 854 895 847 880 899 815 805 824 857
971 998 965 979 930 983 952 919 935 967 966 936 904 962 916 920 984 988 918 922 976 946 938 929 990 913 912 931 901 989 955 925 950 959 906 961 972 926 927 985 982 910 941 995 964 917 960 980 911 991 924 981 996 977 986 921 940 942 907 944 908 949 974 939 902 968 956 903 958 934
231 250 255 289 261 290 256 283 298 238 235 273 254 242 275 293 287 245 207 222 217 204 263 267 274 288 265 286 226 278 202 277 247 219 272 252 230 270 244 214 236 208 234 246 258 225 216 257 253 229 203 282 249 262 206 280 218 223 297 227 291 295 221 266 228 205 285 259 299 200 210 237 209 284 281
771 731 709 732 713 749 738 716 781 790 778 728 720 787 750 723 791 779 782 788 721 783 705 765 703 762 760 714 739 777 717 774 796 753 793 784 719 773 724 744 747 712 769 767 742 718 711 792 755 799 702 770 757 743 776 736 761 715 704 746 772 759 729 701 740 756 754 751 722 766 735 786 741 752 798 768
604 671 629 677 669 663 646 634 605 643 658 627 683 647 696 651 631 699 692 670 649 615 674 637 667 653 641 665 622 697 685 650 630 628 681 655 601 636 693 638 607 676 695 635 668 633 694 664 660 632 616 620 654 672 666 608 684 675 682 626 688 614 698 678 691 640 680 661 648 645 621 662 679 642 659
802
954
542 550 570 505 559 585 504 564 535 532 560 584 586 537 540 597 534 554 510 507 517 538 541 583 529 545 511 544 581 543 577 518 508 557 593 596 549 516 569 531 552 595 573 563 556 527 555 523 514 506 598 578 509 579 591 566 547 580 599 501 567 590 582 571 536 525 588 546 533 519 539 530 589 520 575 512 521 574 594
8
360 311 380 354 314 336 372 350 371 346 332 342 312 343 345 398 385 367 341 391 327 357 324 323 309 307 353 386 331 377 330 306 338 379 370 394 375 322 348 333 344 318 319 388 363 393 389 359 303 325 365 349 339 378 337 368 369 305 396 313 364 317 300 361 352 399 356 392 387 340 321 334 351 326 381 362 390 366
994
264
548
17
915
33
708
833
612
801
111
56
932
611
347
421
503
418
355
39
304
151
656
123
689
146
957
384
562
239
515
100
970
248
619
1
987
710
129
587
180
565
700
268
706
159
726
436
863
764
808
933
745
999
260
240
172
429
947
397
609
748
320
107
30
639
308
212
477
279
613
602
190
70
122
797
34
158
215
568
864
191
53
383
937
737
951
198
5
707
528
551
65
78
690
276
117
41
502
909
241
522
463
156
233
923
618
432
45
243
493
181
953
19
451
513
789
859
900
730
376
558
400
450
440
876
997
600
408
335
624
652
121
68
969
328
175
201
945
603
170
500
130
617
315
31
623
89
572
526
576
992
220
373
271
727
644
842
118
43
446
358
192
785
758
423
213
928
80
905
673
686
294
733
102
382
606
310
484
561
687
251
821
472
780
914
993
269
625
179
184
725
67
316
374
807
93
496
763
879
524
775
37
963
178
417
199
862
292
553
943
856
795
296
301
794
101
61
811
232
42
592
211
189
153
610
855
881
224
948
481
62
395
657
302
329
194
978
734
975
171