973
74 72 4 25 10 22 81 48 87 38 79 66 51 76 92 86 27 88 12 18 83 54 71 2 32 99 0 47 97 77 73 9 58 91 14 21 63 84 50 90 57 7 46 40 3 52 11 20 94 95 69 64 96 49 36 13 82 44 26 23 98 16 29 60 85 6 75 15 28 35 24 55 59
114
447 461 480 404 437 409 460 495 474 405 416 442 411 498 479 430 438 415 402 407 453 427 428 462 482 444 454 467 492 466 490 413 448 458 414 468 412 465 410 443 449 456 486 478 439 441 435 494 419 485 425 497 491 471 455 452 487 406 433 475 424 457 426 434 499 431 445 489 483 459 464 473 401 470 420 469 476 422 403 488
105 150 110 142 103 133 135 112 148 115 195 138 185 196 155 162 141 163 177 169 137 147 134 126 116 149 166 132 139 157 125 124 104 154 167 174 140 108 136 113 173 165 187 119 152 109 144 161 127 182 143 197 186 106 188 160 176 193 164 131 145 168 183 120
846 860 813 874 837 832 857 897 878 840 806 847 866 880 828 831 800 823 838 893 836 875 873 809 870 894 889 883 858 888 803 826 814 835 896 899 884 861 895 815 820 812 868 854 824 810 816 834 865 850 817 849 841 886 845 882 853 852 890 844 891 819 822 851 898 871 827 848 872 825 805 869 804 830 843 877 829 839 818 887 892 867 885
939 934 964 995 924 968 908 936 929 916 977 940 907 985 972 952 961 946 925 990 913 931 912 983 921 911 966 962 988 984 998 938 930 949 986 927 918 989 991 967 920 960 996 919 955 941 944 904 959 981 922 958 901 980 942 971 935 917 902 910 956 950 979 906 982 926 965 903 974 976
270 278 253 257 250 298 277 263 272 205 214 280 244 236 283 218 230 203 227 204 209 274 207 273 261 290 238 286 206 281 295 231 202 297 249 237 226 266 291 225 234 289 229 221 285 254 228 210 288 216 219 287 284 247 282 252 256 242 208 217 299 235 200 262 259 293 275 255 265 246 222 267 223 245 258
772 778 749 739 741 799 767 709 786 719 746 713 714 750 770 756 781 790 777 717 782 740 720 735 783 796 753 712 723 757 793 779 747 759 729 715 774 792 787 760 788 731 743 701 798 784 702 736 769 711 755 716 751 738 765 718 762 776 744 768 742 752 754 705 766 761 773 732 722 703 704 728 724 721 791 771
684 653 649 622 699 630 672 692 695 669 681 637 668 662 650 665 604 608 661 621 677 660 638 670 674 616 682 641 631 627 698 666 651 645 614 632 607 648 679 629 628 667 640 654 659 688 685 675 694 605 663 655 615 680 635 633 620 646 671 643 693 647 696 601 691 683 664 658 636 626 697 678 642 676 634
802
954
507 595 501 535 580 589 527 514 598 516 511 550 584 583 539 575 555 599 542 570 556 531 571 567 597 519 554 523 564 569 532 582 518 577 541 508 574 543 581 559 563 509 525 549 590 552 536 586 593 566 588 546 512 505 596 521 591 533 540 504 547 529 517 579 545 506 538 510 534 537 585 594 520 573 578 560 544 557 530
8
360 353 348 336 386 379 345 385 349 342 313 361 317 363 362 388 334 387 312 366 367 300 364 341 352 375 339 371 340 356 372 303 332 377 399 370 368 326 398 357 321 394 309 338 369 390 325 365 391 380 396 381 305 323 307 333 327 319 392 350 337 393 344 354 359 351 343 378 389 324 318 330 322 314 311 306 346 331
994
264
548
17
128
915
33
708
833
612
801
111
56
932
611
347
421
503
418
355
39
304
151
656
123
689
146
957
384
562
239
515
100
970
248
619
1
987
710
129
587
180
565
700
268
706
159
726
436
863
764
808
933
745
999
260
240
172
429
947
397
609
748
320
107
30
639
308
212
477
279
613
602
190
70
122
797
34
158
215
568
864
191
53
383
937
737
951
198
5
707
528
551
65
78
690
276
117
41
502
909
241
522
463
156
233
923
618
432
45
243
493
181
953
19
451
513
789
859
900
730
376
558
400
450
440
876
997
600
408
335
624
652
121
68
969
328
175
201
945
603
170
500
130
617
315
31
623
89
572
526
576
992
220
373
271
727
644
842
118
43
446
358
192
785
758
423
213
928
80
905
673
686
294
733
102
382
606
310
484
561
687
251
821
472
780
914
993
269
625
179
184
725
67
316
374
807
93
496
763
879
524
775
37
963
178
417
199
862
292
553
943
856
795
296
301
794
101
61
811
232
42
592
211
189
153
610
855
881
224
948
481
62
395
657
302
329
194
978
734
975
171