973
52 82 16 69 13 75 98 29 57 3 26 63 27 22 36 25 66 14 79 12 18 94 32 96 51 92 72 90 23 97 55 15 35 58 74 48 85 73 64 6 2 77 38 9 20 83 7 54 60 46 10 24 84 86 76 0 4 71 59 91 87 28 21 81 47 99 50 40 11 44 49 88 95
114
491 456 434 492 409 470 483 485 464 461 403 490 416 428 404 442 438 437 413 473 443 453 486 480 415 498 474 467 479 401 439 420 476 495 465 488 468 406 419 449 454 462 448 478 475 455 466 441 410 482 460 435 407 433 414 422 471 447 402 411 452 427 469 459 430 487 489 424 458 412 425 426 405 497 494 445 431 499 457 444
169 105 177 139 188 155 161 126 183 160 168 197 174 186 127 185 176 109 187 136 157 137 112 141 103 143 144 125 148 149 131 173 133 166 142 147 106 162 116 138 193 196 135 165 134 154 115 163 119 124 108 132 182 167 113 152 145 104 120 164 195 110 150 140
829 888 895 846 840 874 823 892 848 872 868 857 849 804 877 889 870 885 803 835 814 841 852 880 838 887 860 897 847 837 867 850 853 854 873 865 882 820 844 898 845 827 839 809 815 817 858 822 875 810 825 828 890 812 832 824 826 893 806 819 866 834 861 831 851 899 894 884 813 871 836 818 869 805 843 800 816 878 896 830 886 883 891
908 918 925 924 919 979 961 939 983 940 988 967 906 934 942 922 901 959 962 966 965 930 968 958 986 995 996 952 927 912 936 960 971 946 989 964 907 982 972 956 913 921 916 998 944 990 984 980 974 920 949 950 931 903 977 955 910 941 935 929 917 938 985 981 902 926 991 904 976 911
246 210 226 209 219 206 255 293 287 222 231 202 250 234 245 298 223 208 254 273 247 205 204 244 277 217 218 295 284 290 289 280 265 236 214 283 252 274 228 261 270 229 207 286 281 221 258 238 253 203 275 262 288 285 256 249 227 267 282 278 272 257 200 216 242 291 230 266 297 259 263 299 225 237 235
729 739 771 752 703 709 793 779 747 778 728 741 740 716 770 766 768 715 753 735 736 796 754 786 738 772 750 756 765 762 767 731 719 788 761 799 743 787 798 749 777 717 702 714 751 755 712 791 783 773 724 732 759 704 711 784 718 722 792 720 757 742 713 790 776 723 746 701 760 774 781 705 721 769 744 782
679 647 631 660 653 621 632 668 645 693 628 601 627 633 667 691 696 636 666 654 695 663 699 684 669 688 607 638 658 604 620 626 677 648 664 694 650 605 640 675 662 608 659 680 615 685 670 692 630 682 655 635 665 651 678 698 634 649 622 674 676 646 642 614 616 681 629 671 643 641 637 661 697 683
802
954
564 514 555 571 538 584 518 580 543 560 577 527 512 520 516 599 504 597 540 539 557 598 517 529 541 509 505 532 534 545 591 536 501 519 563 579 525 556 585 533 583 537 547 506 570 567 578 573 510 559 531 586 550 581 511 574 569 544 530 508 546 595 575 507 566 523 549 552 593 596 589 554 588 521 590 542 594 582 535
8
348 371 396 324 381 323 386 341 342 377 314 351 390 319 333 354 388 398 312 309 393 327 399 313 300 305 307 366 387 311 337 365 368 372 361 360 392 369 332 338 330 345 336 326 334 375 389 378 321 318 357 349 394 370 353 364 379 346 331 339 350 363 325 303 317 322 340 344 306 343 367 356 391 359 352 362 385 380
994
264
548
17
128
915
33
708
833
612
801
111
56
932
611
347
421
503
418
355
39
304
151
656
123
689
146
957
384
562
239
515
100
970
248
619
1
987
710
129
587
180
565
700
268
706
159
726
436
863
764
808
933
745
999
260
240
172
429
947
397
609
748
320
107
30
639
308
212
477
279
613
602
190
70
122
797
34
158
215
568
864
191
53
383
937
737
951
198
5
707
528
551
65
78
690
276
117
41
502
909
241
522
463
156
233
923
618
432
45
243
493
181
953
19
451
513
789
859
900
730
376
558
400
450
440
876
997
600
408
335
624
652
121
68
969
328
175
201
945
603
170
500
130
617
315
31
623
89
572
526
576
992
220
373
271
727
644
842
118
43
446
358
192
785
758
423
213
928
80
905
673
686
294
733
102
382
606
310
484
561
687
251
821
472
780
914
993
269
625
179
184
725
67
316
374
807
93
496
763
879
524
775
37
963
178
417
199
862
292
553
943
856
795
296
301
794
672
101
61
811
232
42
592
211
189
153
610
855
881
224
948
481
62
395
657
302
329
194
978
734
975
171