973
14 21 50 27 84 98 75 38 25 97 81 71 12 91 23 28 46 88 57 36 35 64 11 15 74 90 24 13 77 66 52 26 22 96 6 4 86 7 87 20 72 99 85 2 58 16 48 3 10 40 69 55 95 76 44 73 83 18 51 59 94 82 60 0 63 79 54 29 9 47 49 32 92
114
404 415 452 406 474 499 430 482 461 414 422 464 443 488 492 448 494 419 447 411 473 444 491 462 439 409 489 407 457 426 435 498 416 476 478 454 459 428 441 455 453 479 470 458 490 403 460 424 485 413 410 438 437 456 497 468 401 412 465 402 442 427 469 475 434 425 466 420 433 487 467 486 471 449 483 405 480 495 431 445
136 161 174 116 188 138 135 139 162 164 112 143 165 104 142 169 195 124 132 127 120 152 141 173 148 140 106 168 115 197 187 183 109 193 154 166 134 103 157 137 126 196 149 119 147 182 177 144 145 133 163 176 160 186 108 131 125 105 150 167 155 113 185 110
887 832 872 888 824 845 835 841 830 850 848 825 816 846 869 836 895 849 828 868 883 847 884 858 896 813 871 866 804 889 805 831 814 857 820 817 890 822 800 867 829 834 861 818 806 880 837 870 894 823 810 827 892 873 812 875 885 878 893 899 844 840 851 815 874 819 826 839 860 852 882 843 803 865 891 809 898 854 853 886 877 897 838
931 956 941 939 964 990 912 916 925 961 966 977 936 965 989 952 910 985 995 920 991 998 901 962 984 917 906 979 958 980 903 942 986 955 988 935 918 929 944 930 968 902 983 934 976 927 913 919 946 926 971 982 924 904 950 967 938 981 940 908 922 996 960 911 974 972 907 959 921 949
297 288 209 235 234 252 225 222 283 246 263 231 285 255 299 290 278 266 221 286 284 254 204 207 256 217 295 200 261 259 226 230 218 282 265 206 236 210 202 242 287 249 203 237 245 298 270 253 273 229 223 280 244 216 214 258 247 219 250 238 275 257 208 267 228 277 281 262 227 293 205 274 272 289 291
739 714 772 774 762 778 712 731 759 729 753 717 716 738 767 786 760 773 735 715 744 728 724 742 798 791 747 703 766 736 761 790 777 720 722 771 783 709 750 769 718 757 721 755 792 701 705 788 732 702 784 719 751 723 770 799 746 787 768 741 752 756 781 779 713 704 711 743 740 782 754 796 793 776 765 749
635 627 641 637 620 668 640 664 608 636 655 681 630 629 698 614 646 685 631 651 697 622 645 601 649 654 660 604 616 661 682 691 626 674 634 650 693 669 699 621 688 647 670 642 677 665 671 695 653 666 683 675 648 643 633 667 638 607 692 662 680 615 696 663 684 678 694 679 659 632 658 628 605 676
802
954
540 519 525 598 595 596 560 542 556 512 532 531 534 554 549 511 590 577 516 567 521 527 580 579 506 533 571 517 538 555 582 599 504 547 523 578 518 594 535 597 566 544 589 588 586 507 536 569 539 575 563 501 520 583 537 591 573 593 541 514 509 552 559 510 543 546 505 581 545 570 585 550 530 574 529 508 557 584
8
300 365 394 381 390 306 367 324 378 326 339 305 331 348 392 375 332 356 385 321 370 386 341 303 340 318 364 368 354 322 311 345 362 369 359 387 351 346 379 398 327 343 396 380 353 357 349 372 389 366 388 338 363 350 314 309 323 360 344 313 319 307 342 336 317 312 399 361 377 371 333 393 334 337 330 325 352 391
994
264
548
17
128
915
33
708
833
612
801
111
564
56
932
611
347
421
503
418
355
39
304
151
656
123
689
146
957
384
562
239
515
100
970
248
619
1
987
710
129
587
180
565
700
268
706
159
726
436
863
764
808
933
745
999
260
240
172
429
947
397
609
748
320
107
30
639
308
212
477
279
613
602
190
70
122
797
34
158
215
568
864
191
53
383
937
737
951
198
5
707
528
551
65
78
690
276
117
41
502
909
241
522
463
156
233
923
618
432
45
243
493
181
953
19
451
513
789
859
900
730
376
558
400
450
440
876
997
600
408
335
624
652
121
68
969
328
175
201
945
603
170
500
130
617
315
31
623
89
572
526
576
992
220
373
271
727
644
842
118
43
446
358
192
785
758
423
213
928
80
905
673
686
294
733
102
382
606
310
484
561
687
251
821
472
780
914
993
269
625
179
184
725
67
316
374
807
93
496
763
879
524
775
37
963
178
417
199
862
292
553
943
856
795
296
301
794
672
101
61
811
232
42
592
211
189
153
610
855
881
224
948
481
62
395
657
302
329
194
978
734
975
171