951 980 948 984 922 966 957 962 924 952 961 929 970 941 996 902 943 928 945 968 915 971 931 912 977 964 995 969 988 979 972 960 991 975 974 910 939 990 917 936 973 959 904 940 906 937 919 978 967 997 963 944 965 981 983 999 925 976 956 903 993 982 994 989 911 920 987 938 942 918 909 914 930 913 923 954 905 998 916 985 955 932 907 908 958 946 992 949 947 953 950 927 933 934 921 935 986 926 901
72 73 45 41 86 13 76 15 92 52 36 57 88 2 84 34 27 9 68 14 43 0 16 90 66 64 5 20 30 26 46 78 33 53 56 83 61 38 58 98 3 7 44 75 29 85 39 23 79 62 35 54 87 95 22 93 28 77 96 97 32 82 99 55 11 81 71 50 6 70 74 42 25 24 65 8 91 80 51 10 94 40 31 63 48 47 4 60 37 12 17 89 18 67 21 49 59 19 69
113 192 183 185 171 148 108 103 160 158 186 173 105 109 102 146 119 135 100 156 161 170 187 136 162 153 122 140 126 145 147 130 196 157 193 199 177 164 197 115 194 191 168 117 133 165 106 120 176 155 190 142 178 116 132 175 188 110 149 118 179 172 107 143 104 174 123 131 124 180 181 154 134 141 195 166 125 198 138 167 127 114 184 129 144 111 189 150 137 152 128 169 159 163 112 121 139 182
488 492 437 435 417 431 460 433 445 418 494 479 436 473 478 440 429 402 467 442 448 496 486 450 425 434 465 438 481 470 452 453 469 482 490 409 472 466 441 463 405 415 498 443 464 485 459 471 406 426 414 412 427 422 428 403 447 401 499 455 421 475 449 457 458 446 413 407 430 468 493 408 424 484 416 454 404 480 491 411 410 419 483 477 432 489 487 456 474 439 423 444 461 451 476 497 420 495 462
898 839 879 837 811 853 861 888 873 860 805 833 843 814 817 882 841 827 812 874 859 880 838 863 834 895 884 816 840 848 819 822 832 887 829 869 810 800 825 894 821 847 864 830 857 802 804 855 831 886 878 823 844 867 820 881 835 868 828 836 870 883 871 818 876 808 851 892 872 854 845 896 899 862 807 850 877 813 865 856 809 849 893 866 897 803 889 852 858 846 842 806 890 885 891 824 815 826 875
212 238 205 207 261 288 225 246 295 216 214 223 292 251 257 220 228 279 237 252 248 273 283 219 253 224 284 275 260 256 241 230 217 215 259 227 204 294 287 202 277 247 242 239 272 254 245 250 236 234 282 221 255 200 271 268 263 235 298 269 222 278 270 218 297 209 285 299 276 208 229 206 243 281 211 249 210 293 280 296 274 291 213 240 203 233 262 290 231 265 286 267 264 232 289 244 266 258 226
792 737 739 710 783 751 758 776 712 797 774 781 741 762 730 769 798 791 766 714 702 715 718 744 777 770 701 779 795 723 760 735 790 796 757 743 750 771 709 780 713 764 728 756 738 708 793 786 704 733 746 742 725 754 784 773 747 753 707 759 726 787 721 711 782 748 799 755 724 778 722 765 785 720 717 740 732 794 734 749 716 772 703 789 745 775 706 736 729 752 705 767 731 788 719 761 768 763
677 651 681 652 666 628 621 603 664 602 654 625 672 607 635 678 631 660 615 694 639 653 634 623 663 658 637 612 644 648 616 613 646 687 671 693 611 669 618 627 630 636 665 699 673 676 641 645 632 622 633 647 670 686 629 657 619 696 609 640 691 685 606 684 697 638 643 668 604 679 614 683 655 610 698 692 642 608 661 688 650 682 601 690 662 675 695 649 626 689 605 674 667 659 680 656 617 620 624
524 547 530 570 563 562 546 538 510 575 513 515 565 567 505 557 554 590 517 528 559 564 507 595 525 509 588 598 520 581 566 582 519 552 577 551 558 592 550 553 576 527 502 569 540 514 535 539 523 578 549 529 534 591 512 533 548 508 511 516 541 593 580 501 587 571 586 537 560 583 568 542 599 536 574 531 504 518 579 556 589 543 594 532 506 526 584 596 597 555 522 544 585 573 545 561 521 503
392 343 304 317 305 369 351 376 373 397 386 339 328 336 315 372 307 384 387 323 303 348 355 354 367 326 346 314 310 393 350 325 352 382 377 332 385 381 337 389 380 398 311 375 365 353 356 364 358 362 313 378 395 333 357 370 309 396 321 335 360 331 361 383 330 349 359 342 344 320 368 340 363 319 308 366 371 347 329 318 306 312 324 327 341 394 334 379 322 388 300 338 390 345 399 302 391
801
151
1
700
900
400
600
201
500
572
727
316
374
301
101