973
9 50 29 64 20 47 35 40 77 90 84 82 3 21 86 72 94 71 7 98 12 48 95 99 25 49 36 27 54 96 79 6 81 11 44 52 69 28 26 73 23 92 74 58 60 91 4 18 76 55 15 13 59 85 46 75 14 24 88 32 66 16 83 51 0 63 38 22 10 2 97 87 57
114
459 476 453 458 443 407 442 401 414 403 471 448 454 447 449 409 412 405 444 415 473 441 466 452 438 427 495 420 494 410 475 431 425 460 419 499 464 435 426 445 490 468 406 433 437 487 470 469 486 492 497 402 483 413 491 462 478 422 430 482 474 456 480 428 416 488 457 411 434 455 479 467 498 404 485 439 489 465 424 461
173 116 144 124 137 168 163 188 140 147 197 161 112 132 119 150 166 149 141 164 110 143 185 195 177 167 133 115 109 187 142 125 138 106 134 157 145 105 104 131 126 108 136 127 196 176 182 152 148 120 169 165 186 183 162 103 193 139 174 154 155 113 135 160
832 893 825 880 818 826 830 885 854 800 841 848 871 898 857 860 889 869 824 809 897 865 890 843 813 866 835 817 816 887 822 877 882 815 874 878 819 875 873 828 805 820 834 827 844 838 831 850 861 836 839 895 886 829 845 872 888 870 867 849 803 814 858 847 846 899 840 884 823 806 894 851 810 868 896 804 837 891 853 892 883 812 852
913 910 968 976 971 958 950 964 986 955 991 941 904 979 936 966 995 908 931 922 977 984 920 998 925 946 961 919 949 974 985 965 940 988 990 902 930 983 921 926 906 962 901 980 996 972 927 952 967 938 924 942 903 935 939 916 956 907 918 934 929 911 959 917 960 989 912 982 944 981
242 295 226 229 217 265 291 256 257 273 237 293 259 266 205 281 298 209 235 202 299 282 290 222 297 208 252 200 216 278 249 247 263 287 258 227 262 236 267 274 203 234 204 286 284 225 272 245 228 218 246 285 289 254 255 253 288 214 230 270 206 221 277 244 210 231 261 223 250 238 280 219 207 275 283
779 773 787 781 717 793 703 711 772 713 768 796 712 741 778 769 752 756 722 754 728 749 753 762 723 771 774 742 767 731 799 751 783 724 729 746 732 761 791 740 765 784 760 701 776 786 702 788 705 714 739 721 759 735 709 777 798 704 719 744 790 750 716 720 755 766 736 782 718 738 747 715 757 792 770 743
699 671 675 642 678 668 629 601 626 662 698 622 659 683 694 661 693 688 674 627 696 695 655 670 667 664 645 637 636 641 640 653 692 679 680 685 630 615 684 648 665 632 654 681 604 658 608 638 660 647 616 635 634 650 643 682 614 676 646 605 607 677 628 620 649 631 666 697 651 669 691 633 663 621
802
954
514 530 569 574 509 504 546 529 597 579 593 555 583 578 556 549 511 598 596 531 533 595 521 535 584 550 573 589 534 591 575 560 541 594 554 581 519 510 505 545 532 552 563 547 512 516 527 570 520 517 585 542 518 567 580 566 538 590 501 506 539 582 525 577 537 544 543 536 588 586 559 507 508 599 557 540 571
8
399 360 379 344 318 363 390 330 312 346 371 345 372 353 387 357 325 375 333 362 378 305 349 398 340 377 396 351 327 319 311 350 388 332 337 348 336 356 393 364 326 307 341 361 369 323 352 331 366 324 313 314 391 354 370 303 365 386 322 392 317 385 381 380 334 321 343 389 309 368 338 306 300 394 359 339 367 342
994
264
548
17
128
915
33
708
833
612
801
111
564
56
932
611
347
421
503
418
355
39
304
151
656
123
689
146
957
384
562
239
515
100
970
248
619
1
987
710
129
587
180
565
700
268
706
159
726
436
863
764
808
933
745
999
260
240
172
429
947
397
609
748
320
107
30
639
308
212
477
279
613
602
190
70
122
797
34
158
215
568
864
191
53
383
937
737
951
198
5
707
528
551
65
78
690
276
117
41
502
909
241
522
463
156
233
923
618
432
45
243
493
181
953
19
451
513
789
859
900
730
376
558
400
450
440
876
997
600
408
335
624
652
121
68
969
328
175
201
945
603
170
500
130
617
315
31
623
89
572
526
576
992
220
373
271
727
644
842
118
43
446
358
523
192
785
758
423
213
928
80
905
673
686
294
733
102
382
606
310
484
561
687
251
821
472
780
914
993
269
625
179
184
725
67
316
374
807
93
496
763
879
524
775
37
963
178
417
199
862
292
553
943
856
795
296
301
794
672
101
61
811
232
42
592
211
189
153
610
855
881
224
948
481
62
395
657
302
329
194
978
734
975
171