973
15 88 4 44 72 24 57 66 63 2 9 14 27 46 69 58 98 74 76 52 3 92 16 84 90 73 79 99 47 75 77 81 20 25 26 49 29 51 64 59 91 38 7 85 82 86 22 0 10 32 12 36 55 54 18 96 48 23 83 50 60 71 87 11 95 28 21 13 97 94 35 40 6
114
427 426 459 461 407 467 416 476 494 471 422 401 468 495 437 441 491 479 406 482 411 438 412 483 492 469 456 409 455 499 431 425 457 454 433 475 444 485 402 448 435 449 458 473 403 488 405 487 434 445 404 424 414 428 465 410 443 478 430 462 498 466 470 486 452 442 490 464 497 489 413 419 480 420 439 474 415 460 447
109 139 138 145 126 110 152 183 161 127 137 186 136 173 135 113 193 105 143 148 197 120 131 185 167 103 187 106 168 163 112 166 134 165 133 176 149 125 124 150 174 155 169 119 160 182 177 188 196 142 164 195 115 147 132 144 140 141 108 157 154 104 162 116
830 869 893 813 891 809 865 829 885 860 868 818 839 827 837 874 848 845 820 832 838 871 896 853 880 836 877 887 861 816 805 894 803 843 852 828 851 823 831 858 898 844 819 884 870 846 857 815 834 889 835 824 866 888 850 817 892 812 886 822 882 883 867 872 849 899 873 814 890 895 804 878 841 826 875 825 840 897 854 806 800 810 847
974 946 984 976 982 995 920 903 938 968 926 960 922 996 907 904 983 936 910 940 986 989 965 944 990 927 913 998 949 930 979 966 980 952 964 912 934 958 977 955 921 911 929 941 942 931 962 950 959 956 906 916 924 902 991 908 967 901 961 917 919 988 925 985 971 972 918 935 981 939
256 267 280 257 254 236 265 282 202 230 297 209 284 200 245 235 222 242 261 285 229 286 253 281 290 217 249 289 252 206 247 275 274 221 237 266 225 231 227 250 246 219 207 226 283 295 291 272 204 262 298 277 278 223 244 214 287 270 234 293 263 210 288 299 203 218 208 238 216 255 205 273 228 259 258
765 768 769 732 738 778 756 798 767 796 752 741 701 711 728 712 717 746 751 771 792 760 787 743 779 720 709 791 749 799 736 702 762 747 770 718 757 774 724 719 786 714 740 713 703 784 750 777 776 753 761 788 739 721 772 793 782 705 744 716 754 722 759 790 783 766 704 729 742 723 715 773 781 731 755 735
676 680 650 697 645 630 674 626 677 663 605 696 658 604 655 632 649 651 670 647 607 636 678 698 681 660 640 685 694 633 635 693 637 695 638 665 634 614 622 601 641 643 615 691 627 659 699 628 620 692 653 608 664 629 682 621 646 648 671 669 642 679 666 661 675 684 631 688 654 662 668 683 616 667
802
954
574 533 514 539 571 569 546 584 529 591 534 589 596 557 579 555 559 573 594 585 521 595 508 527 575 512 563 570 517 543 518 544 540 560 504 536 552 549 535 582 580 538 556 542 593 501 507 566 511 505 516 537 599 531 525 590 545 554 567 532 578 509 541 510 586 598 581 588 583 550 597 577 520 530 506 547 519
8
368 331 303 326 305 390 341 319 356 392 344 348 367 312 323 342 339 333 354 371 362 334 337 377 352 364 318 317 306 321 375 380 386 394 359 360 325 378 366 346 351 387 322 324 370 372 399 336 388 357 330 343 314 309 396 379 381 385 307 393 313 389 300 338 350 391 349 311 369 363 332 340 398 365 327 361 345 353
994
264
548
17
128
915
33
708
833
612
801
111
564
56
932
611
347
421
503
418
355
39
304
151
656
123
689
146
957
384
562
239
515
100
970
248
619
1
987
710
129
587
180
565
700
268
706
159
726
436
863
764
808
933
745
999
260
240
172
429
947
397
609
748
320
107
30
639
308
212
477
279
613
602
190
70
122
797
34
158
215
568
864
191
53
383
937
737
951
198
5
707
528
551
65
78
690
276
117
41
502
909
241
522
463
156
233
923
618
432
45
243
493
181
953
19
451
513
789
859
900
730
376
558
400
450
440
876
997
600
408
335
624
652
121
68
969
328
175
201
945
603
170
500
130
617
315
31
623
89
572
526
576
992
220
373
271
727
644
842
118
43
446
358
453
523
192
785
758
423
213
928
80
905
673
686
294
733
102
382
606
310
484
561
687
251
821
472
780
914
993
269
625
179
184
725
67
316
374
807
93
496
763
879
524
775
37
963
178
417
199
862
292
553
943
856
795
296
301
794
672
101
61
811
232
42
592
211
189
153
610
855
881
224
948
481
62
395
657
302
329
194
978
734
975
171