973
46 69 52 26 3 59 47 79 7 57 22 49 35 11 0 55 71 99 98 81 2 83 9 14 38 24 27 48 96 82 90 76 97 73 51 84 95 87 85 75 32 77 66 94 54 23 16 88 6 86 10 20 74 36 50 72 4 92 29 63 28 44 18 60 15 12 21 58 64 40 91 25 13
114
455 482 469 459 406 410 476 497 487 464 426 447 428 442 413 474 465 456 460 434 420 489 458 457 412 449 452 443 439 499 433 415 468 411 479 407 409 495 467 444 480 405 478 490 492 486 427 491 466 461 414 473 485 441 475 430 494 483 404 403 431 471 437 448 488 419 402 445 401 498 422 424 425 454 470 416 462 438 435
162 155 186 125 108 109 173 169 115 120 161 147 167 141 166 164 106 139 132 157 165 116 104 152 136 105 182 113 150 168 112 127 131 103 177 137 195 110 133 148 174 135 143 185 149 145 163 183 124 188 144 134 187 196 119 160 138 126 193 176 140 142 197 154
840 837 869 826 827 897 831 824 805 836 829 843 882 895 877 894 852 825 822 886 803 848 889 815 853 861 823 832 816 830 813 878 828 874 875 851 898 850 899 835 890 818 854 846 885 806 820 872 841 893 804 868 814 887 883 884 847 871 857 873 888 866 880 838 810 896 800 839 817 819 865 809 834 849 870 860 845 867 858 844 891 812 892
983 931 962 976 908 956 944 912 921 907 979 977 942 989 922 935 904 959 966 920 984 946 911 968 974 929 996 926 940 960 998 927 986 985 939 906 925 934 919 965 917 910 902 982 988 918 903 958 961 949 991 952 924 971 916 901 936 967 964 981 930 990 955 950 995 913 980 972 941 938
208 273 254 237 222 225 214 290 216 258 283 231 223 280 278 249 293 204 207 259 287 277 217 246 261 218 200 230 286 242 274 253 238 295 247 266 236 226 291 202 262 228 288 252 209 250 298 203 275 272 284 219 299 255 257 245 285 227 289 270 281 244 297 256 263 210 221 267 229 205 282 234 235 206 265
711 798 717 740 788 768 766 796 714 750 744 776 713 738 753 755 746 772 747 728 702 703 754 769 724 756 739 771 765 787 777 705 751 718 721 732 722 712 720 757 790 791 742 759 704 752 723 701 729 741 767 762 783 793 743 749 778 731 792 773 784 782 760 735 779 715 736 761 786 719 774 799 770 716 781 709
674 663 668 633 649 648 645 616 601 629 635 683 650 698 622 647 628 631 655 692 691 658 675 661 680 640 684 678 693 632 604 676 607 620 659 627 682 662 634 653 654 679 660 636 664 630 643 638 605 621 685 641 696 669 608 646 637 666 642 699 667 670 615 695 614 651 677 665 697 694 671 681 688 626
802
954
589 547 545 536 591 539 521 580 552 577 518 599 504 540 514 585 537 546 582 510 534 531 533 527 569 579 535 570 560 519 594 559 512 516 557 588 507 581 549 556 538 532 596 574 595 520 501 544 563 525 584 567 573 597 530 529 506 575 590 566 586 543 517 571 541 578 550 555 505 508 554 593 583 509 511 542
8
314 321 327 343 337 331 324 385 381 366 391 339 319 375 357 394 365 390 344 393 398 300 350 313 312 305 352 399 370 379 362 307 322 377 354 387 342 371 359 338 345 346 330 392 340 303 372 318 333 349 325 386 356 326 311 368 332 364 380 323 348 360 396 361 351 388 353 367 389 369 317 341 378 334 309 363 336 306
994
264
548
17
128
915
33
708
833
612
801
111
564
56
932
611
347
421
503
418
355
39
304
151
656
123
689
146
957
384
562
239
515
100
970
248
619
1
987
710
129
587
180
565
700
268
706
159
726
436
863
764
808
933
745
999
260
240
172
429
947
397
609
748
320
107
30
639
308
212
477
279
613
602
190
70
122
797
34
158
215
568
864
191
53
383
937
737
951
198
5
707
528
551
65
78
690
276
117
41
502
909
241
522
463
156
233
923
618
432
45
243
493
181
953
19
451
513
789
859
900
730
376
558
400
450
440
876
997
600
408
335
624
652
121
68
969
328
175
201
945
603
170
500
130
598
617
315
31
623
89
572
526
576
992
220
373
271
727
644
842
118
43
446
358
453
523
192
785
758
423
213
928
80
905
673
686
294
733
102
382
606
310
484
561
687
251
821
472
780
914
993
269
625
179
184
725
67
316
374
807
93
496
763
879
524
775
37
963
178
417
199
862
292
553
943
856
795
296
301
794
672
101
61
811
232
42
592
211
189
153
610
855
881
224
948
481
62
395
657
302
329
194
978
734
975
171