973
24 87 96 77 13 16 98 28 71 10 94 91 18 20 35 22 49 11 50 88 52 72 23 81 48 74 47 76 63 57 95 75 79 44 29 85 73 21 55 90 83 14 2 69 51 26 64 97 38 84 46 66 92 9 6 3 25 82 86 15 54 99 4 36 40 0 59 27 32 60 12 58 7
114
410 471 430 452 492 407 438 482 457 458 466 419 424 439 411 434 491 437 486 460 474 435 485 498 428 464 465 459 420 468 461 495 444 426 422 494 433 488 412 483 445 478 447 473 415 414 425 413 442 476 490 456 427 480 489 455 404 487 469 470 448 401 409 462 402 443 454 403 449 406 416 441 405 479 497 475 431 499 467
147 143 187 116 127 125 183 152 109 161 169 186 126 115 149 174 144 141 137 112 185 106 148 197 104 176 196 165 167 120 164 160 110 105 166 163 119 195 133 136 142 103 177 157 173 124 134 162 155 139 113 168 140 145 131 138 182 154 188 193 132 135 108 150
861 846 848 819 898 820 873 889 845 875 869 817 866 826 899 854 868 865 894 818 815 841 813 831 827 857 891 892 838 828 884 851 814 824 832 800 823 882 810 822 880 806 885 835 872 850 825 895 816 896 830 852 809 853 878 805 840 867 890 883 844 871 886 887 877 803 812 860 804 897 893 874 849 888 836 837 829 839 870 843 834 847 858
934 991 974 958 938 921 971 913 941 955 981 907 903 988 936 908 968 930 942 927 906 956 952 946 960 964 912 950 959 984 911 924 990 916 920 929 976 983 985 926 998 917 910 919 940 931 982 904 986 925 918 980 939 949 995 961 989 965 979 966 944 967 901 922 972 902 996 962 977 935
231 285 262 287 255 295 273 263 235 200 261 250 266 293 282 290 288 210 207 222 205 259 204 289 298 236 234 206 299 242 228 267 272 275 202 227 225 245 223 209 281 219 229 284 257 270 256 218 221 238 249 280 286 258 277 252 203 278 246 253 216 283 297 217 291 237 274 254 230 247 208 214 244 226 265
715 771 768 750 740 766 742 744 783 799 784 728 743 772 773 705 760 761 731 721 716 712 720 787 732 770 757 718 704 729 753 714 786 703 790 741 793 749 781 722 765 769 788 701 747 719 717 759 735 777 738 746 798 752 755 739 767 782 792 796 723 702 736 709 724 711 774 762 776 778 751 754 791 779 756 713
643 607 678 636 620 663 642 629 653 615 640 635 681 638 688 675 693 677 654 627 604 666 669 646 631 683 648 692 628 608 645 699 679 659 674 670 647 667 680 651 695 622 626 634 691 601 637 682 632 605 660 671 662 676 633 641 650 696 614 655 630 684 665 697 616 621 661 694 668 658 649 664 698 685
802
954
547 560 509 594 569 588 504 505 541 511 538 596 583 554 519 573 543 546 574 533 545 521 529 585 571 531 563 514 599 550 501 590 582 567 508 539 575 589 510 518 525 537 580 536 578 535 557 520 544 597 577 586 556 595 512 534 559 579 527 532 540 552 566 506 516 549 530 584 542 593 517 507 581 555 570 591
8
363 338 351 372 399 357 366 396 309 371 378 307 386 342 370 394 361 356 359 352 345 311 303 327 350 353 312 393 354 317 332 340 330 306 336 392 348 365 331 337 344 362 377 390 333 313 318 324 381 323 326 391 346 387 389 375 367 325 364 341 388 368 300 334 360 380 369 398 379 305 385 349 339 322 319 314 343
994
264
548
17
128
915
33
708
833
612
801
111
564
56
932
611
347
421
503
418
355
39
304
151
656
123
689
146
957
384
562
239
515
100
970
248
619
1
987
710
129
587
180
565
700
268
706
159
726
436
863
764
808
933
745
999
260
240
172
429
947
397
609
748
320
107
30
639
308
212
477
279
613
602
190
70
122
797
34
158
215
568
864
191
53
383
937
737
951
198
5
707
528
551
65
78
690
276
117
41
502
909
241
522
463
156
233
923
618
432
45
243
493
181
953
19
451
513
789
859
900
730
376
558
400
450
440
876
997
600
408
335
624
652
121
68
969
328
175
201
945
603
170
500
130
598
617
315
31
623
89
572
526
576
992
220
373
271
727
644
842
118
43
446
358
453
523
192
785
758
423
213
928
80
905
673
686
294
733
102
382
606
310
484
561
687
251
821
472
780
914
993
269
625
179
184
725
67
316
374
807
93
496
763
879
524
775
37
963
178
417
199
862
292
553
943
856
795
296
301
794
672
101
61
811
232
42
592
211
189
153
610
855
881
224
948
321
481
62
395
657
302
329
194
978
734
975
171