973
50 86 71 73 85 22 18 28 97 23 32 83 40 92 82 51 55 2 36 84 0 12 10 95 77 48 81 58 47 16 88 26 3 4 29 64 15 63 74 27 6 69 24 90 54 25 49 91 87 11 94 60 35 7 99 98 20 46 76 59 79 38 72 9 75 96 66 21 13 14 44 57 52
114
467 431 403 462 402 413 479 498 410 427 456 434 487 447 486 420 485 448 465 457 478 475 442 445 412 439 476 454 405 444 430 488 497 495 459 443 422 425 419 401 438 474 455 404 414 469 471 428 461 466 480 426 411 494 441 458 437 470 492 491 435 449 424 406 490 460 409 482 407 499 489 452 416 433 468 483 464 473 415
164 141 147 145 185 106 133 105 143 161 134 174 140 139 136 176 193 187 167 173 148 112 132 126 197 119 149 120 135 137 154 160 144 155 150 115 188 142 125 113 162 182 165 177 124 127 152 103 168 166 109 186 104 163 195 110 196 131 108 169 157 183 116 138
830 875 843 825 816 860 897 857 867 878 880 844 809 894 885 800 839 836 819 873 861 871 870 869 847 817 804 841 818 824 883 834 877 826 832 810 889 838 835 898 822 828 851 850 805 814 890 823 812 854 884 831 896 806 837 813 874 899 886 815 888 827 845 892 893 820 846 858 840 852 891 853 866 865 803 849 882 887 872 895 868 848 829
930 934 984 955 995 985 917 929 940 967 927 961 983 980 952 976 904 944 935 920 939 968 908 960 990 938 986 949 958 959 996 906 918 922 924 974 916 903 979 991 962 913 982 971 936 910 931 956 965 988 911 902 964 950 946 972 942 966 901 977 921 919 926 998 912 989 941 925 981 907
204 221 206 247 236 205 281 265 231 257 254 282 225 262 234 217 261 295 228 244 272 235 285 299 238 267 252 280 214 227 259 277 274 218 258 290 293 284 275 207 288 226 200 230 291 273 242 246 255 283 249 237 219 289 297 208 298 203 266 222 245 209 278 223 256 287 210 270 253 263 286 250 202 229 216
787 754 702 750 736 717 735 722 701 762 742 716 721 718 796 791 777 740 713 773 738 772 768 788 709 784 728 741 719 724 731 704 770 760 757 767 790 739 765 752 778 793 749 711 776 799 779 766 747 705 732 715 771 744 792 761 714 723 781 756 798 774 786 746 720 743 755 712 703 759 782 769 783 751 753
679 621 651 698 601 683 695 663 661 640 632 688 633 675 650 616 691 608 636 667 676 668 628 662 643 685 666 684 653 622 615 682 694 671 630 626 638 654 645 677 641 659 658 680 642 665 670 646 669 604 607 647 635 681 660 634 637 674 629 614 631 678 620 693 664 655 648 696 649 627 699 692 697 605
802
954
567 512 532 545 520 579 599 578 531 508 559 577 547 586 581 504 510 517 516 540 525 574 537 535 596 552 514 563 527 509 519 597 555 501 573 538 566 529 585 584 554 575 580 594 588 518 534 589 546 511 582 541 591 533 560 593 570 583 571 530 505 556 543 507 569 549 544 595 539 521 557 590 542 536 550 506
8
346 375 322 340 342 370 369 388 365 389 319 309 325 327 349 326 386 368 394 333 338 337 377 354 392 313 371 311 351 341 318 314 378 385 393 306 317 352 324 356 303 300 334 391 363 359 379 353 348 380 307 330 343 372 366 339 399 344 332 364 357 323 331 345 362 390 367 360 398 336 361 305 396 381 312 350 387
994
264
548
17
128
915
33
708
833
612
801
111
564
56
932
611
347
421
503
418
355
39
304
151
656
123
689
146
957
384
562
239
515
100
970
248
619
1
987
710
129
587
180
565
700
268
706
159
726
436
863
764
808
933
745
999
260
240
172
429
947
397
609
748
320
107
30
639
308
212
477
279
613
602
190
70
122
797
34
158
215
568
864
191
53
383
937
737
951
198
5
707
528
551
65
78
690
276
117
41
502
909
241
522
463
156
233
923
618
432
45
243
493
181
953
19
451
513
789
859
900
730
376
558
400
450
440
876
997
600
408
335
624
652
121
68
969
328
175
201
945
603
170
500
130
598
617
315
31
623
89
572
526
576
992
220
373
271
727
644
842
118
43
446
358
453
523
192
785
758
423
213
928
80
905
673
686
294
733
102
382
606
310
484
561
687
251
821
472
780
914
993
269
625
179
184
725
67
316
374
807
93
729
496
763
879
524
775
37
963
178
417
199
862
292
553
943
856
795
296
301
794
672
101
61
811
232
42
592
211
189
153
610
855
881
224
948
321
481
62
395
657
302
329
194
978
734
975
171