973
28 66 49 52 75 81 25 16 24 3 94 10 64 57 44 22 48 12 6 15 0 71 26 79 59 95 55 77 82 76 83 40 58 88 7 14 73 92 46 38 63 27 2 20 96 32 99 35 54 60 50 11 72 91 9 90 4 36 86 29 87 69 85 74 47 51 23 84 18 13 21 98
114
435 437 448 409 434 419 467 475 466 485 445 410 464 403 486 474 495 459 498 426 456 473 431 488 458 404 455 420 416 430 412 424 470 478 471 483 447 441 401 499 411 489 492 487 449 444 457 415 461 460 438 422 462 443 433 405 428 406 402 494 414 469 479 452 482 439 476 407 425 497 465 468 454 427 490 442 413 480 491
136 164 108 185 145 112 196 183 124 197 103 126 106 166 148 149 131 168 188 105 138 160 163 193 132 157 134 137 119 162 110 116 113 120 135 142 174 143 161 150 186 139 177 140 144 173 133 195 187 165 169 167 147 125 176 154 182 141 104 115 152 127 109 155
848 873 880 838 809 895 858 829 827 806 891 867 834 817 852 805 877 814 898 868 840 872 819 824 865 803 822 810 836 828 883 818 894 896 846 839 869 835 886 874 845 847 870 887 885 850 897 866 844 884 892 851 875 823 853 815 849 893 888 878 841 830 825 890 899 812 871 837 826 813 860 861 831 889 804 882 832 857 854 800 843 820 816
964 983 990 931 939 920 960 989 946 958 949 903 917 906 916 930 911 919 925 935 996 991 944 927 952 918 950 934 961 942 971 913 908 907 940 998 968 982 962 985 984 924 912 902 986 967 974 966 977 981 926 972 959 922 988 941 976 979 904 929 901 910 965 938 995 936 921 980 956 955
208 204 293 277 218 274 272 247 245 225 261 228 299 275 200 273 254 252 286 288 291 258 289 297 222 285 267 207 203 230 262 202 217 238 229 298 219 236 280 287 223 244 282 265 281 278 290 210 216 263 266 295 206 234 255 235 253 283 249 237 242 221 284 205 256 259 214 227 246 257 250 209 226 270 231
771 738 788 791 704 762 711 705 778 755 724 768 749 777 751 723 731 766 702 772 743 774 741 769 740 790 716 761 767 719 784 735 779 793 757 781 721 713 759 728 739 792 776 765 754 720 717 747 760 752 718 732 770 750 756 744 787 746 712 715 799 742 736 782 798 703 709 701 796 786 714 773 722 783 753
654 667 659 605 620 699 636 648 653 629 642 671 683 677 632 628 622 640 651 665 637 688 643 641 682 650 634 633 669 664 674 646 691 695 604 645 631 663 627 607 678 601 670 614 626 694 698 608 655 668 647 661 692 684 697 649 681 621 638 696 675 658 679 635 676 685 615 662 616 666 630 680 660 693
802
954
594 505 532 585 597 514 507 549 530 529 512 527 556 511 586 543 536 560 584 544 525 519 508 552 557 570 534 588 573 533 566 506 595 531 569 550 517 574 521 591 535 555 563 571 518 501 539 509 593 538 520 599 537 516 542 590 596 541 579 577 581 567 589 575 510 546 540 583 559 504 582 580 578 547 554 545
8
351 392 339 340 337 312 317 322 313 333 324 350 385 318 319 311 332 389 391 375 338 394 306 331 300 307 372 353 354 399 366 368 345 303 341 344 323 357 325 378 388 342 367 360 314 370 379 365 398 356 348 330 386 377 334 390 336 364 352 369 363 309 349 346 305 381 361 359 371 387 327 380 393 396 362 326 343
994
264
548
17
128
915
33
708
833
612
801
111
564
56
932
611
347
421
503
418
355
39
304
151
656
123
689
146
957
384
562
239
515
100
970
248
619
1
987
710
129
587
180
565
700
268
706
159
726
436
863
764
808
933
745
999
260
240
172
429
947
397
609
748
320
107
30
639
308
212
477
279
613
602
190
70
122
797
34
158
215
568
864
191
53
383
937
737
951
198
5
707
528
551
65
78
690
276
117
41
502
909
241
522
463
156
233
923
618
432
45
243
493
181
953
19
451
513
789
859
900
730
376
558
400
450
440
876
997
600
408
335
624
652
121
68
969
328
175
201
945
603
170
500
130
598
617
315
31
623
89
572
526
576
992
220
373
271
727
644
842
118
43
446
358
453
523
192
785
758
423
213
928
80
905
673
686
294
733
102
382
606
310
484
561
687
251
821
472
780
914
993
269
625
179
184
97
725
67
316
374
807
93
729
496
763
879
524
775
37
963
178
417
199
862
292
553
943
856
795
296
301
794
672
101
61
811
232
42
592
211
189
153
610
855
881
224
948
321
481
62
395
657
302
329
194
978
734
975
171