973
3 71 83 46 11 7 58 2 21 84 4 55 12 25 57 40 22 73 27 69 32 49 0 60 66 15 75 87 64 94 92 14 72 86 36 28 18 20 9 63 29 24 81 13 35 6 96 79 85 16 38 50 88 90 98 59 52 99 82 76 10 23 48 51 77 91 26 74 95 54 47 44
114
439 426 462 468 402 466 420 413 470 474 495 479 460 447 445 457 412 419 414 465 499 458 428 443 427 497 437 461 444 459 455 406 471 473 411 438 483 491 424 456 494 430 425 404 475 442 405 476 485 498 488 449 486 482 490 401 478 422 469 415 487 410 492 433 435 467 452 480 434 416 454 489 448 403 441 407 409 464 431
140 132 150 109 120 137 116 119 125 161 105 169 145 177 149 148 197 142 174 188 135 115 176 183 143 110 157 106 167 141 108 138 160 112 136 133 166 186 155 165 173 154 196 147 131 126 195 187 185 193 144 162 124 164 127 134 103 182 104 152 168 163 139
850 804 820 882 839 890 841 894 878 898 891 838 817 832 868 861 818 837 877 803 893 843 845 886 813 847 806 860 865 889 892 831 888 805 825 814 816 896 800 875 872 824 871 849 870 885 846 823 830 815 812 828 822 884 873 819 848 869 835 852 874 866 854 851 899 836 887 809 826 897 895 867 834 829 880 810 853 857 883 858 827 844 840
929 958 901 965 960 961 990 984 927 916 955 998 985 938 967 979 910 968 904 903 956 934 995 974 952 972 996 966 935 930 946 920 944 931 907 925 936 921 983 959 971 922 940 986 939 913 964 980 902 950 976 991 941 926 982 918 988 906 911 912 949 981 908 924 942 919 962 989 917 977
214 230 278 231 237 247 297 244 299 225 257 293 283 291 208 277 267 287 228 216 261 285 262 205 252 209 266 249 218 280 274 235 273 289 245 281 286 207 219 284 250 263 222 288 246 227 272 295 226 217 236 242 221 290 206 258 253 270 254 275 203 256 204 238 259 200 282 210 265 223 234 229 255 298 202
779 773 771 787 718 724 740 759 738 796 722 744 760 752 717 739 755 770 709 750 792 721 705 742 765 711 768 791 774 756 735 798 781 703 783 761 719 713 784 799 751 728 767 786 714 716 712 788 731 715 757 790 778 732 746 741 749 754 753 720 747 769 762 701 736 743 793 772 782 704 777 702 776 723 766
692 632 670 675 693 621 653 626 698 658 649 622 674 667 677 637 608 671 695 659 646 676 633 685 630 681 620 665 605 641 642 661 631 655 688 636 684 663 654 607 629 638 678 640 616 601 627 666 668 696 699 691 650 615 614 604 651 682 647 635 697 683 680 664 645 679 634 669 648 643 662 628 660 694
802
954
506 567 582 580 574 584 521 538 546 545 539 578 581 505 514 534 555 549 579 527 531 501 586 595 599 532 590 537 507 593 570 575 541 597 583 554 566 589 557 529 509 533 535 512 544 550 543 573 560 585 519 504 510 525 511 540 577 552 508 563 517 569 571 530 516 591 547 594 536 559 542 596 588 556 520 518
8
366 389 309 349 348 342 392 398 391 393 377 340 353 319 307 324 311 368 326 380 352 339 375 361 350 344 322 369 338 337 354 356 345 323 385 364 372 306 318 300 388 386 305 360 332 394 381 327 313 365 303 379 343 317 333 334 331 359 346 370 325 371 387 396 378 399 336 314 362 363 312 330 390 341 357 367 351
994
264
548
17
128
915
33
708
833
612
801
111
564
56
932
611
347
421
503
418
355
39
304
151
656
123
689
146
957
384
562
239
515
100
970
248
619
1
987
710
129
587
180
565
700
268
706
159
726
436
863
764
808
933
745
999
260
240
172
429
947
397
609
748
320
107
30
639
308
212
477
279
613
602
190
70
122
797
34
158
215
568
864
191
53
383
937
737
951
198
5
707
528
551
65
78
690
276
117
41
502
909
241
522
463
156
233
923
618
432
45
243
493
181
953
19
451
513
789
859
900
730
376
558
400
450
440
876
997
600
408
335
624
652
121
68
969
328
175
201
945
603
170
500
130
598
617
315
31
623
89
572
526
576
992
220
373
271
727
644
842
118
43
446
358
453
523
192
785
758
423
213
928
80
905
673
686
294
733
102
382
606
310
484
561
687
251
821
472
780
914
993
269
625
179
184
97
725
67
316
374
807
93
729
496
763
879
524
775
113
37
963
178
417
199
862
292
553
943
856
795
296
301
794
672
101
61
811
232
42
592
211
189
153
610
855
881
224
948
321
481
62
395
657
302
329
194
978
734
975
171