973
21 4 63 98 69 99 16 86 36 81 55 15 87 47 92 13 88 72 24 73 51 44 11 22 77 75 12 54 38 74 59 35 60 6 95 10 96 52 29 50 28 46 90 25 23 2 32 27 14 76 85 3 94 57 9 49 40 58 82 48 79 71 20 18 64 7 84 66 83 0 91 26
114
447 445 437 406 489 452 488 433 476 449 491 480 413 499 439 405 475 466 426 485 422 461 470 469 458 474 473 448 420 498 487 444 435 414 483 456 459 467 401 430 471 428 441 424 425 415 457 465 454 443 402 494 404 411 403 495 479 497 410 486 490 409 482 478 427 468 419 407 416 442 431 492 412 434 462 464 438 460 455
108 139 188 132 106 104 112 169 177 154 140 176 103 167 149 144 187 127 143 120 138 162 110 193 186 157 135 150 165 161 196 109 134 174 145 185 163 142 195 126 182 119 137 116 141 115 183 168 124 160 147 133 166 152 136 197 148 173 105 164 131 155 125
886 872 839 871 853 814 832 849 885 841 819 888 837 823 890 820 845 889 875 806 873 803 834 816 870 825 869 817 854 848 836 829 898 893 840 822 860 878 892 851 824 846 827 831 828 883 895 835 858 804 867 810 813 809 818 805 887 857 897 884 896 844 865 866 899 830 852 812 861 882 826 874 891 800 850 877 847 868 838 880 815 843 894
949 967 904 940 942 950 931 944 980 925 998 918 913 917 938 959 986 984 979 903 961 936 906 960 976 955 930 902 956 991 910 981 911 924 926 935 919 972 908 920 968 912 916 966 901 965 939 989 988 934 985 964 974 990 907 922 995 996 983 946 982 971 927 962 952 921 929 977 958 941
242 226 244 218 256 278 289 267 277 252 286 265 263 250 299 216 290 214 287 259 210 280 295 222 284 202 209 200 237 285 247 298 238 235 208 262 229 203 254 228 270 223 274 293 272 217 283 257 281 297 282 291 234 231 221 245 249 205 255 236 227 258 266 207 261 206 288 219 273 246 225 253 204 275 230
738 749 768 704 781 719 788 755 752 713 711 728 705 739 709 715 793 773 765 766 751 759 772 784 761 735 720 779 743 702 721 714 712 740 744 787 799 757 724 774 736 796 716 777 778 769 723 731 791 742 741 701 783 760 790 703 756 722 747 718 776 750 762 717 792 754 767 782 732 771 753 746 798 786 770
649 675 691 608 654 627 671 696 665 643 614 694 666 659 660 650 685 663 653 679 683 642 634 629 640 695 669 641 697 601 631 668 630 681 678 628 636 658 662 692 693 604 684 680 677 699 626 648 676 670 605 638 664 688 667 620 682 622 645 607 633 615 661 647 632 616 635 651 674 646 698 621 637 655
802
954
563 590 549 517 586 529 516 575 588 538 536 519 543 589 570 597 584 511 504 567 539 599 509 583 559 595 510 581 574 512 550 596 571 577 566 557 579 585 546 569 560 591 541 520 552 544 535 518 593 540 554 501 508 514 542 545 525 580 521 532 533 594 505 555 556 527 530 582 573 531 578 547 534 506 537
8
342 396 370 380 313 351 333 344 364 324 332 350 317 392 361 368 398 348 394 365 330 325 357 309 388 366 319 359 311 346 349 377 331 336 305 381 387 322 343 363 386 354 399 337 338 391 341 360 340 379 362 327 356 303 318 312 371 375 369 390 378 393 339 353 372 385 314 352 300 389 323 367 307 326 345 306 334
994
264
548
17
128
915
33
708
833
612
801
111
564
56
932
611
347
421
503
418
355
39
304
151
656
123
689
146
957
384
507
562
239
515
100
970
248
619
1
987
710
129
587
180
565
700
268
706
159
726
436
863
764
808
933
745
999
260
240
172
429
947
397
609
748
320
107
30
639
308
212
477
279
613
602
190
70
122
797
34
158
215
568
864
191
53
383
937
737
951
198
5
707
528
551
65
78
690
276
117
41
502
909
241
522
463
156
233
923
618
432
45
243
493
181
953
19
451
513
789
859
900
730
376
558
400
450
440
876
997
600
408
335
624
652
121
68
969
328
175
201
945
603
170
500
130
598
617
315
31
623
89
572
526
576
992
220
373
271
727
644
842
118
43
446
358
453
523
192
785
758
423
213
928
80
905
673
686
294
733
102
382
606
310
484
561
687
251
821
472
780
914
993
269
625
179
184
97
725
67
316
374
807
93
729
496
763
879
524
775
113
37
963
178
417
199
862
292
553
943
856
795
296
301
794
672
101
61
811
232
42
592
211
189
153
610
855
881
224
948
321
481
62
395
657
302
329
194
978
734
975
171