973
13 46 66 28 58 84 51 52 82 79 24 88 77 72 35 98 81 71 21 75 0 14 64 25 99 86 40 73 74 91 29 27 26 54 59 4 7 76 10 6 32 83 57 11 85 18 69 49 48 95 63 15 22 87 92 96 90 2 94 9 23 12 38 50 60 20 44 47 55 36 3
114
402 491 407 452 447 490 439 479 411 435 430 464 444 449 401 416 474 438 424 456 467 494 468 404 441 415 485 483 470 475 497 412 437 466 462 414 406 448 478 410 480 461 426 442 498 471 492 457 458 499 495 476 403 413 455 405 460 459 427 486 473 488 428 409 425 434 454 420 443 433 489 445 431 465 419 482 487 469 422
174 137 127 134 148 176 104 162 136 145 112 186 157 140 109 195 131 154 165 142 125 152 103 133 119 167 193 177 197 132 187 163 126 149 147 173 161 150 185 183 138 106 120 196 124 110 108 182 105 160 144 139 166 155 135 164 168 116 169 141 115 143
888 887 861 816 858 846 891 826 819 884 895 830 893 815 812 871 824 849 828 803 851 845 823 896 890 847 813 852 814 810 829 883 868 873 805 844 865 837 866 897 806 874 878 836 899 804 834 827 848 831 843 869 867 854 820 885 841 822 894 875 872 882 857 870 860 832 817 800 838 898 880 809 825 886 840 853 835 850 839 892 877 818 889
904 940 950 964 936 982 929 917 946 942 911 918 968 980 910 960 977 956 922 979 924 931 984 903 983 949 952 912 919 996 902 906 961 930 962 981 967 955 971 907 938 921 916 988 934 926 925 986 965 941 995 989 985 991 966 976 920 901 944 998 913 974 958 959 939 908 935 972 990 927
280 266 291 278 285 210 209 263 235 221 290 273 272 288 284 270 262 261 253 286 242 238 289 287 265 228 227 229 217 275 277 244 255 252 281 206 298 222 204 245 283 267 200 256 250 225 293 226 257 258 205 282 203 207 237 208 236 214 295 259 274 299 216 219 223 249 230 218 246 247 254 297 231 202 234
799 766 713 761 767 773 777 791 753 751 769 750 793 749 740 719 701 717 714 702 779 796 743 716 772 724 782 720 721 790 735 728 762 715 732 703 756 747 774 709 718 731 770 752 711 736 705 739 765 759 781 704 778 784 776 712 771 744 768 792 741 738 757 746 788 787 798 760 754 722 742 723 755 786 783
692 605 629 608 621 655 646 661 678 699 643 654 635 664 631 607 653 604 688 666 647 683 650 628 680 637 642 697 640 691 632 627 694 649 669 675 684 685 620 677 641 622 668 679 676 682 659 658 636 648 674 670 660 614 665 681 667 626 651 638 616 630 663 698 693 633 671 615 696 662 645 601 695 634
802
954
566 569 531 559 535 534 588 539 578 509 577 516 593 583 527 545 563 525 586 597 544 571 575 512 543 570 554 541 521 560 546 520 595 511 547 596 549 580 584 574 517 552 542 506 550 579 594 557 519 599 538 529 530 589 510 556 505 591 508 555 590 518 585 540 582 536 504 532 573 581 533 514 567 537 501
8
340 385 391 318 375 312 367 336 368 327 326 341 369 359 361 351 338 371 398 353 360 364 381 313 322 362 349 392 388 311 389 334 330 346 377 324 372 325 356 390 300 380 352 399 303 339 363 378 370 314 396 379 337 317 344 386 332 357 394 309 345 343 307 306 366 393 342 305 319 365 354 348 331 333 350 387 323
994
264
548
17
128
915
33
708
833
612
801
111
564
56
932
611
347
421
503
418
355
39
304
151
656
123
689
146
957
384
507
562
239
515
100
970
248
619
1
987
710
129
587
180
565
700
268
706
159
726
436
863
764
808
933
745
999
260
240
172
429
947
397
609
748
320
107
30
639
308
212
477
279
16
613
602
190
70
122
797
34
158
215
568
864
191
53
383
937
737
951
198
5
707
528
551
65
78
690
276
117
41
502
909
241
522
463
156
233
923
618
432
45
243
493
181
953
19
451
513
789
859
900
730
376
558
400
450
440
876
997
600
408
335
624
652
121
188
68
969
328
175
201
945
603
170
500
130
598
617
315
31
623
89
572
526
576
992
220
373
271
727
644
842
118
43
446
358
453
523
192
785
758
423
213
928
80
905
673
686
294
733
102
382
606
310
484
561
687
251
821
472
780
914
993
269
625
179
184
97
725
67
316
374
807
93
729
496
763
879
524
775
113
37
963
178
417
199
862
292
553
943
856
795
296
301
794
672
101
61
811
232
42
592
211
189
153
610
855
881
224
948
321
481
62
395
657
302
329
194
978
734
975
171