986 964 925 901 947 909 982 980 993 972 910 913 907 912 924 997 978 996 988 957 923 922 959 934 945 943 971 966 933 937 941 936 908 949 950 921 976 985 942 953 992 929 967 999 930 902 961 969 979 948 915 926 962 960 939 906 955 905 911 974 958 951 989 935 991 928 954 919 973 968 987 932 994 916 946 940 963 927 903 984 983 952 965 914 917 956 944 931 918 977 938 920 970 975 904 990 995 998 981
80 44 55 52 13 70 64 41 33 72 32 31 83 8 37 38 6 65 67 12 73 3 92 68 71 87 20 50 54 17 78 0 43 99 14 46 79 5 28 7 24 62 89 18 40 94 75 35 90 45 98 59 21 49 22 86 2 27 96 97 81 95 25 51 61 85 53 42 39 48 82 74 60 36 91 26 77 56 4 58 66 47 9 76 11 57 93 69 23 88 30 34 29 19 15 16 84 10 63
154 159 165 184 198 160 174 192 178 117 197 141 110 156 188 132 166 134 162 153 164 106 191 152 115 128 169 176 145 135 109 124 114 123 143 170 189 108 186 104 187 102 146 177 185 180 120 161 196 100 182 158 139 103 113 144 172 155 107 181 190 136 122 119 173 125 179 148 130 199 175 150 137 142 129 193 171 121 163 168 112 131 157 133 195 140 105 116 194 167 118 126 183 127 149 111 138 147
463 455 430 493 429 412 488 447 414 481 476 491 441 445 449 401 442 406 454 448 460 444 466 499 432 484 426 420 411 472 487 498 452 497 421 403 440 446 419 458 451 437 423 410 409 456 443 405 457 459 424 496 464 469 474 408 475 407 468 439 428 416 433 435 483 479 492 473 431 485 489 413 482 461 436 427 465 415 434 480 417 425 490 462 477 470 402 478 450 422 467 438 471 494 418 486 495 453 404
828 818 885 883 803 802 864 856 834 881 894 845 871 833 811 821 868 867 832 820 838 825 890 893 839 812 851 874 884 806 887 809 858 831 853 854 819 813 872 857 865 870 866 837 855 808 850 846 823 863 822 852 860 807 892 859 841 873 880 816 878 826 898 897 875 862 800 876 882 835 847 849 814 844 848 805 888 817 827 842 824 804 843 810 886 896 895 840 830 836 829 889 815 899 879 891 861 869 877
208 260 224 218 278 252 216 200 279 214 231 263 258 285 204 238 287 234 247 241 280 222 267 271 217 265 221 235 298 232 239 223 284 212 237 281 270 275 233 219 292 203 202 249 227 299 264 276 288 213 242 297 272 240 243 210 209 262 256 225 207 268 248 286 283 228 266 261 211 230 269 244 291 273 289 295 282 236 277 257 293 254 296 205 246 255 220 251 274 215 250 253 290 206 245 294 259 229 226
759 721 736 730 729 735 761 740 760 742 773 776 701 795 724 771 751 738 749 745 763 780 767 782 796 744 799 775 777 783 757 716 712 770 702 778 746 731 708 752 794 793 711 725 753 703 786 788 790 785 719 781 787 791 720 765 756 797 766 789 713 743 709 750 748 704 758 769 784 792 747 764 733 723 755 728 762 772 741 739 779 714 718 717 798 707 774 706 737 715 754 722 705 710 768 732 734
678 624 661 675 688 699 606 693 681 685 621 665 696 646 656 682 643 611 601 689 667 672 619 610 660 615 604 616 627 625 626 677 647 690 698 636 662 612 655 694 679 630 653 668 622 683 673 613 654 617 633 605 614 607 676 659 692 686 603 670 651 602 695 652 674 623 644 680 629 632 687 671 620 631 642 664 666 684 634 635 663 669 645 640 691 618 650 637 697 609 639 638 641 608 648 628 657 658 649
541 586 557 503 587 588 560 518 552 508 558 512 570 543 595 592 514 542 565 575 593 577 527 522 520 550 535 537 540 567 531 526 505 510 517 594 581 599 504 578 528 573 534 551 519 571 549 548 547 580 513 559 506 576 568 511 591 553 530 556 529 590 564 579 546 516 574 555 533 569 545 532 538 562 597 584 561 582 509 596 566 563 502 515 583 523 585 536 598 554 539 507 524 521 589 544 501 525
375 387 370 389 395 345 337 363 300 314 396 348 381 379 329 335 315 317 311 398 378 303 312 333 376 322 383 352 332 330 350 339 306 346 307 305 313 355 351 356 302 394 354 308 397 342 310 399 331 361 373 362 319 321 368 391 338 347 357 360 320 365 328 304 327 392 336 366 380 326 344 372 367 364 388 340 386 341 384 324 334 385 343 353 349 390 358 393 309 369 323 377 382 325 371 318 359
801
151
1
700
726
900
400
600
201
500
572
727
316
374
301
101