973
38 51 90 59 55 3 85 77 47 58 26 18 94 52 22 91 74 11 25 69 40 10 84 7 13 15 63 35 28 79 23 50 98 60 6 57 86 64 46 92 21 0 49 32 4 36 44 99 72 88 87 73 96 27 2 9 29 20 24 76 14 82 54 75 12 66 71 95 48 81
114
413 479 438 471 476 480 475 494 465 435 488 427 478 458 469 482 405 439 447 401 462 412 454 410 492 409 425 473 428 448 468 456 491 422 485 452 474 444 434 415 433 424 498 470 404 441 419 414 411 459 467 430 457 499 455 466 445 460 431 442 461 403 437 420 407 443 464 487 426 402 486 495 483 449 406 490 416 497 489
169 173 195 106 127 105 149 183 142 147 174 119 155 148 137 154 112 139 110 185 108 168 124 138 150 103 104 162 157 143 177 131 145 135 152 109 187 125 115 165 141 140 164 166 144 161 116 167 134 176 136 196 186 126 182 193 197 160 120 133 163 132
809 818 854 834 836 800 829 824 872 888 899 803 857 851 871 893 810 814 866 841 847 880 813 883 850 843 840 860 895 812 865 845 806 826 897 874 817 822 816 835 825 886 877 849 846 892 830 894 827 878 869 844 873 838 805 898 853 828 837 861 820 867 882 890 815 868 885 887 823 870 884 832 819 858 852 839 891 848 875 889 804 831 896
976 942 962 984 990 977 926 979 919 906 910 986 956 931 985 920 938 907 939 949 929 950 924 959 935 911 972 974 966 996 965 991 995 968 981 940 901 967 903 964 913 958 904 980 921 998 983 955 944 934 988 989 961 952 916 971 922 918 908 925 917 960 927 930 941 946 902 982 912 936
238 270 289 256 291 284 246 209 290 288 265 257 207 266 221 285 218 226 293 204 272 298 222 259 286 258 245 227 297 278 217 216 228 247 261 200 252 280 267 249 205 225 203 262 282 235 223 254 236 244 255 219 263 273 277 275 250 208 234 206 281 253 287 229 299 231 283 295 242 237 214 274 202 230 210
791 749 702 712 719 787 799 786 703 770 721 798 762 792 759 784 743 728 738 742 740 769 747 723 718 724 773 753 788 746 754 760 741 790 704 783 782 757 732 701 744 779 720 736 739 755 781 767 713 731 793 709 750 771 711 774 765 796 761 751 766 772 714 715 752 705 735 776 778 768 777 722 716 756 717
638 698 681 668 658 632 620 667 666 680 615 635 692 665 646 693 637 614 605 641 633 685 679 622 636 608 655 678 688 669 630 691 616 684 671 643 649 626 621 654 647 699 683 697 695 661 663 628 604 627 664 629 607 659 660 642 677 601 640 676 670 696 653 694 651 674 645 634 662 631 675 650 648 682
802
954
543 597 508 583 529 573 550 527 560 559 599 516 542 549 512 535 511 581 540 547 539 578 519 518 534 546 545 520 509 504 593 506 595 563 537 552 574 505 501 556 591 521 580 586 533 557 589 577 567 588 517 531 584 566 544 585 541 555 525 590 532 510 596 575 579 536 570 554 594 571 538 530 514 569 582
8
393 306 307 381 305 394 385 357 313 390 342 396 303 314 388 336 317 367 366 344 349 379 337 363 372 322 333 327 324 389 318 392 338 341 340 348 360 309 326 387 353 352 368 343 330 386 332 350 359 380 345 377 362 346 365 378 323 356 398 364 339 325 354 312 375 319 399 331 311 351 391 369 371 300 361 334 370
994
264
548
17
128
915
33
708
833
612
801
111
564
56
932
611
347
421
503
418
355
39
304
151
656
123
689
146
957
384
507
562
239
515
100
970
248
619
1
987
710
129
587
180
565
700
268
706
159
726
436
863
764
808
933
745
999
260
240
172
429
947
397
83
609
748
320
107
30
639
308
212
477
279
16
613
602
190
70
122
797
34
158
215
568
864
191
53
383
937
737
951
198
5
707
528
551
65
78
690
276
117
41
502
909
241
522
463
156
233
923
618
432
45
243
493
181
953
19
451
513
789
859
900
730
376
558
400
450
440
876
997
600
408
335
624
652
121
188
68
969
328
175
201
945
603
170
500
130
598
617
315
31
623
89
572
526
576
992
220
373
271
727
644
842
118
43
446
358
453
523
192
785
758
423
213
928
80
905
673
686
294
733
102
382
606
310
484
561
687
251
821
472
780
914
993
269
625
179
184
97
725
67
316
374
807
93
729
496
763
879
524
775
113
37
963
178
417
199
862
292
553
943
856
795
296
301
794
672
101
61
811
232
42
592
211
189
153
610
855
881
224
948
321
481
62
395
657
302
329
194
978
734
975
171