973
63 0 20 22 24 87 99 49 25 95 47 71 6 2 60 91 79 11 48 52 85 36 38 18 57 27 46 28 26 35 4 64 82 7 51 54 69 81 15 73 32 44 12 77 90 96 14 92 10 98 94 86 88 9 23 76 55 3 58 13 74 59 21 50 75 66 29 84 72 40
114
401 426 441 433 495 479 403 406 402 474 498 486 467 466 443 483 492 439 427 404 419 431 454 434 415 494 471 475 409 461 482 473 448 428 455 414 435 487 442 458 422 424 476 490 405 470 416 457 452 410 412 468 411 437 459 413 425 430 485 489 488 491 438 478 480 447 464 497 462 499 449 460 465 445 444 420 456 469 407
125 132 185 187 183 126 166 141 119 174 144 148 173 163 109 103 169 112 147 155 105 154 195 164 152 142 134 104 193 161 137 135 177 150 110 167 182 162 127 197 133 106 160 196 139 176 165 108 116 120 168 145 131 143 186 138 124 149 140 157 115 136
894 895 897 896 840 875 865 867 898 832 854 824 871 843 815 886 839 860 872 817 835 816 883 852 851 830 890 891 869 806 805 853 831 845 838 887 823 844 874 858 899 827 809 873 810 866 848 814 819 804 857 825 841 820 834 878 813 884 850 892 861 803 812 889 818 846 880 888 836 868 849 828 829 826 885 877 822 800 870 882 837 893
924 972 974 931 901 913 927 971 984 903 925 921 956 961 941 968 965 950 944 995 955 946 904 967 960 939 917 908 980 991 911 959 936 990 906 929 918 966 934 916 912 949 926 919 989 976 998 930 902 920 988 952 986 907 942 962 996 935 940 983 979 938 981 977 910 922 982 964 958 985
205 291 288 272 277 238 229 226 234 290 235 278 246 274 265 228 247 275 209 261 249 255 217 200 280 242 283 208 256 230 284 259 258 295 250 210 218 204 244 221 214 286 270 282 263 262 245 297 267 227 237 219 254 266 298 225 231 216 293 281 203 285 257 299 289 253 273 206 222 236 287 223 207 252 202
761 736 701 742 793 774 735 713 712 759 752 784 778 739 720 781 771 777 723 747 798 786 760 751 728 762 767 719 769 724 796 776 740 722 765 787 738 753 714 782 703 773 717 772 792 755 749 750 791 705 711 721 799 731 732 756 790 709 754 718 783 768 788 702 757 716 746 715 743 744 770 704 766 741 779
696 694 698 651 632 633 692 622 681 666 680 695 667 628 637 691 605 664 684 668 658 627 640 607 665 678 630 629 655 645 650 614 616 636 620 654 635 699 662 661 676 660 626 641 677 615 601 604 638 634 663 646 688 682 649 670 685 671 675 631 669 697 683 679 674 653 608 643 648 642 647 621 693 659
802
954
518 539 530 533 520 582 529 501 512 559 586 519 570 590 580 538 514 571 552 589 563 574 597 555 549 509 557 536 510 546 578 588 527 545 577 532 583 547 504 537 531 594 517 593 542 567 521 534 579 535 554 584 544 511 543 525 569 595 506 560 541 566 581 540 505 550 585 573 596 556 591 575 508 516 599
8
361 392 399 363 330 344 340 368 380 309 396 387 333 354 322 367 327 314 398 390 360 388 349 342 371 370 369 365 339 325 306 353 352 318 378 394 332 317 336 350 372 348 351 312 379 362 393 326 359 357 389 300 346 381 375 319 338 377 385 366 311 356 313 331 334 391 364 345 386 305 337 323 303 324 343 341 307
994
264
548
17
128
915
33
708
833
612
801
111
564
56
932
611
347
421
503
418
355
39
304
151
656
123
689
146
957
384
507
562
239
515
100
970
248
619
1
987
710
129
587
180
565
700
268
706
159
726
436
863
764
808
933
745
999
260
240
172
429
947
397
83
609
748
320
107
30
639
308
212
477
279
16
613
602
190
70
122
797
34
158
215
568
864
191
53
383
937
737
951
198
5
707
528
551
65
78
690
276
117
41
502
909
241
522
463
156
233
923
618
432
45
243
493
847
181
953
19
451
513
789
859
900
730
376
558
400
450
440
876
997
600
408
335
624
652
121
188
68
969
328
175
201
945
603
170
500
130
598
617
315
31
623
89
572
526
576
992
220
373
271
727
644
842
118
43
446
358
453
523
192
785
758
423
213
928
80
905
673
686
294
733
102
382
606
310
484
561
687
251
821
472
780
914
993
269
625
179
184
97
725
67
316
374
807
93
729
496
763
879
524
775
113
37
963
178
417
199
862
292
553
943
856
795
296
301
794
672
101
61
811
232
42
592
211
189
153
610
855
881
224
948
321
481
62
395
657
302
329
194
978
734
975
171