973
7 35 46 0 26 59 95 22 48 15 66 38 47 57 50 63 2 64 51 84 96 32 92 52 18 73 20 27 4 72 10 13 25 60 88 85 90 40 6 86 12 9 99 49 76 79 3 14 77 21 54 23 29 36 44 71 98 58 28 55 11 94 75 87 91 81 69 24 74 82
114
444 412 464 480 482 454 443 437 410 470 449 435 455 445 452 458 442 414 427 422 420 425 407 431 430 473 487 476 433 494 475 416 478 468 465 441 439 469 497 499 424 401 426 447 490 460 406 434 489 491 438 411 405 492 457 483 448 467 403 456 459 461 413 428 474 479 471 466 495 462 485 402 486 415 488 419 409 404 498
137 116 145 131 166 167 154 176 174 162 112 109 196 105 142 183 110 106 144 104 182 115 139 119 103 136 120 134 157 165 152 132 126 135 193 140 197 163 169 127 149 185 160 177 187 108 125 138 168 173 133 195 147 148 186 143 124 141 161 150 155 164
890 880 861 830 834 836 885 877 874 845 883 803 816 843 894 844 848 868 827 893 838 882 891 810 825 809 899 826 871 875 872 867 837 887 865 805 818 889 866 835 892 898 854 858 852 800 878 897 846 853 806 832 884 822 824 804 841 886 828 814 820 829 896 817 813 860 839 873 857 870 840 831 849 895 812 819 850 815 851 888 823
980 902 917 952 922 925 995 982 958 959 971 907 965 911 938 964 908 955 940 941 967 950 939 906 942 934 931 984 919 996 976 966 972 986 998 901 968 949 921 930 960 985 926 983 920 912 935 989 929 962 946 904 916 927 936 956 991 903 961 913 988 979 981 924 977 990 918 944 974 910
252 244 200 249 226 223 217 237 202 275 265 228 290 236 230 284 218 225 229 277 288 222 204 231 291 266 214 234 227 253 274 257 293 209 298 283 273 259 295 205 208 258 235 247 255 263 254 203 262 299 238 216 207 242 210 285 261 270 286 206 287 267 280 256 282 219 221 246 250 281 289 297 278 272 245
741 742 799 773 702 776 731 798 782 756 744 721 718 705 735 739 738 753 751 704 717 724 719 774 715 766 723 761 711 712 768 786 767 701 792 790 793 759 750 777 703 736 754 755 732 770 716 787 791 772 752 784 749 747 765 746 762 783 713 760 740 779 796 771 714 778 728 757 722 743 769 709 788 781 720
674 658 620 626 636 671 630 681 637 666 640 627 688 669 648 621 660 664 605 659 607 654 693 665 642 651 629 634 647 663 697 653 680 628 692 691 643 695 631 601 662 650 684 633 604 615 683 645 632 638 614 655 646 641 608 685 677 649 678 675 616 661 679 670 698 667 682 696 635 622 668 694 676 699
802
954
511 510 589 596 505 583 538 512 543 591 555 554 566 508 509 550 577 595 531 570 585 573 541 527 506 536 519 582 580 579 594 567 549 545 586 525 535 546 530 529 520 516 560 584 575 537 501 569 533 552 514 542 574 597 599 504 534 590 532 578 556 517 518 593 521 544 557 547 571 540 539 563 588 559 581
8
398 386 385 339 307 367 366 337 350 378 360 322 390 324 342 352 379 331 341 344 336 380 325 333 399 351 338 306 309 368 312 318 354 389 361 394 349 377 353 357 323 371 359 356 381 363 396 362 392 303 388 348 300 343 340 364 372 326 345 314 305 387 327 393 369 370 317 334 330 365 313 391 346 319 332 311 375
994
264
548
17
128
915
33
708
833
612
801
111
564
56
932
611
347
421
503
418
355
39
304
151
656
123
689
146
957
384
507
562
239
515
100
970
248
619
1
987
710
129
587
180
565
700
268
706
159
726
436
863
764
808
933
745
999
260
240
172
429
947
397
83
609
748
320
107
30
639
308
212
477
279
16
613
602
190
70
122
797
34
158
215
568
864
191
53
383
937
737
951
198
5
707
528
551
65
78
690
276
117
41
502
909
241
522
463
156
233
923
618
432
45
243
493
847
181
953
19
451
513
789
859
900
730
376
558
400
450
440
876
997
600
408
335
624
652
121
188
68
969
328
175
201
945
603
170
500
130
598
617
315
31
623
89
572
526
576
992
220
373
271
727
644
842
118
43
446
358
453
523
192
785
758
423
213
928
80
905
673
686
294
733
102
382
606
310
484
561
687
251
821
472
780
914
993
269
625
179
184
97
725
67
316
374
807
93
729
496
763
879
524
775
113
37
963
178
417
199
862
292
553
943
856
795
296
301
794
672
101
61
811
232
42
592
211
189
153
610
855
881
224
948
321
481
869
62
395
657
302
329
194
978
734
975
171