973
52 38 44 29 77 88 13 66 59 12 49 18 11 90 50 23 79 91 74 58 71 85 86 24 82 6 3 15 28 95 63 7 20 81 32 35 75 9 0 64 76 40 36 54 99 46 94 2 87 51 27 21 57 72 26 10 4 47 98 69 22 14 92 55 48 25 84 96 73
114
495 444 465 469 447 438 467 442 482 455 499 437 452 430 483 480 457 468 412 479 427 459 435 488 411 431 478 428 443 441 407 470 414 471 433 462 475 489 456 413 422 410 445 402 415 485 458 404 439 464 419 491 425 405 487 426 448 486 449 476 461 492 454 466 498 490 474 409 420 460 424 403 434 416 494 406 497 473 401
185 155 135 148 108 127 145 142 162 197 134 125 139 104 149 124 165 173 177 141 164 182 103 183 176 137 150 131 133 160 186 187 119 106 110 120 161 174 105 116 166 195 167 132 169 126 140 112 143 152 163 147 115 138 136 168 196 157 144 109 154 193
831 898 823 826 850 857 820 880 839 800 803 868 825 885 896 893 884 849 860 809 883 822 875 837 871 805 848 887 886 844 867 818 899 817 815 882 812 827 813 819 845 858 804 830 816 872 878 832 852 846 810 838 865 890 866 829 851 874 834 853 889 843 888 873 892 835 836 870 897 854 814 841 824 891 828 840 877 861 806 894 895
958 946 916 901 920 935 996 911 962 930 908 917 906 955 982 941 989 995 984 913 991 980 990 979 964 907 956 961 942 944 903 977 912 966 934 998 985 986 940 936 904 922 950 952 965 939 949 983 931 921 959 981 960 929 938 976 902 988 971 967 974 910 924 968 972 918 926 925 919 927
245 222 266 247 231 297 230 255 202 216 228 207 267 221 242 218 285 275 262 208 295 273 250 236 284 283 278 235 219 244 225 290 204 265 234 270 254 280 272 252 206 223 227 274 281 257 286 246 258 287 282 226 229 263 209 299 238 293 205 277 214 249 210 256 259 291 253 200 237 288 217 298 203 289 261
749 784 720 722 716 765 719 770 781 746 739 779 761 754 741 788 769 783 702 713 744 750 740 723 735 712 759 718 704 796 751 728 752 742 721 766 756 760 786 703 714 799 790 776 701 732 757 771 778 738 753 791 782 767 731 792 705 793 724 762 798 709 747 773 772 743 717 777 736 711 715 768 755 774 787
680 698 648 664 674 693 637 634 665 670 677 694 671 605 614 695 607 645 620 660 636 651 662 649 631 622 685 653 663 646 691 604 633 641 682 628 669 632 667 661 681 683 629 658 679 688 692 668 676 615 627 616 608 655 601 654 684 621 630 650 638 643 642 696 635 699 640 659 666 675 697 678 647 626
802
954
550 581 532 591 539 549 583 599 559 590 555 597 537 509 506 516 542 571 517 578 552 589 504 577 582 536 569 543 586 541 595 501 538 593 530 540 547 534 594 520 505 529 588 570 533 535 580 525 585 584 519 574 575 544 596 545 511 557 510 527 560 563 514 556 554 518 573 566 567 508 512 531 521 546 579
8
398 322 392 394 303 334 333 346 319 378 343 354 306 300 332 371 345 391 361 368 360 387 351 312 388 375 318 389 380 323 386 305 367 385 313 396 356 379 363 390 377 339 362 365 353 326 393 352 317 341 359 311 369 314 348 336 350 325 344 327 338 357 331 340 372 364 370 366 349 330 307 337 324 342 381 309 399
994
264
548
17
128
915
33
708
833
612
801
111
564
56
932
611
347
421
503
418
355
39
304
151
656
123
689
146
957
384
507
562
239
515
100
970
248
619
1
987
710
129
587
180
565
700
268
706
159
726
436
863
764
808
933
745
999
260
240
172
429
947
397
83
609
748
320
107
30
639
308
212
477
279
16
613
602
190
70
122
797
34
158
215
568
864
191
53
383
937
737
951
198
60
5
707
528
551
65
78
690
276
117
41
502
909
241
522
463
156
233
923
618
432
45
243
493
847
181
953
19
451
513
789
859
900
730
376
558
400
450
440
876
997
600
408
335
624
652
121
188
68
969
328
175
201
945
603
170
500
130
598
617
315
31
623
89
572
526
576
992
220
373
271
727
644
842
118
43
446
358
453
523
192
785
758
423
213
928
80
905
673
686
294
733
102
382
606
310
484
561
687
251
821
472
780
914
993
269
625
179
184
97
725
67
316
374
807
93
729
496
763
879
524
775
113
37
963
178
417
199
862
292
553
943
856
795
296
301
794
672
101
61
811
232
42
592
211
189
153
610
855
881
224
948
321
481
869
62
395
657
302
329
194
978
734
975
171