973
12 52 38 3 58 50 81 71 79 36 46 0 49 40 51 73 54 11 10 69 4 9 29 75 98 63 66 91 74 20 59 27 35 7 86 84 57 99 22 77 47 76 13 88 32 55 26 15 94 44 48 82 23 2 64 90 21 92 14 85 25 18 72 6 24 87 28 95 96
114
490 486 404 424 467 494 438 485 416 465 419 445 403 428 488 456 462 411 434 455 471 483 422 492 413 469 466 407 410 464 430 499 447 425 478 449 470 443 459 420 497 498 489 458 441 480 495 402 468 439 479 427 457 454 442 433 475 426 414 437 482 452 415 448 474 412 491 409 460 401 405 487 406 444 431 435 473 476
142 144 162 110 173 105 148 186 197 174 138 120 185 147 134 103 136 182 168 149 127 160 167 126 195 125 196 133 183 169 131 154 164 152 141 193 135 115 140 116 157 137 124 150 106 163 132 145 139 143 119 155 177 187 166 108 112 109 161 165 104 176
892 868 836 887 844 812 823 877 878 819 840 852 854 810 820 848 839 874 872 884 824 888 895 825 880 832 816 800 827 809 891 831 893 851 886 826 806 871 882 870 860 817 838 885 853 857 805 883 865 846 850 837 849 845 861 894 830 890 804 875 867 843 828 822 873 814 896 834 803 866 841 813 899 858 818 897 829 815 889 898 835
955 921 986 929 902 952 990 977 976 941 922 925 906 989 904 971 926 934 911 907 981 942 972 920 984 916 965 995 918 930 927 931 910 968 979 946 967 980 924 966 961 959 901 940 913 985 912 998 944 950 956 935 988 949 996 919 917 974 991 983 960 939 908 982 964 958 962 936 903 938
200 244 222 231 221 247 254 281 246 245 228 225 217 237 285 297 293 289 250 275 234 238 273 218 283 274 257 272 262 255 280 259 287 207 299 277 253 267 227 291 229 242 249 210 226 258 202 208 204 286 290 298 230 263 236 209 203 206 282 284 235 256 216 270 252 278 219 266 288 265 261 214 205 295 223
744 719 722 747 792 759 757 728 766 784 774 762 714 756 753 732 779 743 787 772 704 765 713 790 711 791 786 799 776 736 771 752 717 770 742 793 739 718 768 750 751 777 705 724 749 781 796 798 782 703 702 738 767 740 731 723 721 761 741 754 715 735 716 720 760 769 755 712 778 746 783 788 773 709 701
683 632 669 628 631 664 680 697 677 655 635 661 671 629 691 607 608 633 685 641 627 621 692 630 695 651 698 684 636 696 688 658 648 650 626 662 638 637 668 694 640 653 674 643 660 670 654 634 675 614 676 601 649 622 645 678 681 646 642 699 616 604 667 665 682 647 605 693 679 615 620 666 659 663
802
954
544 570 556 525 559 557 517 509 599 569 514 520 582 550 501 505 535 521 518 566 595 516 540 554 532 589 583 577 536 546 549 545 552 537 573 510 512 580 584 527 533 511 590 504 539 534 596 593 567 588 555 597 571 581 506 538 585 519 541 531 529 543 591 579 586 574 547 563 560 542 578 530 594 575 508
8
339 372 351 353 380 357 365 356 307 393 368 324 359 322 367 354 396 323 399 381 398 331 333 350 326 352 392 330 364 327 389 391 387 312 338 303 362 363 348 305 375 340 377 341 313 378 370 346 306 337 386 371 349 390 366 300 336 343 334 309 361 360 311 318 319 342 388 317 344 379 394 345 369 314 325 385 332
994
264
548
17
128
915
33
708
833
612
801
111
564
56
932
611
347
421
503
418
355
39
304
151
656
123
689
146
957
384
507
562
239
515
100
970
248
619
1
987
710
129
587
180
565
700
268
706
159
726
436
863
764
808
933
745
999
260
240
172
429
947
397
83
609
748
320
107
30
639
308
212
477
279
16
613
602
190
461
70
122
797
34
158
215
568
864
191
53
383
937
737
951
198
60
5
707
528
551
65
78
690
276
117
41
502
909
241
522
463
156
233
923
618
432
45
243
493
847
181
953
19
451
513
789
859
900
730
376
558
400
450
440
876
997
600
408
335
624
652
121
188
68
969
328
175
201
945
603
170
500
130
598
617
315
31
623
89
572
526
576
992
220
373
271
727
644
842
118
43
446
358
453
523
192
785
758
423
213
928
80
905
673
686
294
733
102
382
606
310
484
561
687
251
821
472
780
914
993
269
625
179
184
97
725
67
316
374
807
93
729
496
763
879
524
775
113
37
963
178
417
199
862
292
553
943
856
795
296
301
794
672
101
61
811
232
42
592
211
189
153
610
855
881
224
948
321
481
869
62
395
657
302
329
194
978
734
975
171