973
9 71 50 4 38 24 90 20 59 96 95 87 27 21 0 2 55 15 86 36 47 28 23 98 92 49 32 82 99 81 75 54 63 69 66 94 84 79 10 7 22 46 48 25 14 3 12 76 74 18 85 57 26 29 40 77 6 11 35 13 64 91 72 73 52 58 51 44 88
114
424 431 425 403 448 410 412 442 435 452 460 434 454 414 416 489 407 447 437 497 499 465 486 404 470 413 405 476 427 498 449 479 464 462 455 487 441 482 402 466 474 468 494 490 456 485 478 492 475 422 488 443 471 439 438 426 469 457 411 419 444 415 480 483 473 458 401 433 420 406 430 495 491 467 459 409 428 445
162 138 106 163 126 148 197 193 147 150 131 174 124 185 168 186 142 134 141 110 167 187 133 145 116 120 143 164 137 132 125 177 119 173 103 165 127 112 155 154 144 140 196 183 104 135 160 149 166 115 161 152 108 169 182 105 195 139 176 136 109 157
875 888 848 887 878 825 884 893 819 820 822 897 851 829 890 831 870 873 840 846 874 872 857 867 837 835 866 865 816 800 813 839 858 892 883 849 882 838 818 896 898 809 817 815 826 841 845 830 823 828 868 836 877 804 803 843 886 899 853 814 871 885 812 832 827 852 889 824 894 806 895 805 844 860 861 834 854 850 880 891 810
950 976 995 908 913 956 981 974 972 927 980 996 989 936 944 959 941 952 924 962 961 922 907 934 991 940 931 906 986 918 912 968 979 942 938 910 965 930 949 988 935 926 946 921 958 960 919 990 983 998 902 901 925 982 903 971 911 920 904 916 939 977 985 929 964 967 917 955 966 984
270 200 222 235 217 278 283 223 280 284 236 272 277 210 231 267 207 246 247 250 216 252 228 298 257 297 202 219 299 208 259 281 286 214 218 227 289 244 293 234 203 288 262 245 287 226 291 258 237 256 249 221 242 263 229 209 265 266 295 225 205 253 206 261 255 282 204 230 238 290 273 274 275 254 285
773 784 765 783 757 792 776 782 716 704 701 756 793 738 741 717 772 760 749 743 732 787 781 736 714 791 786 771 753 746 723 742 788 711 703 778 720 718 755 713 779 747 705 790 731 769 767 796 750 766 752 735 799 774 715 770 709 768 722 751 744 798 712 721 761 777 754 724 759 728 762 740 719 739 702
678 692 622 636 659 604 634 642 661 653 654 630 660 688 699 681 637 607 621 614 664 679 643 674 651 663 647 671 677 627 698 632 631 682 693 675 605 662 645 650 626 648 694 684 641 668 655 616 615 628 669 640 620 676 697 683 667 638 666 633 601 670 658 635 629 665 646 696 649 680 695 685 691
802
954
532 578 574 589 582 537 580 569 555 556 504 520 550 566 594 583 599 584 531 506 588 509 559 585 560 590 521 597 575 554 541 533 593 538 529 512 508 595 543 511 586 581 539 596 525 514 552 530 540 544 573 501 542 567 570 517 518 577 545 527 579 549 516 519 591 563 557 505 534 510 535 546 571 547 536
8
317 371 360 377 324 359 344 375 351 365 357 398 363 331 368 338 366 343 346 389 362 391 367 388 380 399 342 323 364 386 336 311 325 353 303 322 337 314 354 393 332 385 327 306 326 394 305 339 334 318 378 348 372 352 369 370 361 396 340 330 307 379 319 390 387 356 313 333 349 341 345 350 312 300 381 392 309
994
264
548
17
128
915
33
708
833
612
801
111
564
56
932
611
347
421
503
418
355
39
304
151
656
123
689
146
957
384
507
562
239
515
100
970
248
619
1
987
710
129
587
180
565
700
268
706
159
726
436
863
764
808
933
745
999
260
240
608
172
429
947
397
83
609
748
320
107
30
639
308
212
477
279
16
613
602
190
461
70
122
797
34
158
215
568
864
191
53
383
937
737
951
198
60
5
707
528
551
65
78
690
276
117
41
502
909
241
522
463
156
233
923
618
432
45
243
493
847
181
953
19
451
513
789
859
900
730
376
558
400
450
440
876
997
600
408
335
624
652
121
188
68
969
328
175
201
945
603
170
500
130
598
617
315
31
623
89
572
526
576
992
220
373
271
727
644
842
118
43
446
358
453
523
192
785
758
423
213
928
80
905
673
686
294
733
102
382
606
310
484
561
687
251
821
472
780
914
993
269
625
179
184
97
725
67
316
374
807
93
729
496
763
879
524
775
113
37
963
178
417
199
862
292
553
943
856
795
296
301
794
672
101
61
811
232
42
592
211
189
153
610
855
881
224
948
321
481
869
62
395
657
302
329
194
978
734
975
171