973
15 71 73 12 14 23 28 96 18 95 26 90 66 55 7 82 50 13 72 6 4 24 91 9 98 22 51 35 75 11 32 69 94 49 79 84 2 29 88 25 38 87 47 46 48 0 92 3 77 44 99 36 81 20 85 64 86 57 21 76 63 54 40 74 58 59 27 10
114
495 498 424 425 479 459 475 414 465 448 404 467 409 469 487 486 413 464 445 433 466 491 430 434 497 474 489 416 482 457 438 407 456 437 442 401 483 488 460 485 428 426 412 443 439 441 462 410 476 471 490 470 411 422 444 415 480 499 435 452 406 468 447 449 405 403 473 419 420 455 402 431 427 492 478 494 458 454
152 183 176 125 157 162 139 148 132 120 182 142 135 186 137 112 196 167 147 177 161 136 164 169 104 106 150 109 187 193 138 155 134 168 163 108 144 115 103 154 127 173 110 131 133 143 126 185 166 124 145 105 195 149 119 174 197 160 165 141 116 140
850 882 873 815 816 835 867 810 836 825 823 885 814 866 887 890 826 858 803 809 852 804 800 838 851 853 895 883 812 892 843 844 840 871 894 832 860 889 824 898 819 875 877 829 899 897 848 878 870 841 806 839 813 880 884 822 817 834 830 891 845 820 837 805 849 874 888 854 827 857 886 868 865 846 818 828 893 872 861 831 896
972 996 979 935 965 949 930 998 941 961 955 991 912 939 902 995 904 906 919 971 981 962 921 946 942 958 983 984 938 977 907 985 917 959 976 940 926 956 927 925 931 982 918 986 908 924 934 960 929 950 903 944 952 974 964 936 968 901 920 967 916 913 980 910 922 911 989 988 990 966
267 205 287 229 214 203 285 230 238 262 266 297 293 282 275 261 222 237 290 250 226 206 259 236 277 258 299 202 256 228 255 273 244 223 291 249 289 252 280 225 270 227 234 242 298 218 281 235 265 216 210 231 209 257 200 284 204 247 288 207 221 246 253 295 254 286 283 274 208 272 217 245 263 219 278
762 702 751 773 783 738 741 788 713 720 731 739 781 792 761 704 757 771 799 715 717 750 772 718 769 790 787 736 768 793 759 752 716 754 767 724 778 766 732 705 770 743 721 776 796 712 753 722 786 747 798 774 709 711 740 746 784 728 744 777 723 755 742 791 701 765 749 782 779 719 714 735 756 703 760
678 628 681 626 633 643 666 622 650 691 699 649 694 615 688 683 607 655 682 696 674 614 645 620 665 638 685 695 661 653 698 651 635 662 680 654 659 630 636 692 627 697 679 646 667 632 604 668 634 641 642 640 669 637 675 677 663 648 658 601 631 676 660 605 671 670 684 647 664 693 629 621 616
802
954
574 518 539 514 546 550 530 506 571 547 570 591 559 538 579 532 543 589 567 588 536 597 585 569 596 594 527 531 540 586 584 549 556 541 501 510 545 537 566 533 529 560 512 583 555 521 573 508 575 552 516 599 590 542 578 517 520 505 581 577 544 511 534 580 582 504 593 519 557 563 554 525 509 535 595
8
325 339 357 300 379 331 369 362 390 392 389 326 366 365 340 367 337 343 319 354 338 372 356 336 380 322 346 398 399 303 317 388 391 353 363 318 375 324 352 307 330 348 386 360 349 359 305 364 345 385 327 396 361 341 344 381 306 387 350 371 313 334 351 311 323 368 309 333 378 377 394 393 314 312 342 332 370
994
264
548
17
128
915
33
708
833
612
801
111
564
56
932
611
347
421
503
418
355
39
304
151
656
123
689
146
957
384
507
562
239
515
100
970
52
248
619
1
987
710
129
587
180
565
700
268
706
159
726
436
863
764
808
933
745
999
260
240
608
172
429
947
397
83
609
748
320
107
30
639
308
212
477
279
16
613
602
190
461
70
122
797
34
158
215
568
864
191
53
383
937
737
951
198
60
5
707
528
551
65
78
690
276
117
41
502
909
241
522
463
156
233
923
618
432
45
243
493
847
181
953
19
451
513
789
859
900
730
376
558
400
450
440
876
997
600
408
335
624
652
121
188
68
969
328
175
201
945
603
170
500
130
598
617
315
31
623
89
572
526
576
992
220
373
271
727
644
842
118
43
446
358
453
523
192
785
758
423
213
928
80
905
673
686
294
733
102
382
606
310
484
561
687
251
821
472
780
914
993
269
625
179
184
97
725
67
316
374
807
93
729
496
763
879
524
775
113
37
963
178
417
199
862
292
553
943
856
795
296
301
794
672
101
61
811
232
42
592
211
189
153
610
855
881
224
948
321
481
869
62
395
657
302
329
194
978
734
975
171