973
49 82 6 32 15 12 96 86 66 25 7 44 21 11 71 4 95 38 85 98 72 81 84 24 75 51 46 18 77 63 26 20 47 35 29 40 57 58 27 87 22 23 94 36 79 48 3 73 55 59 88 64 9 69 14 2 10 90 0 13 54 92 99 50 28 91 76 74
114
480 489 425 494 471 459 406 469 497 492 404 420 442 443 458 452 479 491 462 474 486 473 466 445 416 476 483 405 430 401 402 482 467 447 449 495 409 475 468 403 490 419 413 433 457 422 437 438 485 407 434 431 439 464 412 487 460 456 441 444 488 410 454 455 411 498 465 426 427 424 415 470 499 414 448 435 478 428
145 126 135 162 105 182 115 152 164 120 160 195 186 176 147 197 125 132 150 109 119 108 185 106 183 167 155 138 154 136 157 112 134 166 103 133 193 187 168 142 173 148 104 127 137 165 177 144 196 131 140 116 124 110 169 161 141 139 143 163 149 174
846 857 817 849 894 870 851 806 803 810 858 873 841 812 844 831 827 874 875 823 861 804 843 886 891 818 828 829 884 899 883 824 830 832 848 892 809 865 814 825 896 868 872 835 854 837 887 840 815 893 898 819 800 890 816 888 880 882 813 889 885 860 866 897 839 845 895 852 822 838 877 826 853 834 878 820 871 867 805 836 850
956 960 985 903 913 939 910 983 979 938 988 965 984 936 931 906 941 964 919 907 940 950 929 917 926 958 904 927 944 901 924 967 946 942 925 976 955 982 989 981 991 920 908 962 949 921 918 971 902 922 930 935 998 934 968 980 996 959 912 972 961 995 990 977 966 952 911 916 974 986
223 286 204 244 252 230 282 299 274 202 208 283 262 277 214 278 256 250 281 249 266 259 236 265 238 229 270 234 231 290 267 297 247 227 228 245 246 242 235 216 200 255 226 291 210 237 293 273 261 298 217 254 218 295 203 225 219 272 280 206 205 287 285 221 284 263 222 258 209 275 257 253 207 288 289
723 765 731 773 712 792 762 751 781 741 783 701 744 736 766 788 787 721 798 719 754 716 761 750 790 702 728 760 756 703 711 752 715 757 739 755 772 771 770 724 704 749 774 793 746 759 742 777 776 779 738 705 743 713 714 732 769 718 767 791 753 735 786 722 740 717 782 768 720 796 709 778 784 747 799
622 678 633 693 601 651 646 607 658 629 679 605 627 634 648 614 671 688 649 668 675 604 636 615 670 694 641 692 659 653 643 691 655 697 632 669 684 685 682 666 637 661 630 663 698 628 662 647 642 677 660 665 645 667 654 638 699 681 680 635 631 683 621 626 620 676 650 696 674 664 640 695 616
802
954
545 516 527 536 505 563 596 577 541 537 586 584 557 574 589 514 560 512 532 573 594 542 519 531 588 535 559 590 597 583 567 538 521 518 540 508 529 555 530 579 517 575 525 549 552 599 509 578 506 550 585 539 520 534 544 511 569 556 546 570 504 566 591 582 554 595 580 501 571 533 581 593 510 547 543
8
338 379 317 386 353 351 356 350 345 331 303 394 398 387 332 372 390 323 388 380 343 311 399 334 348 341 378 370 369 305 375 340 339 318 391 322 344 337 389 306 360 326 396 309 324 307 352 313 319 362 367 314 392 327 366 357 325 330 333 346 361 385 368 363 354 300 342 312 336 359 381 364 371 377 393 349
994
264
548
17
128
915
33
708
833
612
801
111
564
56
932
611
347
421
503
418
355
39
304
151
656
123
689
146
957
384
507
562
239
515
100
970
52
248
619
1
987
710
129
587
180
565
700
268
706
159
726
436
863
764
808
933
745
999
260
240
608
172
429
947
397
83
609
748
320
107
30
639
308
212
477
279
16
613
602
190
461
70
122
797
34
158
215
568
864
191
53
383
937
737
951
198
60
5
707
528
551
65
78
690
276
117
41
502
909
241
522
463
156
233
923
618
432
45
243
493
847
181
953
19
451
513
789
859
900
730
376
558
400
450
440
876
997
600
408
335
624
652
121
188
68
969
328
175
201
945
603
170
500
130
598
617
315
31
623
89
572
526
576
992
220
373
271
727
644
842
118
43
446
358
453
523
192
785
758
423
213
928
80
905
673
686
294
733
102
382
606
310
484
561
687
251
821
472
780
914
993
269
625
179
184
97
725
67
316
374
807
93
729
496
763
879
524
775
113
37
963
178
417
199
862
292
553
943
856
795
296
301
794
672
101
61
811
232
42
592
211
365
189
153
610
855
881
224
948
321
481
869
62
395
657
302
329
194
978
734
975
171