973
51 55 26 23 57 48 59 21 49 14 90 0 66 40 95 32 12 10 96 98 15 22 94 6 91 2 54 50 13 3 99 82 38 29 77 46 84 76 9 64 27 86 20 4 73 85 63 72 88 7 24 58 18 25 44 87 11 71 35 69 74 47 75 81 92 79 36 28
114
480 443 470 448 497 468 424 482 405 456 415 466 462 498 413 437 454 428 486 476 435 460 491 409 422 401 407 439 474 412 492 445 479 464 478 452 434 419 416 465 411 494 458 402 442 459 499 427 441 455 433 490 426 449 457 431 414 406 467 438 495 475 410 404 473 483 403 469 447 420 471 487 444 425 430 485 489 488
133 105 169 173 138 109 144 154 165 140 127 124 108 147 116 186 150 152 132 157 148 196 145 164 187 125 126 166 162 115 103 106 193 195 135 161 160 197 143 183 141 176 104 167 182 134 174 131 120 137 136 168 112 149 139 110 163 142 177 155 119 185
800 850 810 822 840 843 849 895 892 883 898 827 899 870 826 860 829 884 809 846 823 825 853 824 858 817 837 891 880 813 868 886 888 830 815 841 836 894 854 893 852 871 866 844 814 897 872 839 805 804 851 867 896 877 819 875 885 882 816 818 806 865 889 878 831 820 845 803 834 838 848 832 873 828 835 887 890 812 861 857 874
995 982 911 946 989 950 979 971 922 916 977 913 985 983 938 931 901 924 920 907 941 956 952 984 961 955 965 906 918 986 998 949 935 944 927 919 991 908 968 966 925 912 926 990 980 959 903 981 958 929 960 974 962 942 940 910 996 934 939 964 967 917 902 921 930 988 972 976 936
255 237 238 230 281 204 297 259 234 207 272 221 217 202 267 245 214 203 236 249 244 288 247 280 254 283 218 242 210 258 266 253 205 274 285 257 284 219 261 206 278 299 250 287 265 275 290 291 263 252 200 270 289 226 229 228 231 208 209 222 262 216 295 256 223 298 246 235 282 273 293 227 286 277 225
760 738 754 761 791 779 741 735 765 712 728 740 736 757 792 782 766 746 755 749 762 790 770 778 731 705 750 719 718 753 796 701 720 786 752 776 773 767 768 739 711 722 771 744 793 769 732 709 703 774 787 743 724 772 747 759 798 783 799 751 716 721 715 717 784 788 704 714 742 702 756 777 781 713 723
685 699 662 661 695 636 632 676 651 660 659 604 645 667 605 630 627 669 607 633 620 631 655 626 681 637 668 638 649 692 658 688 642 628 670 696 675 693 650 641 647 635 653 654 684 601 665 679 664 663 678 640 629 646 614 622 694 698 674 643 683 677 671 621 680 697 616 666 648 682 615 634 691
802
954
559 585 509 550 532 571 567 530 557 541 566 579 560 594 538 521 575 552 582 581 578 533 536 570 554 506 505 501 539 511 574 514 519 590 518 584 588 573 546 597 531 525 586 537 542 543 556 517 596 555 527 595 599 545 593 563 577 549 512 535 544 510 589 591 529 580 534 504 583 547 540 569 516 520 508
8
327 336 392 378 398 352 313 399 350 317 393 305 370 377 388 346 307 312 371 368 314 391 386 364 385 379 360 354 300 306 340 366 318 349 351 337 341 363 357 334 348 356 394 303 396 309 361 331 345 369 375 333 359 362 381 330 343 380 326 325 332 323 367 311 322 319 342 353 390 324 339 338 372 389 344 387
994
264
548
17
128
915
33
708
833
612
801
111
564
56
932
611
347
421
503
418
355
39
304
151
656
123
689
146
957
384
507
562
239
515
100
970
52
248
619
1
987
710
129
587
180
565
700
268
706
159
726
436
863
764
808
933
745
999
260
240
608
172
429
947
397
83
609
748
320
107
30
639
308
212
477
279
16
613
602
190
461
70
122
797
34
158
215
568
864
191
53
383
937
737
951
198
60
5
707
528
551
65
78
690
276
117
41
502
909
241
522
463
156
233
923
618
432
45
243
493
847
181
953
19
451
513
789
859
900
730
376
558
400
450
440
876
997
600
408
335
624
652
121
188
68
969
328
175
201
945
603
170
500
130
598
617
315
31
623
89
572
526
576
992
220
373
271
727
644
842
118
43
446
358
453
523
192
785
758
423
213
928
80
905
673
686
294
733
102
382
606
310
484
561
687
251
821
472
780
914
993
269
625
179
184
97
725
67
904
316
374
807
93
729
496
763
879
524
775
113
37
963
178
417
199
862
292
553
943
856
795
296
301
794
672
101
61
811
232
42
592
211
365
189
153
610
855
881
224
948
321
481
869
62
395
657
302
329
194
978
734
975
171