973
6 44 32 72 18 27 21 36 48 29 51 74 23 22 69 46 47 88 13 57 50 0 35 99 4 64 55 14 98 20 28 58 73 10 40 86 76 77 75 92 71 11 84 2 87 81 26 90 54 3 25 79 9 66 94 82 85 15 7 63 49 91 59 95 38 96 24 12
114
406 405 469 464 499 442 420 409 438 410 455 482 456 435 480 497 474 448 404 473 492 478 476 416 422 401 498 407 479 402 465 488 471 457 419 428 415 426 413 454 452 433 489 445 447 425 403 470 491 444 449 459 424 412 434 462 411 485 467 487 437 460 483 431 441 414 439 495 475 486 427 466 430 458 443 494 490 468
136 140 137 115 167 155 138 135 169 109 116 187 160 174 157 147 143 142 126 152 139 106 150 134 131 141 103 163 195 127 197 105 120 177 162 110 193 185 124 196 186 119 183 104 125 154 182 161 132 168 108 166 176 133 148 149 144 164 145 173 112 165
815 836 883 825 891 871 819 838 873 894 850 810 884 828 841 858 892 898 835 866 831 818 816 812 896 870 800 839 805 893 890 889 843 840 826 860 804 861 899 854 834 865 813 830 832 848 897 852 851 874 878 845 877 895 837 880 872 882 886 844 817 867 888 820 814 827 822 806 875 829 803 868 885 809 853 857 849 887 823 846 824
967 938 929 991 920 919 968 974 940 941 985 971 931 965 913 961 918 917 956 977 936 989 966 958 982 960 926 949 980 901 916 950 988 959 927 942 981 996 922 910 962 903 925 984 944 986 964 935 990 979 952 930 955 946 939 921 934 983 972 911 907 906 912 908 924 902 995 976 998
228 234 200 272 221 217 287 274 257 223 293 237 263 207 289 288 255 242 283 209 206 286 299 245 261 208 277 249 253 252 267 265 256 231 222 281 254 218 202 295 238 266 285 284 216 259 290 275 210 203 298 227 247 291 246 225 258 262 235 278 204 280 214 244 282 270 226 230 229 250 273 297 219 205 236
747 754 739 701 711 784 799 702 714 777 790 760 742 731 738 741 771 774 773 769 759 786 781 791 772 746 750 788 740 792 743 752 712 755 756 776 757 753 709 705 783 744 768 704 787 765 723 796 761 762 724 779 728 703 782 713 767 770 735 717 778 751 720 732 736 793 719 798 722 715 721 766 718 749 716
698 692 684 601 640 699 662 637 666 641 682 679 642 648 664 651 663 649 650 691 620 645 683 670 693 607 615 696 653 629 674 688 658 654 659 616 621 622 677 643 634 646 655 636 627 632 668 681 695 667 669 647 604 628 631 671 635 661 697 665 626 675 678 630 680 614 605 685 676 694 633 638 660
802
954
533 549 540 505 529 508 555 595 573 574 599 580 547 546 514 578 510 544 517 567 559 531 563 504 525 569 527 566 583 519 579 543 520 535 501 511 532 590 550 586 545 582 538 512 571 575 589 594 541 584 554 577 557 506 596 556 570 537 593 560 536 581 585 597 591 518 539 509 530 521 552 542 588 534 516
8
305 343 396 378 352 391 369 353 336 324 311 339 390 360 367 307 381 331 325 345 399 330 398 357 341 340 388 317 318 323 313 322 356 349 392 314 389 361 326 363 351 344 337 300 379 359 327 370 319 380 377 346 334 385 348 387 386 303 375 312 333 342 350 394 354 364 372 371 362 338 306 309 332 393 366
994
264
548
17
128
915
33
708
833
612
801
111
564
56
932
611
347
421
503
418
355
39
304
151
656
123
689
146
957
384
507
562
239
515
100
970
52
248
619
1
987
710
129
587
180
565
700
268
706
368
159
726
436
863
764
808
933
745
999
260
240
608
172
429
947
397
83
609
748
320
107
30
639
308
212
477
279
16
613
602
190
461
70
122
797
34
158
215
568
864
191
53
383
937
737
951
198
60
5
707
528
551
65
78
690
276
117
41
502
909
241
522
463
156
233
923
618
432
45
243
493
847
181
953
19
451
513
789
859
900
730
376
558
400
450
440
876
997
600
408
335
624
652
121
188
68
969
328
175
201
945
603
170
500
130
598
617
315
31
623
89
572
526
576
992
220
373
271
727
644
842
118
43
446
358
453
523
192
785
758
423
213
928
80
905
673
686
294
733
102
382
606
310
484
561
687
251
821
472
780
914
993
269
625
179
184
97
725
67
904
316
374
807
93
729
496
763
879
524
775
113
37
963
178
417
199
862
292
553
943
856
795
296
301
794
672
101
61
811
232
42
592
211
365
189
153
610
855
881
224
948
321
481
869
62
395
657
302
329
194
978
734
975
171