902 908 962 960 985 909 914 935 978 988 923 967 993 916 926 952 948 972 940 945 971 958 992 994 955 953 933 921 919 991 982 999 903 976 911 963 910 907 968 986 929 957 925 951 912 930 913 981 942 979 950 938 931 969 924 906 961 956 954 937 943 984 936 947 927 959 977 901 975 944 928 934 974 970 920 915 997 941 995 989 966 987 964 973 905 946 932 949 922 917 918 939 996 980 983 904 965 998 990
49 19 3 8 71 51 62 63 86 98 45 18 29 64 66 0 40 53 15 74 41 5 27 80 16 84 10 36 87 91 94 6 56 78 61 68 57 85 81 70 55 31 73 25 32 20 28 24 83 75 39 97 88 77 79 93 46 48 82 34 7 26 9 95 13 52 23 21 76 14 50 42 47 12 38 89 22 11 65 60 67 4 54 72 43 44 2 30 69 17 96 37 92 58 99 33 35 90 59
129 156 173 185 175 115 163 196 125 197 169 157 108 114 145 143 182 176 165 199 190 154 122 171 109 106 179 168 172 128 147 135 123 167 100 121 164 198 194 138 132 111 136 137 152 184 170 189 177 160 134 133 174 116 178 144 112 148 118 162 192 155 188 150 110 113 120 191 153 102 146 161 187 193 159 103 142 186 183 130 119 105 107 124 126 149 139 131 180 127 141 104 195 140 181 117 166
495 475 472 466 485 462 481 430 471 440 448 409 415 494 401 496 413 450 459 417 432 423 498 407 477 490 474 479 467 422 457 480 433 434 416 412 421 414 435 442 453 470 473 486 427 431 405 428 468 439 476 456 460 487 446 444 465 497 491 424 478 464 418 420 454 437 419 406 461 402 436 483 452 425 489 449 455 482 403 445 443 408 438 458 488 447 429 404 463 492 499 484 493 451 441 411 410 469 426
850 886 844 877 839 871 845 830 840 856 875 879 853 854 855 892 867 841 890 846 881 809 802 869 870 823 813 827 831 880 838 816 861 889 897 821 814 819 828 832 848 811 865 883 887 815 837 805 834 894 826 872 876 884 898 858 822 803 849 874 860 862 817 851 825 804 824 812 896 888 891 808 859 807 882 847 852 836 885 829 842 835 899 863 806 866 893 857 864 873 833 818 800 895 810 868 843 878 820
239 236 240 290 211 224 289 266 270 245 281 202 234 262 297 264 225 286 256 226 235 246 231 260 282 275 253 227 247 207 279 299 248 276 284 255 230 259 261 212 203 287 298 243 219 274 222 238 278 232 221 215 213 209 252 220 214 292 241 217 258 205 208 272 295 277 223 229 280 200 271 218 268 251 273 204 294 206 216 233 283 293 288 244 263 265 296 254 249 257 228 267 285 237 242 269 210 250 291
772 756 709 703 715 732 706 766 776 782 734 774 783 794 743 754 778 744 736 728 795 718 748 733 751 752 712 788 750 760 755 713 765 762 746 791 781 710 701 796 742 716 725 707 789 730 737 724 784 739 793 757 761 720 780 749 792 708 740 764 771 735 722 731 721 717 705 797 775 753 768 779 758 770 711 759 799 714 767 787 719 741 785 773 702 790 798 704 763 777 738 747 786 769 745 729 723
643 665 629 619 690 678 615 694 669 627 686 639 691 603 670 682 641 613 645 646 623 642 635 698 667 666 628 640 604 658 637 624 679 638 607 683 636 654 685 664 648 696 651 681 632 688 609 672 633 656 675 625 689 649 616 662 676 699 695 693 644 652 634 611 622 617 673 647 684 631 621 680 650 660 614 655 626 687 668 612 610 697 601 674 606 653 671 630 618 620 608 659 677 661 692 605 657 602 663
518 508 575 593 576 568 592 522 542 514 588 556 502 583 591 573 515 544 543 557 555 539 577 571 584 501 581 504 521 541 505 528 552 589 525 509 506 579 564 533 537 516 595 540 570 534 560 586 598 563 538 546 547 524 569 527 545 596 530 574 548 599 554 578 567 562 531 510 590 520 549 532 587 558 517 512 551 580 550 585 513 511 519 565 503 523 529 536 597 594 526 507 535 561 559 582 553 566
393 338 330 334 356 375 382 377 315 305 381 309 339 387 332 318 304 307 323 383 397 346 366 308 337 351 303 333 311 353 373 395 364 310 378 398 368 328 357 399 312 322 386 341 369 385 349 345 352 370 319 355 314 390 313 347 317 336 362 380 343 354 335 392 344 321 363 329 327 367 376 325 320 350 302 361 384 388 300 348 342 396 306 365 372 359 394 331 340 324 358 371 379 326 360 389 391
801
151
1
700
726
158
900
400
600
201
500
572
727
316
374
301
101