973
2 44 98 51 91 25 47 82 86 72 26 94 32 74 0 18 96 81 64 50 99 77 75 20 90 10 92 40 21 95 88 85 48 15 57 71 14 24 28 7 46 55 66 23 22 4 12 6 27 84 73 59 69 49 35 9 58 76 38 63 36 13 87 54 11 3 79 29
114
407 414 469 444 485 483 409 498 470 411 424 404 466 410 471 452 487 401 467 428 434 490 442 422 491 458 419 488 415 480 465 473 475 426 457 468 494 492 405 447 454 443 495 420 403 464 462 445 478 482 476 435 449 438 431 413 456 427 460 437 499 439 497 430 474 448 412 479 425 489 459 455 486 402 406 416 441 433
120 173 142 169 148 103 186 196 108 110 115 112 177 165 195 132 125 131 116 176 109 119 133 183 166 157 124 193 197 168 163 141 162 160 182 136 139 154 145 126 144 134 104 155 164 152 187 140 185 105 137 161 106 174 138 150 127 149 147 143 167 135
849 867 873 827 841 810 853 882 843 850 866 832 857 823 868 839 837 886 874 836 860 894 861 838 899 822 806 830 824 888 897 816 892 817 825 819 848 887 809 835 826 877 889 871 885 800 845 878 898 831 814 804 895 883 803 872 818 805 851 891 896 815 812 840 884 870 813 829 875 828 820 852 880 854 834 893 844 846 858 865 890
938 988 984 985 910 986 967 908 920 977 903 941 917 930 931 921 935 940 990 919 968 991 962 976 998 949 956 934 929 902 958 906 966 950 927 944 972 960 912 971 939 918 983 955 911 959 989 922 952 974 926 907 965 982 981 946 996 942 936 913 995 961 916 979 924 980 901 925 964
245 218 210 209 287 258 254 280 283 223 265 231 286 293 226 217 267 236 274 222 225 259 255 289 256 205 253 257 203 242 230 246 285 234 227 277 291 202 204 298 262 290 200 235 273 295 284 278 282 216 275 272 252 288 229 247 250 221 249 266 297 261 207 208 228 244 214 270 238 281 237 263 219 299 206
703 761 744 735 771 774 772 736 722 740 788 709 721 711 716 704 793 796 752 765 799 778 751 728 753 783 781 719 717 746 787 715 741 791 705 776 757 713 755 782 743 762 750 786 742 749 798 790 777 712 702 779 720 701 731 732 738 784 768 756 792 723 770 773 754 766 760 724 759 747 714 769 739 767 718
604 629 674 634 638 688 668 694 682 651 658 663 669 630 695 626 691 696 670 675 664 653 697 684 661 666 680 645 621 605 615 632 601 646 622 654 665 659 698 683 641 681 642 693 640 614 607 616 678 635 633 699 692 620 650 628 649 631 655 643 627 648 662 647 685 660 677 667 676 637 671 679 636
802
954
555 505 588 556 585 584 580 530 533 575 536 508 527 593 541 595 559 570 596 590 560 516 597 583 540 544 547 582 511 538 546 554 574 539 517 573 525 557 535 506 550 509 542 581 501 510 529 579 577 520 537 591 552 594 531 599 566 543 549 518 534 521 504 563 571 586 519 578 567 569 545 514 512 532 589
8
363 312 366 314 348 340 338 327 394 326 390 380 318 391 319 388 345 371 322 325 360 331 370 344 303 386 361 336 367 356 323 311 357 396 332 392 372 351 313 387 341 342 364 324 339 337 354 346 393 377 349 398 330 369 305 375 309 334 317 306 307 399 359 343 389 333 379 378 381 353 385 352 300 350
994
264
548
17
128
915
33
708
833
612
801
111
564
56
932
611
347
421
503
418
355
39
304
151
656
123
689
146
957
384
507
562
239
515
100
970
52
248
619
1
987
710
129
587
180
565
700
268
706
368
159
726
436
863
764
808
933
745
999
260
240
608
172
429
947
397
83
609
748
320
107
30
639
308
212
477
279
16
613
602
190
461
70
122
797
34
158
215
568
864
191
362
53
383
937
737
951
198
60
5
707
528
551
65
78
690
276
117
41
502
909
241
522
463
156
233
923
618
432
45
243
493
847
181
953
19
451
513
789
859
900
730
376
558
400
450
440
876
997
600
408
335
624
652
121
188
68
969
328
175
201
945
603
170
500
130
598
617
315
31
623
89
572
526
576
992
220
373
271
727
644
842
118
43
446
358
453
523
192
785
758
423
213
928
80
905
673
686
294
733
102
382
606
310
484
561
687
251
821
472
780
914
993
269
625
179
184
97
725
67
904
316
374
807
93
729
496
763
879
524
775
113
37
963
178
417
199
862
292
553
943
856
795
296
301
794
672
101
61
811
232
42
592
211
365
189
153
610
855
881
224
948
321
481
869
62
395
657
302
329
194
978
734
975
171