973
54 22 36 0 40 25 94 11 77 75 59 64 29 81 13 71 20 90 86 95 55 35 32 6 91 38 51 99 14 7 82 48 92 4 76 79 9 49 88 57 63 27 96 46 47 72 26 12 28 87 69 10 3 15 85 24 44 58 84 23 73 50 21 66 18 98 2 74
114
470 424 413 457 483 458 471 468 492 478 495 438 427 462 454 467 486 449 445 474 456 412 497 433 469 419 452 428 489 476 448 482 406 466 416 425 435 475 488 442 409 499 414 431 415 491 437 422 405 434 460 490 403 473 487 465 426 464 455 444 447 459 498 404 401 402 479 480 441 420 443 430 410 407 439 411 485 494
141 131 140 116 142 166 110 119 136 161 173 160 103 196 104 125 197 139 164 115 193 105 177 133 150 112 155 154 134 124 148 108 135 109 127 165 169 195 168 162 186 137 167 149 120 152 163 183 176 147 145 144 187 138 157 126 182 174 106 132 143 185
803 846 837 826 874 809 831 828 822 810 886 885 824 851 827 850 889 835 857 804 883 806 832 823 813 898 841 867 895 871 870 839 894 880 820 877 817 875 882 888 843 829 819 854 860 830 852 868 873 893 899 818 878 865 887 896 814 849 884 825 845 816 891 853 848 858 890 805 892 812 897 844 815 800 861 866 836 840 838 872 834
941 983 958 965 961 995 946 936 910 901 930 939 972 907 949 918 950 989 927 984 962 960 982 906 916 952 956 913 940 996 926 920 985 924 971 922 991 935 911 988 981 902 959 929 986 980 998 912 942 964 966 919 917 979 944 938 968 955 931 974 903 908 990 934 921 925 976 967 977
218 285 235 238 256 289 200 286 205 270 234 267 284 228 275 290 204 221 214 236 252 244 208 223 249 273 229 216 283 274 261 254 231 291 259 287 299 230 209 206 295 242 272 265 277 263 282 297 253 245 257 222 266 278 281 226 247 237 217 210 293 298 288 225 227 246 207 250 219 258 280 255 203 262 202
793 772 716 736 704 771 747 709 786 753 713 728 744 781 796 703 714 754 767 792 743 742 719 784 778 783 766 722 717 718 756 782 770 701 732 712 720 715 768 769 721 739 702 757 755 711 798 741 762 760 705 735 799 787 724 776 738 746 777 749 731 752 773 779 774 740 788 790 759 791 761 750 765 723
675 682 671 640 679 674 658 635 633 694 662 666 601 634 627 616 647 665 604 622 649 655 642 637 680 646 607 620 676 651 638 667 696 683 663 650 659 648 670 615 677 641 697 695 661 630 653 669 632 631 636 621 684 628 605 660 688 626 614 685 664 654 678 691 698 668 681 643 699 645 692 693 629
802
954
569 511 589 581 504 544 585 578 546 552 549 573 521 554 550 543 501 509 571 537 583 542 535 508 534 560 529 584 559 538 555 518 547 541 582 586 556 539 579 516 596 527 563 540 595 588 593 510 575 557 517 514 532 574 505 506 570 530 580 599 594 577 591 525 566 512 531 545 536 590 533 520 519 597 567
8
396 325 359 381 349 399 389 392 353 317 372 322 356 346 354 319 331 333 306 367 351 379 364 385 337 326 314 345 350 352 388 312 313 344 363 386 394 307 327 300 369 305 343 311 375 338 330 391 348 366 334 370 371 303 318 341 332 339 309 361 387 380 342 336 393 390 357 323 398 378 360 377 340 324
994
264
548
17
128
915
33
708
833
612
801
111
564
56
932
611
347
421
503
418
355
39
304
151
656
123
689
146
957
384
507
562
239
515
100
970
52
248
619
1
987
710
129
587
180
565
700
268
706
368
159
726
436
863
764
808
933
745
999
260
240
608
172
429
947
397
83
609
748
320
107
30
639
308
212
477
279
16
613
602
190
461
70
122
797
34
158
215
568
864
191
362
53
383
937
737
951
198
60
5
707
528
551
65
78
690
276
117
41
502
909
241
522
463
156
233
923
618
432
45
243
493
847
181
953
19
451
513
789
859
900
730
376
558
400
450
440
876
997
600
408
335
624
652
121
188
68
969
328
175
201
945
603
170
500
130
598
617
315
31
623
89
572
526
576
992
220
373
271
727
644
842
118
43
446
358
453
523
192
785
758
423
213
928
80
905
673
686
294
733
102
382
606
310
484
561
687
251
821
472
780
914
993
269
625
179
184
97
725
67
904
316
374
807
93
729
496
763
879
524
775
113
37
963
178
417
199
862
292
553
943
751
856
795
296
301
794
672
101
61
811
232
42
592
211
365
189
153
610
855
881
224
948
321
481
869
62
395
657
302
329
194
978
734
975
171