973
72 3 55 66 99 57 92 69 49 26 73 35 54 9 36 84 10 47 2 38 98 18 4 94 88 44 12 14 79 24 51 27 81 87 64 90 96 77 15 76 48 7 71 22 95 85 20 50 23 74 40 28 58 75 6 82 63 25 21 29 86 13 91 59 46 0 32 11
114
455 424 495 457 441 498 426 416 443 409 486 425 444 476 490 494 456 471 410 470 492 449 467 466 428 445 491 438 420 442 447 499 454 427 412 497 401 431 485 478 434 406 464 414 435 483 488 439 415 489 411 473 407 469 452 404 437 433 487 465 422 475 468 479 458 403 480 448 460 474 405 459 462 430 413 482 419 402
177 124 116 108 163 148 183 150 168 147 165 187 135 176 182 126 173 140 106 127 103 143 125 115 193 164 134 166 154 161 105 119 197 136 133 157 160 174 110 139 145 138 185 131 141 109 195 137 186 104 112 196 167 132 144 120 162 142 152 155 169 149
825 804 812 838 851 827 828 867 882 873 810 899 800 834 865 849 886 840 875 878 826 872 889 871 816 848 820 823 857 883 830 832 813 814 885 841 822 829 888 844 815 831 819 860 817 861 853 884 818 858 880 837 836 846 805 893 895 898 868 887 891 839 852 809 894 897 835 803 845 866 890 874 870 843 850 806 892 824 854 896 877
916 959 920 941 998 965 917 911 971 910 980 935 944 938 912 942 924 991 956 921 950 986 929 906 927 968 960 982 983 979 902 989 931 962 907 939 981 930 952 955 996 934 936 972 925 908 974 919 922 995 901 977 961 964 958 926 967 984 946 985 966 988 949 976 990 903 918 940 913
249 219 207 236 221 277 255 293 290 261 275 218 291 205 273 227 262 295 214 282 206 267 263 238 283 266 242 246 298 235 222 259 229 270 272 287 274 226 204 203 208 286 247 228 237 288 257 231 280 250 299 297 210 284 209 265 253 234 225 230 281 258 245 278 254 244 202 252 223 217 289 200 285 216 256
732 796 769 798 778 711 779 771 704 750 790 743 720 753 724 754 759 703 701 782 740 757 728 776 731 717 712 773 765 702 718 716 739 791 792 705 721 762 761 736 719 714 793 770 768 746 755 741 781 715 742 747 744 783 713 766 799 752 756 774 786 772 709 723 749 788 735 784 738 767 760 777 787 722
622 665 667 642 663 628 633 650 696 643 658 676 682 660 688 669 698 655 630 629 654 651 659 683 681 675 621 692 634 616 640 646 648 615 666 645 699 637 677 641 635 674 694 636 671 601 678 661 649 631 679 653 670 697 607 647 632 684 638 691 680 614 620 664 626 695 693 627 668 685 662 604 605
802
954
531 560 530 533 571 575 590 521 535 584 501 550 525 577 545 544 569 529 504 586 537 543 579 510 557 573 549 595 588 581 585 597 552 566 583 578 519 541 508 599 555 554 589 512 517 527 514 556 546 534 509 536 582 574 570 559 511 540 547 594 542 539 520 591 532 596 516 580 538 506 567 505 563 518 593
8
346 378 377 389 314 300 326 331 379 351 324 322 359 323 371 386 327 364 344 307 345 342 311 348 341 370 337 332 353 398 318 385 360 357 343 367 366 334 317 390 312 305 387 396 309 369 330 394 363 391 361 372 392 333 336 354 338 356 375 349 399 303 381 340 325 313 350 380 393 306 388 339 352
994
264
548
17
128
915
33
708
833
612
801
111
564
56
319
932
611
347
421
503
418
355
39
304
151
656
123
689
146
957
384
507
562
239
515
100
970
52
248
619
1
987
710
129
587
180
565
700
268
706
368
159
726
436
863
764
808
933
745
999
260
240
608
172
429
947
397
83
609
748
320
107
30
639
308
212
477
279
16
613
602
190
461
70
122
797
34
158
215
568
864
191
362
53
383
937
737
951
198
60
5
707
528
551
65
78
690
276
117
41
502
909
241
522
463
156
233
923
618
432
45
243
493
847
181
953
19
451
513
789
859
900
730
376
558
400
450
440
876
997
600
408
335
624
652
121
188
68
969
328
175
201
945
603
170
500
130
598
617
315
31
623
89
572
526
576
992
220
373
271
727
644
842
118
43
446
358
453
523
192
785
758
423
213
928
80
905
673
686
294
733
102
382
606
310
484
561
687
251
821
472
780
914
993
269
625
179
184
97
725
67
904
316
374
807
93
729
496
763
879
524
775
113
37
963
178
417
199
862
292
553
943
751
856
795
296
301
794
672
101
61
811
232
42
592
211
365
189
153
610
855
881
224
948
321
481
869
62
395
657
302
329
194
978
734
975
171