973
79 25 69 4 59 84 12 73 76 24 57 20 9 54 28 38 18 91 36 13 85 50 44 63 72 88 64 96 49 14 86 10 22 81 95 71 21 46 98 35 48 15 75 82 66 7 11 23 40 51 26 29 58 94 47 3 92 99 90 0 77 32 55 2 74 27 87 6
114
411 495 430 474 441 413 473 499 439 424 454 403 460 422 437 490 476 442 427 445 467 414 478 468 431 406 402 415 433 469 465 498 425 404 494 459 420 485 470 464 405 416 489 487 482 434 488 435 401 407 466 486 447 452 492 457 491 475 497 455 456 409 483 480 444 448 479 419 462 458 412 426 438 443 471 410 449 428
164 183 197 147 152 108 149 126 177 110 160 161 105 186 150 162 124 165 195 163 115 119 112 120 125 174 136 104 144 196 145 154 173 132 116 142 182 193 140 176 134 141 155 143 169 157 166 103 138 127 131 187 106 185 135 109 148 167 133 139 168
845 850 880 867 838 899 854 871 870 841 846 868 848 814 836 872 888 851 895 860 828 852 849 844 894 815 866 889 853 865 810 857 882 893 822 875 804 883 805 885 898 832 834 831 892 878 803 835 843 823 830 827 890 877 891 800 826 819 896 813 812 884 874 824 897 887 809 839 873 806 820 886 858 818 829 816 837 840 861 817 825
926 959 964 941 931 952 924 922 961 976 990 918 996 989 920 991 930 950 962 921 980 958 929 942 908 917 910 956 946 984 967 977 986 983 966 982 979 919 968 995 902 934 938 972 911 974 940 901 971 960 913 912 936 935 998 981 949 906 955 907 965 916 903 944 927 988 985 925 939
280 226 237 202 231 275 247 282 219 273 261 236 277 278 267 235 205 252 250 218 272 200 259 208 289 266 223 284 222 210 214 234 285 295 288 263 225 230 228 227 217 209 204 216 245 257 274 238 229 286 242 291 290 256 246 244 258 270 265 299 249 283 254 221 262 203 293 207 297 206 281 255 287 298 253
704 717 799 778 721 723 736 765 766 713 705 735 744 746 701 798 722 709 740 743 714 772 773 760 767 739 742 791 777 762 754 784 756 703 792 757 750 718 731 768 786 712 790 720 774 796 728 711 781 779 793 755 715 732 771 787 753 719 752 749 724 783 741 782 759 716 776 761 738 770 702 769 788 747
653 629 604 647 614 655 648 630 645 670 693 632 638 668 641 642 627 667 677 658 633 676 681 622 688 621 699 601 616 628 626 680 636 684 683 660 665 649 634 661 631 698 669 640 666 635 637 651 646 685 663 620 659 675 678 692 691 605 682 671 696 643 679 697 662 664 674 607 695 654 615 650 694
802
954
547 599 586 577 571 535 578 559 580 595 514 585 545 506 567 517 591 521 552 539 525 573 563 505 581 536 538 569 540 541 593 549 508 557 597 516 589 501 532 574 519 530 510 511 533 582 575 554 534 531 555 570 590 550 542 584 566 529 544 527 543 546 504 512 588 583 594 596 537 556 518 579 509 520 560
8
338 350 369 339 381 340 367 313 378 388 361 346 314 386 317 364 380 311 336 375 387 341 342 303 330 354 305 318 385 372 334 360 394 353 396 345 327 332 344 370 306 351 389 333 366 325 399 357 356 398 323 359 379 312 363 300 309 337 390 391 322 352 349 392 393 324 326 377 348 331 343 371 307
994
264
548
17
128
915
33
708
833
612
801
111
564
56
319
932
611
347
421
503
418
355
39
304
151
656
123
689
146
957
384
507
562
239
515
100
970
52
248
619
1
987
710
129
587
180
565
700
268
706
368
159
726
436
863
764
808
933
745
999
260
240
608
172
429
137
947
397
83
609
748
320
107
30
639
308
212
477
279
16
613
602
190
461
70
122
797
34
158
215
568
864
191
362
53
383
937
737
951
198
60
5
707
528
551
65
78
690
276
117
41
502
909
241
522
463
156
233
923
618
432
45
243
493
847
181
953
19
451
513
789
859
900
730
376
558
400
450
440
876
997
600
408
335
624
652
121
188
68
969
328
175
201
945
603
170
500
130
598
617
315
31
623
89
572
526
576
992
220
373
271
727
644
842
118
43
446
358
453
523
192
785
758
423
213
928
80
905
673
686
294
733
102
382
606
310
484
561
687
251
821
472
780
914
993
269
625
179
184
97
725
67
904
316
374
807
93
729
496
763
879
524
775
113
37
963
178
417
199
862
292
553
943
751
856
795
296
301
794
672
101
61
811
232
42
592
211
365
189
153
610
855
881
224
948
321
481
869
62
395
657
302
329
194
978
734
975
171