973
90 10 29 18 7 51 95 0 6 23 20 36 26 76 54 94 38 4 69 66 92 81 88 32 77 85 74 58 87 59 84 63 13 99 40 71 14 9 25 98 96 21 11 2 28 27 46 48 15 47 3 49 57 72 24 64 12 79 35 22 73 86 55 91 75 50 82 44
114
413 402 416 465 480 443 466 471 491 435 486 414 403 468 412 447 406 426 441 420 499 409 445 425 433 487 455 494 478 411 424 419 469 448 489 438 456 464 498 482 459 492 437 479 460 488 462 410 442 407 428 439 470 404 434 454 490 401 405 475 431 452 422 458 444 497 476 483 474 457 485 467 430 473 449 427 415 495
176 187 174 131 182 144 138 110 124 141 166 149 103 173 133 106 108 115 112 120 167 134 147 196 140 125 186 104 150 155 119 160 152 126 177 169 193 162 197 139 195 116 148 105 157 145 165 135 143 161 109 168 163 132 136 183 154 185 127 142 164
830 870 899 860 877 857 837 820 895 858 841 827 844 884 832 804 845 861 853 898 823 887 814 866 822 894 891 824 805 882 825 819 897 865 839 889 843 816 818 875 890 810 813 867 840 812 851 831 883 878 846 892 817 815 874 893 871 888 835 896 868 873 838 872 834 850 885 828 803 848 880 826 836 829 852 886 806 809 854 849
996 950 972 931 971 989 926 929 952 946 977 941 979 983 980 982 916 961 925 964 936 990 903 906 998 908 986 956 901 940 962 960 912 966 984 991 981 939 930 920 965 919 955 918 935 910 959 938 976 968 949 942 934 921 917 902 958 974 967 995 913 927 985 944 988 911 924 922 907
214 289 209 234 284 207 263 273 230 242 274 216 206 281 275 253 286 295 226 227 270 291 298 293 218 259 223 208 280 297 221 217 238 265 256 237 231 283 255 299 262 245 247 203 257 282 288 236 246 228 285 202 229 267 278 200 225 272 210 252 219 204 287 244 250 258 235 205 266 290 277 261 254 249 222
787 709 711 773 753 765 790 720 732 739 743 796 757 721 723 736 766 713 738 755 714 798 741 776 744 705 782 792 719 759 712 793 717 799 774 702 716 728 715 761 786 735 768 783 767 752 754 724 778 756 784 760 703 747 704 788 749 722 718 779 771 731 762 750 769 781 740 742 772 701 791 770 746 777
670 677 676 649 668 650 662 634 685 631 645 636 667 679 628 626 601 698 654 682 688 643 655 614 647 621 620 653 691 607 693 638 651 674 680 661 633 641 684 699 681 671 616 640 630 605 696 637 660 666 669 627 675 615 642 648 694 622 678 658 692 629 635 604 664 683 695 632 697 665 646 663 659
802
954
589 570 586 578 583 599 521 538 505 543 531 533 512 584 516 549 573 577 544 597 555 501 571 509 541 590 585 520 539 532 569 554 550 530 511 547 536 519 535 510 580 559 542 525 552 556 537 563 514 545 575 593 595 591 596 546 508 557 574 560 582 567 518 540 504 529 579 506 594 588 534 517 527 581 566
8
331 388 334 317 313 340 398 332 399 318 380 393 377 341 370 309 333 306 392 327 369 351 356 389 353 346 338 311 396 361 339 387 357 367 324 379 349 342 378 363 391 390 360 348 371 343 312 300 326 336 345 364 305 375 303 350 314 337 323 386 344 322 366 325 307 385 394 381 359 352 372 330 354
994
264
548
17
128
915
33
708
833
612
801
111
564
56
319
932
611
347
421
503
418
355
39
304
151
656
123
689
146
957
384
507
562
239
515
100
970
52
248
619
1
987
710
129
587
180
565
700
268
706
368
159
726
436
863
764
808
933
745
999
260
240
608
172
429
137
947
397
83
609
748
320
107
30
639
308
212
477
279
16
613
602
190
461
70
122
797
34
158
215
568
864
191
362
53
383
937
737
951
198
60
5
707
528
551
65
78
690
276
117
41
502
909
241
522
463
156
233
923
618
432
45
243
493
847
181
953
19
451
513
789
859
900
730
376
558
400
450
440
876
997
600
408
335
624
652
121
188
68
969
328
175
201
945
603
170
500
130
598
617
315
31
623
89
572
526
576
992
220
373
271
727
644
842
118
43
446
358
453
523
192
785
758
423
213
928
80
905
673
686
294
733
102
382
606
310
484
561
687
251
821
472
780
914
993
269
625
179
184
97
725
67
904
316
374
807
93
729
496
763
879
524
775
113
37
963
178
417
199
862
292
553
943
751
856
795
296
301
794
672
101
61
811
232
42
592
211
365
189
153
610
855
881
224
948
321
481
869
800
62
395
657
302
329
194
978
734
975
171