973
76 85 82 9 49 7 58 24 50 14 28 79 12 90 15 46 96 4 40 26 72 81 64 66 3 22 75 88 6 23 51 35 63 38 11 57 47 59 25 87 21 44 92 77 95 71 20 73 10 48 99 69 36 29 32 94 91 84 54 98 2 74 18 86 0 13 55 27
114
491 439 462 489 422 498 407 459 402 430 479 444 406 483 403 460 485 431 448 427 476 435 474 495 414 482 447 424 499 488 487 492 455 452 413 416 426 428 419 409 405 490 478 464 458 411 438 480 470 437 471 466 441 454 456 445 467 449 465 434 473 425 410 415 443 401 404 486 442 433 457 412 494 420 475 469 497 468
135 120 185 110 145 138 124 183 161 127 125 134 152 173 193 167 144 136 186 103 163 157 177 154 112 160 149 116 164 133 106 195 196 115 143 108 168 140 126 109 165 162 197 169 141 132 148 182 119 142 176 104 174 139 105 166 150 131 187 155 147
835 814 816 825 886 840 831 888 850 895 819 834 809 849 854 894 818 844 878 891 826 822 867 804 865 848 870 824 812 899 813 883 892 884 874 815 889 843 841 832 803 837 806 860 852 845 858 866 838 896 857 898 817 897 851 868 836 823 872 873 829 880 846 827 861 805 890 885 830 820 810 893 875 887 839 877 853 828 882 871
968 966 902 982 916 972 939 921 946 960 908 959 940 955 977 931 938 988 986 917 907 918 906 984 956 965 991 962 989 998 996 950 995 920 924 990 958 901 981 944 919 941 967 964 971 979 930 942 983 985 926 912 903 961 974 922 980 949 925 927 910 934 929 952 935 913 911 976 936
277 290 273 282 293 284 223 298 280 245 267 229 261 278 244 265 299 263 228 238 297 219 206 205 295 285 204 234 207 226 227 216 236 283 217 270 291 275 247 242 235 210 254 246 250 252 218 257 274 266 287 272 286 231 214 200 281 249 208 209 289 262 222 255 203 256 259 288 258 202 225 230 237 221 253
796 761 791 713 742 784 714 728 718 752 701 736 709 719 770 754 724 757 720 793 743 767 750 787 768 712 790 744 782 702 762 704 769 721 716 753 735 722 781 759 731 799 777 711 798 746 786 779 783 774 792 749 703 739 732 723 705 747 772 741 765 717 755 773 715 788 740 766 760 771 756 776 778 738
670 659 666 607 627 685 682 650 629 671 658 695 654 664 699 640 637 662 693 663 631 679 665 651 653 649 694 676 661 681 632 621 677 674 645 683 622 698 692 667 630 669 691 646 605 628 696 678 648 641 642 697 675 635 633 655 688 638 615 626 601 668 634 680 620 614 684 616 660 636 643 604 647
802
954
542 539 560 574 570 582 596 545 535 531 546 509 508 529 583 556 534 533 581 525 537 571 578 532 504 521 510 580 506 554 559 519 547 512 573 527 550 586 543 591 569 517 567 549 530 590 555 520 541 516 577 599 585 505 575 594 593 518 589 536 544 584 579 540 588 514 538 595 597 557 563 552 566 511
8
303 317 393 346 349 356 332 331 387 363 399 307 338 394 364 360 375 351 325 342 385 381 311 348 390 372 341 314 370 312 300 388 357 361 354 309 359 378 337 398 353 313 392 306 345 367 333 371 396 380 327 334 336 389 386 324 377 343 366 340 344 369 391 350 326 379 323 318 330 305 352 339 322
994
264
548
17
128
915
33
708
833
612
801
111
564
56
319
932
611
347
421
503
418
355
39
304
151
656
123
689
146
957
384
507
562
239
515
100
970
52
248
619
1
987
710
129
587
180
565
700
268
706
368
159
726
436
863
764
808
933
745
999
260
240
608
172
429
137
947
397
83
609
748
320
107
30
639
308
212
477
279
16
613
602
190
461
70
122
797
34
158
215
568
864
191
362
53
383
937
737
951
198
60
5
707
528
551
65
78
690
276
117
41
502
909
241
522
463
501
156
233
923
618
432
45
243
493
847
181
953
19
451
513
789
859
900
730
376
558
400
450
440
876
997
600
408
335
624
652
121
188
68
969
328
175
201
945
603
170
500
130
598
617
315
31
623
89
572
526
576
992
220
373
271
727
644
842
118
43
446
358
453
523
192
785
758
423
213
928
80
905
673
686
294
733
102
382
606
310
484
561
687
251
821
472
780
914
993
269
625
179
184
97
725
67
904
316
374
807
93
729
496
763
879
524
775
113
37
963
178
417
199
862
292
553
943
751
856
795
296
301
794
672
101
61
811
232
42
592
211
365
189
153
610
855
881
224
948
321
481
869
800
62
395
657
302
329
194
978
734
975
171