973
10 91 23 82 75 25 9 13 76 26 51 95 99 44 46 86 14 15 84 35 21 7 58 77 38 73 88 3 0 36 92 18 79 49 4 69 32 59 98 63 81 90 22 27 12 40 85 55 29 66 47 2 94 6 72 57 74 96 64 54 24 48 20 71 28 11 50 87
114
441 495 471 416 492 489 439 445 487 435 425 434 403 491 488 469 402 447 494 490 424 462 419 457 485 443 448 412 470 430 460 438 466 433 428 480 413 407 474 431 420 499 468 456 482 426 442 409 401 467 486 479 449 476 459 498 465 464 406 410 478 454 444 455 404 483 437 458 411 427 405 473 497 415 422 475 452 414
193 139 144 136 161 134 160 167 145 197 135 149 163 150 138 185 148 126 125 169 195 115 176 132 186 182 141 110 104 157 127 106 187 173 103 152 109 155 112 142 116 105 164 166 154 147 124 162 196 140 120 108 143 131 165 174 168 133 177 183 119
883 866 813 806 815 810 829 822 827 837 875 849 894 812 839 874 861 882 858 824 860 834 887 857 865 850 817 845 823 885 899 844 868 867 814 830 878 835 871 816 897 891 825 852 848 880 896 809 877 888 819 872 804 895 831 820 854 832 853 893 805 890 892 840 873 803 828 851 886 870 818 843 836 846 841 838 898 884 826 889
972 977 934 908 986 916 959 927 935 982 961 903 946 974 926 906 967 939 907 995 996 950 931 913 981 917 998 979 965 921 936 941 968 962 944 952 902 964 910 983 976 985 990 930 958 991 929 971 980 924 955 919 938 989 956 922 984 925 918 949 966 940 960 901 920 911 988 912 942
282 221 236 291 270 223 205 238 216 293 288 230 250 229 231 203 207 261 249 298 281 284 253 277 200 214 274 247 254 286 218 244 227 273 290 275 297 289 285 225 256 280 208 262 204 252 245 272 209 257 235 258 228 226 246 217 202 267 299 237 219 295 263 266 283 287 265 242 255 278 234 259 222 210 206
718 703 766 705 762 742 753 719 743 755 750 777 793 798 739 788 749 773 779 720 761 782 781 769 732 724 768 796 774 715 736 714 746 702 778 759 740 783 722 716 713 728 752 701 744 738 765 787 747 799 760 767 786 704 711 790 757 754 712 741 770 721 772 791 792 709 717 784 723 776 756 731 771 735
659 682 692 663 650 666 607 626 680 665 662 660 664 628 648 633 630 614 646 643 637 661 649 615 667 669 683 640 675 647 641 693 698 670 654 653 677 668 688 636 658 605 601 645 695 674 604 678 629 684 671 627 679 616 642 634 632 685 676 696 694 631 638 635 655 621 699 691 622 681 651 697 620
802
954
582 516 541 571 578 537 583 521 585 596 581 517 512 559 591 569 573 511 536 506 530 504 529 533 590 525 519 557 599 549 554 567 577 579 534 532 510 586 563 527 544 508 547 545 539 509 514 584 594 535 556 520 566 575 505 574 546 542 552 543 597 531 593 555 588 540 550 580 595 589 560 570 518
8
350 331 378 393 385 312 323 394 305 359 360 380 330 336 343 354 303 337 351 357 349 341 339 309 377 346 352 370 333 325 322 313 364 361 345 386 344 375 332 381 369 391 307 342 340 306 363 372 324 396 356 326 366 367 317 311 387 390 388 398 318 314 353 399 334 300 338 371 379 389 327 348 392
994
264
548
17
128
915
33
708
833
612
801
111
564
56
319
932
611
347
421
503
418
355
39
304
151
656
123
689
146
957
384
507
562
239
515
100
970
52
248
619
1
987
710
129
587
180
565
700
268
706
368
159
726
436
863
764
808
933
745
999
260
240
608
172
429
137
947
397
83
609
748
320
107
30
639
308
212
477
279
16
613
602
190
461
70
122
797
34
158
215
568
864
191
362
53
383
937
737
951
198
60
5
707
528
551
65
78
690
276
117
41
502
909
241
522
463
501
156
233
923
618
432
45
243
493
847
181
953
19
451
513
789
859
900
730
376
558
400
450
440
876
997
600
408
335
624
652
121
188
68
969
328
175
201
945
603
170
500
130
598
617
315
31
623
89
572
526
576
992
220
373
271
727
644
842
118
43
446
358
453
523
538
192
785
758
423
213
928
80
905
673
686
294
733
102
382
606
310
484
561
687
251
821
472
780
914
993
269
625
179
184
97
725
67
904
316
374
807
93
729
496
763
879
524
775
113
37
963
178
417
199
862
292
553
943
751
856
795
296
301
794
672
101
61
811
232
42
592
211
365
189
153
610
855
881
224
948
321
481
869
800
62
395
657
302
329
194
978
734
975
171