973
92 91 27 77 74 20 23 35 95 10 54 75 64 48 49 2 4 51 26 57 46 28 84 72 44 59 11 14 18 69 32 47 29 96 25 12 63 15 3 99 13 38 0 24 81 98 9 73 58 50 22 82 87 71 7 36 94 85 86 6 90 21 40 55 76 79 66 88
114
468 486 452 460 445 422 487 479 410 483 411 447 476 482 454 419 466 434 471 488 409 495 490 491 441 406 473 413 425 449 424 433 499 431 474 426 462 470 458 480 489 428 443 404 430 475 414 494 478 415 459 438 437 492 442 498 485 456 401 469 465 444 402 416 439 464 435 407 420 403 405 467 448 412 457 497 455 427
131 132 138 173 162 160 103 187 133 109 176 186 163 136 105 147 197 154 139 145 141 112 125 183 144 108 115 166 196 161 127 124 185 182 120 193 195 104 164 169 168 135 155 174 157 165 106 143 142 149 116 150 134 148 152 110 167 126 119 140 177
858 839 880 896 851 872 890 871 882 891 874 805 803 837 809 814 857 806 845 838 865 889 898 850 843 873 836 818 844 826 828 861 824 883 841 852 878 815 832 810 834 813 897 893 868 831 849 825 888 829 895 886 817 816 812 804 875 870 830 877 892 822 823 820 835 887 866 848 860 899 840 853 867 827 894 854 884 819 885 846
990 976 991 996 986 936 917 971 982 921 946 903 918 942 952 931 901 922 939 962 911 912 930 927 989 995 983 966 959 967 965 979 908 961 977 919 981 938 964 924 902 941 960 950 925 906 913 972 944 980 920 958 935 929 934 955 988 985 910 926 940 968 949 916 984 907 956 998 974
222 258 291 286 200 238 265 210 205 216 214 230 236 223 256 277 297 245 218 235 267 237 295 249 262 227 250 253 274 289 270 255 203 244 234 242 266 272 275 278 217 282 261 207 252 247 263 280 206 281 225 293 246 299 204 208 259 229 290 254 226 298 219 202 231 209 285 221 228 283 287 288 257 284 273
723 722 731 711 767 724 742 705 788 791 766 799 792 796 753 736 721 717 798 750 779 732 786 765 756 752 704 743 761 701 702 712 774 771 773 740 782 757 768 715 759 735 793 741 703 769 713 778 754 781 762 776 744 784 755 772 718 746 719 739 770 720 749 787 790 777 709 760 716 714 783 738 747 728
696 699 615 664 650 643 614 665 676 697 684 642 662 604 685 667 669 628 680 616 634 627 647 678 641 630 659 677 633 683 694 682 645 640 681 688 695 607 637 655 638 636 629 654 648 626 679 646 693 674 649 671 658 666 620 631 601 692 663 653 635 661 675 632 660 621 670 622 605 698 668 651 691
802
954
531 547 534 593 541 543 532 589 596 549 552 583 560 510 546 597 514 581 506 525 585 505 545 544 573 530 580 536 533 504 579 594 517 516 519 586 571 575 542 569 577 540 582 529 556 574 567 527 563 508 591 537 511 578 509 550 539 554 595 599 559 566 520 584 557 521 555 518 535 570 588 590 512
8
327 313 356 303 309 398 307 360 312 322 361 346 357 385 341 389 325 375 318 348 340 333 317 394 324 370 366 337 387 393 351 326 378 386 396 363 359 305 343 353 334 311 306 344 338 380 388 354 392 323 367 391 364 342 339 314 352 345 331 371 390 372 332 381 300 330 336 349 379 350 377 369
994
264
548
17
128
915
33
708
833
612
801
111
564
56
319
932
611
347
421
503
418
355
39
304
151
656
123
689
146
957
384
507
562
239
515
100
970
52
248
619
1
987
710
129
587
180
565
700
268
706
368
159
726
436
863
764
808
933
745
999
260
240
608
172
429
137
947
397
83
609
748
320
107
30
639
308
212
477
279
16
613
602
190
461
70
122
797
34
158
215
568
864
191
362
53
399
383
937
737
951
198
60
5
707
528
551
65
78
690
276
117
41
502
909
241
522
463
501
156
233
923
618
432
45
243
493
847
181
953
19
451
513
789
859
900
730
376
558
400
450
440
876
997
600
408
335
624
652
121
188
68
969
328
175
201
945
603
170
500
130
598
617
315
31
623
89
572
526
576
992
220
373
271
727
644
842
118
43
446
358
453
523
538
192
785
758
423
213
928
80
905
673
686
294
733
102
382
606
310
484
561
687
251
821
472
780
914
993
269
625
179
184
97
725
67
904
316
374
807
93
729
496
763
879
524
775
113
37
963
178
417
199
862
292
553
943
751
856
795
296
301
794
672
101
61
811
232
42
592
211
365
189
153
610
855
881
224
948
321
481
869
800
62
395
657
302
329
194
978
734
975
171