973
3 4 23 88 24 15 91 81 49 71 29 2 13 0 27 32 20 66 59 7 64 12 51 74 44 28 82 86 25 50 98 87 63 79 35 69 90 26 40 58 18 36 73 55 95 99 48 85 14 38 47 9 22 6 96 72 77 76 84 46 94 21 75 10 57 54 92 11
114
460 420 490 416 426 469 449 482 413 470 480 419 415 439 431 485 401 491 456 471 407 454 486 465 495 442 404 492 445 406 474 430 447 412 458 414 483 497 428 438 467 478 464 444 433 487 434 422 479 473 443 457 475 448 405 424 488 455 462 409 425 489 437 410 459 435 427 499 498 452 403 494 476 466 441 411 402 468
147 145 185 177 197 186 135 124 136 160 193 139 120 143 174 154 195 133 109 157 162 168 103 138 176 196 183 105 125 155 108 165 144 142 141 116 152 187 119 169 182 167 131 164 173 140 166 126 149 104 115 150 112 132 161 127 110 148 106 163 134
851 894 814 888 806 823 895 810 877 837 873 882 830 890 897 804 870 875 887 867 817 889 898 857 839 849 841 834 865 846 883 840 874 861 836 891 893 871 829 866 853 848 803 880 809 886 812 884 844 828 860 822 850 892 824 831 868 832 878 827 815 826 899 835 813 852 818 819 885 858 896 872 854 805 825 845 816 820 838
919 942 935 985 982 968 912 984 983 964 949 921 918 955 941 907 976 972 913 938 962 931 939 991 924 952 967 916 950 961 902 927 998 903 901 934 920 996 990 965 910 995 966 926 959 929 936 906 979 922 960 981 946 940 980 911 930 977 971 989 925 988 974 986 958 944 908 917 956
238 290 291 286 254 242 244 214 221 275 263 227 288 287 256 249 289 210 202 258 298 223 231 293 299 207 255 273 203 228 281 252 280 219 272 262 217 278 297 283 218 282 208 234 245 247 250 226 230 206 229 284 285 257 253 246 266 270 222 295 225 204 274 277 265 261 259 209 216 200 236 205 235 237 267
755 704 784 778 744 767 759 798 752 761 736 722 776 747 783 715 717 716 760 739 786 773 793 720 765 703 721 769 770 718 714 735 779 711 772 771 781 743 790 777 738 756 774 701 732 782 762 799 796 787 757 724 709 713 712 731 728 749 766 719 741 740 705 768 788 753 754 742 791 746 702 750 723 792
684 628 601 698 646 654 620 680 667 615 677 631 607 651 659 655 676 699 633 626 645 634 637 681 658 632 647 664 621 661 662 663 635 629 682 650 640 691 636 678 683 604 694 693 641 697 685 696 671 642 649 669 668 627 665 692 643 666 660 630 614 605 674 688 675 679 670 622 648 616 653 695 638
802
954
540 517 541 586 531 519 563 591 581 556 578 596 555 516 525 552 511 584 533 593 520 599 514 544 582 580 590 579 508 559 510 585 521 583 571 547 527 573 575 588 512 594 550 506 549 589 504 532 539 529 577 569 543 570 546 566 557 536 574 542 554 518 595 560 509 530 535 597 567 534 545 505 537
8
337 327 391 333 349 314 343 388 312 353 326 394 392 389 361 393 341 334 325 364 338 390 350 342 359 369 371 313 317 348 330 300 372 387 367 380 378 305 396 324 377 385 345 370 303 311 331 332 354 307 375 344 386 351 306 356 309 336 360 318 381 322 366 340 398 363 357 379 352 346 339 323
994
264
548
17
128
915
33
708
833
612
801
111
564
56
319
932
611
347
421
503
418
355
39
304
151
656
123
689
146
957
384
507
562
239
515
100
970
52
248
619
1
987
710
129
587
180
565
700
268
706
368
159
726
436
863
764
808
933
745
999
260
240
608
172
429
137
947
397
83
609
748
320
107
30
639
308
212
477
279
16
613
602
190
461
70
122
797
34
158
215
568
864
191
362
53
399
383
937
737
951
198
60
5
707
528
551
65
78
690
276
117
41
502
909
241
522
463
501
156
233
923
618
432
45
243
493
847
181
953
19
451
513
789
859
900
730
376
558
400
450
440
876
997
600
408
335
624
652
121
188
843
68
969
328
175
201
945
603
170
500
130
598
617
315
31
623
89
572
526
576
992
220
373
271
727
644
842
118
43
446
358
453
523
538
192
785
758
423
213
928
80
905
673
686
294
733
102
382
606
310
484
561
687
251
821
472
780
914
993
269
625
179
184
97
725
67
904
316
374
807
93
729
496
763
879
524
775
113
37
963
178
417
199
862
292
553
943
751
856
795
296
301
794
672
101
61
811
232
42
592
211
365
189
153
610
855
881
224
948
321
481
869
800
62
395
657
302
329
194
978
734
975
171