973
75 51 94 20 12 91 14 11 7 76 15 96 99 59 22 55 35 64 46 13 58 57 18 85 4 3 84 27 90 10 38 50 28 47 98 72 40 71 29 26 25 81 49 77 9 86 87 36 79 0 74 54 82 66 63 24 88 23 73 92 6 32 48 44 21 2 69 95
114
433 447 435 419 482 437 413 428 460 415 466 485 439 464 449 424 414 452 403 489 475 406 488 462 422 442 402 455 469 478 492 444 476 490 457 427 486 412 497 425 491 420 448 456 465 434 454 458 474 443 498 410 495 430 479 411 426 438 467 404 441 407 480 499 468 471 473 459 470 487 445 483 431 494 416 401 405 409
164 168 115 143 174 185 141 186 157 139 163 193 125 167 150 166 108 144 147 187 142 160 132 133 110 176 155 104 119 126 140 136 105 169 124 109 135 183 131 162 116 134 161 145 120 154 127 103 165 106 149 196 197 148 173 182 177 112 195 138
845 841 803 886 866 852 877 853 849 871 873 838 818 887 893 810 827 823 805 815 832 861 844 840 813 872 858 898 817 882 889 878 897 895 899 828 835 816 825 806 836 883 820 894 819 850 890 860 896 865 892 824 830 848 857 812 804 851 891 826 874 809 868 875 829 846 884 839 834 854 880 822 867 870 814 885 888 837 831
944 980 985 989 913 995 988 959 919 998 929 946 926 930 936 976 920 908 906 961 956 924 918 942 935 972 974 991 939 966 921 901 977 958 927 902 941 911 990 967 986 964 979 907 955 925 949 950 981 996 982 971 968 983 960 910 934 965 917 984 940 916 903 922 938 912 952 931 962
218 246 255 231 228 253 277 210 265 230 250 249 209 252 238 298 221 226 281 280 285 297 284 205 229 223 234 273 283 270 290 247 299 216 244 214 242 227 289 287 222 203 288 202 254 295 245 259 236 286 263 282 219 237 266 200 272 278 208 206 207 204 275 267 256 262 257 293 274 225 291 217 258 235 261
782 719 718 743 714 713 742 753 722 712 709 731 744 762 741 768 776 798 779 749 715 752 772 747 771 766 728 739 702 703 740 760 756 721 705 786 799 754 770 716 757 765 774 767 717 732 777 701 746 784 783 790 720 769 704 781 788 796 778 755 761 787 738 711 736 724 723 792 735 793 791 750 759 773
695 655 630 682 662 638 683 615 668 665 604 693 698 680 640 653 641 622 671 633 628 626 635 646 661 681 631 699 691 621 678 685 648 667 669 694 692 659 645 697 601 634 677 629 696 679 675 616 660 658 643 620 688 632 654 605 647 676 684 642 651 636 650 663 666 649 637 674 670 627 607 614 664
802
954
505 543 545 586 530 581 525 514 521 582 509 570 584 518 531 597 555 520 536 504 569 544 578 517 595 541 550 506 527 588 519 585 554 535 577 574 559 599 510 508 563 529 534 560 540 547 583 546 590 557 573 571 549 512 579 591 593 532 516 537 511 533 589 542 575 580 539 566 552 567 596 594 556
8
300 375 381 364 387 391 369 325 351 327 323 371 359 390 317 386 305 378 307 352 334 393 311 333 330 348 357 394 336 340 322 337 344 398 380 396 370 392 354 326 306 313 314 332 324 356 303 379 345 385 309 339 363 312 341 350 346 388 318 360 377 331 389 366 338 372 353 361 342 343 367 349
994
264
548
17
128
915
33
708
833
612
801
152
111
564
56
319
932
611
347
421
503
418
355
39
304
151
656
123
689
146
957
384
507
562
239
515
100
970
52
248
619
1
987
710
129
587
180
565
700
268
706
368
159
726
436
863
764
808
933
745
999
260
240
608
172
429
137
947
397
83
609
748
320
107
30
639
308
212
477
279
16
613
602
190
461
70
122
797
34
158
215
568
864
191
362
53
399
383
937
737
951
198
60
5
707
528
551
65
78
690
276
117
41
502
909
241
522
463
501
156
233
923
618
432
45
243
493
847
181
953
19
451
513
789
859
900
730
376
558
400
450
440
876
997
600
408
335
624
652
121
188
843
68
969
328
175
201
945
603
170
500
130
598
617
315
31
623
89
572
526
576
992
220
373
271
727
644
842
118
43
446
358
453
523
538
192
785
758
423
213
928
80
905
673
686
294
733
102
382
606
310
484
561
687
251
821
472
780
914
993
269
625
179
184
97
725
67
904
316
374
807
93
729
496
763
879
524
775
113
37
963
178
417
199
862
292
553
943
751
856
795
296
301
794
672
101
61
811
232
42
592
211
365
189
153
610
855
881
224
948
321
481
869
800
62
395
657
302
329
194
978
734
975
171