996 909 956 979 945 960 905 936 982 935 922 970 923 967 941 955 918 925 951 959 913 972 906 981 977 988 963 903 973 976 992 989 969 904 975 993 978 944 911 990 958 965 908 949 985 915 983 914 933 952 971 999 928 964 931 947 984 980 919 942 921 994 940 934 954 907 937 920 995 966 953 938 916 927 957 917 998 932 948 926 974 997 991 939 946 968 929 987 910 930 912 901 924 986 943 902 950 962 961
44 6 77 19 39 75 32 70 95 63 8 73 23 48 88 51 89 57 30 52 60 79 47 14 99 36 58 34 55 86 67 0 90 74 83 9 2 24 40 31 28 22 54 17 37 27 64 53 49 62 94 43 11 45 98 3 76 66 78 35 69 81 25 10 18 87 91 59 38 26 92 56 80 82 71 20 33 41 96 61 84 29 85 13 12 97 65 42 5 16 21 50 15 72 4 46 93 7 68
138 107 154 115 149 166 182 157 110 108 132 183 120 103 112 117 143 121 164 150 171 139 131 192 147 116 175 174 111 194 178 152 159 142 173 133 161 148 177 100 179 135 165 146 196 126 162 193 125 167 128 122 106 114 140 113 104 180 197 169 188 191 134 186 189 137 172 145 109 124 141 195 176 190 199 163 119 184 127 130 160 187 118 123 156 105 168 153 102 129 198 136 155 170 185 181 144
447 481 402 459 411 441 406 425 440 471 467 478 484 446 435 464 496 485 432 420 431 413 430 415 409 419 421 434 474 433 473 418 410 493 460 429 494 463 495 498 450 489 479 451 426 427 469 470 444 416 408 445 453 403 443 401 491 455 499 465 480 417 483 462 414 490 439 448 466 488 482 454 477 423 472 449 487 412 456 452 437 458 428 424 404 476 405 457 442 407 475 436 497 461 468 492 438 486 422
861 830 818 821 816 825 804 826 876 872 835 842 882 870 858 880 899 832 881 888 873 865 811 887 897 845 896 890 829 844 853 847 828 841 863 819 859 862 800 803 886 822 833 898 848 823 802 831 855 866 809 814 868 879 806 895 852 827 877 840 815 824 851 864 812 856 874 889 857 843 813 878 805 884 846 883 820 867 808 836 839 817 854 834 894 837 892 849 838 860 810 871 891 869 885 807 850 875 893
250 221 224 295 244 269 279 257 248 203 234 225 272 275 298 286 213 270 268 264 233 200 237 241 218 209 235 238 293 262 299 265 228 212 227 260 243 222 247 217 242 289 246 263 261 204 232 278 267 205 292 273 245 254 214 258 206 281 239 285 231 236 277 280 274 208 207 288 296 253 230 211 215 216 223 210 229 284 202 287 290 297 276 256 266 291 255 282 259 249 226 251 220 240 283 252 219 294
704 708 783 764 797 714 722 701 769 736 761 765 734 719 706 729 738 709 793 723 767 716 798 750 717 788 703 742 794 731 762 732 773 777 754 720 724 728 725 774 799 760 772 775 756 778 715 733 768 707 721 749 790 781 746 739 711 710 770 784 796 791 771 789 780 752 748 779 712 741 795 747 753 763 702 737 743 740 730 757 776 713 758 718 705 787 745 786 782 744 755 766 785 751 792 759 735
692 697 690 665 607 608 678 620 603 674 649 650 672 660 614 612 630 691 628 622 688 685 647 698 644 668 699 693 609 677 659 602 682 680 621 648 606 651 624 679 661 613 669 639 645 664 635 662 601 658 675 632 618 643 654 626 687 642 636 689 623 666 619 625 663 653 656 670 605 616 671 681 631 676 694 615 655 627 638 652 641 640 633 634 610 637 673 657 695 696 611 646 629 684 686 667 683 604 617
568 510 557 563 504 591 567 534 569 506 559 573 538 570 531 546 585 502 552 553 542 596 550 560 562 537 525 598 554 521 518 547 523 535 516 512 551 515 545 524 505 581 548 509 558 571 564 576 593 543 566 529 517 578 528 544 532 556 514 592 580 565 520 503 522 574 513 540 530 586 519 582 508 507 541 533 511 595 584 527 561 588 590 594 501 587 583 555 577 597 539 589 549 599 575 526 579 536
359 313 325 386 352 343 335 332 355 302 315 370 333 318 330 326 321 320 387 305 342 394 339 356 389 367 381 379 308 300 329 399 323 364 309 307 336 377 340 372 392 306 385 396 357 304 348 350 349 366 369 384 371 327 388 354 358 382 331 347 328 319 312 317 378 353 346 397 351 363 303 324 398 344 334 383 380 338 345 373 395 391 314 390 376 360 393 337 322 362 311 368 361 375 310 365 341
801
151
1
700
726
158
900
400
600
201
500
572
271
727
316
374
301
101