973
86 40 20 84 2 25 99 98 18 95 27 82 87 14 11 94 35 47 90 44 69 91 50 22 55 24 26 21 4 85 6 29 96 38 49 72 7 15 51 48 75 0 13 66 46 81 9 88 76 10 64 63 32 57 74 71 79 12 54 59 73 77 23 58 92 36 3 28
114
498 485 438 402 403 442 426 410 480 465 490 483 406 467 409 413 478 424 452 412 444 474 425 435 462 411 470 476 479 495 466 497 448 401 427 473 443 433 437 488 475 486 405 422 469 431 455 456 449 430 459 434 439 445 407 457 492 460 419 447 491 458 420 494 489 482 415 416 464 471 499 454 428 487 404 468 441 414
166 143 150 119 183 174 169 186 185 106 112 196 108 147 168 125 195 161 163 105 193 177 197 144 142 134 104 162 157 160 126 138 135 139 133 173 141 145 149 120 103 109 187 116 182 136 115 110 131 167 165 154 140 164 155 127 124 148 176 132
824 888 889 858 887 830 810 815 818 872 874 822 825 829 899 882 897 860 849 870 851 867 828 809 846 898 890 844 875 871 820 893 854 894 826 835 895 823 834 831 896 845 804 885 813 832 866 838 837 817 852 886 891 868 827 812 805 865 880 877 884 806 841 839 861 840 878 857 816 814 883 803 853 848 873 850 892 836
911 991 946 918 908 955 989 902 962 925 913 936 974 986 958 930 961 968 940 956 960 995 906 967 996 907 976 927 952 919 990 979 984 917 944 910 939 921 981 931 942 916 982 985 950 934 971 972 988 924 964 977 980 966 929 983 938 998 926 949 941 922 903 965 959 920 912 935 901
222 235 275 249 202 284 281 263 250 226 259 262 277 228 223 255 287 274 242 286 237 253 205 200 283 227 231 282 267 219 280 208 244 291 272 252 285 295 221 218 246 207 217 273 245 216 257 288 297 270 236 256 209 298 238 265 225 261 203 204 229 214 266 278 254 299 230 290 234 289 206 210 247 258 293
756 792 702 772 784 760 762 755 709 732 742 765 783 718 799 714 716 711 779 752 741 790 777 754 723 703 793 701 786 736 743 766 770 757 724 713 735 753 738 746 715 782 774 719 761 722 739 796 771 750 798 731 717 728 773 712 720 776 705 778 749 744 704 791 769 747 781 740 721 759 787 767 788 768
679 616 677 648 601 663 631 640 621 654 695 660 694 653 666 604 696 620 655 670 667 684 646 668 658 692 627 698 674 642 685 629 650 683 614 634 647 643 699 622 633 671 605 615 662 661 681 678 628 688 675 645 626 680 659 664 638 669 691 635 697 649 651 693 637 607 665 632 636 682 641 630 676
802
954
534 589 597 535 504 557 542 527 546 583 585 569 595 575 593 577 521 580 594 554 596 514 545 541 520 599 544 525 552 510 509 533 549 540 519 591 571 532 567 574 539 531 537 536 547 530 560 517 529 518 588 579 578 550 590 570 566 505 581 543 582 512 586 516 508 573 556 559 511 584 506 555 563
8
389 344 354 390 336 378 303 379 359 393 350 372 348 367 306 396 340 391 386 353 363 360 309 357 343 375 361 369 337 307 334 346 325 338 349 333 341 314 311 318 381 305 377 300 364 370 327 331 392 380 313 371 317 351 356 323 388 324 312 342 326 339 352 394 366 385 398 387 330 322 332 345
994
264
548
17
128
915
33
708
833
612
801
152
111
564
56
319
932
611
347
421
503
418
355
39
304
151
656
123
689
146
957
384
507
562
239
515
100
970
52
248
619
1
987
710
129
587
180
565
700
268
706
368
159
726
436
863
764
808
933
745
999
260
240
608
172
429
137
947
397
83
609
748
320
107
30
639
308
212
477
279
16
613
602
190
461
70
122
797
34
158
215
568
864
191
819
362
53
399
383
937
737
951
198
60
5
707
528
551
65
78
690
276
117
41
502
909
241
522
463
501
156
233
923
618
432
45
243
493
847
181
953
19
451
513
789
859
900
730
376
558
400
450
440
876
997
600
408
335
624
652
121
188
843
68
969
328
175
201
945
603
170
500
130
598
617
315
31
623
89
572
526
576
992
220
373
271
727
644
842
118
43
446
358
453
523
538
192
785
758
423
213
928
80
905
673
686
294
733
102
382
606
310
484
561
687
251
821
472
780
914
993
269
625
179
184
97
725
67
904
316
374
807
93
729
496
763
879
524
775
113
37
963
178
417
199
862
292
553
943
751
856
795
296
301
794
672
101
61
811
232
42
592
211
365
189
153
610
855
881
224
948
321
481
869
800
62
395
657
302
329
194
978
734
975
171