973
3 10 81 59 84 69 88 90 24 49 28 71 44 36 92 23 0 64 76 95 40 57 86 87 54 9 72 12 96 79 18 50 26 2 85 22 55 13 6 91 4 21 47 29 51 32 14 7 38 46 73 25 98 15 74 77 99 75 82 27 48 63 66 35 58 94 11 20
114
491 495 413 486 478 498 435 482 475 430 422 470 465 407 426 445 497 454 414 403 471 458 427 433 487 488 449 452 441 438 425 457 485 420 409 489 434 474 494 468 447 444 437 467 448 411 419 442 490 410 416 406 405 492 424 412 404 479 462 415 402 466 473 483 439 455 459 431 476 499 401 464 428 480 460 443 469 456
154 106 197 183 134 182 145 135 177 187 119 168 169 115 110 142 157 165 127 176 167 140 136 104 139 108 173 174 120 161 148 131 193 124 196 143 125 144 116 185 163 141 126 138 103 150 109 186 195 147 160 164 132 105 112 133 166 155 149 162
832 837 870 868 813 834 891 892 810 857 866 846 887 852 854 826 878 853 873 818 816 825 829 830 875 815 809 849 841 820 835 840 894 888 858 838 851 880 889 822 896 860 806 890 804 805 883 895 865 874 893 823 877 824 899 848 844 884 867 872 845 814 885 871 839 828 897 803 827 882 817 886 812 898 836 831 861 850
985 949 971 960 902 946 903 936 925 942 941 964 927 959 979 907 908 952 939 991 996 961 981 926 924 977 917 950 920 998 967 972 990 974 966 906 995 931 986 956 921 930 989 962 955 901 988 922 910 918 912 976 938 958 983 929 965 980 913 911 934 984 982 940 916 944 935 968 919
255 282 205 288 225 227 234 265 285 210 223 249 222 277 228 216 221 273 217 252 200 246 298 287 226 267 229 203 290 238 231 261 206 242 245 297 286 274 214 219 202 291 262 263 280 230 244 293 283 259 295 247 236 272 218 289 257 237 209 278 284 281 258 253 270 299 254 235 207 250 275 256 266 208 204
702 703 705 711 762 783 790 732 741 743 767 736 772 716 784 722 735 709 782 740 718 712 704 760 742 798 717 779 754 766 781 739 796 738 788 701 720 752 773 749 792 715 719 765 774 787 714 757 744 786 777 713 755 753 799 776 728 750 721 746 793 731 778 771 724 791 759 756 747 761 770 723 769 768
696 629 628 675 665 668 662 630 634 659 697 671 695 683 684 621 649 645 698 682 646 650 622 676 640 691 655 631 693 647 677 669 664 637 663 616 626 643 699 660 674 648 601 667 635 653 654 642 681 694 641 666 679 605 680 607 651 678 638 670 688 636 614 633 615 627 661 632 658 692 604 620
802
954
521 531 534 520 512 552 516 594 539 527 508 509 545 595 586 570 535 567 569 575 590 532 578 577 591 541 581 543 546 583 525 517 589 504 588 511 533 579 580 536 597 574 599 556 560 593 584 554 510 540 514 563 537 566 596 544 571 530 559 573 582 549 555 505 585 506 550 557 542 529 519 518 547
8
392 366 350 396 370 338 348 364 360 336 357 318 380 311 393 323 307 349 387 300 386 394 398 372 303 388 314 367 306 361 346 354 377 351 369 325 341 363 391 343 353 317 375 379 340 331 337 389 330 313 334 345 332 381 342 322 352 371 385 326 359 390 327 378 344 333 356 312 324 309 305 339
994
264
548
17
128
915
33
708
833
612
801
152
111
564
56
319
932
611
347
421
503
418
355
39
304
151
656
123
689
146
957
384
507
562
239
515
100
970
52
248
619
1
987
710
129
587
180
565
700
685
268
706
368
159
726
436
863
764
808
933
745
999
260
240
608
172
429
137
947
397
83
609
748
320
107
30
639
308
212
477
279
16
613
602
190
461
70
122
797
34
158
215
568
864
191
819
362
53
399
383
937
737
951
198
60
5
707
528
551
65
78
690
276
117
41
502
909
241
522
463
501
156
233
923
618
432
45
243
493
847
181
953
19
451
513
789
859
900
730
376
558
400
450
440
876
997
600
408
335
624
652
121
188
843
68
969
328
175
201
945
603
170
500
130
598
617
315
31
623
89
572
526
576
992
220
373
271
727
644
842
118
43
446
358
453
523
538
192
785
758
423
213
928
80
905
673
686
294
733
102
382
606
310
484
561
687
251
821
472
780
914
993
269
625
179
184
97
725
67
904
316
374
807
93
729
496
763
879
524
775
113
37
963
178
417
199
862
292
553
943
751
856
795
296
301
794
672
101
61
811
232
42
592
211
365
189
153
610
855
881
224
948
321
481
869
800
62
395
657
302
329
194
978
734
975
171