973
11 18 69 3 20 27 64 35 87 6 2 10 55 49 25 71 12 58 82 26 98 91 95 38 72 66 36 73 51 75 13 22 81 85 86 94 29 48 99 28 77 76 96 92 54 74 79 63 47 59 9 4 44 40 15 57 23 0 32 14 84 7 46 90 50 24 88 21
114
438 437 466 413 457 403 455 468 419 478 475 458 443 439 402 420 499 498 471 411 492 473 430 425 487 454 485 434 470 406 415 474 433 448 480 479 497 465 489 428 431 435 405 416 409 495 444 467 422 482 445 442 412 426 494 401 459 424 491 407 460 486 488 462 447 404 490 476 456 414 464 483 452 410 469 427 449 441
133 169 112 195 160 104 115 147 103 183 185 120 131 197 124 166 154 119 174 144 109 173 145 150 177 186 116 134 143 106 196 162 136 127 132 167 110 139 193 148 176 140 163 182 155 161 187 125 157 141 108 149 164 138 105 165 135 126 142 168
830 810 899 816 809 813 894 871 831 840 815 878 887 832 818 851 893 883 814 857 846 884 825 875 804 828 826 812 845 885 897 822 854 848 853 835 803 852 806 891 882 867 805 837 839 838 827 890 873 861 836 829 898 870 880 886 850 834 868 820 849 888 892 817 866 858 841 844 889 877 895 823 874 824 896 872 865
913 981 979 959 916 941 946 906 952 924 930 960 907 931 919 925 929 902 949 934 926 990 920 903 940 998 942 985 983 965 980 938 950 935 996 918 917 910 968 936 912 939 921 955 971 974 927 984 961 956 988 982 991 977 966 962 901 967 976 922 995 972 986 958 964 908 911 989 944
262 223 285 299 219 217 226 281 227 270 210 206 225 228 209 257 277 237 231 247 278 295 284 297 275 256 242 286 252 283 205 236 291 263 266 261 267 250 203 253 258 272 288 207 259 254 244 204 289 287 293 273 218 246 230 222 290 245 216 235 208 202 200 234 238 274 214 221 265 282 280 229 298 255 249
787 744 755 728 743 781 705 732 747 746 701 779 714 739 793 750 713 711 776 777 703 754 741 769 753 766 720 778 738 774 704 719 765 712 798 722 736 762 773 731 796 760 735 792 702 770 783 788 740 709 716 749 723 767 771 786 759 799 790 742 718 715 768 761 717 791 782 784 772 724 756 752 721 757
650 660 630 646 628 647 654 692 649 655 667 642 614 683 677 627 666 676 669 643 659 635 651 662 653 633 679 694 645 621 632 693 675 698 637 631 674 678 697 638 641 661 622 680 681 640 682 615 604 695 607 670 671 699 663 601 665 620 629 636 634 616 668 648 688 658 626 664 605 696 684 691
802
954
552 569 557 586 533 527 512 560 534 518 579 583 546 547 588 549 535 543 563 505 508 574 589 575 529 597 567 544 540 531 550 591 510 599 582 578 573 519 593 542 520 590 545 516 581 521 514 517 570 584 532 566 556 577 509 504 541 506 525 580 537 571 530 555 559 585 595 536 596 539 554 594 511
8
360 334 318 396 367 353 305 323 324 337 350 385 392 364 352 378 303 369 371 331 343 390 375 338 332 326 313 389 349 325 341 307 381 354 327 386 348 388 372 342 322 300 309 366 398 344 339 330 336 361 379 356 370 380 312 340 363 306 393 345 391 377 387 311 346 359 351 333 317 314 394 357
994
264
548
17
128
915
33
708
833
612
801
152
111
564
56
319
932
611
347
421
503
418
355
39
304
151
656
123
689
146
957
384
507
562
239
515
100
970
52
248
619
1
987
710
129
587
180
565
700
685
268
706
368
159
726
436
863
764
860
808
933
745
999
260
240
608
172
429
137
947
397
83
609
748
320
107
30
639
308
212
477
279
16
613
602
190
461
70
122
797
34
158
215
568
864
191
819
362
53
399
383
937
737
951
198
60
5
707
528
551
65
78
690
276
117
41
502
909
241
522
463
501
156
233
923
618
432
45
243
493
847
181
953
19
451
513
789
859
900
730
376
558
400
450
440
876
997
600
408
335
624
652
121
188
843
68
969
328
175
201
945
603
170
500
130
598
617
315
31
623
89
572
526
576
992
220
373
271
727
644
842
118
43
446
358
453
523
538
192
785
758
423
213
928
80
905
673
686
294
733
102
382
606
310
484
561
687
251
821
472
780
914
993
269
625
179
184
97
725
67
904
316
374
807
93
729
496
763
879
524
775
113
37
963
178
417
199
862
292
553
943
751
856
795
296
301
794
672
101
61
811
232
42
592
211
365
189
153
610
855
881
224
948
321
481
869
800
62
395
657
302
329
194
978
734
975
171