973
26 46 35 24 50 6 76 98 55 23 2 21 47 74 44 57 99 14 90 81 49 28 40 91 13 15 10 73 69 22 9 7 92 58 82 75 20 84 38 48 11 27 88 12 25 0 72 4 94 77 96 95 29 36 59 86 66 32 71 87 85 79 3 54 64 51 18 63
114
433 414 403 456 428 497 409 419 443 452 438 415 401 442 490 422 480 476 485 499 404 411 407 489 495 416 448 457 482 483 468 479 439 473 424 491 478 455 454 487 427 434 405 431 437 471 475 462 447 412 494 426 406 498 474 470 445 402 420 492 488 464 435 459 466 467 469 458 460 425 444 486 413 430 410 465 441 449
106 165 166 176 197 154 120 168 135 112 126 185 169 150 136 143 145 119 182 141 163 167 193 115 187 116 162 173 131 104 196 134 127 147 148 195 138 103 108 161 149 142 160 124 164 177 183 125 174 157 133 155 186 140 144 105 110 139 132 109
867 882 805 814 846 887 873 891 844 813 878 841 895 888 870 894 893 829 820 826 803 874 832 827 886 834 822 849 853 837 852 858 889 871 897 848 824 816 836 810 812 839 883 845 830 885 840 809 850 865 835 898 877 851 899 861 818 817 815 806 825 823 804 857 890 831 892 828 880 884 854 868 866 875 872 896
917 982 955 986 931 958 956 984 939 960 962 912 935 961 980 942 950 959 989 991 981 911 907 952 919 985 972 916 903 921 964 936 965 946 913 944 902 925 995 983 924 996 979 941 967 998 901 934 966 938 910 977 918 940 906 990 971 920 922 929 930 926 988 927 976 908 968 949 974
245 288 206 221 275 223 250 262 290 256 236 237 214 297 274 207 272 298 283 242 208 295 217 257 227 293 205 202 235 209 238 265 204 254 219 249 266 225 218 228 226 231 267 200 291 258 278 287 229 282 246 277 270 244 234 255 203 285 273 230 252 253 247 216 281 284 286 299 222 210 261 280 263 259 289
767 786 714 792 703 781 756 715 731 713 799 765 776 712 747 702 790 761 788 791 709 728 773 782 732 735 778 718 779 738 717 772 768 746 711 750 704 722 749 724 769 723 720 742 739 759 787 754 798 721 740 793 736 705 744 796 771 760 701 783 719 741 770 762 743 755 753 752 777 774 766 784 716 757
615 635 691 671 629 695 662 682 605 643 620 628 679 604 607 661 664 614 655 646 696 688 680 641 632 601 699 667 660 681 668 697 630 675 669 640 683 636 684 627 692 663 650 647 633 677 616 658 678 665 648 698 674 638 693 621 666 659 626 670 645 631 637 676 634 649 622 654 653 642 651 694
802
954
555 529 559 588 591 514 539 545 583 511 527 567 578 519 540 547 506 571 581 582 597 542 599 530 508 534 577 521 554 570 543 552 532 549 512 537 579 574 593 504 546 585 509 531 541 518 569 520 544 586 596 505 580 536 594 535 566 563 595 590 557 517 573 550 556 525 575 533 589 516 560 510 584
8
385 387 306 371 311 364 343 349 312 337 391 372 338 357 363 334 305 398 330 351 332 325 392 367 388 354 370 356 303 323 379 341 393 340 375 350 317 359 336 380 390 378 339 342 348 345 344 360 389 324 381 318 322 353 309 361 307 386 352 369 346 396 333 366 327 377 313 326 394 300 331 314
994
264
548
17
128
915
33
708
833
612
801
152
111
564
56
319
932
611
347
421
503
418
355
39
304
151
656
123
689
146
957
384
507
562
239
515
100
970
52
248
619
1
987
710
129
587
180
565
700
685
268
706
368
159
726
436
863
764
860
808
838
933
745
999
260
240
608
172
429
137
947
397
83
609
748
320
107
30
639
308
212
477
279
16
613
602
190
461
70
122
797
34
158
215
568
864
191
819
362
53
399
383
937
737
951
198
60
5
707
528
551
65
78
690
276
117
41
502
909
241
522
463
501
156
233
923
618
432
45
243
493
847
181
953
19
451
513
789
859
900
730
376
558
400
450
440
876
997
600
408
335
624
652
121
188
843
68
969
328
175
201
945
603
170
500
130
598
617
315
31
623
89
572
526
576
992
220
373
271
727
644
842
118
43
446
358
453
523
538
192
785
758
423
213
928
80
905
673
686
294
733
102
382
606
310
484
561
687
251
821
472
780
914
993
269
625
179
184
97
725
67
904
316
374
807
93
729
496
763
879
524
775
113
37
963
178
417
199
862
292
553
943
751
856
795
296
301
794
672
101
61
811
232
42
592
211
365
189
153
610
855
881
224
948
321
481
869
800
62
395
657
302
329
194
978
734
975
171