973
6 40 13 59 49 88 73 24 29 14 48 21 46 57 99 82 94 15 77 20 96 22 92 85 86 55 11 79 81 32 27 51 2 12 7 75 47 66 63 84 18 98 87 91 3 44 74 76 71 58 36 35 23 50 0 26 4 90 9 25 38 10 64 72 28 54 95 69
114
410 482 466 454 439 430 447 499 433 435 413 465 428 419 464 425 426 431 452 415 444 495 427 456 487 457 455 437 414 480 498 445 404 442 401 458 438 469 460 474 422 409 479 462 478 448 486 405 492 459 420 475 485 403 490 473 489 441 443 411 494 471 467 470 497 488 406 412 476 424 407 449 434 402 468 416 491 483
183 120 110 162 135 143 142 105 164 103 112 138 106 196 115 109 161 108 126 167 173 193 150 127 185 141 145 147 186 131 136 140 139 132 176 148 119 166 134 182 165 144 133 187 169 157 174 154 177 116 168 124 160 195 163 155 197 104 125 149
836 890 861 877 849 830 865 882 887 841 880 823 886 826 834 870 812 809 867 831 805 813 822 878 829 804 818 832 835 844 824 839 868 871 889 893 898 820 806 873 827 899 888 837 846 845 803 815 857 858 851 816 852 885 891 866 874 848 840 853 825 892 896 883 872 854 894 814 850 810 817 897 828 895 875 884
950 908 927 965 991 920 976 917 903 961 979 983 967 980 971 913 966 949 919 977 942 918 984 944 988 926 962 936 922 989 955 958 998 939 956 981 930 995 911 959 946 941 934 940 996 952 982 902 964 935 938 901 910 968 916 921 906 925 960 931 986 985 990 972 924 929 912 974
217 270 297 200 236 252 284 298 205 229 235 256 258 288 293 274 246 221 259 280 262 231 228 230 257 263 281 208 283 216 237 285 278 222 227 225 295 267 234 204 289 254 299 202 223 214 286 282 238 219 291 249 242 250 273 203 245 275 226 210 244 265 266 206 290 255 277 247 253 272 207 261 287 209 218
768 757 799 719 774 791 743 761 717 709 784 732 798 772 762 742 744 781 769 776 778 779 786 770 703 741 701 736 754 735 796 753 790 752 702 712 749 777 759 765 720 724 792 767 704 782 738 731 750 722 771 766 788 716 787 721 756 747 728 773 739 755 714 740 746 793 713 711 715 718 760 723 705 783
616 662 622 646 682 688 665 677 607 620 675 671 641 679 655 678 635 670 692 633 628 683 680 637 647 645 691 674 695 668 693 661 626 601 653 627 629 614 648 660 615 604 654 605 666 638 664 636 667 630 696 676 663 643 659 658 632 698 621 634 631 651 684 681 669 699 642 697 649 640 694 650
802
954
537 508 540 584 569 574 594 577 589 519 516 579 504 582 590 543 578 549 554 529 506 559 593 580 557 544 563 575 511 596 510 581 570 595 597 505 530 534 527 583 546 573 591 514 536 517 532 533 541 545 556 512 539 585 586 521 525 518 531 535 571 555 567 588 509 599 547 542 560 552 550 566 520
8
364 371 307 349 346 348 306 340 380 389 372 330 350 361 398 314 322 326 357 353 311 352 333 334 360 342 379 327 388 338 390 312 386 317 354 305 378 332 363 375 323 324 331 370 325 356 369 391 341 385 318 367 351 313 309 396 387 394 343 300 336 339 359 377 392 366 345 303 344 381 337 393
994
264
548
17
128
915
33
708
833
612
801
152
111
564
56
319
932
611
347
421
503
418
355
39
304
151
656
123
689
146
957
384
507
562
239
515
100
970
52
248
619
1
987
710
129
587
180
565
700
685
268
706
368
159
726
436
863
764
860
808
838
933
745
999
260
240
608
172
429
137
947
397
83
609
748
320
107
30
639
308
212
477
279
16
613
602
190
461
70
122
797
34
158
215
568
864
191
819
362
53
399
383
937
737
951
198
60
5
707
528
551
65
78
690
276
117
41
502
909
241
522
463
501
156
233
923
618
432
45
243
493
847
181
953
19
451
513
789
859
900
730
376
558
400
450
440
876
997
600
408
335
624
652
121
188
843
68
969
328
175
201
945
603
170
500
130
598
617
315
31
623
89
572
526
576
992
907
220
373
271
727
644
842
118
43
446
358
453
523
538
192
785
758
423
213
928
80
905
673
686
294
733
102
382
606
310
484
561
687
251
821
472
780
914
993
269
625
179
184
97
725
67
904
316
374
807
93
729
496
763
879
524
775
113
37
963
178
417
199
862
292
553
943
751
856
795
296
301
794
672
101
61
811
232
42
592
211
365
189
153
610
855
881
224
948
321
481
869
800
62
395
657
302
329
194
978
734
975
171