973
18 0 12 32 11 46 27 4 75 3 9 94 29 82 72 64 40 38 92 88 6 51 28 24 76 23 90 21 15 79 69 84 54 63 73 55 48 77 95 22 44 10 36 91 2 35 20 74 59 47 57 81 13 14 50 71 26 85 66 7 25 98 96 87 49 58 86 99
114
455 494 479 483 488 460 466 438 416 469 497 433 402 468 404 430 431 489 426 422 471 491 475 410 415 420 474 439 428 424 427 473 406 409 435 487 445 480 441 490 434 442 458 412 467 478 476 492 498 456 407 485 437 419 470 454 482 443 459 465 405 411 495 401 414 403 464 457 452 447 444 486 425 462 499 449 448 413
150 112 193 174 110 167 140 131 132 182 119 164 168 103 165 186 115 120 177 197 109 104 127 166 160 133 163 108 169 105 148 142 195 147 126 187 116 145 185 173 134 141 136 124 157 143 161 149 135 196 125 176 106 138 155 183 162 154 144 139
839 883 880 818 815 849 873 858 854 882 895 889 814 888 804 848 857 887 846 831 810 845 891 824 865 850 875 896 840 844 841 861 809 806 886 871 805 885 816 827 825 867 813 832 817 897 868 829 852 822 834 874 878 872 892 853 803 836 835 826 898 828 830 823 890 820 899 812 837 866 877 893 894 870 884 851
988 946 959 917 939 991 916 984 922 998 965 990 927 930 949 942 920 968 983 986 921 996 938 989 985 926 903 980 941 961 913 979 972 931 962 977 952 924 936 982 967 944 956 902 929 925 976 940 935 950 910 918 912 960 901 974 908 919 964 995 906 971 958 911 955 981 934 966
202 250 278 247 293 244 281 289 277 295 205 221 298 231 261 227 246 280 297 257 203 266 204 258 237 265 263 253 299 285 206 218 256 267 228 284 236 245 235 283 255 273 290 229 216 208 242 219 238 286 291 230 249 223 287 226 214 274 222 272 217 288 262 270 275 200 252 207 209 210 234 282 254 225
767 754 704 778 715 742 762 753 722 798 721 716 732 774 765 703 791 701 709 741 740 743 724 776 786 781 761 714 793 731 744 757 770 752 782 792 738 713 717 787 773 739 768 723 750 736 784 735 711 746 772 766 720 796 718 702 719 790 756 728 760 777 769 747 755 779 783 771 749 799 712 788 705 759
622 682 665 630 666 638 668 675 697 678 621 664 649 620 651 646 631 659 628 695 615 601 653 698 683 654 640 660 634 658 674 629 633 681 679 648 650 605 642 662 663 655 691 627 661 604 614 632 641 680 636 607 688 647 671 684 676 699 692 693 694 667 669 635 637 645 696 677 643 670 626 616
802
954
569 508 593 588 527 531 589 520 595 590 545 579 550 574 599 557 506 577 575 560 573 537 541 536 540 543 509 546 591 570 549 535 544 533 534 542 525 519 559 583 563 504 567 555 539 514 529 518 510 594 530 547 552 597 512 578 521 584 554 582 596 580 581 585 566 532 571 511 556 586 516 517 505
8
330 369 389 342 379 350 343 326 305 394 357 353 332 339 360 359 349 300 352 372 337 323 371 398 312 377 325 317 363 366 324 385 351 361 327 354 364 344 380 334 318 370 331 306 311 314 375 392 378 340 303 336 387 309 346 333 338 356 345 396 381 391 390 367 313 388 341 322 307 348 393 386
994
264
548
17
128
915
33
708
833
612
801
152
111
564
56
319
932
611
347
421
503
418
355
39
304
151
656
123
689
146
957
384
507
562
239
515
100
970
52
248
619
1
987
710
129
587
180
565
700
685
268
706
368
159
726
436
863
764
860
808
838
933
745
999
260
240
608
172
429
137
947
397
259
83
609
748
320
107
30
639
308
212
477
279
16
613
602
190
461
70
122
797
34
158
215
568
864
191
819
362
53
399
383
937
737
951
198
60
5
707
528
551
65
78
690
276
117
41
502
909
241
522
463
501
156
233
923
618
432
45
243
493
847
181
953
19
451
513
789
859
900
730
376
558
400
450
440
876
997
600
408
335
624
652
121
188
843
68
969
328
175
201
945
603
170
500
130
598
617
315
31
623
89
572
526
576
992
907
220
373
271
727
644
842
118
43
446
358
453
523
538
192
785
758
423
213
928
80
905
673
686
294
733
102
382
606
310
484
561
687
251
821
472
780
914
993
269
625
179
184
97
725
67
904
316
374
807
93
729
496
763
879
524
775
113
37
963
178
417
199
862
292
553
943
751
856
795
296
301
794
672
101
61
811
232
42
592
211
365
189
153
610
855
881
224
948
321
481
869
800
62
395
657
302
329
194
978
734
975
171