973
28 0 72 63 94 99 48 79 22 7 71 29 74 51 14 20 4 3 55 10 98 85 15 84 57 66 92 76 96 23 91 24 32 12 27 25 40 11 35 69 46 58 90 54 36 73 13 44 6 2 59 81 75 87 38 26 21 49 50 88 77 9 95 47 86 82 18 64
114
482 402 476 495 464 445 420 412 414 413 458 468 478 427 404 419 452 438 410 455 467 465 407 441 439 491 448 475 487 499 409 449 426 425 492 460 454 422 424 486 497 434 480 444 415 442 494 471 489 488 474 485 406 469 443 447 403 437 435 430 462 479 428 490 473 470 416 459 483 411 401 457 405 456 433 466 498 431
110
832 849 831 828 890 813 892 814 880 806 850 805 824 868 836 872 891 853 857 820 816 865 817 866 825 861 837 885 897 883 810 834 887 829 894 851 896 830 899 826 895 889 871 854 844 815 867 884 877 882 809 898 804 845 893 812 823 840 875 878 858 874 839 886 835 818 848 870 827 873 888 841 803 846 822 852
901 990 982 938 983 935 989 965 995 974 949 971 979 906 977 964 934 929 921 927 959 972 950 966 962 988 913 924 956 984 955 941 911 996 922 910 908 930 961 960 991 958 920 976 944 998 931 952 967 968 919 985 981 926 917 936 940 986 939 916 946 918 912 980 925 902 903 942
216 217 246 288 283 291 208 298 272 231 265 234 257 295 209 237 200 214 284 280 287 203 278 236 245 267 289 297 254 286 249 262 258 275 261 242 202 238 293 252 226 229 225 263 250 235 253 218 205 210 230 290 282 247 273 228 223 207 270 227 277 219 256 244 274 255 221 206 222 299 204 285 281 266
145 166 174 182 157 134 132 112 160 126 162 149 127 186 104 115 144 143 163 133 105 139 125 155 164 183 173 106 135 147 169 195 141 168 138 154 196 124 187 108 120 136 119 165 197 148 142 161 116 150 185 167 131 177 109 140 193 176 103
753 747 739 705 742 757 762 724 702 769 718 788 738 740 793 715 701 777 798 761 781 770 776 790 774 782 778 717 752 760 786 722 749 799 743 766 771 732 784 716 773 731 787 721 713 714 768 750 756 723 711 779 772 746 791 735 765 736 719 704 709 744 703 755 728 759 712 741 767 792 720 783 754 796
614 688 663 631 622 683 615 693 669 665 640 658 621 636 620 628 659 616 648 650 641 633 634 678 695 699 684 601 679 638 645 671 675 642 646 647 691 664 607 637 692 697 670 668 674 680 635 605 627 661 655 649 681 676 626 630 660 654 667 682 643 651 694 604 632 698 696 629 653 662 677 666
802
954
511 517 571 521 580 588 575 533 529 585 579 530 593 527 519 570 520 539 547 540 584 552 560 525 504 549 596 543 577 506 546 569 550 595 581 512 535 510 586 514 583 532 594 599 544 567 505 537 589 559 574 516 509 591 508 555 531 582 578 534 542 554 557 566 518 563 597 536 541 556 573 590 545
8
385 324 396 369 393 356 314 387 398 330 339 353 300 306 307 317 359 342 333 352 372 388 326 318 361 363 380 311 323 312 344 366 351 338 378 336 313 340 379 367 394 341 381 331 348 389 334 332 364 337 392 327 375 377 305 346 350 309 360 343 303 371 325 345 354 390 357 391 370 322 386 349
994
264
548
17
128
915
33
708
833
612
801
152
111
564
56
319
932
611
347
421
503
418
355
39
304
151
656
123
689
146
957
384
507
562
239
515
100
970
52
248
619
1
987
710
129
587
180
565
700
685
268
706
368
159
726
436
863
764
860
808
838
933
745
999
260
240
608
172
429
137
947
397
259
83
609
748
320
107
30
639
308
212
477
279
16
613
602
190
461
70
122
797
34
158
215
568
864
191
819
362
53
399
383
937
737
951
198
60
5
707
528
551
65
78
690
276
117
41
502
909
241
522
463
501
156
233
923
618
432
45
243
493
847
181
953
19
451
513
789
859
900
730
376
558
400
450
440
876
997
600
408
335
624
652
121
188
843
68
969
328
175
201
945
603
170
500
130
598
617
315
31
623
89
572
526
576
992
907
220
373
271
727
644
842
118
43
446
358
453
523
538
192
785
758
423
213
928
80
905
673
686
294
733
102
382
606
310
484
561
687
251
821
472
780
914
993
269
625
179
184
97
725
67
904
316
374
807
93
729
496
763
879
524
775
113
37
963
178
417
199
862
292
553
943
751
856
795
296
301
794
672
101
61
811
232
42
592
211
365
189
153
610
855
881
224
948
321
481
869
800
62
395
657
302
329
194
978
734
975
171