973
22 90 14 57 87 26 58 46 20 32 6 64 40 74 88 84 23 98 55 0 44 82 86 13 77 72 25 76 28 96 91 54 63 69 21 7 94 99 18 79 50 2 9 66 11 12 4 35 71 85 49 24 51 15 73 10 75 81 29 48 95 38 47 92 36 3 27
114
411 457 469 470 419 452 449 486 459 425 467 479 410 462 439 483 454 438 455 422 426 473 415 466 489 490 401 431 485 443 405 413 409 480 487 448 403 471 412 414 407 468 442 430 495 475 444 458 499 434 492 433 435 456 494 424 497 445 406 460 441 491 474 478 427 464 402 416 476 498 447 437 465 404 482 428 420 488
110
815 832 893 806 825 849 866 898 850 872 834 822 877 891 882 887 814 829 820 844 883 852 836 871 857 841 885 826 858 880 899 823 888 846 835 867 854 830 895 874 813 839 889 817 837 840 831 851 873 868 848 824 812 884 861 805 875 828 804 818 870 845 896 897 878 827 865 886 816 810 892 853 890 809 803 894
901 929 950 922 930 966 955 952 985 903 991 916 918 986 912 926 934 958 906 984 944 965 902 925 949 981 939 974 964 908 983 967 956 920 995 927 961 972 962 971 998 946 924 917 980 936 977 990 960 910 921 968 941 959 988 938 913 931 976 935 982 911 919 996 979 989 942 940
293 237 287 216 208 249 261 290 258 284 265 250 203 204 214 228 266 238 246 275 229 205 283 230 257 206 253 285 262 207 299 210 202 218 226 295 267 244 291 282 217 227 236 281 256 223 280 286 252 231 235 245 298 288 222 200 225 274 219 270 234 263 289 273 297 272 254 221 247 209 242 278 277 255
157 183 138 120 127 134 154 116 144 142 145 124 196 109 162 132 112 135 155 167 166 163 177 197 149 125 119 164 174 168 108 136 187 105 131 176 133 148 195 103 182 165 160 141 104 150 115 186 143 169 161 139 173 126 193 147 106 140 185
781 766 711 736 774 717 741 722 798 772 739 719 749 744 760 752 701 724 757 756 773 721 723 750 777 788 715 762 702 765 787 779 793 782 755 731 759 743 705 716 767 799 792 720 786 712 783 784 761 740 791 728 778 714 742 790 738 754 796 718 732 704 735 703 709 746 770 753 776 768 769 713 771 747
665 682 647 653 637 664 628 615 614 661 638 676 694 604 655 680 630 643 622 633 651 650 662 698 645 697 696 601 671 688 666 670 695 626 648 632 679 678 605 667 668 658 691 677 627 659 646 635 681 699 663 693 692 629 631 642 660 640 654 683 684 674 636 675 641 649 621 616 620 607 669 634
802
954
575 540 573 559 514 535 537 556 580 532 519 530 509 595 563 577 518 508 579 583 533 549 597 545 529 506 525 543 510 594 589 531 527 542 544 516 569 512 585 517 584 505 574 521 571 560 588 539 596 547 555 520 593 567 511 541 591 504 570 554 534 536 550 586 590 582 566 599 581 578 546 557 552
8
348 345 394 344 360 307 366 330 393 317 363 369 339 398 303 367 305 340 375 325 390 322 364 359 314 372 357 313 300 356 326 327 351 352 331 349 342 385 378 341 323 371 337 343 318 377 333 370 380 361 391 332 311 387 309 306 392 336 350 338 354 346 386 312 379 334 389 353 388 324 396 381
994
264
548
17
128
915
33
708
833
612
801
152
111
564
56
319
932
611
347
421
503
418
355
39
304
151
656
123
689
146
957
384
507
562
239
515
100
970
52
248
619
1
987
710
129
587
180
565
700
685
268
706
368
159
726
436
863
764
860
808
838
933
745
999
260
240
608
172
429
137
947
397
259
83
609
748
320
107
30
639
308
212
477
279
16
613
602
190
461
70
122
797
34
158
215
568
864
191
819
362
53
399
383
937
737
951
198
60
5
707
528
551
65
78
690
276
117
41
502
909
241
522
463
501
156
233
923
618
432
45
243
493
847
181
953
19
451
513
59
789
859
900
730
376
558
400
450
440
876
997
600
408
335
624
652
121
188
843
68
969
328
175
201
945
603
170
500
130
598
617
315
31
623
89
572
526
576
992
907
220
373
271
727
644
842
118
43
446
358
453
523
538
192
785
758
423
213
928
80
905
673
686
294
733
102
382
606
310
484
561
687
251
821
472
780
914
993
269
625
179
184
97
725
67
904
316
374
807
93
729
496
763
879
524
775
113
37
963
178
417
199
862
292
553
943
751
856
795
296
301
794
672
101
61
811
232
42
592
211
365
189
153
610
855
881
224
948
321
481
869
800
62
395
657
302
329
194
978
734
975
171