973
0 54 50 11 32 58 21 46 86 57 66 40 95 74 84 47 9 87 94 85 72 3 15 77 82 4 49 20 92 28 71 81 88 24 64 35 26 38 75 63 7 48 6 69 55 23 29 44 13 99 2 76 98 96 14 90 79 73 91 51 10 27 22 12 25 18 36
114
412 456 459 430 424 468 428 402 405 442 457 488 478 416 476 498 420 425 487 473 469 470 464 492 465 403 437 414 433 474 499 427 409 497 452 438 441 462 431 490 426 454 422 479 482 475 443 480 415 471 485 406 445 447 434 439 483 491 444 404 401 467 411 494 449 466 435 495 489 407 419 458 410 413 455 448 486 460
110
857 883 830 886 853 831 848 826 874 814 820 816 884 823 841 875 828 854 861 834 844 803 822 868 832 836 846 845 891 818 812 897 878 877 849 889 824 866 896 870 899 829 892 817 810 809 837 893 835 852 865 813 867 825 840 815 880 898 887 890 827 872 871 882 885 895 858 804 894 805 850 873 806 839 888 851
984 941 956 913 944 974 958 939 916 910 968 998 982 920 962 919 906 981 949 983 931 986 942 952 936 950 918 940 988 921 960 977 961 995 927 924 965 912 922 925 971 955 930 967 926 972 980 938 903 985 996 979 990 964 959 934 946 902 917 935 929 911 966 991 908 976 901 989
226 266 281 277 282 205 270 285 231 245 255 209 272 283 262 254 202 249 225 252 229 291 253 273 278 206 234 238 235 242 222 289 217 299 275 200 244 210 258 236 247 237 261 265 280 288 297 267 223 263 290 230 208 214 274 250 218 204 293 256 227 228 295 203 286 298 284 219 257 221 216 207 287 246
195 193 169 106 132 155 108 187 119 157 133 112 197 120 138 182 164 136 126 140 148 143 127 125 160 177 134 141 131 154 186 185 144 104 166 163 173 139 116 124 196 109 147 168 149 105 161 165 103 176 183 167 174 145 162 142 135 150 115
790 738 796 749 702 713 704 771 714 792 782 718 757 760 720 754 799 783 752 701 743 773 735 759 742 728 715 762 788 767 736 721 724 747 772 722 744 776 781 703 779 761 784 793 723 712 770 778 777 709 739 791 765 716 741 766 732 719 750 711 774 740 746 798 731 769 768 756 705 753 786 755 717 787
668 645 667 626 628 604 669 699 691 662 654 621 671 688 629 693 614 682 641 676 666 601 636 649 692 661 646 653 681 680 622 647 655 684 620 651 660 675 696 605 664 698 665 637 658 635 615 642 659 631 633 674 663 650 640 638 607 627 643 648 632 694 697 630 683 677 695 616 670 679 634 678
802
954
570 529 536 545 519 542 599 575 594 544 596 511 584 510 555 530 550 508 552 506 557 547 516 505 579 595 509 533 546 504 532 573 588 559 560 554 525 583 517 580 512 577 539 563 590 582 520 578 567 514 518 527 581 569 537 549 566 571 531 593 535 543 586 556 574 591 521 534 589 540 597 585 541
8
336 386 353 398 333 392 313 305 339 370 343 389 385 372 364 394 330 324 379 303 342 388 380 340 381 341 318 338 391 300 378 375 345 396 322 359 312 344 309 393 371 348 337 352 369 357 350 326 323 363 346 306 349 390 351 332 325 360 317 367 377 327 314 361 354 307 331 366 311 334 356
994
264
548
17
128
915
33
708
833
612
801
152
111
564
56
319
932
611
347
421
503
418
355
39
304
151
656
123
689
146
957
384
507
562
239
515
100
970
52
248
619
1
987
710
129
587
180
565
700
685
268
706
368
159
726
436
863
764
860
808
838
933
745
999
260
240
608
172
429
137
947
397
259
83
609
748
320
107
30
639
308
212
477
279
16
613
602
190
461
70
122
797
34
158
215
568
864
191
819
362
53
399
383
937
737
951
198
60
5
707
528
551
65
78
690
276
117
41
502
909
241
522
463
501
156
233
923
618
432
45
243
493
847
181
953
19
451
513
59
789
859
900
730
376
558
400
450
440
876
997
387
600
408
335
624
652
121
188
843
68
969
328
175
201
945
603
170
500
130
598
617
315
31
623
89
572
526
576
992
907
220
373
271
727
644
842
118
43
446
358
453
523
538
192
785
758
423
213
928
80
905
673
686
294
733
102
382
606
310
484
561
687
251
821
472
780
914
993
269
625
179
184
97
725
67
904
316
374
807
93
729
496
763
879
524
775
113
37
963
178
417
199
862
292
553
943
751
856
795
296
301
794
672
101
61
811
232
42
592
211
365
189
153
610
855
881
224
948
321
481
869
800
62
395
657
302
329
194
978
734
975
171