973
74 11 35 36 87 15 98 48 40 58 29 21 44 64 22 3 38 79 76 77 91 27 13 12 71 75 14 4 7 32 96 18 28 84 50 23 20 82 9 69 46 90 24 6 26 25 88 73 99 81 55 95 63 72 54 92 51 66 10 94 49 2 47 0 85 86 57
114
422 406 413 464 483 474 444 489 460 465 457 486 473 466 476 415 433 426 439 479 412 462 428 475 482 427 438 416 410 492 471 485 441 449 469 490 405 402 424 437 409 425 494 407 458 467 497 411 414 455 498 401 491 478 487 420 442 431 403 454 456 452 488 448 495 480 443 445 459 447 404 470 419 499 430 434 468 435
110
861 888 871 873 827 844 897 831 822 812 852 805 803 835 872 853 866 832 846 836 851 806 845 870 880 886 891 884 810 857 830 809 877 816 874 820 837 813 814 892 894 890 865 858 887 817 898 839 867 834 896 815 828 825 840 829 889 878 841 885 826 875 818 849 854 848 899 850 895 823 883 882 824 868 804 893
927 949 944 934 964 960 989 929 974 910 952 908 971 917 950 926 988 955 902 956 990 958 921 980 938 925 998 942 959 981 939 946 901 936 977 912 924 919 906 935 985 922 913 979 931 920 916 966 961 941 967 984 962 991 982 911 996 986 903 965 972 930 976 918 983 940 968 995
219 298 231 203 242 289 257 204 246 291 290 263 222 274 288 200 282 249 234 205 218 256 252 283 216 284 237 266 287 258 261 235 270 229 272 244 238 293 225 262 277 299 227 278 253 245 221 230 250 280 273 247 281 228 214 275 265 286 226 255 209 202 267 236 285 217 210 206 297 223 254 295 207 208
163 168 162 148 120 164 127 139 167 131 157 109 126 183 138 196 149 108 154 142 105 136 124 116 173 147 115 135 144 195 141 160 125 104 140 166 165 186 119 143 133 106 103 155 150 161 169 185 145 177 112 193 174 134 132 187 182 176
728 759 779 704 772 742 740 790 762 749 741 736 715 713 768 746 761 743 703 702 720 714 735 718 792 723 781 709 750 712 786 739 787 721 760 778 732 791 765 705 731 747 719 701 754 793 717 798 774 783 753 738 752 799 788 769 767 771 770 757 766 722 777 744 716 724 711 782 756 784 755 796 773 776
675 626 668 643 678 694 627 616 676 651 630 682 693 604 671 659 648 658 698 680 621 635 655 647 642 662 661 628 697 677 622 699 615 645 650 681 614 692 605 665 684 601 664 691 620 631 640 670 632 653 633 695 663 637 646 636 634 688 667 674 696 666 641 638 679 654 649 607 629 660 669 683
802
954
519 577 530 536 580 581 542 527 540 567 518 512 571 597 575 593 569 543 559 574 591 509 549 582 589 563 556 585 546 535 570 533 545 506 517 586 555 552 594 532 537 554 557 508 534 590 525 531 595 599 578 547 550 566 505 583 511 510 520 560 541 504 514 579 588 544 596 539 584 516 573 521 529
8
377 340 353 367 300 330 350 333 375 371 391 317 370 388 389 312 364 309 311 341 392 344 334 357 303 323 318 314 351 372 343 338 332 398 305 349 379 352 313 345 342 385 390 369 337 394 359 381 348 322 356 386 380 306 396 336 327 366 354 325 393 361 307 326 339 346 324 363 360 331 378
994
264
548
17
128
915
33
708
833
612
801
152
111
564
56
319
932
611
347
421
503
418
355
39
304
151
656
123
689
146
957
384
507
562
239
515
100
970
52
248
619
1
987
710
129
587
180
565
700
685
268
706
368
159
726
436
863
764
860
808
838
933
745
999
260
240
608
172
429
137
947
397
259
83
609
748
320
107
30
639
308
212
477
279
16
613
602
190
461
70
122
797
34
158
197
215
568
864
191
819
362
53
399
383
937
737
951
198
60
5
707
528
551
65
78
690
276
117
41
502
909
241
522
463
501
156
233
923
618
432
45
243
493
847
181
953
19
451
513
59
789
859
900
730
376
558
400
450
440
876
997
387
600
408
335
624
652
121
188
843
68
969
328
175
201
945
603
170
500
130
598
617
315
31
623
89
572
526
576
992
907
220
373
271
727
644
842
118
43
446
358
453
523
538
192
785
758
423
213
928
80
905
673
686
294
733
102
382
606
310
484
561
687
251
821
472
780
914
993
269
625
179
184
97
725
67
904
316
374
807
93
729
496
763
879
524
775
113
37
963
178
417
199
862
292
553
943
751
856
795
296
301
794
672
101
61
811
232
42
592
211
365
189
153
610
855
881
224
948
321
481
869
800
62
395
657
302
329
194
978
734
975
171