924 973 986 922 935 964 961 911 910 999 949 997 977 941 966 926 968 916 955 945 936 901 990 931 948 984 946 957 912 903 982 934 995 923 967 907 927 950 940 958 943 929 930 963 913 902 988 989 932 938 909 981 939 928 933 956 905 917 998 947 951 983 920 925 970 980 965 985 979 954 953 915 962 959 992 960 942 974 994 914 919 937 921 978 969 987 993 944 975 972 908 991 906 918 996 952 976 971 904
15 58 77 51 21 25 84 13 10 96 48 26 68 64 59 50 36 43 67 63 22 65 62 30 88 2 80 4 57 69 9 20 45 29 7 6 40 56 41 14 52 92 66 44 17 93 35 16 54 24 3 61 82 47 37 49 71 42 99 46 0 87 74 28 5 83 53 27 18 94 39 19 86 90 33 81 95 97 55 72 60 70 91 78 11 98 85 89 76 31 34 23 75 73 8 38 32 12 79
100 179 142 192 122 155 171 178 150 175 160 146 152 103 163 193 124 118 106 123 143 115 198 120 168 184 141 140 148 176 131 108 121 144 107 189 186 127 190 170 166 112 153 119 126 132 183 180 111 194 149 110 172 177 117 156 157 109 136 130 161 169 105 134 139 113 128 165 185 187 135 125 162 173 188 167 145 129 138 164 133 182 147 114 191 181 159 196 104 102 199 197 174 154 195 137 116
498 411 489 435 452 499 446 470 491 429 479 461 423 490 473 455 483 412 401 404 426 469 476 422 427 472 474 466 441 478 453 407 447 421 408 496 477 494 484 468 486 444 457 475 480 410 450 416 462 431 493 488 487 434 417 406 463 424 467 428 418 445 439 495 449 414 419 442 497 433 464 460 448 405 485 465 443 454 437 413 415 492 436 451 403 402 458 438 440 471 456 420 482 481 430 409 425 459 432
856 816 892 833 813 838 875 870 878 863 820 889 835 868 842 830 817 800 807 834 883 867 811 849 888 893 885 823 843 869 853 831 808 825 841 861 880 852 821 872 876 854 896 815 810 819 857 845 866 850 836 884 859 814 805 802 826 891 804 879 832 865 882 898 887 899 822 829 846 897 886 890 803 860 871 858 864 818 809 877 874 873 824 839 851 840 812 844 806 881 828 848 827 855 894 895 847 862 837
256 220 270 202 274 246 218 242 227 203 224 272 284 211 265 279 209 268 282 261 235 286 210 266 269 290 222 228 236 298 264 252 206 283 288 292 263 287 247 230 297 293 249 277 225 257 217 258 234 294 207 259 280 232 291 219 212 243 223 254 248 215 216 221 233 245 299 237 200 244 213 275 229 281 273 276 239 289 240 295 296 250 208 262 204 241 205 267 255 231 251 285 214 253 226 238 278
701 708 733 711 775 729 774 767 770 702 720 769 731 766 744 728 732 747 794 771 789 748 760 797 749 754 791 785 743 742 745 750 735 721 776 713 783 798 756 781 787 709 777 722 712 790 786 768 752 738 737 725 758 741 778 723 703 795 793 736 730 753 773 704 788 740 762 796 719 761 716 757 746 780 765 718 764 799 779 705 707 755 772 759 710 717 782 763 734 714 739 715 706 751 784 724 792
686 658 603 608 672 663 676 628 618 684 669 641 613 617 619 650 654 644 629 625 698 677 631 657 612 637 655 623 648 624 660 640 681 635 692 633 685 607 687 664 693 674 634 670 699 621 652 649 690 689 622 609 678 653 601 671 606 632 697 668 695 630 615 656 604 666 643 661 638 642 665 647 680 651 614 667 673 694 639 688 682 611 626 675 636 645 659 646 616 602 610 605 620 627 683 696 691 662 679
588 519 530 542 566 502 596 532 547 578 526 514 586 541 558 549 555 581 567 579 589 517 543 559 552 574 587 525 505 590 537 565 591 540 564 533 527 546 516 562 584 518 539 556 544 585 568 504 507 509 538 521 524 515 569 575 582 522 563 571 599 577 511 583 501 512 550 580 548 597 592 506 570 593 561 557 576 520 551 554 535 508 528 523 534 531 503 529 594 545 553 510 573 560 595 598 513 536
351 394 333 315 306 378 388 300 335 357 362 348 355 307 321 309 344 302 398 343 322 312 363 323 367 382 360 356 336 373 368 337 326 338 352 324 371 339 395 353 370 311 303 358 330 346 364 341 377 379 386 318 396 359 332 304 317 354 387 390 365 342 325 305 313 361 372 345 391 349 314 347 327 350 381 397 334 399 320 319 340 380 308 392 376 393 384 310 383 329 375 331 385 369 328 366 389
801
151
1
700
726
260
158
900
400
600
201
500
572
271
727
316
374
301
101