973
73 51 85 58 66 20 95 54 7 9 55 13 57 28 11 22 6 44 3 12 32 38 40 25 14 96 99 26 49 81 50 29 82 18 69 36 63 27 92 10 77 91 64 86 98 35 72 21 2 24 75 84 46 90 79 94 88 15 47 48 74 0 23 76 71 4 87
114
471 479 460 424 412 422 464 407 438 462 452 402 427 409 426 480 478 401 433 475 420 494 443 498 499 431 483 468 489 473 405 495 415 442 411 439 441 465 455 428 458 414 487 447 469 482 486 435 474 457 430 449 454 413 485 448 419 445 404 491 437 467 406 403 456 434 497 492 476 416 459 444 490 410 470 488 466 425
110
871 849 882 890 812 897 852 820 803 825 884 891 857 893 805 804 824 872 878 848 829 806 830 827 841 880 818 894 845 815 814 826 874 886 861 834 865 816 885 873 892 877 840 839 809 866 846 823 896 844 875 867 853 837 854 889 888 868 898 836 887 870 813 810 835 850 899 831 858 828 822 895 883 832 851 817
929 919 934 939 968 917 990 906 944 925 936 921 971 931 983 955 901 922 961 962 956 960 946 950 911 912 976 938 935 908 966 942 980 918 926 989 996 916 986 941 991 974 930 977 995 985 972 982 910 940 924 998 902 949 979 958 952 967 988 964 981 913 927 959 965 984 903 920
249 225 261 293 236 231 258 223 275 208 214 266 272 226 291 209 230 252 250 284 253 200 257 273 245 298 282 205 274 235 299 290 227 262 217 204 289 270 207 237 216 242 238 202 244 267 221 277 255 286 222 210 203 246 295 263 297 265 283 285 206 234 228 287 256 288 229 254 247 218 281 219 278 280
116 173 108 142 131 136 176 105 182 112 185 174 120 135 169 186 177 155 104 162 132 106 138 103 124 143 165 115 161 183 127 154 125 147 166 168 167 196 145 150 149 134 193 163 140 109 126 164 119 187 148 144 139 157 141 133 160 195
735 788 768 769 701 732 718 771 749 740 756 790 704 716 777 750 776 799 705 702 738 713 755 773 746 765 757 741 720 783 717 744 779 743 792 774 719 786 712 736 761 772 762 759 787 796 754 703 714 722 753 781 721 782 731 742 709 747 793 760 778 752 728 770 798 791 723 711 739 724 767 766 784 715
645 643 628 646 693 665 679 682 659 671 601 630 684 615 675 629 666 631 632 620 663 637 654 604 697 634 638 677 681 649 674 668 683 627 651 616 669 641 691 678 640 699 633 695 664 660 694 698 653 692 667 614 661 607 622 605 680 647 655 626 688 621 658 635 636 696 642 662 676 650 670 648
802
954
557 589 573 593 584 560 579 552 506 554 525 542 545 520 532 596 521 577 516 580 588 547 508 559 550 585 541 549 575 514 566 567 510 578 570 530 527 537 574 586 546 517 583 540 529 518 582 531 597 505 543 556 533 539 509 571 519 504 544 590 512 569 594 595 563 534 511 536 535 555 599 591
8
303 324 363 348 305 360 377 388 351 392 306 331 359 391 309 353 398 385 330 393 322 325 313 349 343 380 379 369 386 394 342 300 332 311 354 364 361 396 352 341 356 326 327 337 346 367 314 339 317 357 370 344 381 336 323 338 334 378 312 340 366 345 318 372 350 333 307 375 371 389 390
994
264
548
17
128
915
33
708
833
612
801
152
111
564
56
319
932
611
347
421
503
418
355
39
304
151
656
123
689
146
957
384
507
562
239
515
100
970
52
248
619
1
987
710
129
587
180
565
700
685
268
706
368
159
726
436
863
764
860
808
838
933
745
999
260
240
608
172
429
137
947
397
259
83
609
748
320
107
30
639
308
212
477
279
16
613
602
190
461
70
122
797
34
158
197
215
568
864
191
819
362
53
399
383
937
737
581
951
198
60
5
707
528
551
65
78
690
276
117
41
502
909
241
522
463
501
156
233
923
618
432
45
243
493
847
181
953
19
451
513
59
789
859
900
730
376
558
400
450
440
876
997
387
600
408
335
624
652
121
188
843
68
969
328
175
201
945
603
170
500
130
598
617
315
31
623
89
572
526
576
992
907
220
373
271
727
644
842
118
43
446
358
453
523
538
192
785
758
423
213
928
80
905
673
686
294
733
102
382
606
310
484
561
687
251
821
472
780
914
993
269
625
179
184
97
725
67
904
316
374
807
93
729
496
763
879
524
775
113
37
963
178
417
199
862
292
553
943
751
856
795
296
301
794
672
101
61
811
232
42
592
211
365
189
153
610
855
881
224
948
321
481
869
800
62
395
657
302
329
194
978
734
975
171