973
10 92 3 87 76 63 85 90 48 55 14 25 2 7 79 4 72 71 50 6 0 38 11 21 44 64 13 18 28 26 22 9 51 27 15 86 20 91 82 24 40 84 35 66 12 36 98 94 29 46 81 57 73 69 49 99 88 75 54 95 58 77 74 96 23 47 32
114
457 499 441 491 475 407 465 443 471 490 402 473 455 469 404 495 409 415 422 459 468 426 438 406 442 483 444 479 419 412 467 476 411 497 466 460 420 445 489 431 488 428 480 498 439 434 447 437 482 478 449 424 430 410 414 403 405 464 474 462 425 486 458 456 401 427 452 470 485 487 448 492 435 494 454 413 416 433
110
894 817 812 830 865 813 884 804 878 820 835 803 836 867 873 870 857 816 806 841 896 815 826 852 888 828 883 810 871 827 898 874 868 849 861 834 893 844 839 805 832 889 848 887 877 837 890 882 818 822 895 885 850 840 846 809 866 829 891 886 814 831 899 854 897 824 880 851 872 875 845 823 892 858 853 825
952 962 986 920 925 902 950 982 924 908 961 910 931 917 936 996 960 940 913 927 985 939 968 935 971 979 930 981 901 921 995 991 922 966 980 944 949 942 965 976 988 998 964 955 911 918 903 916 983 959 941 919 912 926 989 929 934 938 906 972 984 990 946 967 958 974 977 956
203 236 238 277 222 267 286 244 218 280 221 298 265 285 204 261 226 208 287 272 214 257 290 207 263 297 247 252 275 216 299 289 255 205 219 281 273 209 237 229 231 230 210 223 284 256 227 234 278 254 206 295 202 274 245 235 258 291 266 250 246 228 225 293 249 253 282 242 262 283 200 288 217
104 135 126 138 132 161 136 185 134 142 108 162 148 195 105 193 154 127 103 196 109 144 125 157 164 163 186 116 139 166 176 131 165 147 169 177 112 174 149 115 140 119 173 183 143 145 124 141 187 182 160 167 106 150 168 120 155 133
746 766 769 749 715 779 717 752 790 765 723 712 703 740 796 701 753 731 742 798 747 714 754 750 793 768 757 773 741 716 732 743 713 705 738 771 767 782 772 762 756 724 799 735 776 781 720 744 755 770 761 722 739 759 786 784 721 736 711 704 774 709 792 783 760 728 787 719 702 777 718 791 778 788
649 660 631 636 659 696 630 683 620 664 607 614 668 642 698 681 671 663 669 626 670 665 645 615 650 662 601 641 634 622 675 640 646 604 680 684 694 605 627 674 699 638 621 647 692 629 677 676 695 688 633 648 637 616 655 654 667 697 628 661 678 635 682 691 666 651 632 643 653 693 679 658
802
954
516 589 557 596 504 560 555 591 542 539 569 552 519 554 593 585 595 594 510 517 520 506 586 536 580 545 540 514 559 529 525 518 549 583 578 544 570 573 571 566 563 574 546 590 530 511 547 505 508 541 582 597 537 532 512 509 556 567 575 521 579 577 531 527 543 533 584 588 550 599 534 535
8
364 314 351 360 311 306 331 312 350 339 396 391 340 303 389 343 336 318 337 375 380 332 359 333 344 357 386 345 381 367 398 346 325 326 348 366 327 369 352 378 392 322 341 356 372 338 305 379 300 361 370 394 313 307 330 393 385 390 309 317 353 349 371 324 334 388 323 354 377 363 342
994
264
548
17
128
915
33
708
833
612
801
152
111
564
56
319
932
611
347
421
503
418
355
39
304
151
656
123
689
146
957
384
507
562
239
515
100
970
52
248
619
1
987
710
129
587
180
565
700
685
268
706
368
159
726
436
863
764
860
808
838
933
745
999
260
240
608
172
429
137
947
397
259
83
609
748
320
107
30
639
308
212
477
279
16
613
602
190
461
70
122
797
34
158
197
215
568
864
191
819
362
53
399
383
937
737
581
951
198
60
5
707
528
551
65
78
690
276
117
41
502
909
241
522
463
270
501
156
233
923
618
432
45
243
493
847
181
953
19
451
513
59
789
859
900
730
376
558
400
450
440
876
997
387
600
408
335
624
652
121
188
843
68
969
328
175
201
945
603
170
500
130
598
617
315
31
623
89
572
526
576
992
907
220
373
271
727
644
842
118
43
446
358
453
523
538
192
785
758
423
213
928
80
905
673
686
294
733
102
382
606
310
484
561
687
251
821
472
780
914
993
269
625
179
184
97
725
67
904
316
374
807
93
729
496
763
879
524
775
113
37
963
178
417
199
862
292
553
943
751
856
795
296
301
794
672
101
61
811
232
42
592
211
365
189
153
610
855
881
224
948
321
481
869
800
62
395
657
302
329
194
978
734
975
171