973
13 47 96 76 26 63 38 71 77 58 29 92 40 3 24 72 74 20 0 79 7 14 22 95 27 57 10 98 55 51 36 75 23 64 12 28 99 69 35 91 46 88 6 2 18 48 21 11 81 49 44 66 25 84 90 4 9 85 54 82 94 87 50 32 15 73 86
114
404 464 438 413 434 448 433 424 475 469 425 411 426 460 458 439 489 407 409 454 428 479 415 419 435 487 401 471 449 405 455 402 403 497 414 482 473 495 470 459 447 430 406 485 457 442 444 466 420 490 486 483 441 478 491 468 412 498 431 492 462 480 410 443 494 437 452 474 465 416 427 422 476 499 456 488 445 467
110
853 846 827 873 871 825 854 877 888 880 845 830 835 866 872 834 848 891 812 844 806 867 882 816 826 886 814 850 815 885 804 875 829 884 870 861 820 857 894 832 883 851 892 836 809 865 824 858 887 810 813 895 828 890 852 817 897 822 831 896 899 868 889 805 878 893 849 841 898 840 874 837 839 818 823 803
968 996 980 921 950 929 976 984 974 991 971 965 922 931 901 925 985 995 913 981 952 989 958 903 982 930 979 942 972 912 927 964 961 988 959 966 926 920 938 949 934 917 940 908 902 967 944 962 918 960 916 941 911 919 924 977 956 906 986 936 998 946 983 910 955 939 990
230 202 275 249 273 263 209 272 295 227 219 287 256 261 234 258 288 231 242 216 285 290 245 262 289 214 252 298 205 217 257 293 228 297 247 235 299 255 283 244 291 210 282 267 223 265 278 203 250 208 254 218 246 280 222 277 253 221 206 207 225 274 200 236 229 284 286 204 226 237 238 266 281
166 103 126 139 148 168 142 115 163 116 136 177 131 133 164 144 125 124 169 141 186 154 193 109 149 108 150 176 143 112 119 106 196 157 160 105 135 147 155 104 127 195 161 145 138 185 182 174 187 167 183 132 140 165 134 173 120 162
719 759 756 712 771 744 702 761 767 711 736 713 714 732 735 742 781 722 791 728 716 777 799 724 779 739 796 772 792 741 743 738 723 703 717 768 757 755 793 754 760 770 787 752 778 705 715 731 721 762 786 704 784 718 753 790 766 769 709 774 782 776 750 788 798 720 746 740 765 783 747 749 773 701
626 653 647 660 688 635 671 663 643 601 631 636 654 661 622 659 662 684 621 697 628 676 637 695 691 627 633 655 666 665 604 670 640 642 641 677 696 615 650 632 692 645 616 675 669 630 607 620 648 683 698 664 678 679 651 682 699 667 680 668 681 614 646 694 693 674 658 634 629 638 605 649
802
954
588 555 527 571 511 594 518 557 563 550 512 536 546 504 540 584 579 595 543 509 520 593 554 578 580 537 516 530 514 575 521 542 517 506 582 549 556 508 573 596 585 577 541 544 519 531 569 560 532 552 559 583 574 570 505 547 539 534 590 535 567 533 589 586 510 545 566 591 525 599 597 529
8
327 359 390 334 337 314 309 340 332 369 307 375 366 391 386 306 346 364 398 389 363 394 349 326 348 300 388 372 381 350 345 322 303 371 318 361 367 360 352 305 331 396 356 343 333 330 351 317 377 379 385 353 325 392 354 341 378 344 312 336 323 370 338 357 313 311 324 342 380 393 339
994
264
548
17
128
915
33
708
833
612
801
152
111
564
56
319
932
611
347
421
503
418
355
39
304
151
656
123
689
146
957
384
507
562
239
515
100
970
52
248
619
1
987
710
129
587
180
565
700
685
268
706
368
159
726
436
863
764
860
808
838
933
745
999
260
240
608
172
429
137
947
397
259
83
609
748
320
107
30
639
308
212
477
279
16
613
602
190
461
70
122
797
34
158
197
215
568
864
191
819
362
53
399
383
937
737
581
951
198
60
5
707
528
551
65
935
78
690
276
117
41
502
909
241
522
463
270
501
156
233
923
618
432
45
243
493
847
181
953
19
451
513
59
789
859
900
730
376
558
400
450
440
876
997
387
600
408
335
624
652
121
188
843
68
969
328
175
201
945
603
170
500
130
598
617
315
31
623
89
572
526
576
992
907
220
373
271
727
644
842
118
43
446
358
453
523
538
192
785
758
423
213
928
80
905
673
686
294
733
102
382
606
310
484
561
687
251
821
472
780
914
993
269
625
179
184
97
725
67
904
316
374
807
93
729
496
763
879
524
775
113
37
963
178
417
199
862
292
553
943
751
856
795
296
301
794
672
101
61
811
232
42
592
211
365
189
153
610
855
881
224
948
321
481
869
800
62
395
657
302
329
194
978
734
975
171