973
79 14 35 76 55 87 11 51 86 73 69 13 50 75 74 91 21 26 96 58 29 81 6 95 48 88 10 22 28 20 64 82 90 77 63 4 23 24 66 36 12 0 27 18 85 49 47 38 99 15 54 94 92 7 71 46 57 44 25 2 3 32 9 72 84 40 98
114
459 448 464 487 438 499 471 480 449 486 410 452 419 491 431 455 420 458 490 457 497 470 435 404 424 468 460 476 403 422 430 462 466 454 492 495 475 489 401 414 498 411 478 473 407 467 415 441 447 409 483 437 406 426 445 444 465 416 433 485 425 413 469 428 474 402 482 456 494 427 442 412 443 405 434 488 439 479
110
817 883 832 824 825 890 872 868 853 803 840 830 837 888 852 897 867 874 826 804 893 873 835 846 889 886 854 813 809 805 827 875 885 816 878 850 814 844 887 836 820 871 849 861 834 828 865 870 806 866 894 899 815 829 841 831 891 812 858 896 822 882 818 810 823 845 895 857 851 892 839 898 877 884 880 848
955 960 917 940 939 924 913 920 983 919 949 986 971 922 929 985 938 950 931 918 944 968 925 981 934 962 966 990 977 956 912 942 952 901 980 911 982 936 988 926 991 995 972 908 959 906 941 964 998 902 974 958 910 916 930 989 967 921 961 903 996 976 946 927 979 984 965
275 208 273 202 204 214 255 258 284 216 230 246 263 210 280 278 252 226 219 288 297 281 207 237 221 283 234 298 257 277 265 218 238 227 250 205 261 236 290 229 291 262 223 206 235 272 295 267 249 285 209 289 293 217 256 225 228 286 203 242 244 245 299 274 287 222 247 282 253 254 200 231 266
167 134 135 173 168 160 163 145 136 177 142 115 149 140 105 124 166 120 112 148 164 141 187 138 176 186 127 126 106 133 193 108 109 157 154 139 185 174 125 131 169 195 196 116 103 147 183 119 144 162 143 150 155 104 161 182 132 165
750 765 739 704 756 744 713 777 720 772 766 788 773 705 781 738 753 792 787 709 740 717 749 767 731 719 784 724 796 793 770 760 703 736 746 732 771 722 786 783 741 799 769 701 728 768 755 752 712 735 790 774 715 759 778 757 754 782 747 702 798 791 714 723 711 742 716 718 776 761 721 779 743 762
665 633 695 642 621 627 651 693 696 666 697 647 638 682 631 604 641 645 684 661 674 677 671 629 653 691 637 683 635 660 616 698 688 679 614 678 632 664 650 675 669 663 620 692 643 605 615 680 681 654 601 646 668 628 699 636 670 667 649 626 622 630 659 640 662 658 694 655 676 634 607
802
954
532 554 542 597 585 509 525 580 579 577 519 563 555 588 578 506 544 541 586 549 566 589 599 533 583 550 559 534 560 512 596 540 535 529 546 537 573 556 520 569 516 536 508 514 510 531 552 511 594 530 570 574 517 527 543 567 539 547 590 591 593 504 575 584 595 582 505 557 521 571 518 545
8
375 394 363 333 377 340 313 331 379 325 322 348 357 344 391 392 378 336 346 372 386 381 327 306 389 307 300 380 337 351 326 338 352 334 396 385 339 353 360 398 312 369 324 311 318 364 370 388 330 345 314 350 349 305 303 366 367 332 390 393 343 323 342 361 317 309 356 354 341 359 371
994
264
548
17
128
915
33
708
833
612
801
152
111
564
56
319
932
611
347
421
503
418
355
39
304
151
656
123
689
146
957
384
507
562
239
515
100
970
52
248
619
1
987
710
129
587
180
565
700
685
268
706
368
159
726
436
648
863
764
860
808
838
933
745
999
260
240
608
172
429
137
947
397
259
83
609
748
320
107
30
639
308
212
477
279
16
613
602
190
461
70
122
797
34
158
197
215
568
864
191
819
362
53
399
383
937
737
581
951
198
60
5
707
528
551
65
935
78
690
276
117
41
502
909
241
522
463
270
501
156
233
923
618
432
45
243
493
847
181
953
19
451
513
59
789
859
900
730
376
558
400
450
440
876
997
387
600
408
335
624
652
121
188
843
68
969
328
175
201
945
603
170
500
130
598
617
315
31
623
89
572
526
576
992
907
220
373
271
727
644
842
118
43
446
358
453
523
538
192
785
758
423
213
928
80
905
673
686
294
733
102
382
606
310
484
561
687
251
821
472
780
914
993
269
625
179
184
97
725
67
904
316
374
807
93
729
496
763
879
524
775
113
37
963
178
417
199
862
292
553
943
751
856
795
296
301
794
672
101
61
811
232
42
592
211
365
189
153
610
855
881
224
948
321
481
869
800
62
395
657
302
329
194
978
734
975
171