973
10 44 15 12 84 47 86 38 75 92 81 11 87 79 22 36 64 51 74 28 18 49 96 40 99 25 32 23 54 13 4 98 72 88 57 58 6 77 27 63 35 29 3 2 85 0 20 26 95 46 24 55 48 66 91 9 50 76 94 90 69 82 21 73 14 7 71
114
476 409 405 425 438 475 402 422 473 442 412 465 483 499 434 403 444 443 441 433 485 497 492 491 467 474 415 424 407 495 494 488 427 466 437 411 419 458 498 455 470 449 457 448 426 439 469 404 447 430 489 479 420 413 460 486 462 406 452 431 468 445 490 428 480 459 435 471 454 401 416 464 487 414 478 482 410 456
110
848 835 803 890 883 816 886 828 850 834 805 829 894 880 851 825 866 891 839 853 870 817 809 841 836 824 858 837 893 815 812 830 878 889 822 896 897 852 857 892 813 874 845 888 882 898 887 865 804 831 846 827 867 820 814 895 868 826 854 871 877 849 806 861 832 899 872 884 875 823 873 844 885 818 840 810
942 977 931 919 940 962 927 976 964 985 968 936 921 913 922 995 906 979 965 938 982 946 908 925 989 955 934 916 981 939 960 903 917 944 967 926 956 911 924 980 918 966 986 952 990 972 912 950 949 984 988 998 983 959 920 929 958 902 996 910 941 901 961 930 974 971
293 205 290 200 227 273 274 208 252 236 287 219 284 253 295 214 246 206 238 255 204 222 258 298 242 299 234 275 207 247 245 203 266 286 297 265 237 288 231 280 221 250 256 257 262 230 278 263 277 209 202 291 261 217 272 289 254 218 244 281 223 285 282 210 226 283 229 249 267 225 235 228 216
133 127 166 162 144 150 112 126 104 196 143 109 134 106 160 139 168 174 141 182 167 138 176 136 154 164 103 124 131 140 116 169 148 165 186 193 183 147 105 145 135 185 195 125 149 142 115 187 132 173 108 157 163 155 161 119 177 120
742 701 765 717 718 709 793 778 714 703 755 744 722 768 754 735 716 773 774 770 747 799 746 713 772 715 711 762 796 736 783 771 786 752 702 790 798 791 767 719 728 777 739 732 741 776 779 738 723 720 761 704 724 769 760 749 731 740 759 712 781 743 782 753 792 784 705 766 787 757 750 721 756 788
636 627 695 655 653 615 668 649 626 658 693 601 605 621 674 679 684 698 678 669 683 676 631 661 637 692 670 622 620 677 663 629 660 641 643 682 675 640 665 645 671 667 650 646 662 647 691 614 632 630 616 699 666 604 681 694 634 628 638 635 664 642 659 680 697 654 696 688 651 607 633
802
954
584 545 544 573 535 586 506 577 566 542 556 557 504 521 531 540 555 533 505 539 590 594 517 518 579 536 554 578 543 511 559 534 516 571 532 583 574 546 529 514 563 570 575 541 593 599 520 582 569 567 595 547 550 552 509 549 519 589 588 585 537 530 591 525 512 508 527 560 580 596 510 597
8
340 364 391 332 300 322 390 349 393 377 333 360 312 342 354 359 389 380 350 314 341 363 339 334 336 381 325 366 357 367 348 327 309 346 323 385 326 306 353 311 351 303 396 338 337 392 394 330 345 388 352 398 331 324 344 317 371 370 305 378 372 313 318 379 369 356 361 343 307 386 375
994
264
548
17
128
915
33
708
833
612
801
152
111
564
56
319
932
611
347
421
503
418
355
39
304
151
656
123
689
146
957
384
507
562
239
515
100
970
52
248
619
1
987
710
129
587
180
565
700
685
268
706
368
159
726
436
648
863
764
860
808
838
933
745
999
260
240
608
172
429
137
947
397
259
83
609
748
320
107
30
639
308
212
477
279
16
613
602
190
461
70
122
797
34
158
197
215
568
864
191
819
362
53
399
383
937
737
581
951
198
60
5
707
528
551
65
935
78
690
276
117
41
502
909
241
522
463
270
501
156
233
923
618
432
45
243
493
847
181
953
19
451
513
59
789
859
900
730
376
558
400
450
440
876
997
387
600
408
335
624
652
121
188
843
68
969
328
175
201
945
603
170
500
130
598
991
617
315
31
623
89
572
526
576
992
907
220
373
271
727
644
842
118
43
446
358
453
523
538
192
785
758
423
213
928
80
905
673
686
294
733
102
382
606
310
484
561
687
251
821
472
780
914
993
269
625
179
184
97
725
67
904
316
374
807
93
729
496
763
879
524
775
113
37
963
178
417
199
862
292
553
943
751
856
795
296
301
794
672
101
61
811
232
42
592
211
365
189
153
610
855
881
224
948
321
481
869
800
62
395
657
302
329
194
978
734
975
171