973
27 69 64 81 57 77 76 94 29 48 9 58 40 51 98 13 73 32 82 92 75 90 23 0 63 96 85 54 79 4 72 6 15 46 21 25 86 66 18 74 26 88 84 55 22 44 47 10 14 99 38 24 3 35 12 50 71 36 7 49 11 87 28 20 2 91 95
114
455 414 431 480 444 415 467 402 412 474 443 404 435 439 420 485 410 411 465 433 498 469 482 471 422 483 413 486 459 499 437 489 406 479 407 427 497 449 492 466 490 488 457 491 441 445 460 434 495 442 478 438 416 448 468 473 464 487 456 462 458 470 424 419 425 403 428 426 447 454 405 401 430 452 475 409 476 494
110
871 897 849 816 823 830 899 872 810 894 895 868 854 870 806 893 851 896 832 815 865 837 848 880 817 840 844 809 850 866 829 853 867 852 875 822 824 884 882 841 835 825 804 874 812 814 861 883 813 820 887 834 886 839 898 831 846 845 803 891 889 827 877 888 805 890 826 878 828 873 857 892 836 885 858 818
940 922 989 917 983 977 903 912 913 998 988 929 960 944 995 955 996 938 930 966 934 911 961 980 976 981 924 925 986 919 918 952 910 950 920 958 939 974 949 990 964 972 906 921 965 941 908 902 967 959 984 916 971 979 936 968 931 956 927 985 982 942 926 962 901 946
242 219 238 277 299 237 297 285 230 291 203 298 295 204 217 258 282 273 234 257 289 225 272 287 222 267 275 247 256 265 205 263 250 255 284 235 210 209 200 266 288 226 245 278 252 244 286 231 293 261 202 229 216 280 228 253 218 254 249 208 281 207 290 236 283 262 274 206 223 214 227 221 246
161 149 116 131 147 177 174 115 144 124 193 134 187 168 195 106 127 155 133 119 108 185 125 104 135 138 165 173 103 145 163 141 164 182 167 162 136 169 140 166 186 160 157 105 148 183 196 142 112 120 176 132 150 126 154 109 143
713 743 787 799 702 740 798 721 719 760 796 736 749 711 717 761 770 752 782 790 722 718 744 766 767 786 704 793 750 709 701 723 791 757 756 778 788 774 712 735 768 732 705 777 792 771 776 754 715 741 728 724 746 765 716 739 772 755 703 742 753 784 731 762 759 779 781 714 769 773 738 783 720 747
664 637 643 682 674 654 677 632 628 691 681 692 698 621 650 614 645 668 635 616 651 626 636 630 640 653 604 670 688 694 620 627 641 696 607 660 615 697 649 633 646 680 675 622 679 659 638 663 695 676 683 655 665 666 647 658 601 678 642 699 605 662 667 661 684 629 669 693 631 634 671
802
954
545 594 590 559 577 569 591 516 512 585 518 589 529 563 514 593 520 554 582 557 527 578 509 534 584 597 540 549 556 586 543 580 519 517 579 521 595 566 505 506 511 570 508 530 532 599 574 539 504 542 596 575 537 535 571 573 547 583 567 555 552 544 560 588 536 533 525 546 531 510 541 550
8
354 333 377 339 341 313 348 312 360 366 371 318 345 388 357 372 364 386 332 392 375 324 323 363 396 338 300 369 344 337 394 389 322 351 379 390 327 343 334 340 398 303 391 393 307 326 305 385 370 330 306 367 350 381 361 325 353 356 311 349 342 314 380 352 336 331 309 317 378 359 346
994
264
548
17
128
915
33
708
833
612
801
152
111
564
56
319
932
611
139
347
421
503
418
355
39
304
151
656
123
689
146
957
384
507
562
239
515
100
970
52
248
619
1
987
710
129
587
180
565
700
685
268
706
368
159
726
436
648
863
764
860
808
838
933
745
999
260
240
608
172
429
137
947
397
259
83
609
748
320
107
30
639
308
212
477
279
16
613
602
190
461
70
122
797
34
158
197
215
568
864
191
819
362
53
399
383
937
737
581
951
198
60
5
707
528
551
65
935
78
690
276
117
41
502
909
241
522
463
270
501
156
233
923
618
432
45
243
493
847
181
953
19
451
513
59
789
859
900
730
376
558
400
450
440
876
997
387
600
408
335
624
652
121
188
843
68
969
328
175
201
945
603
170
500
130
598
991
617
315
31
623
89
572
526
576
992
907
220
373
271
727
644
842
118
43
446
358
453
523
538
192
785
758
423
213
928
80
905
673
686
294
733
102
382
606
310
484
561
687
251
821
472
780
914
993
269
625
179
184
97
725
67
904
316
374
807
93
729
496
763
879
524
775
113
37
963
178
417
199
862
292
553
943
751
856
795
296
301
794
672
101
61
811
232
42
592
211
365
189
153
610
855
881
224
948
321
481
869
800
62
395
657
302
329
194
978
734
975
171