973
3 7 92 90 82 4 71 72 66 12 54 50 15 18 91 87 21 13 25 51 96 58 64 94 40 27 75 84 32 29 86 2 79 48 73 85 63 22 20 23 0 6 10 69 57 88 49 47 55 28 95 99 35 98 46 36 14 26 11 76 74 44 38 81 24 9 77
114
494 402 465 424 473 488 405 431 490 470 478 416 414 475 480 401 442 487 404 415 458 420 495 445 455 499 435 491 468 485 452 462 489 403 411 434 482 457 433 425 467 437 428 456 479 413 449 441 410 407 419 483 430 444 471 460 492 426 438 412 448 439 469 406 427 443 422 497 498 474 454 459 447 464 486 476 409 466
110
851 835 810 877 875 849 804 866 888 820 824 803 853 812 814 885 806 897 827 882 846 805 896 883 825 829 874 828 823 854 892 890 840 813 871 816 889 891 886 834 894 817 830 870 809 868 873 899 818 867 836 865 845 850 880 898 887 872 861 839 852 893 848 826 831 878 857 832 858 815 841 822 844 895 884 837
955 911 912 971 989 931 959 984 977 926 980 985 930 902 927 964 938 976 919 920 961 925 908 942 906 998 968 901 956 939 988 936 940 913 966 983 941 981 995 918 924 958 979 949 962 917 965 967 903 960 922 972 946 944 952 921 929 996 990 934 910 950 986 982 974 916
255 250 278 245 207 242 217 205 261 289 222 280 218 267 285 293 257 282 226 247 297 256 249 275 287 265 237 254 286 252 234 221 223 262 230 253 238 214 266 258 206 295 244 283 216 272 202 231 236 246 273 298 277 291 228 288 204 208 203 225 227 274 235 210 263 200 290 219 209 284 299 281 229
164 177 133 182 154 140 119 195 183 116 165 112 108 105 125 132 193 174 150 142 185 187 124 135 161 186 120 166 147 104 173 149 131 162 136 103 109 138 169 163 160 155 141 157 167 145 115 143 134 168 148 144 196 126 106 176 127
783 781 796 724 757 731 770 718 736 743 790 762 752 771 776 779 753 759 709 793 784 778 769 703 720 744 777 701 791 767 788 799 742 760 772 787 717 773 798 750 792 715 741 761 721 712 782 719 732 714 768 749 746 722 716 711 766 723 765 739 774 756 754 705 755 740 747 704 786 702 728 713 735 738
622 629 664 660 645 628 654 650 616 659 646 621 636 633 627 643 677 692 631 670 615 676 694 647 695 620 626 680 630 688 641 614 663 681 665 698 666 607 604 637 684 697 667 638 696 632 649 669 691 679 601 682 693 683 674 658 634 668 605 662 699 653 675 640 635 661 671 642 655 651 678
802
954
590 554 579 573 599 560 514 586 533 517 563 595 577 520 540 557 547 542 584 529 578 510 512 530 589 580 544 546 591 566 521 549 543 575 571 519 594 545 559 506 585 552 574 525 531 508 570 582 509 541 597 536 539 537 511 505 588 583 567 518 593 596 555 556 550 569 504 535 534 516 527 532
8
344 353 303 309 333 313 375 338 352 341 334 369 371 356 366 345 340 361 323 357 343 377 364 350 367 386 332 324 370 381 330 379 349 300 388 346 317 380 314 342 398 305 325 337 363 336 331 394 385 392 339 327 389 306 318 390 311 351 396 348 359 322 354 312 307 372 360 326 391 393
994
264
548
17
128
915
33
708
833
612
801
152
111
564
56
319
932
611
139
347
421
503
418
355
39
304
151
656
123
689
146
957
384
507
562
239
515
100
970
52
248
619
1
987
710
129
587
180
565
700
685
268
706
368
159
726
436
648
863
764
860
808
838
933
745
999
260
240
608
172
429
137
947
397
259
83
609
748
320
107
30
639
308
212
477
279
16
613
602
190
461
70
122
797
34
158
197
215
568
864
191
819
362
53
399
383
937
737
581
951
198
60
5
378
707
528
551
65
935
78
690
276
117
41
502
909
241
522
463
270
501
156
233
923
618
432
45
243
493
847
181
953
19
451
513
59
789
859
900
730
376
558
400
450
440
876
997
387
600
408
335
624
652
121
188
843
68
969
328
175
201
945
603
170
500
130
598
991
617
315
31
623
89
572
526
576
992
907
220
373
271
727
644
842
118
43
446
358
453
523
538
192
785
758
423
213
928
80
905
673
686
294
733
102
382
606
310
484
561
687
251
821
472
780
914
993
269
625
179
184
97
725
67
904
316
374
807
93
729
496
763
879
524
775
113
37
963
178
417
199
862
292
553
943
751
856
795
296
301
794
672
101
61
811
232
42
592
211
365
189
153
610
855
881
224
948
321
481
869
800
62
395
657
302
329
194
978
734
975
171