973
69 54 24 87 13 92 86 10 29 6 73 48 15 58 84 4 66 75 51 7 64 76 35 63 21 50 36 22 46 20 38 27 72 99 18 28 82 91 88 94 3 57 79 98 2 95 81 90 40 32 26 25 47 55 49 11 96 44 14 12 9 71 0 77 74 85 23
114
443 407 457 455 494 438 406 426 452 419 486 492 483 420 449 470 488 475 479 415 409 402 412 456 410 416 428 487 444 445 411 480 474 433 491 460 482 465 403 464 431 401 427 471 459 473 466 414 497 462 435 499 489 469 467 478 430 476 439 424 441 458 468 498 425 485 442 447 437 495 448 454 434 413 422 490 405 404
110
809 840 851 839 878 899 849 858 832 812 868 854 824 886 898 834 870 814 848 867 822 816 872 893 836 894 826 880 825 827 882 846 823 830 853 875 874 871 803 810 883 866 873 828 852 806 889 857 845 829 841 818 885 813 850 820 891 897 837 865 844 895 890 804 861 887 831 835 805 884 892 877 888 896 817 815
916 981 940 979 911 977 996 920 986 939 960 930 919 988 946 962 910 917 922 944 926 990 995 968 903 901 967 938 924 906 925 931 950 956 966 998 971 927 985 958 952 918 984 912 964 936 980 961 972 965 929 983 949 982 921 934 941 974 955 908 959 913 942 902 989 976
236 218 274 299 227 234 223 203 208 286 275 216 295 209 237 261 278 250 231 273 226 272 200 202 277 253 229 265 280 214 290 287 206 246 288 228 285 238 217 256 249 284 205 283 222 298 210 235 289 254 247 255 297 293 221 244 230 204 219 263 258 267 282 242 252 281 262 266 207 291 245 257 225
138 174 116 136 173 115 112 167 193 169 124 185 106 147 125 140 161 133 109 141 134 154 187 157 160 163 162 103 142 176 196 135 108 164 120 195 150 145 149 182 165 168 166 177 131 119 104 186 155 126 105 144 127 143 148 183 132
765 791 718 742 736 774 793 747 722 754 714 703 709 741 799 767 784 739 701 777 723 717 715 721 759 761 778 711 781 790 720 749 735 728 783 724 719 743 744 772 788 755 786 746 731 770 787 766 792 732 768 756 716 776 779 738 752 753 782 771 702 760 740 750 769 762 704 712 757 773 798 713 705 796
637 681 628 653 605 691 643 646 626 635 601 645 659 638 633 651 693 640 696 647 607 654 680 678 695 674 642 661 632 666 660 649 662 697 676 667 616 679 631 620 615 670 629 688 614 621 698 664 622 636 650 655 694 669 682 699 683 665 684 627 658 634 663 641 677 630 692 675 671 668 604
802
954
533 557 560 529 545 590 563 539 530 566 519 586 540 516 506 593 559 510 555 554 599 542 517 504 570 532 520 536 556 591 549 571 550 574 583 597 527 525 579 547 511 508 584 544 537 567 588 509 594 505 585 541 582 589 573 512 569 577 546 596 514 575 535 534 543 595 521 578 531 552 580 518
8
333 371 372 303 323 349 390 379 306 313 354 331 312 352 348 339 326 392 332 343 370 305 342 340 369 388 380 356 360 325 330 327 309 307 314 351 366 336 345 357 337 334 391 377 341 350 385 364 359 396 398 324 367 363 338 394 393 322 317 318 346 381 361 375 353 386 311 389 300
994
264
548
17
128
915
33
708
833
612
801
152
111
564
56
319
932
611
139
347
421
503
418
355
39
304
151
656
123
689
146
957
384
507
562
239
515
100
970
52
248
619
1
987
710
129
587
180
565
700
685
268
706
368
159
726
436
648
863
764
860
808
838
933
745
999
260
240
608
172
429
137
947
397
259
83
609
748
320
107
30
639
308
212
477
279
16
613
602
190
461
70
122
797
34
158
197
215
568
864
191
819
362
53
399
383
937
737
581
951
198
60
5
378
707
528
551
65
935
78
690
276
117
41
502
909
241
522
463
270
501
156
233
923
618
432
45
243
493
847
181
953
19
451
513
59
789
859
900
730
376
558
400
450
440
876
997
387
600
408
335
624
652
121
188
843
68
969
328
175
201
945
603
170
500
130
598
991
617
315
31
344
623
89
572
526
576
992
907
220
373
271
727
644
842
118
43
446
358
453
523
538
192
785
758
423
213
928
80
905
673
686
294
733
102
382
606
310
484
561
687
251
821
472
780
914
993
269
625
179
184
97
725
67
904
316
374
807
93
729
496
763
879
524
775
113
37
963
178
417
199
862
292
553
943
751
856
795
296
301
794
672
101
61
811
232
42
592
211
365
189
153
610
855
881
224
948
321
481
869
800
62
395
657
302
329
194
978
734
975
171