973
57 71 15 51 95 38 13 10 28 87 74 4 77 44 14 18 46 12 35 69 75 49 85 26 88 24 50 63 55 29 64 7 2 9 3 86 58 11 99 94 82 40 79 47 25 27 22 21 84 76 73 72 6 96 98 23 20 81 54 32 48 90 0 92 91 36 66
114
438 420 439 407 437 486 415 478 470 449 428 401 443 430 431 485 416 414 403 473 498 456 468 426 457 483 448 445 406 471 425 476 491 455 479 474 419 460 422 490 499 469 464 433 482 434 424 475 489 458 405 441 492 497 435 459 454 412 465 452 442 413 427 404 410 495 467 466 409 402 462 480 487 494 488 411 447 444
110
814 805 815 844 867 826 828 851 888 831 827 820 898 878 890 891 857 845 882 839 848 899 837 872 873 824 803 889 835 895 804 836 887 823 868 825 806 849 854 866 850 892 886 885 871 894 832 852 896 870 853 818 822 846 897 893 817 829 861 865 816 810 830 840 813 858 841 884 877 874 875 880 883 809 834
913 958 988 971 982 962 950 924 917 926 902 930 921 942 938 903 925 944 959 906 964 980 929 911 961 995 922 979 989 960 990 949 919 910 934 955 981 940 974 912 998 939 966 931 976 920 996 986 984 965 956 916 936 901 908 985 972 968 941 983 977 918 967 927 946 952
208 277 254 234 222 225 278 263 210 242 227 223 255 266 205 238 200 219 274 216 246 281 257 298 256 282 207 235 284 297 236 245 206 288 267 202 237 209 265 273 286 290 272 287 283 293 217 221 285 291 275 295 231 226 262 229 230 214 228 250 253 203 261 247 299 218 204 244 258 249 280 289 252
135 124 164 133 176 104 120 138 154 127 125 183 162 157 186 168 145 106 132 193 143 195 165 174 134 169 150 119 141 105 196 177 103 136 144 155 187 167 160 109 149 182 185 131 108 173 147 115 126 112 142 163 140 148 116 161 166
709 712 777 740 715 784 743 766 753 799 771 793 711 728 739 701 772 719 738 718 750 755 735 765 770 722 744 783 786 720 760 768 723 796 756 773 790 779 776 788 713 749 792 774 761 703 759 757 742 704 754 767 782 769 717 736 762 721 741 747 732 705 702 798 778 714 716 791 724 731 746 787 781 752
633 679 661 676 677 650 630 605 651 674 658 695 665 649 640 645 684 628 664 634 616 647 621 604 682 654 680 642 696 653 636 667 668 631 693 660 637 659 681 678 632 655 635 643 670 620 638 601 675 691 607 663 626 627 614 692 694 671 699 629 697 698 683 646 669 622 666 688 641 615 662
802
954
579 574 533 537 552 518 529 549 505 531 570 593 573 563 544 521 530 543 514 550 554 577 506 527 588 536 599 557 595 571 511 580 559 585 560 504 546 597 520 508 578 541 596 589 567 555 519 535 542 575 584 525 540 512 594 510 556 547 586 532 517 582 509 566 569 590 583 539 534 591 545 516
8
306 337 300 313 349 360 325 331 314 389 309 391 339 336 396 359 356 333 354 317 311 364 390 352 370 350 380 341 340 351 323 312 343 375 342 385 327 334 305 338 330 379 307 357 363 303 346 322 318 394 371 324 388 353 367 398 377 348 386 369 366 332 392 345 372 326 393 381 361
994
264
548
17
128
915
33
708
833
612
801
152
111
564
56
319
932
611
139
347
421
503
418
355
39
304
151
656
123
689
812
146
957
384
507
562
239
515
100
970
52
248
619
1
987
710
129
587
180
565
700
685
268
706
368
159
726
436
648
863
764
860
808
838
933
745
999
260
240
608
172
429
137
947
397
259
83
609
748
320
107
30
639
308
212
477
279
16
613
602
190
461
70
122
797
34
158
197
215
568
864
191
819
362
53
399
383
937
737
581
951
198
60
5
378
707
528
551
65
935
78
690
276
117
41
502
909
241
522
463
270
501
156
233
923
618
432
45
243
493
847
181
953
19
451
513
59
789
859
900
730
376
558
400
450
440
876
997
387
600
408
335
624
652
121
188
843
68
969
328
175
201
945
603
170
500
130
598
991
617
315
31
344
623
89
572
526
576
992
907
220
373
271
727
644
842
118
43
446
358
453
523
538
192
785
758
423
213
928
80
905
673
686
294
733
102
382
606
310
484
561
687
251
821
472
780
914
993
269
625
179
184
97
725
67
904
316
374
807
93
729
496
763
879
524
775
113
37
963
178
417
199
862
292
553
943
751
856
795
296
301
794
672
101
61
811
232
42
592
211
365
189
153
610
855
881
224
948
321
481
869
800
62
395
657
302
329
194
978
734
975
171