973
82 81 79 50 69 77 13 14 54 7 75 90 23 51 86 28 99 21 66 10 63 22 12 44 27 2 26 49 98 87 64 74 6 46 11 58 91 76 73 57 18 4 40 36 0 96 48 20 85 92 38 32 15 9 88 47 94 25 84 95 3 35 29 72 55 71 24
114
494 458 447 438 410 456 488 457 407 486 413 460 498 419 483 466 406 476 478 411 479 424 422 471 469 492 415 491 431 430 495 405 487 437 443 470 402 467 434 439 420 475 404 468 425 427 444 482 426 459 464 489 403 454 448 414 474 409 465 473 462 452 428 412 435 497 499 449 485 401 490 441 433 416 455 480 442 445
110
858 837 893 832 896 816 840 826 861 872 851 875 871 844 873 841 810 885 846 895 884 866 809 813 852 857 835 818 887 874 848 827 820 834 850 854 877 845 898 803 831 870 853 897 891 824 892 825 828 899 805 849 814 894 806 882 868 839 830 804 829 878 823 886 815 883 836 865 817 890 867 880 888 822 889
979 934 917 996 946 942 930 938 967 936 950 965 961 968 912 939 964 911 949 985 998 902 944 980 956 910 955 920 926 962 906 922 958 940 921 929 916 976 924 927 901 989 981 995 983 986 990 918 982 913 908 960 966 977 974 984 941 903 971 988 931 919 925 972 952 959
253 205 236 275 277 209 263 229 210 265 221 267 244 283 280 288 299 258 295 282 266 225 242 204 207 286 285 202 245 230 246 216 255 237 284 226 223 227 298 214 291 293 238 254 262 290 297 281 222 287 219 272 235 257 256 231 217 252 247 218 234 249 228 278 274 250 273 200 208 289 203 261
168 150 133 105 116 167 186 103 185 162 120 176 173 142 182 145 124 106 154 132 195 143 166 126 108 109 196 131 144 187 193 135 157 112 138 183 174 115 163 127 141 119 104 147 125 148 161 155 149 134 136 169 177 164 160 165 140
724 774 757 731 742 746 720 766 796 782 703 735 752 739 747 709 760 743 790 773 767 788 779 787 792 765 754 768 714 718 798 712 772 717 716 704 791 755 738 711 776 723 770 741 713 771 749 753 778 719 793 756 732 783 781 759 786 750 702 715 769 784 777 728 744 721 762 705 761 799 701 736 722 740
607 621 682 649 697 640 662 614 628 694 654 669 626 670 636 692 663 674 601 629 668 693 633 695 655 647 659 666 658 642 630 635 688 675 653 678 684 664 622 671 661 638 699 696 605 616 680 641 677 615 620 691 627 650 632 665 637 631 667 681 683 676 643 604 651 634 660 679 698 646 645
802
954
596 509 593 504 566 595 578 521 549 582 557 559 547 586 533 545 575 542 583 535 599 532 570 590 569 506 540 584 525 537 518 544 550 530 511 588 580 554 514 573 539 527 541 574 571 510 508 505 597 546 589 536 585 567 555 531 560 577 552 556 534 594 519 579 529 512 543 591 516 520 563 517
8
343 331 363 312 314 332 360 326 357 322 369 348 379 390 391 324 398 356 336 309 367 346 345 340 351 350 371 375 366 334 327 361 352 386 338 318 385 317 354 388 307 389 392 337 325 313 311 370 380 349 394 303 377 364 396 353 339 393 300 333 359 323 381 305 372 330 342 341 306
994
264
548
17
206
128
915
33
708
833
612
801
152
111
564
56
319
932
611
139
347
421
503
418
355
39
304
151
656
123
689
812
146
957
384
507
562
239
515
100
970
52
248
619
1
987
710
129
587
180
565
700
685
268
706
368
159
726
436
648
863
764
860
808
838
933
745
999
260
240
608
172
429
137
947
397
259
83
609
748
320
107
30
639
308
212
477
279
16
613
602
190
461
70
122
797
34
158
197
215
568
864
191
819
362
53
399
383
937
737
581
951
198
60
5
378
707
528
551
65
935
78
690
276
117
41
502
909
241
522
463
270
501
156
233
923
618
432
45
243
493
847
181
953
19
451
513
59
789
859
900
730
376
558
400
450
440
876
997
387
600
408
335
624
652
121
188
843
68
969
328
175
201
945
603
170
500
130
598
991
617
315
31
344
623
89
572
526
576
992
907
220
373
271
727
644
842
118
43
446
358
453
523
538
192
785
758
423
213
928
80
905
673
686
294
733
102
382
606
310
484
561
687
251
821
472
780
914
993
269
625
179
184
97
725
67
904
316
374
807
93
729
496
763
879
524
775
113
37
963
178
417
199
862
292
553
943
751
856
795
296
301
794
672
101
61
811
232
42
592
211
365
189
153
610
855
881
224
948
321
481
869
800
62
395
657
302
329
194
978
734
975
171