905 973 949 938 995 996 982 935 981 915 950 984 941 939 957 924 969 943 933 953 927 929 928 977 988 946 997 906 922 965 909 970 926 968 911 913 920 989 956 978 975 961 931 921 937 932 918 942 934 917 972 951 945 992 993 990 947 998 907 986 958 962 919 967 955 994 902 903 908 940 930 948 963 999 980 966 974 901 991 952 923 960 987 971 976 904 910 944 979 936 954 912 916 983 985 959 925 964 914
64 80 78 67 56 88 96 32 15 29 20 82 23 39 62 75 49 72 61 6 17 93 73 51 59 66 48 12 11 55 28 91 26 60 92 95 50 76 37 81 35 99 16 58 45 90 63 36 83 46 18 94 97 4 53 71 65 24 70 13 68 87 42 2 43 25 77 74 57 5 47 10 85 44 21 33 79 69 9 84 22 98 86 30 34 0 7 14 31 38 54 52 3 89 40 41 8 27 19
140 105 150 115 173 178 141 198 108 142 145 144 112 188 131 143 128 196 126 193 163 104 102 183 175 185 133 121 152 109 180 194 135 164 182 147 161 169 184 199 172 167 114 113 120 165 148 116 127 162 197 110 136 138 132 170 139 154 177 103 159 187 166 171 106 146 191 160 176 156 130 189 181 122 192 124 119 125 117 134 111 186 123 107 168 149 153 190 195 174 100 129 137 118 155 179 157
490 449 436 470 443 424 419 463 439 485 496 429 458 464 484 466 456 409 425 478 479 441 497 413 440 403 494 474 415 461 432 444 498 417 488 482 473 407 480 492 491 426 420 477 486 483 457 499 452 489 454 418 453 467 476 405 468 495 438 410 465 442 406 427 412 408 423 430 475 462 431 459 448 460 455 421 451 437 447 414 434 422 487 472 493 481 445 404 428 433 469 446 471 402 435 450 401 411 416
875 898 810 896 846 881 876 847 820 862 893 809 843 879 899 852 825 803 834 804 841 833 851 836 863 826 878 889 830 853 888 849 865 845 823 848 800 838 869 837 897 872 805 831 882 829 895 818 864 867 887 802 850 844 840 832 873 885 886 891 868 815 813 874 812 870 871 806 839 858 890 822 884 828 854 827 880 877 816 861 883 821 855 817 866 892 807 842 824 814 857 894 835 811 860 856 819 859 808
217 243 229 200 241 247 237 272 213 266 240 267 252 242 293 218 283 286 253 204 250 225 288 215 235 227 236 261 257 209 270 202 232 246 238 206 297 254 282 249 255 210 251 275 292 233 273 221 205 276 279 230 274 287 220 269 208 239 291 224 294 264 223 203 248 259 219 299 216 281 212 290 289 277 263 262 278 226 285 228 207 245 211 265 244 231 214 298 222 280 295 268 296 256 258 234 284
725 795 712 753 783 736 730 720 707 741 765 769 764 798 703 733 750 779 702 799 714 715 772 717 734 729 751 762 719 781 710 788 770 791 722 701 740 745 797 787 723 785 761 743 784 748 782 759 716 780 731 704 768 735 724 749 786 766 796 742 776 774 778 757 709 760 789 706 737 775 739 773 711 793 792 738 713 732 708 767 721 794 747 763 746 718 728 752 756 771 755 705 744 777 790 758 754
642 646 671 624 601 656 667 666 631 644 664 639 604 611 649 677 627 694 683 665 670 607 650 617 623 628 691 696 655 637 638 634 632 620 652 618 645 622 687 613 674 676 602 695 682 692 609 672 641 657 660 688 616 684 635 673 626 663 693 675 679 658 669 653 697 608 615 630 699 633 603 621 647 668 605 662 661 614 640 643 678 629 636 686 659 698 685 681 690 625 689 680 610 606 654 651 648 612
508 506 531 550 536 518 599 568 569 586 594 543 537 562 558 563 551 502 591 505 526 554 528 573 560 540 590 581 532 592 553 520 527 579 507 570 588 587 577 546 516 557 597 571 511 504 534 595 501 585 523 564 517 538 582 524 596 530 503 539 575 545 549 552 513 589 533 529 514 593 566 542 521 578 555 525 522 515 583 574 580 544 561 509 598 519 548 556 584 565 567 547 541 559 576 512 510 535
355 325 394 351 335 390 344 367 376 399 387 322 356 346 345 328 317 360 331 350 307 372 334 349 361 302 329 332 386 359 381 315 375 362 385 313 398 388 364 303 340 314 391 310 380 319 321 393 342 371 379 365 343 392 366 318 324 368 382 327 338 339 357 383 309 348 369 330 395 397 370 312 333 337 311 373 354 300 323 326 384 353 358 308 378 306 304 341 352 347 305 336 396 363 389 377 320
801
151
619
1
700
726
260
158
900
400
600
201
500
572
271
727
316
374
301
101