973
22 73 24 55 98 64 63 49 74 10 15 14 92 47 11 20 76 82 28 23 26 36 25 99 66 12 35 87 18 38 29 79 54 7 90 2 9 71 58 86 44 0 77 13 94 91 72 48 75 85 81 21 6 51 27 84 96 4 46 40 57 50 3 32 69 95 88
114
412 480 487 422 489 478 433 409 485 467 449 420 482 401 494 473 491 414 434 476 479 458 415 495 490 445 424 454 428 437 411 488 435 426 430 459 465 486 468 425 404 497 410 419 448 483 471 406 475 469 470 466 407 443 431 405 455 439 402 457 460 438 442 444 416 403 447 462 456 441 499 498 464 427 492 452 474 413
110
810 870 852 899 817 809 839 804 880 840 891 848 827 871 846 844 883 835 825 867 861 865 818 813 866 820 849 874 887 824 877 858 829 895 878 898 851 868 894 831 826 875 806 832 834 822 873 892 886 884 815 828 841 889 888 853 882 850 897 803 890 854 885 823 857 830 836 814 845 893 896 872 816 805 837
929 919 912 920 950 990 925 972 998 952 986 988 940 971 995 976 901 941 913 955 960 989 958 927 946 917 965 959 938 996 922 966 962 968 956 921 949 974 930 902 939 934 918 977 910 926 908 984 903 942 961 964 983 985 967 911 906 936 944 982 916 981 931 979 924 980
252 210 256 204 290 258 217 227 297 219 295 254 247 226 263 231 223 244 257 237 289 298 277 299 253 265 272 287 200 218 286 203 262 275 229 293 267 207 205 282 291 266 202 245 288 281 274 225 280 278 250 209 285 255 283 246 208 234 238 216 228 242 261 273 221 236 284 230 222 235 249
135 154 174 120 105 116 149 196 140 104 108 182 131 193 187 165 142 127 168 106 176 183 143 145 133 167 147 169 141 163 134 115 112 185 155 138 144 164 160 148 150 126 124 132 103 125 173 119 166 177 161 186 136 162 157 195 109
767 746 772 719 790 716 749 744 720 799 703 778 731 769 732 765 702 783 714 715 784 752 750 718 721 717 739 786 796 728 742 743 741 762 701 760 756 712 776 740 766 724 709 791 771 777 779 735 754 704 757 788 747 736 787 773 768 761 711 753 792 755 723 798 738 781 759 793 774 713 770 782 722 705
678 601 665 697 677 671 667 691 696 615 694 698 653 621 645 628 659 616 638 637 633 664 666 650 604 675 662 654 649 629 680 622 683 626 647 640 641 631 630 632 607 635 669 679 646 636 643 699 674 660 684 655 651 661 681 634 658 620 642 627 676 605 670 663 614 688 682 693 692 695 668
802
954
596 512 559 567 545 570 516 556 531 578 582 535 563 583 555 537 520 588 540 590 539 514 554 560 521 595 575 573 544 519 518 508 579 534 574 529 532 571 530 557 510 566 517 547 511 509 586 533 577 593 597 527 549 580 552 599 505 536 585 506 589 525 542 550 594 591 546 504 584 543 541 569
8
388 343 318 393 346 339 312 394 356 390 336 322 352 363 317 307 340 381 371 380 325 370 314 338 303 331 341 354 392 349 327 337 396 333 369 391 332 309 350 375 348 324 360 389 330 377 353 357 334 313 326 364 379 345 305 372 361 342 385 386 323 311 367 398 351 359 306 366 300
994
264
548
17
206
128
915
33
708
833
612
801
152
111
564
56
319
932
611
139
347
421
503
418
355
39
304
151
656
123
689
812
146
957
384
507
562
239
515
100
970
52
248
619
1
987
710
129
587
180
565
700
685
268
706
368
159
726
436
648
863
764
860
808
838
933
745
999
260
240
608
172
429
137
947
397
259
83
609
748
320
107
30
639
308
212
477
279
16
613
602
190
461
70
122
797
34
158
197
215
568
864
191
819
362
53
399
383
937
737
581
951
198
60
5
378
707
528
551
65
935
78
690
276
117
41
502
909
241
522
463
270
501
156
233
923
618
432
214
45
243
493
847
181
953
19
451
513
59
789
859
900
730
376
558
400
450
440
876
997
387
600
408
335
624
652
121
188
843
68
969
328
175
201
945
603
170
500
130
598
991
617
315
31
344
623
89
572
526
576
992
907
220
373
271
727
644
842
118
43
446
358
453
523
538
192
785
758
423
213
928
80
905
673
686
294
733
102
382
606
310
484
561
687
251
821
472
780
914
993
269
625
179
184
97
725
67
904
316
374
807
93
729
496
763
879
524
775
113
37
963
178
417
199
862
292
553
943
751
856
795
296
301
794
672
101
61
811
232
42
592
211
365
189
153
610
855
881
224
948
321
481
869
800
62
395
657
302
329
194
978
734
975
171