973
3 69 85 72 49 32 87 86 88 92 0 13 10 55 57 22 15 76 23 21 82 46 94 29 77 24 7 9 47 99 66 25 84 35 96 50 6 74 26 98 38 18 4 71 54 51 40 44 20 90 75 48 28 27 14 63 91 95 12 58 79 2 64 81 73 11 36
114
435 414 412 457 466 410 492 402 428 476 479 483 442 401 444 473 407 471 405 464 491 406 469 430 467 498 452 486 447 499 427 424 438 478 475 433 485 488 434 468 422 413 437 416 426 474 487 455 490 456 419 495 415 454 420 404 470 445 443 449 459 411 462 431 439 489 465 480 441 482 403 458 494 460 448 409 425 497
110
827 886 875 873 816 835 818 851 845 846 872 883 804 897 888 894 893 866 891 877 865 882 831 844 840 832 823 822 805 826 828 814 841 870 899 887 852 806 858 898 829 854 849 867 885 871 836 813 820 830 817 874 837 810 834 839 889 890 892 878 815 853 857 809 850 868 825 880 884 824 803 861 895 896 848
998 965 913 924 931 936 962 984 939 917 908 996 901 979 966 956 971 981 964 942 986 952 902 961 983 959 967 920 980 985 903 910 982 968 989 938 922 976 946 940 949 916 990 944 906 925 929 988 918 930 912 911 927 919 995 955 974 950 934 941 972 977 921 958 960 926
275 299 203 281 262 205 252 282 253 293 230 258 266 273 283 274 280 216 208 261 221 218 235 237 219 257 209 207 229 289 272 225 291 277 295 222 204 228 246 278 202 226 250 255 290 297 247 231 298 245 286 210 223 288 244 236 284 249 234 256 238 227 267 254 287 242 285 263 217 265 200
112 149 155 186 176 169 125 162 135 150 166 195 131 108 132 196 164 105 142 115 154 168 182 193 134 145 148 120 141 174 136 185 173 138 116 147 103 163 127 133 161 119 144 167 187 104 140 157 106 109 126 177 183 165 143 124 160
754 765 740 783 731 755 705 724 719 757 756 744 777 779 738 702 701 793 720 711 788 778 742 728 718 723 781 722 792 782 736 776 774 769 784 798 791 786 717 799 772 709 703 752 713 747 746 771 762 741 759 766 704 767 739 714 796 735 770 773 749 716 787 760 768 761 753 721 715 790 750 743 712 732
661 649 630 676 615 645 664 633 692 691 620 670 682 655 699 629 631 641 678 696 616 669 675 601 634 607 636 622 666 684 679 650 698 697 665 681 668 663 647 628 683 658 621 677 680 604 638 642 659 694 637 667 646 674 651 605 626 614 660 653 688 627 671 632 695 640 693 662 643 635
802
954
584 590 596 585 555 510 591 529 599 534 575 543 582 516 557 535 504 547 533 514 566 505 521 536 512 537 518 539 577 532 546 578 573 549 579 597 519 542 554 586 593 583 588 509 567 559 506 589 525 550 545 511 574 569 544 556 517 520 540 508 580 541 571 527 563 531 552 530 595 594 570 560
8
391 394 370 330 327 398 393 332 385 350 339 336 333 364 317 361 375 331 348 390 338 363 396 357 324 388 334 300 380 371 314 343 359 325 345 392 309 313 360 367 337 341 366 379 352 342 354 389 369 305 306 349 386 323 381 312 346 351 307 353 377 326 318 311 340 303 356 322 372
994
264
548
17
206
128
915
33
708
833
612
801
152
111
564
56
319
932
611
139
347
421
503
418
355
39
304
151
656
123
689
812
146
957
384
507
562
239
515
100
970
52
248
619
1
987
710
129
587
180
565
700
685
268
706
368
159
726
436
648
863
764
860
808
838
933
745
999
260
240
608
172
429
137
947
397
259
83
609
748
320
107
30
639
308
212
477
279
16
613
602
190
461
70
122
797
34
158
197
215
568
864
191
819
362
53
399
383
937
737
581
951
198
60
5
378
707
528
551
65
935
78
690
276
117
41
502
909
241
522
463
270
501
156
233
923
618
432
214
45
243
493
847
181
953
19
451
513
59
789
859
900
730
376
558
400
450
440
876
997
387
600
408
335
624
652
121
188
843
68
969
328
175
201
945
603
170
500
130
598
991
617
315
31
344
623
89
572
526
576
992
907
220
373
271
654
727
644
842
118
43
446
358
453
523
538
192
785
758
423
213
928
80
905
673
686
294
733
102
382
606
310
484
561
687
251
821
472
780
914
993
269
625
179
184
97
725
67
904
316
374
807
93
729
496
763
879
524
775
113
37
963
178
417
199
862
292
553
943
751
856
795
296
301
794
672
101
61
811
232
42
592
211
365
189
153
610
855
881
224
948
321
481
869
800
62
395
657
302
329
194
978
734
975
171