973
10 11 69 73 76 57 64 38 90 86 23 48 7 12 21 46 36 79 32 77 49 94 81 2 74 82 4 0 6 20 15 14 84 40 29 63 55 28 9 87 75 47 98 44 3 58 54 51 26 35 22 66 71 91 27 96 92 72 95 50 99 88 13 24 18 85 25
114
406 476 433 498 452 470 441 460 431 413 475 499 437 469 478 435 448 424 468 449 495 467 462 402 412 457 443 414 487 415 473 497 471 489 420 459 403 455 416 458 482 480 445 407 474 447 427 404 442 426 464 439 444 410 485 405 434 438 411 466 483 428 465 491 454 490 430 494 401 456 479 409 425 422 419 488 486 492
110
837 868 861 815 834 889 877 836 823 871 888 894 818 878 839 824 870 892 825 890 857 872 835 899 849 845 873 883 865 874 885 828 897 852 809 803 846 826 858 854 810 886 851 875 829 841 831 895 830 893 867 896 817 850 898 884 840 816 882 853 814 827 805 820 866 848 806 804 844 891 887 880 832 813 822
910 924 908 903 977 979 918 936 941 998 964 961 967 916 983 927 962 929 922 976 959 989 986 917 920 919 956 913 930 955 966 902 968 939 938 988 972 984 949 950 985 911 925 980 926 940 960 912 906 974 901 996 981 946 990 958 971 931 952 965 934 942 982 921 944 995
246 217 219 261 222 245 228 258 290 250 205 289 295 249 229 284 225 208 255 200 234 278 223 266 272 209 281 221 256 238 231 218 230 210 287 253 257 207 252 274 267 226 235 291 283 227 263 203 216 285 237 204 293 254 242 299 262 282 275 297 277 244 247 273 280 288 265 298 202 236
145 164 136 138 148 134 135 126 108 143 127 149 142 131 168 140 124 115 174 144 161 112 132 166 196 104 165 120 106 185 105 167 183 155 125 116 182 177 150 195 186 169 133 176 193 119 103 173 187 109 157 154 141 163 160 147 162
703 790 786 721 779 747 796 749 741 740 735 754 711 798 781 768 788 774 759 705 752 778 742 791 761 750 767 773 770 702 744 776 772 787 709 799 746 719 743 723 717 704 793 769 771 738 765 731 712 760 722 753 724 777 736 792 756 716 701 784 739 714 732 718 766 782 755 783 715 757 720 713 728 762
699 601 646 655 629 693 649 636 632 695 615 681 696 635 626 607 630 665 653 697 675 605 614 676 663 642 622 662 628 621 680 669 650 667 647 694 645 692 638 674 604 677 684 682 633 616 658 620 666 668 688 627 637 683 671 670 678 631 664 660 643 679 661 659 698 651 634 640 691 641
802
954
530 549 599 519 591 593 588 578 575 579 509 596 571 583 535 563 590 537 580 540 574 554 541 531 539 525 532 512 559 585 544 511 595 506 556 510 566 550 597 545 547 552 542 505 577 543 589 520 536 567 508 557 586 546 529 504 584 527 555 573 560 516 534 517 533 582 514 594 518 521 569 570
8
349 300 363 306 337 350 332 364 305 396 311 391 333 341 354 389 342 343 371 366 348 390 375 345 381 353 359 330 361 323 303 386 392 340 357 307 372 380 327 356 370 385 379 369 388 334 338 351 324 394 377 346 314 367 336 352 312 317 313 393 398 360 331 326 309 325 339 318 322
994
264
548
17
206
128
915
33
708
833
612
801
152
111
564
56
319
932
611
139
347
421
503
418
355
39
304
151
656
123
689
812
146
957
384
507
562
239
515
100
970
52
248
619
1
987
710
129
587
180
565
286
700
685
268
706
368
159
726
436
648
863
764
860
808
838
933
745
999
260
240
608
172
429
137
947
397
259
83
609
748
320
107
30
639
308
212
477
279
16
613
602
190
461
70
122
797
34
158
197
215
568
864
191
819
362
53
399
383
937
737
581
951
198
60
5
378
707
528
551
65
935
78
690
276
117
41
502
909
241
522
463
270
501
156
233
923
618
432
214
45
243
493
847
181
953
19
451
513
59
789
859
900
730
376
558
400
450
440
876
997
387
600
408
335
624
652
121
188
843
68
969
328
175
201
945
603
170
500
130
598
991
617
315
31
344
623
89
572
526
576
992
907
220
373
271
654
727
644
842
118
43
446
358
453
523
538
192
785
758
423
213
928
80
905
673
686
294
733
102
382
606
310
484
561
687
251
821
472
780
914
993
269
625
179
184
97
725
67
904
316
374
807
93
729
496
763
879
524
775
113
37
963
178
417
199
862
292
553
943
751
856
795
296
301
794
672
101
61
811
232
42
592
211
365
189
153
610
855
881
224
948
321
481
869
800
62
395
657
302
329
194
978
734
975
171