973
96 84 91 82 15 75 6 85 71 13 12 50 54 24 25 23 36 47 58 94 0 32 87 28 92 95 22 86 7 11 69 29 26 51 55 10 81 88 90 64 38 99 4 18 44 20 77 73 79 57 66 2 3 48 98 27 63 40 46 14 21 9 72 49 76 35 74
114
460 404 445 415 413 411 425 427 465 494 412 456 458 468 479 441 405 464 409 410 437 414 473 495 499 455 487 474 490 438 416 469 428 424 447 471 488 467 443 402 403 482 442 422 492 434 483 498 433 449 420 448 459 406 497 435 491 466 475 407 489 457 462 444 476 431 480 401 486 478 419 470 485 439 454 452 426 430
110
834 837 832 890 872 868 886 815 888 897 827 891 831 884 885 836 810 880 896 889 823 853 826 898 820 899 845 877 846 822 804 849 841 893 850 839 878 875 866 805 883 813 848 851 814 887 865 830 828 871 882 857 835 818 867 892 806 894 874 803 858 817 873 854 840 825 816 852 895 861 829 824 870 809 844
920 903 986 998 962 981 912 934 967 988 960 964 922 955 902 917 982 926 939 929 931 961 980 911 927 919 946 938 901 996 925 977 984 941 936 924 940 913 968 949 989 979 958 952 950 972 995 908 921 916 944 910 965 918 930 966 959 906 976 956 942 971 974 985 983
209 291 263 234 295 273 278 244 230 284 210 218 283 272 237 290 297 231 225 208 289 265 227 245 258 256 280 261 203 250 249 226 281 236 287 274 202 275 246 219 242 299 266 298 277 223 285 228 205 222 238 288 252 267 221 254 262 200 257 217 207 204 293 216 235 253 255 247 229 282
143 125 134 185 155 142 161 140 147 149 135 187 133 182 157 154 104 138 169 195 174 119 173 108 150 144 162 116 120 177 164 124 165 106 176 126 166 141 160 109 136 196 186 167 112 183 105 148 145 168 132 131 163 193 103 127 115
769 776 774 790 759 709 738 721 716 756 770 791 753 767 717 799 782 713 723 746 762 752 772 781 747 742 701 722 711 786 732 705 766 714 787 784 724 744 743 731 788 779 754 715 735 736 777 755 704 749 720 798 702 783 792 760 728 757 778 771 793 740 768 718 750 719 739 765 773 703 712 796 741 761
604 637 695 667 649 662 630 698 636 659 664 684 631 645 635 677 633 626 666 660 681 650 628 675 629 607 683 668 678 651 674 647 680 693 640 621 634 638 691 679 665 663 646 615 614 605 622 655 643 661 697 620 658 671 616 653 669 670 641 696 627 694 699 688 692 676 601 682 642 632
802
954
537 516 514 575 573 578 529 512 584 571 530 519 517 533 586 597 594 599 504 567 505 534 543 591 521 583 559 570 563 569 579 550 525 544 590 546 580 577 549 589 595 552 555 527 596 588 520 506 542 545 560 532 566 536 539 582 540 518 556 531 593 557 554 508 511 585 535 510 541 509 574 547
8
396 346 398 327 334 326 372 337 379 366 393 340 323 343 311 338 381 351 309 375 332 350 305 356 363 341 325 300 371 349 377 307 367 331 388 306 312 352 369 360 322 357 361 353 390 324 359 392 385 348 391 336 330 318 314 370 333 345 364 386 317 342 339 394 313 303 354 380 389
994
264
548
17
206
128
915
33
708
833
612
801
152
111
564
56
319
932
611
139
347
421
503
418
355
39
304
151
656
123
689
812
146
957
384
507
562
239
515
100
970
52
248
619
1
987
710
129
587
180
565
286
700
685
268
706
368
159
726
436
648
863
764
860
808
838
933
745
999
260
240
608
172
429
137
947
397
259
83
609
748
320
107
30
639
308
212
477
279
16
613
602
190
461
70
122
797
34
158
197
215
568
864
191
819
362
53
399
383
937
737
581
951
198
60
5
378
707
528
551
65
935
78
690
276
117
41
502
909
241
522
463
270
501
156
233
923
618
432
214
45
243
493
847
990
181
953
19
451
513
59
789
859
900
730
376
558
400
450
440
876
997
387
600
408
335
624
652
121
188
843
68
969
328
175
201
945
603
170
500
130
598
991
617
315
31
344
623
89
572
526
576
992
907
220
373
271
654
727
644
842
118
43
446
358
453
523
538
192
785
758
423
213
928
80
905
673
686
294
733
102
382
606
310
484
561
687
251
821
472
780
914
993
269
625
179
184
97
725
67
904
316
374
807
93
729
496
763
879
524
775
113
37
963
178
417
199
862
292
553
943
751
856
795
296
301
794
672
101
61
811
232
42
592
211
365
189
153
610
855
881
224
948
321
481
869
800
62
395
657
302
329
194
978
734
975
171