973
0 74 18 96 35 7 21 4 72 99 92 87 75 51 26 22 9 2 49 54 73 85 66 57 63 69 38 88 6 82 23 98 28 10 71 94 36 48 95 47 58 15 84 25 90 46 29 50 79 81 20 24 11 13 55 32 40 12 91 76 27 64 77 14 3 86
114
471 455 467 447 413 492 433 416 498 487 414 404 486 411 445 480 466 465 478 419 499 479 441 435 491 468 495 420 434 431 403 415 422 490 428 448 430 402 476 426 470 489 497 462 488 485 425 424 427 482 409 442 444 483 410 406 473 439 457 458 438 474 464 412 401 459 407 405 475 452 449 460 437 494 469 454 443 456
110
845 852 868 871 814 827 893 854 806 822 832 875 880 841 844 877 850 874 867 805 810 803 830 849 892 817 895 813 831 896 816 883 818 829 809 894 824 853 851 848 835 891 823 840 828 870 890 898 886 866 846 878 888 820 834 885 865 899 837 882 826 872 887 804 836 857 825 884 897 839 861 889 815 873 858
941 965 922 949 976 921 940 964 980 911 958 927 950 967 982 960 939 985 908 936 942 946 988 968 917 930 977 938 986 972 916 952 983 944 971 974 981 919 996 984 959 924 925 920 926 931 955 902 913 956 910 989 998 912 961 906 979 962 966 929 903 995 918 901 934
227 235 287 210 281 216 226 288 289 265 225 252 246 219 261 205 298 207 263 258 256 266 295 223 237 290 254 245 249 283 202 255 262 231 247 203 278 222 274 209 293 242 234 200 275 267 229 230 238 299 228 208 253 273 285 218 221 297 284 217 280 257 250 204 282 236 272 291 277 244
116 115 127 163 186 193 135 112 136 150 166 155 119 134 173 169 109 174 125 195 106 105 157 164 103 196 131 149 177 167 187 161 160 141 132 185 154 133 165 145 108 124 126 162 183 138 168 176 120 104 140 144 143 182 147 148 142
792 732 784 714 754 798 793 711 756 703 766 701 744 722 717 747 740 712 761 742 719 783 731 774 736 787 791 773 702 767 772 759 790 755 705 738 746 724 799 728 752 750 715 749 776 721 782 704 723 720 760 753 788 713 765 769 770 778 743 779 777 781 771 762 716 709 786 796 757 741 735 768 718 739
665 627 642 622 626 671 697 620 628 668 692 659 655 615 695 631 634 696 666 663 649 684 653 677 679 676 660 607 621 688 682 691 630 643 605 667 638 645 651 650 681 604 632 683 662 629 693 670 637 601 614 675 661 669 699 641 635 647 633 636 646 694 616 674 664 680 698 658 640 678
802
954
511 552 594 575 534 545 570 518 539 531 560 578 525 506 567 544 584 529 586 571 585 573 505 550 514 549 509 599 547 579 520 508 569 535 559 512 517 590 546 556 541 533 536 527 519 589 537 504 530 555 521 580 566 557 596 593 583 577 542 597 516 591 532 540 510 563 543 582 554 595 588 574
8
360 392 324 379 398 331 396 381 334 343 300 353 348 327 313 305 341 366 356 363 372 336 375 386 332 346 337 330 394 369 385 351 309 349 393 371 380 333 322 317 361 338 367 306 314 352 307 318 326 364 370 311 357 388 389 340 312 303 345 325 339 391 350 359 377 354 323 390 342
994
264
548
17
206
128
915
33
708
833
612
801
152
111
564
56
319
932
611
139
347
421
503
418
355
39
304
151
656
123
689
812
146
957
384
507
562
239
515
100
970
52
248
619
1
987
710
129
587
180
565
286
700
685
268
706
368
159
726
436
648
863
764
860
808
838
933
745
999
260
240
608
172
429
137
947
397
259
83
609
748
320
107
30
639
308
212
477
279
16
613
602
190
461
70
122
797
34
158
197
215
568
864
191
819
362
53
399
383
937
737
581
951
198
60
5
378
707
528
551
65
935
78
690
276
117
41
502
909
241
522
463
270
501
156
233
923
618
432
214
45
243
493
847
990
181
953
19
451
513
59
789
859
900
730
376
558
400
450
440
876
997
387
600
408
335
624
652
121
188
843
68
969
328
175
201
945
603
170
500
130
598
991
617
315
31
344
623
89
572
526
576
992
907
220
373
271
654
727
644
842
118
43
446
358
453
523
538
192
785
758
423
44
213
928
80
905
673
686
294
733
102
382
606
310
484
561
687
251
821
472
780
914
993
269
625
179
184
97
725
67
904
316
374
807
93
729
496
763
879
524
775
113
37
963
178
417
199
862
292
553
943
751
856
795
296
301
794
672
101
61
811
232
42
592
211
365
189
153
610
855
881
224
948
321
481
869
800
62
395
657
302
329
194
978
734
975
171