973
69 47 6 38 23 20 21 32 81 64 4 48 0 12 87 72 35 51 7 82 3 28 91 95 98 27 46 79 25 18 36 15 85 63 13 92 26 40 54 84 96 11 71 24 14 99 49 2 73 86 90 88 55 58 50 57 66 94 9 10 77 74 75 22 76 29
114
483 482 489 419 424 403 476 449 479 444 404 442 492 494 447 438 466 454 457 413 443 422 495 497 401 435 490 445 480 410 471 416 478 415 464 473 499 430 420 458 459 475 468 465 411 474 405 462 431 437 456 470 460 426 425 452 427 439 406 414 441 407 434 433 448 486 485 467 428 491 455 487 498 488 402 412 409 469
110
835 836 890 894 815 816 820 829 873 865 825 818 866 845 898 896 893 878 871 827 892 837 884 870 822 882 830 877 814 844 851 889 806 872 853 809 846 891 868 831 883 867 810 813 823 875 849 803 817 850 887 834 839 840 899 880 841 826 848 888 854 824 886 885 858 804 897 852 874 857 861 828 805 832 895
967 931 927 921 950 996 936 940 930 952 912 982 913 964 929 974 962 960 916 984 917 939 926 965 983 942 972 995 925 941 977 902 903 949 981 901 944 906 918 922 924 920 919 911 955 998 986 985 938 989 961 908 958 910 966 956 971 988 934 980 959 946 976 979 968
266 252 242 255 253 290 265 246 235 205 258 226 204 284 263 230 219 278 218 209 227 221 299 217 216 280 250 285 244 207 225 234 289 295 273 262 298 293 208 277 236 203 254 282 267 229 247 283 249 257 272 210 274 256 231 238 291 222 202 288 297 237 261 275 281 228 245 287 223 200
104 185 163 186 112 167 177 150 138 160 161 165 131 145 154 141 182 132 133 196 109 124 174 140 144 119 169 195 162 173 127 176 105 125 148 136 193 166 142 157 164 115 120 155 116 143 149 135 187 106 183 147 168 103 126 108 134
719 743 709 747 779 728 736 791 783 781 711 746 703 701 720 787 712 762 786 796 771 724 799 718 704 714 798 767 715 768 790 716 777 723 732 761 773 769 735 774 788 792 705 721 765 772 784 742 741 739 756 702 753 722 740 754 755 766 760 752 750 749 770 713 793 717 759 738 731 782 776 744 757 778
692 634 643 633 632 691 688 650 607 631 661 640 682 670 674 659 666 630 664 658 669 681 647 629 605 693 641 604 645 620 678 637 642 697 628 638 668 662 695 677 671 698 663 660 653 615 699 621 667 675 622 635 646 680 679 694 601 627 649 614 655 636 626 683 696 684 616 651 676 665
802
954
544 542 525 535 530 552 597 580 563 594 521 539 573 549 550 577 589 596 505 514 590 536 557 559 588 510 584 545 534 570 585 527 540 546 591 509 543 533 569 579 599 518 575 595 508 511 593 532 560 520 578 555 547 582 556 506 554 531 512 516 529 504 586 571 517 567 566 519 541 574 537
8
343 393 385 324 323 333 342 350 370 363 322 353 396 307 339 337 306 341 346 317 303 313 325 311 351 398 327 388 309 394 357 366 389 367 391 356 332 300 379 349 352 312 360 380 345 381 386 354 392 314 318 305 371 364 390 326 361 377 372 375 331 359 334 348 330 340 336 369 338
994
264
548
17
206
128
915
33
708
833
612
801
152
111
564
56
319
932
611
139
347
421
503
418
355
39
304
151
656
123
689
812
146
957
384
507
562
239
515
100
970
52
248
619
1
987
710
129
587
180
565
286
700
685
268
706
368
159
726
436
648
863
583
764
860
808
838
933
745
999
260
240
608
172
429
137
947
397
259
83
609
748
320
107
30
639
308
212
477
279
16
613
602
190
461
70
122
797
34
158
197
215
568
864
191
819
362
53
399
383
937
737
581
951
198
60
5
378
707
528
551
65
935
78
690
276
117
41
502
909
241
522
463
270
501
156
233
923
618
432
214
45
243
493
847
990
181
953
19
451
513
59
789
859
900
730
376
558
400
450
440
876
997
387
600
408
335
624
652
121
188
843
68
969
328
175
201
945
603
170
500
130
598
991
617
315
31
344
623
89
572
526
576
992
907
220
373
271
654
727
644
842
118
43
446
358
453
523
538
192
785
758
423
44
213
928
80
905
673
686
294
733
102
382
606
310
484
561
687
251
821
472
780
914
993
269
625
179
184
97
725
67
904
316
374
807
93
729
496
763
879
524
775
113
37
963
178
417
199
862
292
553
943
751
856
795
296
301
794
672
101
61
811
232
42
592
211
365
189
153
610
855
881
224
948
321
481
869
800
62
395
657
302
329
194
978
734
975
171