973
4 55 88 77 86 28 92 98 23 9 47 46 25 36 48 26 81 84 57 75 58 0 20 3 14 87 2 73 32 21 63 35 24 71 99 38 64 54 13 72 82 6 7 49 91 29 18 15 76 40 79 95 27 50 10 96 69 74 85 11 66 12 94 22 51 90
114
413 487 455 422 483 474 454 470 431 415 468 480 444 414 405 404 492 465 464 457 430 475 437 494 498 488 402 459 478 456 424 458 445 433 409 438 441 428 466 495 486 442 406 403 416 407 410 476 482 490 460 425 447 449 435 420 412 473 467 448 427 462 411 469 439 434 426 401 419 452 443 471 491 499 497 479 489 485
110
825 830 822 809 851 823 886 896 893 828 882 805 803 804 866 850 826 887 810 894 899 884 832 831 839 817 852 870 818 836 827 814 813 898 880 820 858 840 816 888 845 837 841 877 834 885 848 857 878 868 865 854 890 871 844 849 892 853 874 872 895 873 897 824 835 829 867 861 883 846 815 875 889 891 806
919 926 966 901 960 922 974 983 962 956 976 986 971 996 965 968 931 936 958 959 927 941 995 942 955 980 981 989 903 982 949 998 912 906 950 988 961 930 985 908 916 944 929 938 917 918 902 939 924 952 946 920 911 934 913 977 921 967 910 964 979 940 972 984
252 288 278 275 238 297 254 205 229 299 210 246 277 207 253 235 231 237 218 262 230 222 290 221 272 255 250 291 281 219 261 257 285 283 217 293 228 258 216 284 242 225 282 274 226 209 280 200 227 203 256 223 245 289 204 267 295 247 236 266 287 298 249 208 202 265 273 263 234 244
135 120 105 187 165 168 126 116 154 150 193 134 167 138 157 162 182 145 112 142 106 185 155 108 119 144 136 104 103 125 177 143 163 166 176 124 164 173 195 148 183 161 133 169 140 160 186 127 132 147 196 149 141 109 174 131 115
741 735 766 750 732 761 728 715 754 778 705 746 792 765 798 721 717 742 756 776 739 747 770 704 736 709 762 768 791 749 703 772 782 781 713 799 743 767 701 757 784 711 755 740 786 774 773 702 722 723 731 796 777 788 719 724 790 712 759 714 793 753 787 738 716 783 720 769 718 760 744 779 771 752
633 665 693 663 634 677 620 637 616 666 671 629 635 614 669 636 678 615 626 628 607 647 659 676 646 660 631 670 627 630 675 664 651 641 674 640 661 642 688 649 698 643 645 679 695 621 691 632 650 667 662 682 692 638 683 601 655 622 699 680 681 605 694 653 668 696 684 604 697 658
802
954
569 575 541 505 547 550 543 506 570 532 580 514 546 574 509 586 567 521 531 539 517 529 518 560 537 599 535 588 571 589 533 595 511 579 559 573 510 585 555 591 534 520 557 554 563 590 584 527 566 519 593 525 596 508 549 530 577 512 556 516 536 542 582 597 594 540 544 578 552 504 545
8
398 334 313 327 348 396 337 381 343 338 350 352 393 349 317 324 353 318 303 389 356 367 306 305 345 311 341 388 330 346 326 300 332 325 385 361 314 363 322 359 390 371 394 377 351 339 336 307 370 392 386 369 380 342 354 312 379 309 331 366 357 364 375 333 323 340 360 372 391
994
264
548
17
206
128
915
33
708
833
612
801
152
111
564
56
319
932
611
139
347
421
503
418
355
39
304
151
656
123
689
812
146
957
384
507
562
239
515
100
970
52
248
619
1
987
710
129
587
180
565
286
700
685
268
706
368
159
726
436
648
863
583
764
860
808
838
933
745
999
260
240
608
172
429
137
947
397
259
83
609
748
320
107
30
639
308
212
477
279
16
613
602
190
461
70
122
797
34
158
197
215
568
864
191
819
362
53
399
383
937
737
581
951
198
60
5
378
707
528
551
65
935
78
690
276
117
41
502
909
241
522
463
270
501
156
233
923
618
432
214
45
243
493
847
990
181
953
19
451
513
59
789
859
900
730
376
558
400
450
440
876
997
387
600
408
335
624
652
121
188
843
68
969
328
175
201
945
603
170
500
130
598
991
617
315
31
344
623
89
572
526
576
992
907
220
373
271
654
727
644
842
118
43
446
358
453
523
538
192
785
758
423
44
213
928
80
905
673
686
294
733
102
382
606
310
484
561
687
251
821
472
780
914
993
269
625
179
184
97
725
67
904
316
374
807
93
729
496
763
879
524
775
113
37
963
178
417
199
862
292
553
943
751
856
795
296
301
794
672
101
61
811
232
42
592
211
365
189
153
610
855
881
224
948
321
481
869
800
62
395
657
302
329
925
194
978
734
975
171