973
49 20 36 76 24 18 81 91 0 32 55 3 99 46 57 66 94 27 4 6 50 92 48 71 64 88 79 90 77 74 40 13 69 14 54 25 7 15 12 9 95 21 87 75 86 47 10 23 26 84 82 29 63 51 72 58 22 98 96 11 73 38 2 35 28 85
114
425 442 445 478 433 415 416 476 460 465 443 420 430 480 424 454 402 407 404 437 464 449 431 414 444 401 490 470 499 462 469 475 492 494 438 405 403 419 466 483 479 457 498 474 409 411 485 491 448 410 422 406 435 495 426 468 439 413 428 473 434 456 447 486 441 459 497 452 458 482 467 427 488 471 455 487 489 412
110
805 890 871 877 889 895 803 891 873 813 870 897 848 896 806 854 827 834 885 899 894 878 888 829 852 858 851 815 832 818 809 865 844 814 887 893 810 882 825 823 839 857 861 837 872 816 836 886 849 884 826 866 867 874 820 845 828 835 817 846 892 883 831 853 875 830 841 850 822 868 824 880 840 804 898
985 960 982 958 961 972 941 964 911 946 956 986 998 949 920 965 942 966 930 950 938 984 967 952 940 912 919 927 977 902 906 922 979 955 924 996 976 971 913 988 936 944 910 908 918 926 980 974 916 931 983 959 934 917 939 995 968 962 989 903 901 921 981 929
257 200 291 204 283 250 299 275 297 272 208 293 237 242 205 287 278 207 246 256 225 226 254 247 249 266 202 245 210 217 203 223 227 230 262 289 218 273 280 282 216 236 222 263 255 290 229 274 231 238 267 285 288 284 228 219 234 265 221 295 277 298 244 281 261 252 258 209 235 253
141 133 157 109 169 182 185 127 150 149 176 173 112 155 140 144 126 131 115 119 165 183 134 167 124 162 132 138 105 135 142 116 120 177 186 106 164 163 154 145 196 160 108 187 143 195 103 174 161 147 148 104 136 193 168 125 166
773 790 765 753 757 715 771 776 714 709 779 739 796 728 750 724 784 721 705 759 722 720 702 770 735 777 741 766 747 760 742 713 756 701 786 738 792 718 719 740 755 783 787 716 767 744 782 793 711 791 774 704 732 762 749 754 778 731 746 743 798 717 769 772 799 752 723 788 761 736 768 781 712
692 676 637 659 604 647 691 696 642 628 630 616 697 674 666 638 668 626 649 662 651 653 688 615 698 620 665 667 633 650 601 605 682 677 669 643 663 634 681 671 670 629 635 621 646 679 658 632 695 636 694 607 631 627 680 660 661 614 664 655 675 622 641 684 693 645 699 678 683 640
802
954
599 540 578 544 505 563 518 590 586 536 597 546 509 577 556 529 508 580 573 530 512 552 584 519 588 531 511 555 570 560 569 593 532 547 589 534 575 596 510 594 514 542 533 574 582 541 567 595 545 517 571 549 504 521 579 520 527 543 525 506 539 550 516 535 591 585 554 537 559 557 566
8
324 356 340 390 341 339 392 351 317 394 305 360 385 330 346 366 364 361 331 318 300 323 345 389 353 398 348 307 379 337 391 326 303 393 333 381 306 322 357 312 338 343 325 342 327 332 314 369 309 350 371 380 352 349 354 363 367 375 334 396 372 386 377 313 388 336 370 311 359
994
264
548
17
703
206
128
915
33
708
833
612
801
152
111
564
56
319
932
611
139
347
421
503
418
355
39
304
151
656
123
689
812
146
957
384
507
562
239
515
100
970
52
248
619
1
987
710
129
587
180
565
286
700
685
268
706
368
159
726
436
648
863
583
764
860
808
838
933
745
999
260
240
608
172
429
137
947
397
259
83
609
748
320
107
30
639
308
212
477
279
16
613
602
190
461
70
122
797
34
158
197
215
568
864
191
819
362
53
399
383
937
737
581
951
198
60
5
378
707
528
551
65
935
78
690
276
117
41
502
909
241
522
463
270
501
156
233
923
618
432
214
45
243
493
847
990
181
953
19
451
513
59
789
859
900
730
376
558
400
450
440
876
997
387
600
408
335
624
652
121
188
843
68
969
328
175
201
945
603
170
500
130
598
991
617
315
31
344
623
89
572
526
576
992
907
220
373
271
654
727
644
842
118
43
446
358
453
523
538
192
785
758
423
44
213
928
80
905
673
686
294
733
102
382
606
310
484
561
687
251
821
472
780
914
993
269
625
179
184
97
725
67
904
316
374
807
93
729
496
763
879
524
775
113
37
963
178
417
199
862
292
553
943
751
856
795
296
301
794
672
101
61
811
232
42
592
211
365
189
153
610
855
881
224
948
321
481
869
800
62
395
657
302
329
925
194
978
734
975
171