973
20 23 73 26 76 47 12 35 7 10 75 57 0 40 94 63 96 81 29 84 11 86 46 79 92 50 88 95 82 18 21 15 22 51 66 36 27 58 14 49 90 25 6 99 4 77 9 69 24 13 87 2 71 3 38 85 48 54 98 28 64 91 72 32 74 55
114
437 442 465 470 433 445 471 401 441 467 492 482 469 427 438 428 489 435 424 498 458 485 425 480 444 405 426 407 459 402 413 443 468 410 476 497 454 422 449 434 455 416 464 430 475 406 439 456 491 495 487 411 483 499 466 403 447 420 490 448 404 419 460 431 409 479 473 415 486 414 494 488 462 474 478 457 412 452
110
852 875 848 887 836 810 814 878 850 823 815 874 846 868 894 865 891 818 832 893 854 822 845 825 841 895 882 830 877 840 884 861 897 835 888 824 867 805 851 883 809 829 866 844 898 837 892 806 816 871 853 827 880 828 896 834 804 889 849 839 820 817 873 870 813 858 803 872 826 885 890 831 857 899 886
962 921 980 908 966 903 912 924 956 968 946 960 939 985 931 913 983 998 965 922 972 984 988 918 934 917 996 961 976 989 995 949 950 920 901 930 979 942 944 926 974 977 955 916 906 927 952 941 964 982 938 919 929 967 958 986 902 936 971 910 959 940 981 911
202 205 235 231 244 272 281 247 203 255 222 254 209 256 216 230 278 253 237 225 208 280 282 217 242 261 223 228 252 246 266 207 285 257 227 226 288 218 267 273 210 283 258 265 275 221 250 204 200 236 293 249 234 295 245 289 291 274 262 219 284 297 287 299 238 277 298 263 229
127 148 155 141 196 120 132 104 119 193 164 154 138 185 126 140 131 103 173 108 145 195 167 174 162 177 124 163 134 143 150 186 147 182 169 187 144 112 157 161 142 160 183 105 166 176 106 133 165 116 115 136 149 168 109 125 135
762 767 719 754 735 752 766 722 718 740 746 713 756 786 741 744 787 782 776 793 791 778 743 702 761 723 771 755 721 714 759 774 765 757 716 768 784 738 747 704 773 770 753 736 724 728 712 739 715 798 779 720 705 717 750 732 781 709 772 731 783 701 749 788 792 742 769 711 799 796 790 777 760
615 682 634 669 693 645 666 692 628 643 671 681 605 636 627 675 668 699 629 650 640 646 631 670 633 630 698 616 604 694 679 641 677 676 659 683 620 653 680 607 655 649 695 660 665 691 622 637 638 661 697 688 678 614 632 601 642 663 662 664 647 626 667 674 658 621 684 651 635 696
802
954
549 505 518 533 535 591 570 566 547 529 584 557 511 567 593 541 579 542 506 573 508 595 586 536 597 560 555 582 580 514 520 521 554 589 594 510 516 509 537 552 569 599 532 517 550 556 512 543 575 527 534 588 559 540 530 504 574 531 577 571 590 545 525 563 585 539 578 519 596 546 544
8
394 381 313 389 325 380 346 338 336 370 353 393 352 371 333 369 351 357 356 375 385 303 307 324 342 364 361 318 359 323 396 363 326 339 317 332 341 340 300 388 330 360 314 331 311 390 350 379 398 322 349 306 327 386 337 391 343 312 305 334 345 392 372 367 377 354 309 348 366
994
264
548
17
703
206
128
915
33
708
833
612
801
152
111
564
56
319
932
611
139
347
421
503
418
355
39
304
151
656
123
689
812
146
957
384
507
562
239
515
100
970
52
248
619
1
987
710
129
587
180
565
286
700
685
268
706
368
159
726
436
648
863
583
764
860
808
838
933
745
999
260
240
608
172
429
137
947
397
259
83
609
748
320
107
30
639
308
212
477
279
16
613
602
190
461
70
122
797
34
158
197
215
568
864
191
819
362
53
399
383
937
290
737
581
951
198
60
5
378
707
528
551
65
935
78
690
276
117
41
502
909
241
522
463
270
501
156
233
923
618
432
214
45
243
493
847
990
181
953
19
451
513
59
789
859
900
730
376
558
400
450
440
876
997
387
600
408
335
624
652
121
188
843
68
969
328
175
201
945
603
170
500
130
598
991
617
315
31
344
623
89
572
526
576
992
907
220
373
271
654
727
644
842
118
43
446
358
453
523
538
192
785
758
423
44
213
928
80
905
673
686
294
733
102
382
606
310
484
561
687
251
821
472
780
914
993
269
625
179
184
97
725
67
904
316
374
807
93
729
496
763
879
524
775
113
37
963
178
417
199
862
292
553
943
751
856
795
296
301
794
672
101
61
811
232
42
592
211
365
189
153
610
855
881
224
948
321
481
869
800
62
395
657
302
329
925
194
978
734
975
171