973
51 81 76 64 50 58 15 96 13 90 2 40 47 86 71 12 48 66 0 87 10 99 27 35 77 46 23 79 25 55 92 28 7 63 26 94 21 6 38 73 24 98 72 82 22 54 85 69 57 18 29 84 95 14 75 49 11 32 20 74 36 91 88 3 9 4
114
470 454 435 424 411 442 409 452 479 483 473 460 448 405 457 499 431 438 456 425 437 486 485 412 462 498 480 413 466 487 422 434 468 433 491 428 406 426 404 402 492 455 490 427 416 465 464 489 414 415 475 403 469 474 458 444 430 441 401 419 478 497 471 488 482 447 420 410 407 449 495 439 443 445 476 459 494 467
110
818 875 837 883 889 827 813 810 823 803 840 897 816 814 850 845 849 806 841 854 895 822 832 896 831 826 891 873 836 872 805 885 817 804 829 846 830 870 809 874 868 865 887 893 815 888 882 820 853 852 886 844 834 892 828 835 824 867 857 848 851 878 898 825 880 890 866 858 877 871 839 861 894 884 899
998 981 964 924 942 941 906 967 930 903 983 989 958 952 922 913 917 918 916 911 934 931 908 966 902 962 979 940 968 956 976 984 988 982 944 950 960 986 938 946 910 927 977 920 972 961 921 949 985 965 974 959 901 995 971 919 936 929 980 996 939 912 955 926
265 228 257 227 258 297 219 244 200 295 235 273 287 230 250 277 284 225 272 291 217 261 299 256 209 293 231 274 238 253 222 262 234 263 278 236 282 203 252 245 267 216 254 204 246 205 285 210 280 207 226 237 218 229 221 298 289 202 266 288 281 247 208 249 223 242 275 283 255
106 155 115 144 167 134 103 112 166 131 174 120 177 145 147 135 161 127 169 141 125 176 108 173 186 126 157 132 148 168 149 162 196 124 109 165 140 119 136 160 154 193 142 105 138 185 133 150 116 187 104 163 195 164 183 143
762 766 736 715 799 777 767 723 765 783 735 749 788 738 768 782 719 718 740 792 759 704 702 720 793 784 760 798 772 716 769 786 728 761 711 773 739 746 790 796 781 779 742 774 712 771 787 744 709 717 705 776 731 722 732 757 755 750 721 754 778 791 753 752 741 743 770 756 713 724 714 747 701
651 641 669 683 696 667 666 692 621 664 627 675 631 668 615 622 684 694 630 633 626 674 629 628 640 678 636 682 647 697 695 638 637 665 601 616 688 699 650 604 676 620 653 660 659 671 646 698 645 670 677 662 643 635 649 679 661 691 655 634 607 680 614 681 658 632 642 605 693 663
802
954
541 566 511 540 550 545 504 510 505 554 574 534 542 536 546 599 584 569 516 559 531 582 543 509 527 591 521 585 547 588 519 575 514 537 593 589 596 597 512 580 590 539 517 573 579 555 544 533 535 506 520 530 594 518 552 571 508 556 586 532 529 577 595 578 560 525 567 570 557 549 563
8
371 386 369 330 351 318 312 356 390 388 394 325 354 385 346 360 327 303 352 305 363 381 314 349 331 372 380 393 333 377 348 306 379 311 391 336 322 361 359 340 398 334 364 342 370 357 300 366 345 396 337 367 313 392 323 343 307 309 324 375 332 341 339 326 353 389 350 338 317
994
264
548
17
703
206
128
915
33
708
833
612
801
152
111
564
56
319
932
611
139
347
421
503
418
355
39
304
151
656
123
689
812
146
957
384
507
562
239
515
100
970
52
248
619
1
987
710
129
587
180
565
286
700
685
268
706
368
159
726
436
648
863
583
764
860
808
838
933
745
999
260
240
608
172
429
137
947
397
259
83
609
748
320
107
30
639
308
212
477
279
16
613
602
190
461
70
122
797
34
158
197
215
568
864
191
819
362
53
399
383
937
290
737
581
951
198
60
5
378
707
528
551
65
935
78
690
276
117
41
502
909
241
522
463
270
501
156
233
923
182
618
432
214
45
243
493
847
990
181
953
19
451
513
59
789
859
900
730
376
558
400
450
440
876
997
387
600
408
335
624
652
121
188
843
68
969
328
175
201
945
603
170
500
130
598
991
617
315
31
344
623
89
572
526
576
992
907
220
373
271
654
727
644
842
118
43
446
358
453
523
538
192
785
758
423
44
213
928
80
905
673
686
294
733
102
382
606
310
484
561
687
251
821
472
780
914
993
269
625
179
184
97
725
67
904
316
374
807
93
729
496
763
879
524
775
113
37
963
178
417
199
862
292
553
943
751
856
795
296
301
794
672
101
61
811
232
42
592
211
365
189
153
610
855
881
224
948
321
481
869
800
62
395
657
302
329
925
194
978
734
975
171