927 956 933 907 923 970 937 902 984 961 947 942 959 979 969 954 929 936 986 911 939 901 980 924 952 999 931 972 995 914 918 978 922 915 945 971 989 975 940 988 938 958 966 950 926 910 921 991 987 944 934 964 908 960 965 917 957 974 904 920 993 925 946 994 997 983 977 967 909 981 990 948 906 919 992 951 985 932 941 930 913 963 903 955 976 998 982 905 953 943 968 949 962 973 912 935 996 928 916
47 93 32 77 18 59 97 11 9 0 52 53 49 99 78 16 40 88 80 68 41 69 34 56 35 61 31 45 94 23 48 24 3 36 55 5 92 84 33 4 76 79 75 50 30 70 58 28 96 86 20 14 74 64 21 22 43 54 71 62 42 82 60 72 73 10 67 85 38 19 13 63 15 46 87 66 65 8 44 51 12 2 26 17 83 29 89 81 95 57 91 25 98 90 7 37 6 39 27
149 138 184 144 154 180 162 105 183 160 152 126 106 175 134 161 156 146 179 130 192 181 196 188 127 148 128 176 145 169 171 102 173 129 120 178 153 142 147 190 143 163 108 189 195 165 124 186 114 117 135 193 133 182 172 139 131 164 125 170 141 199 113 111 198 122 121 187 167 107 100 166 103 155 174 177 137 185 132 191 157 168 197 123 136 110 150 194 115 140 112 118 109 116 119 104
453 426 448 455 484 433 421 483 485 498 407 410 456 409 428 467 474 461 458 496 468 495 413 404 438 411 478 427 446 491 444 420 471 431 417 412 479 469 463 442 488 473 482 493 454 480 432 466 435 462 429 408 499 497 414 436 430 486 422 437 425 401 402 403 477 470 434 464 416 447 494 423 443 492 445 419 457 449 490 452 489 440 459 405 418 475 460 450 406 476 441 481 424 451 472 415 439 487 465
820 860 888 899 884 803 848 869 893 862 896 890 865 835 881 863 813 818 857 861 827 829 845 811 806 823 897 828 870 889 830 815 868 854 872 807 843 805 892 849 836 864 882 867 841 879 825 887 824 876 885 814 894 837 809 834 802 895 871 847 851 850 810 886 844 817 808 891 826 833 846 877 873 856 875 874 859 812 853 842 816 839 831 858 819 822 866 832 878 883 821 898 840 855 804 800 852 838 880
236 285 211 208 270 283 248 234 245 295 284 265 266 277 200 209 259 264 290 282 254 296 291 269 243 274 247 273 216 224 261 256 249 213 240 278 218 233 263 230 206 241 258 242 202 262 275 228 298 286 244 238 297 225 222 203 253 220 237 251 229 289 272 252 232 212 215 255 267 221 288 257 214 204 294 205 239 250 231 235 219 292 276 210 207 226 280 279 246 217 281 227 299 223 268 293 287
739 767 785 737 748 755 703 746 788 719 768 797 728 744 738 723 724 722 761 792 789 725 795 704 765 771 742 776 753 756 713 743 780 764 779 762 747 717 708 757 714 720 794 711 750 740 770 754 791 796 777 774 741 706 759 752 731 705 773 799 735 701 749 716 793 769 781 721 745 732 729 772 758 778 733 784 798 775 782 783 715 710 712 730 787 763 718 786 751 790 766 760 702 709 707 734 736
692 626 633 605 616 686 691 636 679 623 612 681 611 646 624 628 649 603 688 672 690 648 667 647 606 680 637 677 689 683 604 643 625 685 601 652 695 662 696 698 642 654 666 621 693 620 670 661 673 629 639 675 618 641 650 684 658 602 659 664 653 617 671 634 609 608 627 655 697 694 678 644 656 676 665 687 651 630 674 682 660 613 657 614 645 635 610 638 669 631 640 622 615 668 663 632 607 699
599 558 554 512 593 575 509 535 562 534 561 515 552 513 529 530 550 543 570 563 587 580 592 522 504 518 501 546 549 559 536 596 581 508 560 544 514 566 520 551 517 547 548 523 576 525 595 526 565 579 510 506 588 511 584 583 555 594 553 589 507 532 505 585 502 541 527 571 578 569 573 542 545 521 577 598 503 590 528 556 538 531 557 586 524 597 568 519 574 582 564 567 591 516 540 539 537 533
359 381 314 332 360 364 335 379 350 378 304 336 309 305 339 326 394 391 333 382 343 398 307 365 344 361 319 372 355 349 356 353 392 322 397 396 384 310 312 386 341 368 380 371 354 313 331 306 334 363 308 376 348 329 328 340 387 393 330 323 399 303 377 358 321 346 390 367 362 357 337 388 320 383 327 366 375 369 324 370 315 342 373 300 311 318 389 351 325 347 317 395 352 338 302 345 385
801
151
619
1
700
159
726
260
158
900
400
600
201
500
572
271
727
316
374
301
101