973
24 20 88 98 75 25 36 64 72 91 10 13 27 9 6 32 54 92 3 21 29 95 35 14 11 7 76 66 84 46 58 90 86 79 85 81 0 47 77 23 57 40 18 26 71 63 49 82 2 12 87 94 4 38 69 50 22 55 48 73 51 96 28 15 99 74
114
479 415 410 402 430 414 455 489 403 405 465 454 411 447 427 449 444 425 490 401 498 468 494 439 476 473 492 495 459 431 434 404 466 456 491 457 437 445 407 448 419 422 413 409 486 469 480 420 424 464 438 458 416 471 460 483 441 462 452 426 488 474 412 470 485 406 443 499 433 487 482 497 428 478 435 467 475 442
110
828 825 896 871 898 835 839 867 897 865 851 895 886 890 836 840 874 884 822 830 875 844 891 894 827 845 857 893 889 848 899 803 888 866 878 813 846 841 854 870 809 877 826 816 810 834 817 880 823 883 868 858 887 873 853 852 849 882 831 804 805 837 832 824 829 818 814 815 872 820 850 861 885 806 892
985 965 998 968 901 972 964 939 927 984 996 988 966 958 941 950 908 986 936 960 924 967 903 952 929 956 918 921 912 949 913 930 919 989 926 976 920 983 922 971 982 961 995 955 910 911 974 962 938 934 980 981 979 944 946 902 906 916 977 931 959 940 942
203 257 299 289 222 288 216 210 272 209 225 255 250 263 256 247 262 284 223 238 261 200 275 295 267 265 218 221 234 237 229 242 274 236 230 280 217 278 277 208 246 253 273 266 204 235 202 287 282 252 249 226 298 231 281 244 291 258 285 219 297 245 293 207 254 283 227 228 205
196 145 157 134 164 174 135 177 173 138 185 166 141 165 176 109 108 119 126 132 162 147 131 133 149 103 106 104 150 163 112 143 183 193 186 120 169 125 187 115 140 155 144 116 136 142 154 167 127 124 105 161 160 168 195 148
798 783 799 786 719 760 739 765 724 747 741 762 771 702 738 720 766 784 781 711 744 773 718 749 722 723 714 732 759 716 770 701 717 768 742 754 778 753 787 704 728 777 735 750 774 756 709 793 746 796 715 721 782 761 736 755 712 767 772 790 731 792 743 788 757 791 705 713 779 740 769 776 752
641 640 614 655 691 636 653 677 620 698 671 659 681 674 626 683 676 621 642 645 662 631 660 669 663 694 658 661 668 607 680 682 601 665 633 637 650 664 697 634 638 635 699 630 675 622 629 692 605 667 615 688 604 627 632 616 696 646 666 651 647 678 679 695 670 693 643 684 628 649
802
954
590 586 520 549 557 544 532 597 542 570 537 525 575 540 511 529 554 514 552 556 594 536 573 519 585 547 595 567 518 539 559 571 593 578 563 599 531 569 582 533 516 580 555 543 579 584 550 545 509 574 596 541 505 534 512 588 546 577 504 521 566 560 589 535 506 517 527 591 508 530 510
8
349 322 326 394 370 393 385 363 350 379 369 366 398 309 361 330 307 331 341 305 337 386 336 360 303 371 327 324 380 352 391 338 312 351 342 390 372 357 364 381 346 392 356 388 375 333 389 343 318 340 313 306 334 396 325 367 317 354 300 359 348 323 345 353 332 339 377 311 314
994
264
548
17
703
206
128
915
33
708
833
612
801
152
111
564
56
319
932
611
139
347
421
503
418
355
39
304
151
656
123
689
812
146
957
384
507
562
239
515
100
970
52
248
619
1
987
710
129
587
180
565
286
700
685
268
706
368
159
726
436
648
863
583
764
860
808
838
933
745
999
260
240
608
172
429
137
947
397
259
83
609
748
320
107
30
639
308
212
477
279
16
613
602
190
461
70
122
797
34
158
197
215
568
864
191
819
362
53
399
383
937
290
737
581
951
198
60
5
378
707
528
551
65
935
78
690
276
117
41
502
909
241
522
463
270
501
156
233
923
182
618
432
214
45
243
493
847
990
181
953
19
451
513
59
789
859
900
730
376
558
400
450
440
876
997
387
600
408
335
624
652
121
188
843
68
969
328
175
201
945
603
170
500
130
598
991
617
315
31
344
623
89
572
526
576
992
907
220
373
271
654
727
644
842
118
43
446
358
453
523
538
192
785
758
423
44
213
928
80
905
673
686
294
733
102
382
606
310
484
561
687
251
821
472
780
914
993
269
625
179
184
97
725
67
904
316
374
807
93
729
496
763
879
524
775
113
37
963
178
417
199
862
292
553
917
943
751
856
795
296
301
794
672
101
61
811
232
42
592
211
365
189
153
610
855
881
224
948
321
481
869
800
62
395
657
302
329
925
194
978
734
975
171