973
40 77 54 82 27 51 85 32 46 23 21 57 95 9 0 12 11 92 36 98 38 13 6 10 29 64 15 81 20 96 18 66 76 2 73 14 74 69 99 35 58 26 91 71 79 75 63 49 25 22 87 88 86 90 3 7 50 47 28 55 24 72 84 94 48 4
114
409 406 419 401 465 442 433 402 438 437 475 439 452 454 486 435 466 490 422 424 482 474 448 416 443 410 478 480 444 403 457 431 426 411 467 460 413 420 483 428 404 479 455 462 427 458 470 469 489 434 407 495 485 487 464 476 405 415 497 494 441 499 488 456 473 447 498 491 449 414 459 425 445 471 430 412 468 492
110
898 861 886 817 895 846 853 834 831 839 826 867 888 848 870 832 873 880 837 830 893 877 854 868 805 825 874 892 851 875 884 818 866 803 806 849 820 829 845 844 809 865 804 852 816 857 891 871 828 813 889 814 858 823 827 896 899 894 882 815 850 887 878 872 890 824 836 885 822 883 810 840 841 897
916 906 946 977 936 982 967 986 955 902 956 920 940 972 911 974 950 959 968 942 979 918 996 961 941 934 989 919 913 976 980 944 929 908 924 965 958 966 983 964 985 981 926 984 988 921 930 960 912 939 931 995 938 952 901 949 927 998 910 971 903 962 922
262 253 258 221 254 210 284 280 207 277 247 275 204 289 274 282 245 278 227 297 209 208 238 203 255 267 219 223 299 293 250 265 218 283 200 226 205 257 242 222 237 263 295 281 249 229 225 202 256 234 273 298 230 235 236 287 231 266 272 244 261 252 216 246 228 217 285 291 288
185 173 127 160 134 142 103 106 164 169 155 147 177 135 154 148 108 167 140 136 126 183 186 104 112 120 163 119 125 144 141 195 157 116 193 168 187 166 109 176 133 150 138 196 161 132 174 145 115 162 143 124 105 131 165 149
792 749 798 799 782 784 741 704 776 701 755 716 771 781 740 746 765 717 724 760 787 721 712 714 728 767 791 772 793 747 769 766 722 719 718 762 736 756 744 790 779 753 796 757 731 770 715 761 709 786 750 783 743 702 713 768 742 739 752 720 759 777 778 738 705 711 788 774 732 754 773 735 723
692 630 650 678 666 664 649 668 682 605 675 629 621 615 665 642 699 634 628 616 660 620 643 622 662 667 633 655 661 695 677 638 614 698 694 651 659 636 631 693 653 688 679 635 627 626 641 671 645 684 658 607 674 669 646 697 640 676 691 647 681 601 680 683 670 637 632 663 604 696
802
954
554 578 570 555 574 556 512 505 539 569 544 597 525 546 511 517 571 579 593 588 532 534 589 559 545 552 595 521 530 529 580 596 547 536 567 506 549 582 542 557 591 516 543 537 585 514 519 566 563 504 541 531 577 590 509 573 560 584 550 599 510 520 586 533 527 594 540 575 518 535 508
8
327 386 309 379 343 341 306 385 339 371 300 333 364 303 323 389 345 332 337 330 307 392 366 311 393 349 363 369 391 324 359 334 394 317 380 350 314 361 377 375 305 381 351 322 313 318 360 398 352 388 338 336 357 353 356 325 348 340 396 354 346 367 331 372 370 342 312 390 326
994
264
548
17
703
206
128
915
33
708
833
612
801
152
111
564
56
319
932
611
139
347
421
503
418
355
39
304
151
656
123
689
812
146
957
384
507
562
239
515
100
970
52
248
619
1
987
710
129
587
180
565
286
700
685
268
706
368
159
726
436
648
863
583
764
860
808
838
933
745
999
260
240
608
172
429
137
947
397
259
83
609
748
320
107
30
639
308
212
477
279
16
613
602
190
461
70
122
797
34
158
197
215
568
864
191
819
362
53
399
383
937
290
737
581
951
198
60
5
378
707
528
551
65
935
78
690
276
117
41
502
909
241
522
463
270
501
156
233
923
182
618
432
214
45
243
493
847
990
181
953
19
451
513
59
789
859
900
730
376
558
400
450
440
876
997
387
600
408
335
624
652
121
188
843
68
969
328
175
201
945
603
170
500
130
598
991
617
315
31
344
623
89
572
526
576
992
907
220
373
271
654
727
644
842
118
43
446
358
453
523
538
192
785
758
423
44
213
928
80
905
673
686
294
733
102
382
606
310
484
561
687
251
821
472
780
914
993
269
625
179
184
97
725
67
904
316
374
807
93
729
496
763
879
524
775
113
37
963
178
417
199
862
292
553
917
943
751
856
795
296
301
794
672
101
61
811
232
42
835
592
211
365
189
153
610
855
881
224
948
321
481
869
800
62
395
657
302
329
925
194
978
734
975
171