973
92 0 12 26 22 3 71 81 79 57 29 87 18 95 14 94 75 76 35 86 40 54 7 25 66 4 49 6 24 77 46 2 91 85 11 27 38 20 48 98 28 23 13 21 96 74 88 50 69 72 47 58 63 15 10 51 84 55 73 36 32 99 82 64 9 90
114
414 464 488 443 457 442 444 494 435 476 402 447 468 426 413 478 458 422 401 404 409 433 473 495 460 483 406 487 480 467 438 479 420 411 492 439 434 470 485 489 459 452 482 455 490 431 486 424 445 416 415 437 491 419 456 471 412 474 425 428 427 465 475 498 403 407 454 469 441 448 410 430 497 462 449 499 466 405
110
834 853 848 878 815 877 858 873 887 894 823 891 825 830 880 899 813 832 888 896 849 840 836 861 824 839 809 898 886 810 827 892 884 882 841 831 893 846 822 805 875 868 872 883 867 804 865 890 816 857 852 850 874 829 885 814 806 871 897 870 828 866 820 803 818 851 817 837 854 844 889 845 826 895
940 998 916 911 984 976 941 959 986 908 920 966 931 983 936 949 927 939 958 918 996 912 919 965 910 968 946 922 967 981 960 972 903 944 974 955 952 980 901 988 989 929 921 956 938 964 924 961 902 979 950 942 913 982 926 995 977 930 985 934 906 971 962
218 299 278 229 228 297 258 234 283 288 221 202 209 238 272 252 289 242 263 256 298 231 223 267 247 237 205 285 295 281 284 244 293 204 207 249 208 262 254 210 203 273 230 217 236 253 275 200 216 235 219 291 225 282 266 245 274 222 265 246 255 250 226 227 280 287 277 261 257
134 162 155 136 125 115 120 143 173 165 147 154 177 185 168 144 187 106 148 176 103 109 183 141 132 131 166 119 142 193 150 127 112 135 116 145 105 160 104 138 167 163 140 174 164 196 124 157 161 149 169 195 108 126 133
793 739 767 740 742 753 760 704 791 756 778 743 709 769 712 761 701 728 773 752 724 790 754 736 783 723 744 741 792 705 702 716 779 713 717 776 721 720 788 774 711 772 766 719 768 755 781 786 732 784 799 770 796 750 735 738 715 749 782 714 787 759 765 718 777 747 762 731 771 798 757 722 746
662 626 663 640 653 605 615 660 694 678 637 601 629 667 661 635 604 636 655 682 695 634 631 646 633 693 641 677 607 650 669 674 666 698 614 688 621 671 658 697 664 630 681 620 627 680 684 679 676 675 645 692 668 683 616 628 638 691 622 647 651 665 643 649 670 659 696 632 699 642
802
954
586 566 556 504 508 539 512 532 577 534 545 595 582 529 580 505 573 547 588 536 517 579 593 575 525 560 544 589 516 563 590 506 554 531 549 578 585 596 546 542 571 559 540 520 537 599 519 594 584 567 552 570 591 574 555 527 543 511 535 509 521 510 533 569 541 518 597 530 557 550 514
8
375 346 369 389 343 340 327 311 352 336 326 313 305 309 367 354 312 386 370 349 351 307 394 306 360 325 396 379 334 300 371 317 390 380 353 388 372 342 318 393 391 377 314 322 356 330 341 364 361 381 338 332 385 339 357 331 324 350 398 392 303 345 323 348 333 359 366 337 363
994
264
548
17
703
206
128
915
33
708
833
612
801
152
111
564
56
319
932
611
139
347
421
503
418
355
39
304
151
656
123
689
812
146
957
384
507
562
239
515
100
970
52
248
619
1
987
710
129
587
180
565
286
700
685
268
706
368
159
726
436
648
863
583
764
860
808
838
933
745
999
260
240
608
172
429
137
947
397
259
83
609
748
320
107
30
639
308
212
477
279
16
613
602
190
461
70
122
797
34
158
197
215
568
864
191
819
362
53
399
383
186
937
290
737
581
951
198
60
5
378
707
528
551
65
935
78
690
276
117
41
502
909
241
522
463
270
501
156
233
923
182
618
432
214
45
243
493
847
990
181
953
19
451
513
59
789
859
900
730
376
558
400
450
440
876
997
387
600
408
335
624
652
121
188
843
68
969
328
175
201
945
603
170
500
130
598
991
617
315
31
344
623
89
572
526
576
992
907
220
373
271
654
727
644
842
118
43
446
358
453
523
538
192
785
758
423
44
213
928
80
905
673
686
294
733
102
382
606
310
484
561
687
251
821
472
780
914
993
269
625
179
184
97
725
67
904
316
374
807
93
729
496
763
879
524
775
113
37
963
178
417
199
862
292
553
917
943
751
856
795
296
301
794
672
101
61
811
232
42
835
592
211
365
189
153
610
855
881
224
948
321
481
869
800
62
395
657
302
329
925
194
978
734
975
171