973
25 99 47 91 24 7 14 82 29 48 57 26 72 51 86 58 69 81 27 73 71 84 13 11 21 18 49 66 6 50 55 32 35 3 0 20 94 98 2 28 79 77 63 90 95 46 38 40 85 36 54 15 22 87 75 88 9 10 96 74 4 92 76 23 64 12
114
442 462 495 489 438 467 427 439 470 460 404 406 419 459 412 409 428 410 482 487 468 454 420 478 473 405 403 457 443 411 441 447 402 479 433 490 469 416 434 471 499 480 449 424 474 425 494 435 466 452 422 488 465 476 407 448 492 413 445 497 430 444 483 401 431 414 456 426 486 455 485 464 498 475 437 458 491 415
110
832 823 820 889 836 886 817 844 826 831 852 891 871 892 809 805 846 804 848 874 875 829 883 857 866 888 851 827 814 882 872 873 870 806 894 877 815 850 895 896 861 810 828 825 884 897 841 816 837 880 858 867 824 830 834 839 845 849 899 868 885 803 878 890 840 898 818 853 893 865 822 887 854 813
984 942 931 946 996 934 938 912 941 983 986 921 924 972 967 926 940 961 950 918 956 982 919 949 913 920 906 929 985 927 980 974 908 960 902 971 968 903 958 962 901 959 911 922 979 998 939 916 955 952 976 964 995 965 989 944 988 930 966 981 936 910
242 299 238 280 200 266 253 295 205 275 236 272 222 221 235 255 234 244 283 274 262 207 225 226 278 202 293 216 254 265 277 204 289 203 288 291 246 237 281 208 287 223 218 228 227 261 245 273 298 297 267 249 256 210 250 217 257 252 258 285 219 230 209 229 282 284 231 263 247
166 167 125 138 150 187 115 161 145 174 135 148 109 126 144 119 143 141 104 195 103 108 183 132 177 164 163 140 154 134 133 127 176 196 155 136 157 120 106 124 149 165 160 173 162 193 116 147 168 131 169 142 185 105 112
773 704 779 784 705 767 702 717 774 724 771 714 776 762 718 743 720 722 712 765 766 770 778 732 753 759 787 791 723 742 715 711 701 768 752 761 744 746 736 782 786 760 792 731 740 709 713 798 738 741 721 757 796 756 754 788 790 739 747 719 777 750 716 772 799 783 728 769 755 735 793 781 749
683 699 646 641 642 651 678 671 653 695 640 664 669 626 697 643 650 661 627 692 693 663 691 676 677 620 632 666 696 667 637 668 647 607 638 670 660 698 681 631 684 628 694 614 649 662 629 622 605 616 658 645 682 621 665 601 659 688 630 615 679 635 680 636 634 633 604 674 655 675
802
954
529 534 570 582 559 544 571 517 527 567 575 519 563 552 543 520 521 556 530 533 506 541 532 557 550 597 504 536 591 512 535 595 542 555 545 518 578 590 585 569 505 547 596 599 537 566 574 539 588 577 514 516 508 593 584 589 510 580 525 560 540 531 554 511 579 573 509 586 549 594 546
8
360 334 306 303 342 398 314 312 390 380 375 309 391 361 345 392 353 331 300 389 333 332 305 318 313 388 354 338 394 366 337 379 339 322 359 386 341 317 325 351 367 350 363 330 356 343 323 307 311 327 349 396 372 371 370 381 348 346 326 352 369 377 385 357 340 364 336 393 324
994
264
548
17
703
206
128
915
33
708
833
612
801
152
111
564
56
319
932
611
139
347
421
503
418
355
39
304
151
656
123
689
812
146
957
384
507
562
239
515
100
970
52
248
619
1
987
710
129
587
180
565
286
700
685
268
706
368
159
726
436
648
863
583
764
860
808
838
933
745
999
260
240
608
172
429
137
947
397
259
83
609
748
320
107
30
639
308
212
477
279
16
613
602
190
461
70
122
797
34
158
197
215
568
864
191
819
362
53
399
383
186
937
290
737
581
951
198
60
5
378
707
528
551
65
935
78
690
276
117
41
502
909
241
522
463
270
501
156
233
923
182
618
432
214
45
243
493
847
990
181
953
19
451
513
59
789
859
900
730
376
558
400
450
440
876
997
387
600
408
335
624
652
121
188
843
68
969
328
175
201
945
977
603
170
500
130
598
991
617
315
31
344
623
89
572
526
576
992
907
220
373
271
654
727
644
842
118
43
446
358
453
523
538
192
785
758
423
44
213
928
80
905
673
686
294
733
102
382
606
310
484
561
687
251
821
472
780
914
993
269
625
179
184
97
725
67
904
316
374
807
93
729
496
763
879
524
775
113
37
963
178
417
199
862
292
553
917
943
751
856
795
296
301
794
672
101
61
811
232
42
835
592
211
365
189
153
610
855
881
224
948
321
481
869
800
62
395
657
302
329
925
194
978
734
975
171