973
26 38 18 12 82 88 54 90 92 98 69 77 57 71 73 46 85 72 23 27 96 3 24 22 87 58 63 25 47 66 75 64 74 94 6 55 86 81 21 10 40 99 79 48 84 32 35 20 0 13 36 28 95 15 76 11 91 14 4 9 7 50 51 2 49 29
114
485 404 458 438 416 443 414 406 412 428 444 464 494 470 434 471 431 411 479 455 437 426 468 454 460 473 407 466 467 402 405 486 491 487 490 499 469 465 448 441 457 435 413 474 480 498 449 422 403 492 489 452 433 445 483 495 439 442 424 482 475 419 415 401 420 478 462 425 447 459 497 427 430 476 488 409 410 456
110
828 814 846 885 809 834 851 894 895 899 878 841 815 848 874 861 853 896 844 880 805 882 873 829 890 830 837 824 887 836 820 818 892 888 849 891 806 823 831 870 825 877 840 832 871 810 852 868 817 845 804 854 827 826 884 822 857 883 865 816 813 886 867 897 803 866 898 875 839 872 850 858 889 893
967 946 942 920 968 983 902 926 913 927 974 981 982 929 930 964 903 911 960 921 916 966 918 959 938 924 949 988 941 985 950 934 901 965 972 962 995 939 996 906 931 984 919 944 910 976 958 961 956 971 912 955 986 922 936 979 980 952 940 908 998 989
207 275 278 274 258 285 273 256 242 246 234 262 228 244 208 209 284 223 280 261 230 295 267 221 247 217 205 283 299 291 263 255 257 288 237 229 236 225 265 203 282 210 231 216 200 252 238 254 266 249 287 235 298 272 226 218 204 253 202 297 245 281 250 293 222 277 227 219
164 169 187 104 134 148 144 136 193 155 143 183 161 103 125 162 140 105 160 106 196 120 177 138 131 145 149 147 142 167 150 141 168 195 115 108 119 124 163 157 112 116 165 154 132 133 173 127 135 174 166 176 109 185 126
735 731 767 786 704 779 754 788 736 787 717 709 760 749 796 744 711 793 769 755 712 782 771 728 740 799 752 702 777 701 766 790 765 732 741 772 784 705 742 738 759 776 720 792 783 715 781 718 750 746 753 723 757 774 721 778 773 770 761 722 747 719 743 713 768 739 756 716 714 798 724 791 762
660 641 659 626 627 635 605 640 630 621 670 637 631 680 697 614 677 693 679 688 668 696 678 663 691 636 681 699 655 667 607 665 633 695 671 634 629 662 653 601 628 694 676 698 666 620 632 664 646 651 615 661 604 692 622 645 642 674 616 683 675 658 684 650 638 669 647 649 682 643
802
954
520 554 566 529 537 586 540 557 510 546 516 577 594 591 533 517 541 543 593 580 596 532 574 563 509 590 578 559 512 552 521 504 518 567 556 555 570 575 569 595 585 573 511 514 536 579 531 530 547 527 539 544 584 506 550 599 597 505 508 589 588 560 571 519 542 525 535 545 534 549 582
8
389 343 364 336 339 385 386 330 371 317 357 360 313 379 305 341 346 372 392 312 380 331 338 394 367 359 322 314 366 333 337 388 369 396 327 325 351 381 370 354 398 334 303 375 309 332 350 349 390 307 361 324 363 356 348 300 377 391 311 318 323 345 326 352 393 340 342 306 353
994
264
548
17
703
206
128
915
33
708
833
612
801
152
111
564
56
319
932
611
139
347
421
503
418
355
39
304
151
656
123
689
812
146
957
384
507
562
239
515
100
970
52
248
619
1
987
710
129
587
180
565
286
700
685
268
706
368
159
726
436
648
863
583
764
860
808
838
933
745
999
260
240
608
172
429
137
947
397
259
83
609
748
320
107
30
639
308
212
477
279
16
613
602
190
461
70
122
797
34
158
197
215
568
864
191
819
362
53
399
383
186
937
290
737
581
951
198
60
5
378
707
528
551
65
935
78
690
276
117
41
502
909
241
522
463
270
501
156
233
923
182
618
432
214
45
243
493
847
990
181
953
19
451
513
59
789
859
900
730
376
558
400
450
440
876
997
387
600
408
335
624
652
121
188
843
68
969
328
175
201
945
977
603
170
500
130
598
991
617
315
31
344
623
89
572
526
576
992
907
220
373
271
654
727
644
842
118
43
446
358
453
523
538
192
785
758
423
44
213
928
80
905
673
686
294
733
102
382
606
310
484
561
687
251
821
472
780
914
993
269
625
179
184
97
725
67
904
316
374
807
93
729
496
763
879
524
775
113
37
963
289
178
417
199
862
292
553
917
943
751
856
795
296
301
794
672
101
61
811
232
42
835
592
211
365
189
153
610
855
881
224
948
321
481
869
800
62
395
657
302
329
925
194
978
734
975
171