973
58 46 50 29 0 4 13 10 27 96 64 22 95 11 90 77 84 75 47 15 74 51 3 79 28 82 25 87 99 72 57 32 38 18 40 55 2 88 66 36 54 21 98 63 49 6 9 23 20 24 12 73 14 94 76 85 71 91 7 26 69 81 86 35 92 48
114
468 439 420 416 427 407 412 490 410 404 466 403 409 438 458 428 474 425 433 495 497 424 471 411 470 455 482 487 459 483 445 442 499 498 469 480 415 422 443 457 489 494 476 435 465 488 441 402 449 419 434 486 454 401 447 467 491 430 414 452 431 437 444 456 413 492 405 473 406 478 479 464 460 475 448 426 462 485
110
815 814 885 893 809 896 894 899 817 839 834 857 831 818 829 851 877 825 850 830 841 852 849 803 891 816 884 813 866 826 837 822 887 806 883 848 827 820 895 897 858 805 823 892 804 880 878 872 861 889 828 824 886 832 840 865 888 854 846 845 853 898 873 874 870 871 867 875 882 868 836 810 890 844
940 911 981 949 902 972 916 922 901 926 910 944 931 984 960 995 980 934 924 930 996 989 921 986 920 985 961 919 971 908 967 927 942 998 941 913 988 938 952 966 912 974 946 903 964 958 976 906 939 950 962 979 983 959 955 968 918 965 982 929 956 936
234 235 254 274 200 250 287 253 285 203 298 210 247 275 225 293 216 238 209 245 252 284 223 299 295 262 273 257 227 266 249 236 255 283 208 291 217 288 263 246 237 261 218 265 207 280 281 229 204 219 256 282 242 228 278 231 272 244 297 277 221 258 222 202 267 205 226 230
161 141 116 138 162 106 167 104 173 127 144 187 145 177 133 150 163 120 147 149 126 174 164 183 185 103 140 196 193 155 142 154 165 195 134 125 115 124 132 169 160 112 148 119 143 108 131 176 135 105 168 166 157 109 136
761 798 714 744 768 716 793 712 717 776 779 766 742 747 772 731 786 721 771 705 787 709 769 741 739 765 777 720 755 732 740 770 749 750 774 767 718 728 715 788 743 791 782 790 719 754 757 746 752 792 713 781 704 760 723 735 753 756 784 796 701 783 778 711 738 724 799 759 722 736 762 702 773
635 680 699 620 675 688 649 694 645 698 677 630 670 632 664 622 634 629 655 660 671 653 604 697 621 605 658 615 628 638 642 665 678 641 679 659 684 662 682 661 696 676 666 626 647 640 636 601 646 651 637 667 631 633 693 669 643 607 674 650 627 616 692 695 681 691 668 614 683 663
802
954
543 516 574 575 567 579 504 588 508 589 578 571 545 506 541 563 566 569 540 544 519 510 577 552 586 534 597 594 549 556 580 591 537 527 593 509 518 531 560 555 554 542 550 584 517 520 590 525 557 582 559 595 530 570 533 521 529 546 511 585 535 599 505 573 532 596 536 512 547 514 539
8
356 393 341 377 366 390 311 326 385 349 338 379 392 386 305 357 381 369 375 352 324 343 363 394 314 367 372 334 345 300 371 327 312 396 318 398 323 346 353 348 391 309 337 389 342 332 360 331 354 370 317 364 330 388 333 340 306 350 336 325 339 322 313 361 307 351 380 359
994
264
548
17
703
206
128
915
33
708
833
612
801
152
111
564
56
319
932
611
139
347
421
503
418
355
39
304
151
656
123
689
812
146
957
384
507
562
239
515
100
970
52
248
619
1
987
710
129
587
180
565
286
700
685
268
706
368
159
726
436
648
863
583
764
860
808
838
933
745
999
260
240
608
172
429
137
947
397
259
83
609
748
320
107
30
639
308
212
477
279
16
613
602
190
461
70
122
797
34
158
197
215
568
864
191
819
362
53
399
383
186
937
290
737
581
951
198
60
5
378
707
528
551
65
935
78
690
276
117
41
502
909
241
522
463
270
501
156
233
923
182
618
432
214
45
243
493
847
990
181
953
19
451
513
59
789
859
900
730
376
558
400
450
440
876
997
387
600
408
335
624
652
121
188
843
68
969
328
175
201
945
977
603
170
500
130
598
991
617
315
31
344
623
89
572
526
576
992
907
220
373
271
654
727
644
842
118
43
446
358
453
523
538
192
785
758
423
44
213
928
80
905
673
686
294
733
102
382
606
310
484
561
687
251
821
472
780
914
993
269
625
179
184
97
725
67
904
316
374
807
93
729
496
763
879
524
303
775
113
37
963
289
178
417
199
862
292
553
917
943
751
856
795
296
301
794
672
101
61
811
232
42
835
592
211
365
189
153
610
855
881
224
948
321
481
869
800
62
395
657
302
329
925
194
978
734
975
171