973
84 46 55 14 66 2 75 18 51 72 92 99 77 48 64 21 7 57 54 69 24 6 29 87 94 20 91 73 82 98 36 23 71 86 11 88 79 32 0 47 27 35 22 81 38 76 63 50 28 96 90 40 49 3 74 58 15 10 85 12 9 13 25 26 4 95
114
406 438 460 455 464 452 471 468 409 444 497 492 420 466 462 459 473 482 407 426 427 465 458 480 478 404 415 411 405 439 454 449 485 467 488 445 448 424 419 437 410 443 434 457 402 498 476 469 430 474 422 401 479 487 475 431 425 447 499 442 403 413 412 441 416 490 456 486 491 494 433 435 483 414 428 470 495 489
110
834 823 872 806 837 818 817 846 875 868 858 877 870 850 849 885 825 848 839 813 824 832 878 803 810 871 886 828 809 895 873 805 884 827 852 831 893 851 853 897 820 836 826 822 891 841 816 814 830 892 896 815 804 874 861 883 866 890 845 857 899 844 898 867 888 865 882 894 854 840 889 887 829 880
946 934 919 996 910 920 979 929 956 984 964 966 960 967 981 961 944 912 942 950 939 931 927 940 936 995 982 965 983 911 918 980 921 938 916 968 955 906 998 930 913 974 976 971 985 958 926 924 941 901 902 903 952 988 908 989 986 962 922 949 959 972
209 231 226 242 256 254 281 200 255 252 235 265 221 228 258 266 275 284 223 234 246 267 277 210 263 227 293 291 230 287 229 299 285 238 282 225 202 247 204 283 205 274 261 253 272 295 207 250 288 208 245 257 297 203 222 278 218 216 237 298 236 249 262 217 244 219 280 273
161 106 157 141 108 140 185 104 176 134 125 132 131 136 147 124 168 195 112 126 127 163 183 115 160 166 145 149 174 105 154 103 109 142 116 120 165 164 173 196 119 150 143 144 148 167 187 162 138 193 135 133 177 169 155
799 770 724 753 796 742 701 738 720 752 722 731 723 767 778 776 759 768 754 761 735 788 741 798 719 773 713 718 772 732 781 755 765 717 712 784 715 740 702 747 705 704 743 774 762 786 709 766 716 769 793 746 771 787 749 757 782 750 744 721 714 783 779 756 760 736 728 792 790 711 777 791 739
634 646 667 635 692 665 678 622 643 658 627 637 691 693 629 642 633 677 675 698 630 661 645 626 647 666 650 662 670 636 684 620 655 616 631 679 695 669 683 628 660 680 601 621 614 659 681 694 676 638 668 697 640 682 607 641 696 605 688 674 699 671 651 615 664 649 632 653 663
802
954
525 547 582 512 508 555 544 537 571 554 579 589 560 517 586 533 593 520 510 585 566 516 556 577 599 504 505 531 534 511 514 575 550 521 594 590 578 546 563 540 506 595 549 527 588 509 559 584 530 569 519 535 573 567 543 532 545 541 542 597 596 574 580 518 539 570 557 529 536 552 591
8
371 339 379 391 322 323 364 381 309 324 398 300 369 360 363 359 330 345 326 372 334 353 350 307 318 312 314 317 367 341 325 394 392 313 348 340 390 331 357 337 389 361 370 333 354 380 352 306 338 385 396 349 356 342 366 375 305 311 346 393 327 336 351 386 377 332 388 343
994
264
548
17
703
206
128
915
33
708
833
612
801
152
111
564
56
319
932
611
139
347
421
503
418
355
39
304
151
656
123
689
812
146
957
384
507
562
239
515
100
970
52
248
619
1
987
710
129
587
180
565
286
700
685
268
706
368
159
726
436
648
863
583
764
860
808
838
933
745
999
260
240
608
172
429
137
947
397
259
83
609
748
320
107
30
639
308
212
477
279
16
613
602
190
461
70
122
797
34
158
197
215
568
864
191
819
362
53
399
383
186
937
290
737
581
951
198
60
5
378
707
528
551
65
935
78
690
276
117
41
502
604
909
241
522
463
270
501
156
233
923
182
618
432
214
45
243
493
847
990
181
953
19
451
513
59
789
859
900
730
376
558
400
450
440
876
997
387
600
408
335
624
652
121
188
843
68
969
328
175
201
945
977
603
170
500
130
598
991
617
315
31
344
623
89
572
526
576
992
907
220
373
271
654
727
644
842
118
43
446
358
453
523
538
192
785
758
423
44
213
928
80
905
673
686
294
733
102
382
606
310
484
561
687
251
821
472
780
914
993
269
625
179
184
97
725
67
904
316
374
807
93
729
496
763
879
524
303
775
113
37
963
289
178
417
199
862
292
553
917
943
751
856
795
296
301
794
672
101
61
811
232
42
835
592
211
365
189
153
610
855
881
224
948
321
481
869
800
62
395
657
302
329
925
194
978
734
975
171