973
3 72 23 69 46 32 7 2 99 57 88 29 4 22 84 92 96 49 51 26 40 14 98 38 79 6 91 94 76 64 73 77 95 36 35 85 21 9 55 15 12 25 74 28 63 50 13 18 87 82 58 47 20 24 86 81 75 66 10 90 0 71 11 27 54 48
114
487 411 437 426 406 494 483 454 486 447 402 445 443 466 401 479 469 470 488 465 431 491 419 499 468 413 434 462 416 412 425 478 405 444 456 459 435 473 424 422 457 455 489 471 441 442 403 438 449 439 407 428 414 452 410 495 480 427 404 492 485 475 420 467 476 458 415 409 497 498 430 460 464 433 448 474 482 490
110
844 893 822 832 840 854 894 853 887 816 880 874 885 809 817 897 865 806 831 837 884 878 803 805 870 895 883 891 875 846 813 890 882 873 868 889 839 834 823 857 871 861 810 828 820 852 848 841 827 815 824 830 826 804 892 850 888 814 825 896 866 829 845 886 849 898 899 877 872 858 818 836 851
982 903 974 960 938 952 920 981 967 964 961 996 946 998 918 906 949 984 962 926 972 931 979 940 902 936 913 950 927 944 955 911 912 968 959 980 966 942 930 934 939 965 922 910 971 985 983 989 929 919 956 908 986 921 924 941 988 901 976 958 995 916
262 235 278 275 225 226 281 288 246 249 219 293 231 272 253 258 266 263 273 250 285 299 210 205 229 255 238 244 282 207 283 208 254 202 297 295 277 218 209 298 252 237 274 203 291 228 236 256 261 222 234 242 280 257 230 223 204 247 200 284 216 265 267 245 287 217 221 227
187 125 162 106 138 143 154 103 141 148 166 176 104 134 131 163 160 119 157 124 168 196 174 142 150 147 167 105 132 161 145 149 116 109 133 135 185 144 126 193 177 169 115 183 127 136 165 195 112 140 155 108 164 120 173
704 711 722 791 735 761 766 755 786 719 796 728 782 714 788 759 771 779 787 738 776 765 718 705 752 721 749 716 778 709 702 769 717 754 723 762 790 777 741 767 799 760 792 713 753 724 743 720 774 757 744 701 732 768 731 715 772 781 747 750 746 770 756 736 784 793 739 798 742 773 712 740 783
629 626 683 671 681 678 666 628 698 649 664 647 637 645 692 675 661 622 669 655 691 621 642 688 630 695 615 679 646 694 658 651 643 659 641 696 635 693 665 632 601 667 674 634 663 638 653 631 682 677 684 660 614 650 607 662 627 680 670 699 636 676 605 620 616 697 668 640 633
802
954
512 588 519 574 525 599 563 521 537 566 530 586 505 591 585 545 577 508 549 506 517 532 595 527 546 579 559 518 542 514 539 534 516 541 571 533 597 552 510 520 547 543 529 554 504 511 582 589 593 584 578 590 557 573 575 569 536 531 560 594 555 570 556 580 596 550 540 544 509 535 567
8
342 379 337 306 331 370 366 391 346 305 364 324 357 372 390 396 340 318 350 356 317 332 309 360 380 311 377 388 359 354 367 323 353 386 307 369 325 375 300 322 341 351 349 361 338 385 389 314 394 371 334 333 327 348 336 345 392 312 330 326 381 313 352 363 398 393 339 343
994
264
548
17
703
206
128
915
33
708
833
612
801
152
111
564
56
319
932
611
139
347
421
503
418
355
39
304
151
656
123
689
812
146
957
384
507
562
239
515
100
970
867
52
248
619
1
987
710
129
587
180
565
286
700
685
268
706
368
159
726
436
648
863
583
764
860
808
838
933
745
999
260
240
608
172
429
137
947
397
259
83
609
748
320
107
30
639
308
212
477
279
16
613
602
190
461
70
122
797
34
158
197
215
568
864
191
819
362
53
399
383
186
937
290
737
581
951
198
60
5
378
707
528
551
65
935
78
690
276
117
41
502
604
909
241
522
463
270
501
156
233
923
182
618
432
214
45
243
493
847
990
181
953
19
451
513
59
789
859
900
730
376
558
400
450
440
876
997
387
600
408
335
624
652
121
188
843
68
969
328
175
201
945
977
603
170
500
130
598
991
617
315
31
344
623
89
572
526
576
992
907
220
373
271
654
727
644
842
118
43
446
358
453
523
538
192
785
758
423
44
213
928
80
905
673
686
294
733
102
382
606
310
484
561
687
251
821
472
780
914
993
269
625
179
184
97
725
67
904
316
374
807
93
729
496
763
879
524
303
775
113
37
963
289
178
417
199
862
292
553
917
943
751
856
795
296
301
794
672
101
61
811
232
42
835
592
211
365
189
153
610
855
881
224
948
321
481
869
800
62
395
657
302
329
925
194
978
734
975
171