973
92 13 11 57 49 88 79 15 84 87 9 81 47 94 10 12 40 48 74 99 82 73 2 85 32 14 24 18 50 66 4 23 21 91 96 90 64 51 25 98 35 28 46 7 22 63 58 95 0 75 72 36 29 86 69 26 20 77 27 6 71 76 54 3 38 55
114
480 448 468 447 409 422 473 498 462 420 486 411 410 492 499 455 466 497 443 452 414 439 425 479 433 427 428 467 413 460 442 426 404 434 441 445 406 457 430 412 435 416 469 487 424 491 454 459 403 494 405 465 489 478 456 444 488 483 402 437 449 474 475 438 407 470 401 490 464 495 431 471 476 415 485 482 419 458
110
832 870 857 841 887 806 828 883 823 850 873 890 820 897 861 865 852 829 827 849 816 891 866 854 825 839 894 822 851 868 846 837 889 882 858 872 896 853 817 884 818 880 875 813 848 840 892 830 826 834 814 878 898 877 815 844 845 810 803 831 824 809 893 886 874 805 885 804 899 888 871 836 895
929 938 950 921 946 967 930 902 918 912 936 998 961 980 944 913 910 968 984 976 934 949 966 903 919 901 956 959 942 995 926 960 983 920 985 974 952 964 939 927 916 931 941 972 982 996 911 962 965 986 922 906 981 908 958 940 979 955 988 971 989 924
295 273 250 282 272 278 262 221 203 281 249 205 277 231 298 263 202 275 226 229 237 280 254 238 283 210 284 209 265 297 235 244 216 217 247 257 253 222 225 266 287 299 228 230 246 274 258 242 288 223 200 218 256 255 293 252 207 227 208 267 285 261 236 204 219 245 291
132 148 176 112 108 196 136 149 147 165 164 169 167 115 193 150 142 173 154 168 103 141 119 183 106 174 162 105 116 125 185 134 195 135 187 120 155 143 138 157 177 160 127 144 133 163 166 126 145 124 131 109 104 140 161
721 790 776 765 757 755 712 774 754 784 781 787 705 722 791 711 772 735 724 704 743 715 741 761 778 760 793 783 768 796 714 744 792 759 738 753 740 718 717 788 713 750 731 742 749 798 709 769 719 732 782 728 739 723 770 799 756 779 771 777 701 766 716 786 746 762 747 752 736 773 702 720 767
643 670 668 646 633 667 640 681 642 693 665 649 692 607 661 679 653 675 658 645 605 651 660 694 636 638 647 650 666 601 635 621 615 695 691 664 630 680 696 683 698 669 678 699 663 626 676 659 634 631 655 697 632 674 662 671 684 682 637 616 688 622 677 620 627 628 629 614 641
802
954
582 520 579 519 540 591 567 545 506 574 559 577 542 589 575 537 599 504 518 578 505 580 590 555 585 573 535 516 588 534 571 556 539 508 586 536 532 517 563 550 544 509 533 514 594 527 569 584 570 525 530 549 552 554 595 566 521 597 529 512 593 596 543 510 557 511 546 531 560 547 541
8
396 314 340 388 356 380 343 300 393 353 317 345 324 312 367 394 305 352 334 349 350 332 381 361 391 363 322 326 313 330 339 386 392 371 307 366 333 377 369 346 337 375 357 338 342 348 390 360 327 372 325 336 311 398 364 318 370 341 385 306 331 389 359 354 323 351 379 309
994
264
548
17
703
206
128
915
33
708
833
612
801
152
111
564
56
319
932
611
139
347
421
503
418
355
39
304
151
656
123
689
812
146
957
384
507
562
239
515
100
970
867
52
248
619
1
987
710
129
587
180
565
286
700
685
268
706
368
159
726
436
648
863
583
764
860
808
838
933
745
999
260
240
608
172
429
137
947
397
259
83
609
748
320
107
30
639
308
212
477
279
16
613
602
190
461
70
122
797
34
158
197
215
568
864
191
819
362
53
399
383
186
937
290
737
581
951
198
60
5
378
707
528
551
65
935
78
690
276
117
41
502
604
909
241
522
463
270
501
156
233
923
182
618
432
214
45
243
493
847
990
181
953
19
451
513
59
789
859
900
730
376
558
400
450
440
876
997
387
600
408
335
624
652
121
188
843
68
969
328
175
201
945
977
603
170
500
130
598
991
617
315
31
344
623
89
572
526
576
992
907
220
373
271
654
727
644
842
118
43
446
358
453
523
538
192
785
758
423
44
213
928
80
905
673
686
294
733
102
382
606
310
484
561
687
251
234
821
472
780
914
993
269
625
179
184
97
725
67
904
316
374
807
93
729
496
763
879
524
303
775
113
37
963
289
178
417
199
862
292
553
917
943
751
856
795
296
301
794
672
101
61
811
232
42
835
592
211
365
189
153
610
855
881
224
948
321
481
869
800
62
395
657
302
329
925
194
978
734
975
171