973
12 86 66 73 98 69 88 15 3 96 77 49 75 81 22 91 54 85 71 20 84 87 11 38 90 40 2 10 46 14 7 74 57 27 25 79 36 51 35 50 23 28 9 76 18 92 4 58 47 94 6 32 26 63 29 55 64 48 95 0 21 24 99 13 82 72
114
471 409 473 492 478 499 469 462 460 447 488 403 419 438 445 464 448 443 455 482 427 441 406 426 437 430 420 458 428 486 401 498 431 456 467 412 434 414 405 491 457 411 470 476 435 475 483 444 468 490 416 404 407 433 424 425 487 413 415 452 449 422 439 494 497 489 402 410 454 480 479 465 442 459 466 495 485 474
110
825 866 841 849 872 810 815 886 875 848 868 857 870 852 880 840 861 844 865 850 854 899 818 874 882 893 851 804 829 895 887 885 836 894 892 824 806 826 839 822 832 820 889 827 891 898 890 805 846 878 873 828 809 803 883 830 877 813 837 897 814 823 884 871 834 845 817 896 816 853 831 888 858
967 952 930 988 913 938 936 956 942 927 962 919 908 941 929 926 958 949 910 983 974 934 965 961 984 906 922 960 964 981 995 918 971 916 903 931 976 955 950 940 902 972 985 982 939 901 966 912 989 998 944 996 980 986 979 911 924 946 921 920 968 959
229 258 228 273 272 249 262 219 230 274 250 208 218 287 252 231 205 293 204 217 238 263 203 242 245 226 275 210 299 257 247 291 227 265 277 209 202 254 282 200 207 278 267 255 223 283 295 244 236 284 285 280 253 266 288 237 246 221 297 225 261 235 298 256 222 216 281
116 143 165 185 163 169 148 105 173 187 157 138 133 176 119 104 142 135 162 136 149 103 141 145 120 167 106 126 131 183 155 132 154 134 127 168 195 112 150 125 147 115 174 164 166 177 144 109 161 124 193 140 160 108 196
743 766 728 793 753 747 768 790 776 759 750 755 701 736 760 778 769 702 712 713 779 744 715 772 752 711 717 732 792 757 718 741 724 770 709 721 767 740 749 754 720 787 742 739 705 799 781 798 765 756 782 786 771 746 731 783 716 788 722 784 761 719 796 704 777 774 723 714 735 773 738 762 791
630 628 633 693 695 692 681 659 631 622 645 665 647 601 688 621 678 691 635 637 661 699 643 667 664 651 682 697 646 680 642 679 683 684 671 634 641 675 658 629 696 662 668 660 653 670 694 615 640 655 677 605 627 620 649 663 636 638 626 669 674 607 676 666 616 632 614 698
802
954
573 511 517 519 577 571 557 588 545 594 510 580 585 584 543 569 596 544 566 550 599 529 525 595 504 567 589 509 533 532 570 556 531 547 590 542 508 586 506 559 530 575 560 555 518 578 527 514 593 539 563 535 574 554 505 537 516 579 536 512 546 521 520 597 549 541 552 582 540 534 591
8
312 322 386 326 336 377 352 351 360 353 363 388 331 332 393 370 389 345 379 311 330 338 343 361 356 307 333 324 385 348 341 323 346 339 364 327 337 349 305 342 381 334 375 359 340 392 314 313 318 372 369 325 371 300 309 366 380 306 390 350 394 357 398 354 367 396 391 317
994
264
548
17
703
206
128
915
33
708
833
612
801
152
111
564
56
319
932
611
139
347
421
503
418
355
39
304
151
656
123
689
812
146
957
384
507
562
239
515
100
970
867
52
248
619
1
987
710
129
587
180
565
286
700
685
268
706
368
159
726
436
648
863
583
764
860
808
838
933
745
999
260
240
608
172
429
137
947
397
259
83
609
748
320
107
30
639
308
212
477
279
16
613
602
190
461
70
122
797
34
158
197
215
568
864
191
819
362
53
399
383
186
937
290
737
581
951
198
60
5
378
707
528
551
65
935
78
690
276
117
41
502
604
909
241
522
463
270
501
156
233
923
182
618
432
214
45
243
493
847
990
181
953
19
451
513
59
789
859
900
730
376
558
400
450
440
876
997
387
600
408
335
624
652
121
188
843
68
969
328
175
201
945
977
603
170
500
130
598
991
617
315
31
344
623
89
572
526
576
992
907
220
373
271
654
727
644
842
118
43
446
358
453
523
538
192
785
758
423
44
213
928
80
905
673
686
294
733
102
382
606
310
484
561
687
251
234
821
472
780
914
993
269
625
179
184
97
725
67
650
904
316
374
807
93
729
496
763
879
524
303
775
113
37
963
289
178
417
199
862
292
553
917
943
751
856
795
296
301
794
672
101
61
811
232
42
835
592
211
365
189
153
610
855
881
224
948
321
481
869
800
62
395
657
302
329
925
194
978
734
975
171