906 909 977 941 970 992 908 972 920 944 924 914 964 993 985 925 939 940 945 968 955 903 956 948 911 998 935 997 996 930 921 982 995 978 961 947 969 923 938 983 959 980 907 952 936 967 979 904 991 989 910 928 966 960 986 913 931 975 963 916 962 933 918 934 950 974 942 915 932 976 999 973 987 984 957 937 953 949 981 919 994 912 943 922 946 965 971 905 951 901 988 917 954 929 958 902 990 926 927
17 80 69 99 75 62 27 82 94 0 97 2 96 53 3 4 32 93 23 76 58 83 72 31 54 33 71 88 12 67 51 44 57 26 92 47 89 21 9 22 52 59 46 36 49 34 37 43 13 70 90 7 39 6 65 20 91 15 78 81 10 85 24 30 11 29 16 40 74 5 41 38 64 48 95 45 84 79 55 56 19 61 8 35 87 86 77 14 60 25 50 42 73 66 68 28 18 98 63
108 157 153 167 102 116 104 105 183 113 115 140 144 155 190 103 169 125 189 171 166 196 106 179 127 150 149 152 181 147 154 192 141 180 121 109 107 177 185 199 134 117 198 110 197 133 111 120 176 131 156 135 170 188 165 186 161 184 145 138 122 146 174 178 100 168 195 119 126 114 137 124 128 136 175 173 162 172 191 163 123 142 164 139 143 187 118 130 194 160 132 182 112 129 193 148
458 467 477 476 408 498 494 426 454 474 443 493 401 433 403 442 481 480 407 446 464 457 497 491 437 469 461 455 429 422 479 417 421 470 456 465 441 449 463 434 488 450 472 473 495 420 439 409 489 486 487 424 468 438 484 414 435 475 485 419 418 448 406 447 492 411 404 483 445 460 415 499 428 412 425 462 427 402 432 451 490 482 471 405 478 423 459 452 453 431 410 436 440 413 496 444 416 466 430
817 831 898 834 808 812 856 869 848 867 870 809 887 862 854 811 855 833 879 849 853 888 871 865 882 841 851 825 800 893 857 873 858 842 872 807 823 806 810 885 895 813 883 877 874 816 890 818 850 864 884 875 820 828 819 822 859 889 847 881 821 861 837 876 824 805 838 804 814 892 830 868 844 897 843 894 896 835 852 899 880 839 878 846 840 891 815 860 803 863 832 836 866 845 827 886 826 829
218 202 213 249 207 281 242 289 252 265 206 291 297 222 253 276 296 280 229 228 216 298 243 245 267 292 215 259 288 268 269 285 209 204 295 247 239 220 235 266 225 286 219 294 232 246 224 282 258 275 287 278 236 284 257 256 251 248 221 283 299 203 263 223 264 210 217 234 293 230 231 279 233 277 200 261 211 240 227 208 212 254 205 250 226 244 237 241 270 290 273 262 214 255 238 274 272
767 734 773 755 788 714 719 786 781 718 741 745 750 742 751 794 752 772 789 787 766 777 721 798 762 732 783 771 739 731 797 738 753 756 757 785 708 749 716 779 733 707 737 792 764 784 768 774 715 705 728 713 723 730 740 782 780 770 746 703 706 759 724 775 702 736 758 717 799 769 729 748 744 793 711 790 735 722 747 776 725 795 761 760 710 709 765 743 720 704 701 796 791 763 778 712 754
640 620 675 691 696 684 671 654 673 601 611 657 664 672 631 669 653 613 647 676 626 644 622 642 627 610 677 634 632 635 678 649 659 605 679 603 660 656 698 624 609 646 665 648 641 602 666 637 692 667 663 616 686 682 681 628 633 639 688 690 636 645 618 608 680 614 617 652 607 629 689 658 670 643 662 650 699 625 685 651 655 697 621 693 630 674 638 683 615 694 661 687 606 695 668 612 604 623
802
529 575 535 522 511 558 534 536 515 554 584 589 505 512 519 574 527 592 573 510 577 525 514 552 501 570 549 556 502 567 588 551 513 508 599 528 564 596 503 526 530 545 569 591 538 583 531 560 517 593 557 546 590 576 568 562 537 532 555 579 521 543 524 533 580 520 540 594 504 598 582 539 559 541 595 547 509 585 507 597 587 561 506 550 571 566 553 578 586 563 516 565 544 542 523 581 548 518
388 315 371 379 323 342 333 344 367 389 391 312 375 399 328 303 305 385 380 362 337 398 355 309 325 324 314 376 396 304 365 335 319 369 331 340 370 329 372 357 317 387 378 311 343 366 306 320 350 322 338 393 382 368 386 347 341 392 330 384 381 377 321 302 332 308 334 361 307 354 390 349 346 352 353 339 383 364 395 363 318 348 327 313 310 326 300 394 360 351 356 373 345 359 336 358 397
801
151
619
1
700
159
726
260
158
900
400
600
201
500
572
271
727
316
374
301
101