973
58 81 6 18 95 51 82 77 87 3 75 54 92 72 35 57 21 85 13 71 32 91 69 24 29 25 74 49 99 40 15 50 73 90 28 79 14 55 23 76 96 26 22 63 46 94 27 2 47 12 36 38 48 98 7 4 10 0 84 11 66 20 9 64 88 86
114
449 462 457 441 465 412 454 456 491 411 482 415 427 467 424 468 416 403 460 409 478 420 494 486 497 435 406 480 483 425 492 404 485 442 439 469 419 473 459 466 490 422 410 464 447 499 430 487 407 495 431 474 426 433 444 458 438 488 413 402 470 452 489 401 479 471 437 445 434 455 475 498 476 443 405 414 448 428
110
861 813 853 840 829 803 866 884 822 889 804 872 895 806 824 834 883 874 890 828 854 873 827 894 870 882 880 878 831 832 892 820 852 868 851 897 887 885 886 899 805 849 857 848 836 850 865 875 810 809 816 826 845 896 846 888 815 823 858 818 814 837 817 893 830 877 898 871 839 825 891 841 844
913 979 942 983 903 958 918 919 989 981 976 996 929 965 911 980 910 967 920 985 956 962 998 931 960 955 949 906 988 938 940 950 936 952 912 946 984 908 995 939 966 971 926 968 927 916 961 974 959 902 941 921 964 922 986 934 924 930 944 972 901 982
229 221 285 249 225 255 223 235 284 246 250 287 200 291 280 242 209 244 231 281 204 228 237 293 253 256 247 288 230 207 277 252 298 272 254 258 216 245 219 217 275 210 265 274 266 238 267 299 282 222 273 262 261 295 205 208 203 283 278 297 202 257 218 236 263 226 227
195 133 106 116 148 142 161 185 187 167 112 150 120 149 174 105 164 163 140 177 155 169 108 127 104 183 115 135 157 132 145 160 193 154 168 176 119 173 166 124 196 143 134 109 138 147 126 131 141 125 162 144 165 103 136
772 761 793 791 799 753 736 739 718 787 749 743 769 715 701 786 742 709 766 721 705 796 788 713 765 738 773 722 792 719 711 740 768 744 798 720 735 728 717 712 746 774 767 771 754 716 770 779 783 755 759 760 750 776 723 784 702 704 790 762 782 757 731 714 732 781 756 778 747 741 724 752 777
645 680 628 697 632 669 677 640 647 620 674 665 679 637 664 658 601 621 643 681 627 666 663 691 699 616 607 694 653 692 670 696 662 683 629 695 641 615 635 651 678 622 667 631 636 634 614 661 626 684 675 668 655 698 605 659 633 676 646 671 642 688 649 638 660 693 682
802
954
541 530 563 578 521 570 543 532 514 559 516 549 557 545 566 525 579 506 595 505 597 509 533 573 520 527 508 596 588 554 547 536 519 534 577 594 590 510 580 544 591 518 571 539 552 550 535 531 517 511 593 582 589 586 569 542 504 599 512 575 546 537 540 574 584 555 567 585 529 560 556
8
381 386 375 339 392 385 340 391 353 351 361 318 370 398 313 377 325 327 300 380 366 367 332 379 363 305 343 371 309 372 396 352 307 359 341 323 394 312 322 336 346 350 338 345 388 333 357 337 348 342 393 349 364 324 326 317 306 354 389 390 369 331 311 330 334 360 356 314
994
264
548
17
703
206
128
915
33
708
833
612
801
152
111
564
56
319
932
611
139
347
421
503
418
355
39
304
151
656
123
689
812
146
957
384
507
562
239
515
100
970
867
52
248
619
1
987
710
129
587
180
565
286
700
685
268
706
368
159
726
436
648
863
583
764
860
808
838
933
745
999
260
240
608
172
429
137
947
397
259
83
609
748
320
107
30
639
308
212
477
279
16
613
602
190
461
70
122
797
34
158
197
215
568
864
191
819
362
53
399
383
186
937
290
737
581
951
198
60
5
378
707
528
551
65
935
78
690
276
117
41
502
604
909
241
522
463
270
501
156
233
923
182
618
432
214
45
243
493
847
990
181
953
19
451
513
59
789
859
900
730
376
558
400
450
440
876
997
387
600
408
335
624
652
121
188
843
68
969
328
175
201
945
977
603
170
500
130
598
991
617
315
31
344
623
89
572
526
576
992
907
220
373
271
654
727
644
842
118
43
446
358
453
523
538
192
785
758
423
44
213
928
80
905
673
686
294
733
102
382
606
310
484
561
687
251
234
821
472
780
914
993
269
625
179
184
97
725
67
650
904
316
374
807
93
729
496
763
879
524
303
775
113
630
37
963
289
178
417
199
862
292
553
917
943
751
856
795
296
301
794
672
101
61
811
232
42
835
592
211
365
189
153
610
855
881
224
948
321
481
869
800
62
395
657
302
329
925
194
978
734
975
171