973
12 25 91 10 23 57 51 95 55 90 11 72 66 9 3 38 26 20 58 35 15 92 32 49 24 21 22 71 86 76 7 74 18 98 73 14 99 46 81 40 87 13 29 63 77 27 94 4 47 54 6 82 85 50 69 75 0 2 48 96 84 36 28 79 88 64
114
454 419 486 489 478 413 434 435 470 416 494 443 426 415 401 456 466 402 422 439 424 457 475 497 468 485 427 448 467 428 405 459 464 479 469 407 442 411 430 499 474 498 452 482 444 406 473 441 492 412 425 433 410 458 490 465 483 404 471 491 462 495 437 431 488 449 480 438 409 447 487 445 414 403 476 420 455 460
110
890 815 803 878 805 834 845 898 870 874 806 809 894 814 851 875 837 886 858 854 887 826 813 899 884 823 895 885 865 897 888 846 892 873 804 883 850 827 848 849 844 866 839 880 820 817 829 872 877 840 853 816 822 841 824 868 889 810 830 857 893 852 861 836 831 871 832 825 828 891 818 896 882
950 942 955 910 988 989 972 996 938 916 956 939 967 941 982 921 927 961 946 930 922 959 998 929 918 931 949 911 986 983 919 940 901 913 985 995 952 906 965 926 974 980 902 924 971 968 934 960 981 976 979 912 936 984 966 908 944 962 920 964 903 958
254 250 209 258 272 278 253 225 242 208 226 266 297 293 265 273 245 263 275 267 244 291 284 204 200 257 281 261 230 223 252 288 262 237 231 255 277 283 228 202 227 216 256 274 218 229 205 299 298 285 217 280 236 246 249 221 219 207 222 238 247 203 287 210 282 235 295
160 149 106 165 124 141 169 166 185 187 116 193 167 177 174 155 140 108 135 143 195 168 173 127 163 138 132 142 131 150 112 120 148 109 119 126 162 147 161 125 157 154 103 115 105 133 136 134 176 144 196 104 183 164 145
777 776 721 716 713 722 760 759 740 702 731 719 714 732 784 718 705 799 765 791 742 746 744 736 792 778 762 770 781 704 752 772 788 724 750 796 761 782 701 766 783 741 767 738 715 779 717 755 709 728 712 749 743 768 769 787 757 786 771 723 720 739 773 790 711 798 774 747 754 793 756 753 735
699 622 615 676 607 688 627 675 651 649 693 642 664 658 683 692 678 621 643 659 628 629 633 634 696 632 640 647 637 614 697 655 635 605 620 638 641 631 691 661 695 677 662 636 663 669 660 682 694 645 601 670 667 674 626 668 681 666 665 646 698 679 616 684 671 653
802
954
539 531 549 533 542 595 530 546 516 532 569 543 597 554 536 590 540 512 534 550 579 511 586 505 510 580 574 594 541 520 504 588 599 506 566 508 527 545 537 570 555 529 582 525 593 557 559 517 575 567 585 547 571 535 589 577 521 563 591 596 519 518 573 509 514 578 584 560 552 544 556
8
390 317 300 318 345 363 391 326 331 386 389 334 324 322 333 352 396 380 350 342 330 371 375 369 327 314 313 393 392 398 379 367 306 309 307 325 311 340 336 346 323 360 361 338 353 312 385 370 356 354 381 372 359 366 343 349 341 337 364 305 388 357 348 339 394 332 377 351
994
264
548
17
703
206
128
915
33
708
833
612
801
152
111
564
56
319
932
611
139
347
421
503
418
355
39
304
151
656
123
689
812
146
957
384
507
562
239
515
100
970
867
52
248
619
1
987
710
129
587
180
565
286
700
685
268
706
368
680
159
726
436
648
863
583
764
860
808
838
933
745
999
260
240
608
172
429
137
947
397
259
83
609
748
320
107
30
639
308
212
477
279
16
613
602
190
461
70
122
797
34
158
197
215
568
864
191
819
362
53
399
383
186
937
290
737
581
951
198
60
5
378
707
528
551
65
935
78
690
276
117
41
502
604
909
241
522
463
270
501
156
233
923
182
618
432
214
45
243
493
847
990
181
953
19
451
513
59
789
859
900
730
376
558
400
450
440
876
997
387
600
408
335
624
652
121
188
843
68
969
328
175
201
945
977
603
170
500
130
598
991
617
315
31
344
623
89
572
526
576
992
907
220
373
271
654
727
644
842
118
43
446
358
453
523
538
192
785
758
423
44
213
928
80
905
673
686
294
733
102
382
606
310
484
561
687
251
234
821
472
780
914
993
269
625
179
184
97
725
67
650
904
316
374
807
93
729
496
763
879
524
303
775
113
630
37
963
289
178
417
199
862
292
553
917
943
751
856
795
296
301
794
672
101
61
811
232
42
835
592
211
365
189
153
610
855
881
224
948
321
481
869
800
62
395
657
302
329
925
194
978
734
975
171