973
87 27 73 91 57 76 85 86 18 79 74 98 77 23 90 29 40 99 63 15 58 64 81 51 21 10 0 11 38 14 4 92 46 6 28 22 84 96 69 50 35 13 55 95 54 24 9 7 3 75 32 26 82 25 49 48 36 12 94 47 71 66 2 72 20
114
435 492 454 476 424 407 406 431 456 471 465 468 426 467 425 443 441 478 416 413 487 464 469 466 430 499 442 420 473 491 439 444 401 448 438 494 485 486 409 474 405 434 415 455 462 457 495 470 433 422 411 427 489 412 459 488 403 460 498 428 480 497 458 404 410 449 402 490 419 475 445 447 482 479 452 483 437 414
110
878 803 885 830 893 820 809 898 828 822 850 853 825 891 857 849 865 823 852 841 861 886 858 870 827 813 884 814 896 831 880 836 854 883 877 848 845 874 817 824 846 890 837 866 806 899 839 871 889 815 892 897 826 851 805 834 832 829 844 804 868 887 882 818 894 875 840 895 810 872 888 873 816
934 939 952 942 984 955 959 974 995 906 960 916 908 979 986 971 949 910 922 936 982 983 941 998 961 926 976 964 958 988 950 985 938 966 931 919 911 924 996 946 962 967 980 989 972 903 981 921 944 912 930 901 940 965 913 929 902 956 920 918 927 968
204 225 236 256 254 235 242 231 262 272 246 252 284 287 228 283 216 244 222 273 285 277 203 255 288 217 227 219 200 278 250 263 257 202 293 237 229 238 223 266 230 226 275 298 218 265 209 291 267 245 253 208 299 247 205 297 261 221 281 280 295 258 207 249 274 282 210
168 126 173 154 109 177 150 161 116 185 140 106 155 115 103 174 131 145 163 160 164 124 133 165 193 138 195 149 157 127 166 147 120 134 108 104 142 119 176 125 196 135 183 136 141 143 167 112 169 187 148 162 105 132 144
798 721 712 762 741 732 790 791 755 767 769 739 781 724 792 753 720 736 717 719 713 765 716 761 757 747 702 768 744 772 766 776 759 723 714 793 760 740 778 752 731 705 773 788 743 704 779 784 756 770 786 701 746 715 783 782 722 796 728 711 750 749 799 774 709 735 777 718 738 787 742 754 771
632 643 670 651 662 646 692 605 661 674 635 655 636 653 699 683 663 628 627 658 693 641 667 697 676 660 677 691 665 647 615 631 659 695 629 649 671 620 682 645 601 668 669 688 675 637 640 626 607 622 634 614 642 678 633 696 616 684 621 664 698 681 638 666 679 694
802
954
556 574 557 534 559 527 567 530 535 599 593 579 563 546 549 569 547 594 541 550 591 575 552 505 512 508 543 580 566 510 554 560 521 518 506 537 536 578 511 596 570 532 590 531 595 586 577 597 529 517 571 525 533 519 589 544 582 585 542 545 540 520 514 588 504 516 555 573 584 539 509
8
312 351 381 356 360 324 391 380 309 377 392 370 333 313 300 343 369 307 385 340 359 398 363 330 396 366 336 367 379 311 372 317 334 318 354 375 393 323 314 361 326 352 353 331 371 305 327 350 349 338 389 390 394 386 337 388 364 322 339 341 325 357 306 346 348 342 332 345
994
264
548
17
703
206
128
915
33
708
833
612
801
152
111
564
56
319
932
611
139
347
421
503
418
355
39
304
151
656
123
689
812
146
957
384
507
562
239
515
100
970
867
52
248
619
1
987
710
129
587
180
565
286
700
685
268
706
368
680
159
726
436
648
863
583
764
860
808
838
933
745
999
260
240
608
172
429
137
947
397
259
83
609
748
320
107
30
639
308
212
477
279
16
613
602
190
461
70
122
797
34
158
197
215
568
864
191
819
362
53
399
383
186
937
290
737
581
951
198
60
5
378
707
528
551
65
935
78
690
276
117
41
502
604
909
241
522
463
270
501
156
233
923
182
618
432
214
45
243
493
847
990
181
953
19
451
513
59
789
859
900
730
376
558
400
450
440
876
997
387
600
408
335
624
652
121
188
843
68
969
328
175
201
945
977
603
170
500
130
598
991
617
315
31
344
623
89
572
526
576
992
907
220
373
271
654
727
644
842
118
43
446
358
453
523
538
192
785
758
423
44
213
928
80
905
673
686
294
733
102
382
606
310
484
561
687
251
234
821
472
780
914
993
269
625
179
184
97
725
67
650
904
316
374
807
93
729
496
763
879
524
303
775
113
630
37
963
289
178
417
199
862
292
553
917
943
751
856
795
296
301
794
672
101
61
811
232
42
835
592
211
365
189
153
610
855
881
224
948
321
481
869
800
62
88
395
657
302
329
925
194
978
734
975
171