973
54 63 55 14 57 23 2 40 99 69 22 0 66 49 85 25 74 15 4 11 9 29 58 84 86 94 46 13 75 87 3 79 32 36 98 18 38 76 95 26 77 10 82 91 20 6 72 7 35 96 47 90 12 92 51 50 73 24 81 71 28 27 48 64 21
114
458 407 457 475 438 402 411 452 404 473 448 492 403 468 478 405 454 460 464 476 442 456 447 471 494 489 409 420 435 422 474 443 431 491 428 445 419 495 462 465 486 455 426 414 479 469 482 441 488 413 466 439 444 415 485 449 497 433 430 459 427 483 498 410 437 416 467 487 480 470 425 406 490 499 434 424 401 412
110
840 861 891 830 866 882 831 898 872 837 888 868 871 895 857 849 841 826 813 846 836 887 827 848 885 852 806 822 828 804 883 853 854 870 850 810 829 873 851 893 844 880 825 874 884 803 832 845 877 815 834 839 824 897 814 899 878 892 886 894 809 816 805 820 823 896 858 889 875 817 865 818 890
972 918 984 962 995 902 960 998 982 942 985 965 926 996 961 939 934 920 938 949 911 924 967 940 989 936 971 958 979 959 912 981 903 944 919 986 946 980 931 930 955 910 988 916 952 976 908 922 901 906 983 921 941 974 968 964 929 927 950 956 913
265 242 235 245 204 219 252 285 221 280 267 283 218 202 261 246 217 230 216 209 227 200 257 205 274 263 226 266 288 253 229 262 223 255 244 291 210 247 293 299 282 284 208 238 236 272 278 256 258 277 273 295 203 237 225 275 281 231 222 250 298 207 297 228 287 254 249
185 134 142 162 166 173 131 116 163 176 144 145 150 157 133 148 167 160 169 161 140 112 109 149 154 147 115 136 103 165 127 168 108 125 104 126 106 132 141 193 138 124 196 143 105 120 177 164 155 135 195 187 119 183 174
774 701 716 760 778 770 790 756 779 722 766 746 704 705 723 793 711 781 717 709 747 759 736 791 772 799 724 783 744 754 784 798 752 715 740 777 792 787 776 712 773 714 742 719 738 755 769 702 731 768 761 771 720 741 782 765 786 749 713 788 743 750 753 767 732 757 735 728 796 718 739 762 721
694 616 691 640 632 660 668 647 626 601 678 628 643 671 666 679 676 695 674 605 696 637 651 634 629 698 663 636 633 661 677 631 688 675 665 699 607 638 622 662 684 682 641 659 697 621 655 646 692 658 649 645 681 664 614 627 653 693 670 620 635 667 669 683 642 615
802
954
509 556 537 534 506 580 575 584 547 566 555 533 535 520 570 512 585 549 505 519 569 578 525 530 544 550 531 574 543 573 567 554 539 527 536 563 517 508 559 589 588 545 593 597 514 521 591 595 590 542 546 504 510 577 540 579 586 557 532 516 511 571 594 596 541 560 552 582 518 529 599
8
396 327 340 360 398 336 369 386 363 389 348 352 350 318 371 379 366 323 333 326 306 351 381 314 346 349 345 317 337 393 342 312 322 372 354 300 305 361 385 370 309 357 375 338 339 392 359 353 341 330 324 364 332 356 307 388 334 367 313 391 377 325 331 343 390 394 380 311
994
264
548
17
703
206
128
915
33
708
833
612
801
152
111
564
56
319
932
611
139
347
421
503
418
355
39
304
151
656
123
689
812
146
957
384
507
562
239
515
100
970
867
52
248
619
1
987
710
129
587
180
565
286
700
685
268
706
368
680
159
726
436
648
863
583
764
860
808
838
933
745
999
260
240
608
172
429
137
947
397
259
83
609
748
320
107
30
639
308
212
477
279
16
613
602
190
461
70
122
797
34
158
197
215
568
864
191
819
362
53
399
383
186
937
290
737
581
951
198
60
5
378
707
528
551
65
935
78
690
276
117
41
502
604
909
241
522
463
270
501
156
233
923
182
618
432
214
45
243
493
847
990
181
953
19
451
513
59
789
859
900
730
376
558
400
450
440
876
997
387
600
408
335
624
652
121
188
843
68
969
328
175
201
945
977
603
170
500
130
598
991
617
315
31
344
623
89
572
526
576
992
907
966
220
373
271
654
727
644
842
118
43
446
358
453
523
538
192
785
758
423
44
213
928
80
905
673
686
294
733
102
382
606
310
484
561
687
251
234
821
472
780
914
993
269
625
179
184
97
725
67
650
904
316
374
807
93
729
496
763
879
524
303
775
113
630
37
963
289
178
417
199
862
292
553
917
943
751
856
795
296
301
794
672
101
61
811
232
42
835
592
211
365
189
153
610
855
881
224
948
321
481
869
800
62
88
395
657
302
329
925
194
978
734
975
171