973
94 6 48 57 73 81 15 50 26 25 24 2 69 13 3 46 72 29 32 75 84 4 54 14 76 23 40 20 86 99 0 7 9 49 51 36 98 12 47 87 55 11 27 74 21 38 82 58 63 66 85 35 96 71 18 95 10 64 22 92 91 77 90 28 79
114
407 445 459 424 471 439 402 403 411 428 479 454 457 498 437 419 494 434 449 433 467 458 470 483 426 492 410 476 442 460 499 430 486 414 448 485 489 488 413 469 438 482 473 406 480 401 404 497 462 464 455 441 443 487 405 435 409 425 416 490 466 420 444 431 412 456 478 427 474 422 415 491 447 495 475 452 465 468
110
895 886 803 818 806 890 870 880 828 830 857 816 884 878 871 861 804 824 839 897 823 810 885 882 845 899 836 840 868 820 844 865 815 829 805 891 858 872 894 854 817 827 893 887 852 898 809 851 883 834 837 874 875 877 846 826 831 896 889 841 848 850 888 873 814 825 813 892 866 822 853 832 849
922 972 974 982 961 906 940 988 921 964 967 902 952 968 962 946 926 956 931 984 983 989 929 941 955 971 949 979 944 939 959 901 958 942 986 908 910 960 913 976 980 930 927 918 995 920 903 916 934 911 981 985 996 938 912 924 919 950 965 998 936
257 203 231 228 225 229 250 247 293 218 275 242 204 237 295 226 277 217 291 285 238 263 261 281 299 278 207 246 210 205 216 227 297 254 282 253 284 221 280 258 200 274 273 266 262 222 223 208 265 230 235 252 245 256 236 209 219 298 249 244 287 267 288 255 272 283 202
120 173 177 119 136 141 140 176 183 131 195 169 105 166 154 103 133 157 160 106 148 155 168 112 150 164 174 162 127 115 134 116 125 167 196 163 109 138 108 104 142 161 144 126 143 149 132 147 124 165 145 193 135 185
723 772 782 799 705 770 768 717 744 778 724 711 749 777 779 715 753 781 776 792 762 798 736 701 788 787 746 747 718 791 773 732 735 783 712 750 738 786 716 739 721 760 766 709 784 774 769 741 759 743 767 713 702 731 728 761 742 793 720 719 714 756 771 757 704 796 722 755 790 765 740 752 754
641 692 675 693 660 664 694 695 674 642 677 616 635 659 679 646 670 643 676 665 683 669 697 631 658 632 667 601 634 645 691 662 622 661 615 647 698 636 671 678 651 627 605 699 696 666 621 637 629 688 668 681 684 614 638 655 653 626 682 607 620 649 633 663 628 640
802
954
579 506 504 546 508 533 543 520 578 563 511 540 527 571 554 505 585 580 577 510 549 542 594 591 589 567 566 584 536 559 560 597 539 588 544 519 514 570 557 550 552 555 574 525 516 518 573 530 531 529 593 599 541 509 512 586 575 521 545 535 569 517 590 582 532 556 537 534 595 547 596
8
346 300 375 312 333 377 314 360 326 388 359 356 370 361 330 353 339 338 369 322 352 323 311 305 393 357 392 364 354 343 398 372 325 340 351 386 345 327 342 379 366 389 317 309 331 307 324 318 385 367 391 380 349 341 336 396 371 337 390 313 363 348 394 332 350 306 334 381
994
264
548
17
703
206
128
915
33
708
833
612
801
152
111
564
56
319
932
611
139
347
421
503
418
355
39
304
151
656
123
689
812
146
957
384
507
562
239
515
100
970
867
52
248
619
1
987
710
129
587
180
565
286
700
685
268
706
368
680
159
726
436
648
863
583
764
860
808
838
933
745
999
260
240
608
172
429
137
947
397
259
83
609
748
320
107
30
639
308
212
477
279
16
613
602
190
461
70
122
797
34
158
197
215
568
864
191
819
362
53
399
383
186
937
290
737
581
951
198
60
5
378
707
528
551
65
935
78
690
276
117
41
502
604
909
241
522
463
270
501
156
233
923
182
618
432
214
45
243
493
847
990
181
953
19
451
513
59
789
859
900
730
376
558
400
450
440
876
997
387
600
408
335
624
652
121
188
843
68
969
328
175
201
945
977
603
170
500
130
598
991
617
315
31
344
623
89
572
526
576
992
907
966
187
220
373
271
654
727
644
842
118
43
446
358
453
523
538
192
785
758
423
44
213
928
80
905
673
686
294
733
102
382
606
310
484
561
687
251
234
821
472
780
914
993
269
625
179
184
97
725
67
650
904
316
374
807
93
729
496
763
879
524
303
775
113
630
37
963
289
178
417
199
862
292
553
917
943
751
856
795
296
301
794
672
101
61
811
232
42
835
592
211
365
189
153
610
855
881
224
948
321
481
869
800
62
88
395
657
302
329
925
194
978
734
975
171