973
38 64 32 25 63 71 94 90 55 27 72 69 99 23 58 21 10 35 15 92 7 0 54 98 91 11 49 87 57 66 96 24 22 4 36 6 51 86 40 74 46 28 85 29 73 47 77 84 2 3 81 12 48 82 18 20 95 14 79 75 26 9 13 50 76
114
404 407 413 480 428 468 499 471 438 465 494 498 426 485 406 420 469 422 437 401 478 405 479 457 482 447 492 467 497 414 425 427 459 475 483 489 441 486 449 487 444 439 410 488 424 474 458 430 416 456 473 448 443 464 412 495 434 419 433 490 460 470 402 476 411 462 431 466 491 409 442 415 403 445 452 455 435
110
874 857 891 834 818 882 841 885 892 810 893 899 815 890 814 837 896 858 846 836 828 825 845 877 813 829 866 830 873 803 868 889 883 827 895 853 878 898 823 888 844 831 839 849 887 865 850 880 817 854 872 832 806 848 875 884 824 871 826 822 861 820 886 804 840 852 870 816 897 894 851 809 805
959 980 950 924 982 981 988 929 922 910 911 920 901 974 942 962 960 912 949 941 967 968 931 921 971 944 903 916 983 985 919 939 998 955 986 927 956 996 989 913 926 930 936 961 965 995 964 979 972 918 940 934 976 908 902 952 984 938 906 958 946
228 202 274 284 299 297 252 221 210 205 238 263 246 208 256 247 281 272 230 229 219 255 204 209 277 282 258 236 227 261 244 242 249 265 273 223 287 254 262 207 280 250 285 298 225 216 266 275 278 218 293 200 237 253 245 203 283 226 257 235 288 231 295 217 222 267 291
183 145 166 161 167 162 196 106 105 149 154 124 165 134 136 143 195 125 138 142 177 135 131 163 185 160 140 133 176 169 173 150 108 119 127 103 193 116 147 168 141 112 120 132 148 115 155 109 104 164 157 174 144 126
768 746 722 788 709 757 721 749 704 773 741 714 723 762 798 760 792 743 767 740 752 744 755 732 790 766 791 770 787 713 774 772 799 782 759 776 778 728 765 724 719 796 739 712 747 777 720 715 761 771 742 701 793 735 702 753 769 731 783 784 779 750 756 717 718 736 705 716 754 781 738 786 711
638 682 658 633 699 621 629 645 665 659 616 601 637 662 697 677 636 620 668 661 681 626 649 674 634 676 666 641 646 670 667 614 607 615 631 675 692 605 696 679 635 695 647 655 622 664 663 678 684 671 628 640 669 691 683 698 642 688 632 651 660 643 693 627 694 653
802
954
549 555 588 505 506 517 569 541 567 540 525 571 556 560 521 508 547 539 594 512 585 535 582 518 509 559 566 520 597 563 519 531 516 589 511 574 550 557 577 570 534 510 596 586 578 542 584 591 595 537 529 532 575 593 533 599 504 545 546 552 530 543 590 579 544 573 580 554 514 536 527
8
337 305 363 338 346 359 345 322 385 327 340 318 332 325 377 389 333 342 349 369 371 330 356 379 343 324 307 375 360 331 341 309 350 339 353 392 314 357 313 354 348 317 388 311 312 391 372 364 398 370 380 336 306 393 390 361 366 386 367 326 394 300 396 352 381 351 334 323
994
264
548
17
703
206
128
915
33
708
833
612
801
152
111
564
56
319
932
611
139
347
421
503
418
355
39
304
151
656
123
689
812
146
957
384
507
562
239
515
100
970
867
52
248
619
1
987
710
129
587
180
565
286
700
685
268
706
368
680
159
726
436
648
863
583
764
860
808
838
933
745
999
260
240
608
172
429
137
947
397
259
83
609
748
320
107
30
639
308
212
477
279
16
613
602
190
461
70
122
797
34
158
197
215
568
864
191
819
362
53
399
383
186
937
290
737
581
951
198
60
5
378
707
528
551
65
935
78
690
276
117
41
502
604
909
241
522
463
270
501
156
233
923
182
618
432
214
45
243
493
847
990
181
953
19
451
513
59
789
859
900
730
376
558
400
450
440
876
997
387
600
408
335
624
652
121
188
843
68
969
328
175
201
945
977
603
170
500
130
598
991
617
315
31
344
623
89
572
526
576
992
907
966
187
220
373
271
654
727
644
842
118
43
446
358
453
523
538
192
785
758
423
44
213
928
80
905
673
686
294
733
102
382
606
310
484
561
687
251
234
821
472
780
914
993
269
625
179
184
97
725
67
650
904
316
374
807
93
729
496
763
879
524
303
775
113
630
37
963
289
178
417
199
862
292
553
917
454
943
751
856
795
296
301
794
672
101
61
811
232
42
835
592
211
365
189
153
610
855
881
224
948
321
481
869
800
62
88
395
657
302
329
925
194
978
734
975
171