973
9 10 75 40 48 95 7 26 79 27 50 6 36 4 35 51 38 32 85 14 20 98 72 28 87 81 77 94 66 91 54 69 92 15 3 25 58 64 24 29 96 73 82 23 90 71 57 12 74 55 99 63 11 84 76 0 13 86 18 46 49 47 21 2 22
114
465 428 483 439 403 407 471 411 480 406 437 402 413 409 485 414 490 468 433 419 470 445 438 442 492 435 448 476 401 404 444 482 458 456 412 486 498 467 494 443 499 431 422 462 497 424 425 457 441 430 434 489 420 491 447 405 464 427 478 426 479 449 488 452 475 410 495 487 415 469 459 455 460 416 473 474 466
110
805 806 889 878 827 826 822 834 832 898 836 894 848 851 858 870 815 874 872 891 823 818 820 853 895 886 873 837 871 803 899 884 809 830 814 810 804 813 877 849 817 880 883 824 845 852 893 885 875 844 840 897 866 854 825 861 888 828 816 868 841 850 890 882 857 831 892 865 846 887 829 896 839
971 995 960 921 996 942 939 949 955 920 918 936 934 983 981 962 985 940 974 979 944 910 927 989 941 956 952 919 968 908 976 902 946 924 903 998 958 912 965 916 984 959 980 961 926 922 988 964 929 986 967 901 938 972 930 906 931 950 911 982 913
291 299 237 242 255 200 257 254 231 274 272 256 262 278 235 219 207 230 280 204 222 225 229 210 297 217 293 285 250 226 266 281 246 283 221 216 202 287 218 247 228 227 253 261 282 284 245 258 275 265 252 205 273 298 295 288 208 238 267 277 244 236 223 203 263 209 249
143 168 138 185 133 135 148 131 105 120 149 115 145 162 144 161 132 124 165 103 169 163 176 174 116 196 195 155 157 164 106 119 125 112 173 150 141 126 167 142 147 136 127 154 140 109 108 104 177 160 134 166 193 183
731 790 732 747 712 743 715 724 796 798 754 793 765 766 719 782 742 717 716 701 762 713 783 752 781 728 738 746 771 791 704 787 736 769 711 741 784 773 778 709 786 714 750 735 720 768 761 749 744 739 740 770 772 767 753 755 760 779 756 702 757 788 792 774 705 777 776 723 718 799 722 721
615 626 633 662 676 634 695 666 638 647 640 699 655 665 649 616 643 684 658 664 683 693 681 696 682 620 637 622 670 668 601 667 660 691 636 621 677 645 627 694 675 674 659 669 635 697 663 628 607 614 631 641 653 679 692 646 671 678 688 605 661 629 642 698 632 651
802
954
512 531 575 536 554 585 580 560 517 519 556 594 584 525 547 563 521 591 590 546 577 543 511 527 514 539 541 518 532 530 574 516 540 597 545 570 573 550 504 549 582 559 596 579 593 537 589 520 567 508 578 529 505 542 506 555 533 569 534 510 544 571 599 535 509 586 588 566 595 552 557
8
367 336 390 363 337 322 391 371 313 326 312 366 339 364 377 354 343 394 300 357 340 369 385 314 318 333 393 380 341 323 375 309 360 356 350 327 331 332 317 307 359 381 334 306 370 389 325 330 348 305 353 361 346 388 396 338 349 386 379 345 351 324 392 342 352 398 311 372
994
264
548
17
703
206
128
915
33
708
833
612
801
152
111
564
56
319
932
611
139
347
421
503
418
355
39
304
151
656
123
689
812
146
957
384
507
562
239
515
100
970
867
52
248
619
1
987
710
129
587
180
565
286
700
685
268
706
368
680
159
726
436
648
863
583
764
860
808
838
933
745
999
260
240
608
172
429
137
947
397
259
83
609
748
320
107
30
639
308
212
477
279
16
613
602
190
461
70
122
797
34
158
759
197
215
568
864
191
819
362
53
399
383
186
937
290
737
581
951
198
60
5
378
707
528
551
65
935
78
690
276
117
41
502
604
909
241
522
463
270
501
156
233
923
182
618
432
214
45
243
493
847
990
181
953
19
451
513
59
789
859
900
730
376
558
400
450
440
876
997
387
600
408
335
624
652
121
188
843
68
969
328
175
201
945
977
603
170
500
130
598
991
617
315
31
344
623
89
572
526
576
992
907
966
187
220
373
271
654
727
644
842
118
43
446
358
453
523
538
192
785
758
423
44
213
928
80
905
673
686
294
733
102
382
606
310
484
561
687
251
234
821
472
780
914
993
269
625
179
184
97
725
67
650
904
316
374
807
93
729
496
763
879
524
303
775
113
630
37
963
289
178
417
199
862
292
553
917
454
943
751
856
795
296
301
794
672
101
61
811
232
42
835
592
211
365
189
153
610
855
881
224
948
321
481
869
800
62
88
395
657
302
329
925
194
978
734
975
171