973
14 40 27 6 98 90 75 23 79 58 91 13 87 47 71 22 74 99 35 85 94 10 92 38 77 82 54 55 12 81 73 66 18 69 96 21 11 50 72 9 95 48 36 0 25 2 29 20 26 84 7 63 46 32 76 15 64 51 4 86 57 49 28 24 3
114
420 462 404 402 448 439 437 430 445 498 414 442 482 473 492 428 426 444 468 458 447 457 456 406 499 411 413 407 483 416 415 410 425 427 465 489 475 466 438 409 443 471 486 422 464 478 497 470 441 459 474 433 469 435 405 491 452 419 460 412 467 494 495 455 480 490 488 487 403 401 479 449 424 434 476 431 485
110
818 857 852 826 820 886 839 850 825 806 887 854 896 827 824 897 874 803 871 848 841 878 845 844 815 828 895 832 814 810 877 813 884 894 805 870 882 861 891 809 834 823 885 865 890 873 853 830 829 804 816 888 858 893 892 849 868 817 836 889 851 872 840 837 880 866 898 846 899 822 875 831 883
958 931 906 962 988 952 940 934 936 939 913 908 949 976 971 946 967 950 927 941 929 938 916 965 986 918 944 910 983 982 959 912 920 984 902 924 981 980 930 961 956 911 955 968 989 903 979 901 960 964 922 919 998 972 996 942 974 926 921 985 995
225 249 210 231 278 299 283 250 208 298 277 209 266 282 235 293 253 261 244 262 207 217 284 242 287 219 252 263 238 236 246 228 257 291 295 226 203 223 281 273 297 237 245 205 256 216 265 280 227 202 258 247 230 274 221 222 275 267 200 229 218 255 288 204 285 272
132 108 120 126 124 169 183 154 173 134 165 157 167 135 177 168 195 115 185 140 127 136 103 196 155 144 119 112 105 162 143 160 106 150 142 138 145 163 166 104 193 141 131 149 164 116 176 133 125 147 174 148 109 161
743 732 742 754 798 799 744 719 770 779 722 765 740 768 773 774 716 752 747 711 735 714 720 787 782 717 796 736 755 761 728 762 776 715 766 756 788 783 777 793 712 746 701 709 713 772 741 760 721 750 769 718 724 757 739 705 771 749 702 704 790 781 731 791 767 753 786 738 784 723 778 792
634 629 615 628 667 655 674 660 679 649 684 621 681 640 627 668 632 636 695 601 665 622 616 633 658 688 641 664 669 694 607 697 635 699 646 676 661 691 677 683 645 693 663 692 682 605 637 659 631 696 675 666 678 642 626 653 643 647 698 614 638 670 620 671 662 651
802
954
569 575 577 571 589 543 505 574 567 582 552 545 580 584 579 531 570 540 546 529 593 506 520 555 556 519 560 590 530 536 594 508 544 550 559 563 504 527 542 541 599 517 586 597 521 510 512 566 554 549 578 525 535 595 514 518 547 573 585 509 539 533 532 511 516 537 534 557 596 588 591
8
380 312 324 363 357 345 330 350 359 356 311 364 351 341 381 375 339 300 390 348 337 352 366 305 338 394 391 332 386 333 322 360 336 346 379 306 327 349 369 318 309 372 370 367 314 354 342 393 334 340 317 396 371 377 353 398 389 385 307 313 325 361 392 343 388 323 326 331
994
264
548
17
703
206
128
915
33
708
833
612
801
152
111
564
56
319
932
611
139
347
421
503
418
355
39
304
151
656
123
689
812
146
957
384
507
562
239
515
100
970
867
52
248
619
254
1
987
710
129
587
180
565
286
700
685
268
706
368
680
159
726
436
648
863
583
764
860
808
838
933
745
999
260
240
608
172
429
137
947
397
259
83
609
748
320
107
30
639
308
212
477
279
16
613
602
190
461
70
122
797
34
158
759
197
215
568
864
191
819
362
53
399
383
186
937
290
737
581
951
198
60
5
378
707
528
551
65
935
78
690
276
117
41
502
604
909
241
522
463
270
501
156
233
923
182
618
432
214
45
243
493
847
990
181
953
19
451
513
59
789
859
900
730
376
558
400
450
440
876
997
387
600
408
335
624
652
121
188
843
68
969
328
175
201
945
977
603
170
500
130
598
991
617
315
31
344
623
89
572
526
576
992
907
966
187
220
373
271
654
727
644
842
118
43
446
358
453
523
538
192
785
758
423
44
213
928
80
905
673
686
294
733
102
382
606
310
484
561
687
251
234
821
472
780
914
993
269
625
179
184
97
725
67
650
904
316
374
807
93
729
496
763
879
524
303
775
113
630
37
963
289
178
417
199
862
292
553
917
454
943
751
856
795
296
301
794
672
101
61
811
232
42
835
592
211
365
189
153
610
855
881
224
948
321
481
869
800
62
88
395
657
302
329
925
194
978
734
975
171