973
99 69 23 40 12 81 74 0 84 82 49 10 57 7 72 71 11 21 48 96 85 14 24 92 2 98 35 79 28 63 95 91 46 26 76 64 73 29 32 54 94 58 66 13 9 87 25 77 20 75 47 51 38 27 22 4 3 50 86 36 6 18 15 90 55
114
456 410 497 482 489 448 439 444 416 434 406 405 480 404 433 457 485 476 420 428 470 495 401 486 498 438 426 487 460 447 403 475 407 419 462 409 492 452 455 466 424 467 425 402 494 479 437 483 431 458 449 469 445 411 422 441 490 474 478 435 459 430 464 443 465 415 442 414 471 468 413 491 499 427 488 412 473
110
837 829 884 871 878 894 872 828 868 858 852 851 896 891 880 848 832 853 825 844 809 874 820 857 854 877 813 846 818 834 839 888 865 886 816 845 804 806 822 824 850 897 873 815 849 889 870 887 861 899 803 810 827 817 890 840 885 895 826 814 883 823 882 841 898 830 892 893 805 875 836 831 866
986 938 936 964 995 930 931 901 980 942 998 989 956 934 949 922 920 979 985 940 962 950 913 927 971 967 926 919 946 961 958 983 924 960 955 982 918 959 976 941 944 911 988 968 902 921 965 910 903 939 996 929 984 908 916 972 906 952 974 981 912
297 291 237 256 209 246 266 222 217 265 258 273 261 235 203 247 208 267 204 210 245 236 231 285 280 253 200 284 221 252 242 299 298 225 205 275 281 288 277 255 216 262 202 226 207 263 274 218 283 228 219 250 230 238 244 257 278 282 287 229 249 227 295 272 293 223
155 115 124 136 177 144 165 126 168 112 119 145 131 174 142 193 173 157 161 167 105 150 141 195 109 135 108 183 176 149 147 125 138 120 164 196 127 104 154 132 169 160 143 103 140 163 106 116 162 134 133 148 166 185
778 722 784 740 741 711 738 714 716 781 732 792 712 701 736 790 721 776 718 799 782 705 767 743 777 773 796 770 713 755 709 760 744 771 746 749 783 753 747 786 787 798 766 754 702 715 765 762 731 719 761 704 728 788 757 739 752 742 735 774 793 769 724 779 768 772 791 723 720 717 756 750
616 627 620 655 635 605 642 675 659 660 629 665 607 669 646 663 637 661 668 666 692 671 640 697 615 684 676 682 636 677 688 633 643 647 651 683 641 632 695 662 674 626 694 601 670 634 638 693 649 699 691 679 698 645 614 658 681 628 667 678 621 631 653 622 696
802
954
506 579 509 560 556 589 549 541 505 593 518 554 508 520 569 559 596 582 584 588 516 536 542 510 539 532 511 599 543 555 552 586 521 525 547 534 585 591 567 546 537 512 535 578 530 540 544 517 577 533 557 566 529 527 563 550 519 531 545 590 594 575 595 570 573 597 574 514 580 571 504
8
375 398 338 379 356 336 369 342 350 349 311 327 343 300 370 380 324 341 330 364 314 305 385 388 307 381 345 377 313 332 372 394 323 353 386 340 309 339 331 390 346 325 337 322 317 333 396 354 306 360 357 363 371 389 348 318 334 391 366 361 359 392 367 312 393 326 352 351
994
264
548
17
703
206
128
915
33
708
833
612
801
152
111
564
56
319
932
611
139
347
421
503
418
355
39
304
151
656
123
689
812
146
957
384
507
562
239
515
100
970
867
52
248
619
254
1
987
710
129
587
180
565
286
700
685
268
706
368
680
159
726
436
648
863
583
764
860
808
838
933
745
999
260
240
608
172
429
137
947
397
259
83
609
748
320
107
30
639
308
212
477
279
16
613
602
190
461
70
122
797
34
158
759
197
215
568
864
191
819
362
53
399
383
186
937
290
737
581
951
198
60
5
664
378
707
528
551
65
935
78
690
276
117
41
502
604
909
241
522
463
270
501
156
233
923
182
618
432
214
45
243
493
847
990
181
953
19
451
513
59
789
859
900
730
376
558
400
450
440
876
997
387
600
408
335
624
652
121
188
843
68
969
328
175
201
945
977
603
170
500
130
598
991
617
315
31
344
623
89
572
526
576
992
907
966
187
220
373
271
654
727
644
842
118
43
446
358
453
523
538
192
785
758
423
44
213
928
80
905
673
686
294
733
102
382
606
310
484
561
687
251
234
821
472
780
914
993
269
625
179
184
97
725
67
650
904
316
374
807
93
729
496
763
879
524
303
775
113
630
37
963
289
178
417
199
862
292
553
917
454
943
751
856
795
296
301
794
672
101
61
811
232
42
835
592
211
365
189
153
610
855
881
224
948
321
481
869
800
62
88
395
657
302
329
925
194
978
734
975
171