932 905 981 986 938 908 942 935 929 954 918 948 913 914 907 988 965 939 909 924 947 982 991 901 945 917 955 912 987 980 928 953 990 949 916 977 934 970 974 933 962 902 952 972 923 971 985 940 922 961 951 937 931 930 941 950 927 920 943 906 956 989 983 966 994 996 999 946 915 903 967 973 904 925 926 960 959 984 921 976 969 997 968 979 911 998 944 964 978 995 936 963 975 910 958 957 992 919 993
11 35 76 38 13 92 50 7 32 57 17 61 21 24 56 89 23 2 79 19 44 5 15 91 43 51 71 69 3 80 45 29 49 37 16 25 94 87 86 66 6 74 72 52 33 97 70 18 55 48 77 41 31 95 27 83 47 62 58 8 75 12 20 85 68 59 82 81 88 93 54 60 14 0 53 46 73 22 36 64 67 65 42 96 10 78 90 84 63 28 4 40 98 9 30 34 26 99 39
142 168 102 176 152 181 190 166 156 189 133 121 177 188 108 129 145 184 128 197 131 122 171 180 114 182 132 139 124 169 115 137 172 120 155 186 106 183 100 123 167 146 173 199 138 165 116 178 117 149 104 113 164 198 185 111 141 107 163 192 119 193 161 134 187 160 140 195 112 174 153 135 154 144 191 157 162 110 130 148 147 126 194 175 170 179 196 125 103 127 143 109 136 118 150 105
467 478 432 409 420 489 457 451 421 418 483 415 454 496 433 458 407 481 484 427 495 468 464 447 466 473 472 444 419 446 442 426 414 479 422 492 460 488 469 462 494 438 487 470 436 456 497 417 424 459 482 429 440 435 410 445 475 477 434 404 452 453 405 430 463 498 439 443 493 474 416 413 425 428 450 403 490 423 402 408 411 480 455 465 476 491 431 486 412 471 461 441 406 499 401 437 449 485 448
841 860 832 836 898 868 884 896 813 806 888 880 853 839 818 827 864 835 893 816 821 879 846 885 894 863 803 873 824 852 865 800 861 867 805 882 890 807 826 819 823 845 833 857 878 844 809 842 872 869 849 843 828 866 891 834 808 874 862 881 840 814 848 897 886 804 811 877 892 847 856 883 822 855 837 854 870 871 838 887 820 829 825 850 895 817 899 875 815 859 830 812 810 858 831 889 876 851
270 290 211 233 222 207 259 298 241 288 212 263 253 278 295 283 235 264 214 284 268 239 208 254 247 293 296 282 202 245 200 286 225 244 217 218 299 289 269 277 232 231 285 220 274 236 273 204 227 234 246 209 229 262 292 261 266 287 250 281 224 297 243 267 223 242 228 275 258 272 238 221 294 279 280 226 219 230 203 215 249 256 216 255 205 206 210 248 276 257 291 252 265 251 213 237 240
744 752 740 782 766 777 774 755 788 783 742 784 767 730 710 798 786 702 747 746 781 750 768 778 718 789 734 792 791 721 733 780 769 731 785 762 772 704 737 796 749 722 760 716 794 732 738 771 797 754 701 763 790 764 779 711 745 765 787 775 751 739 758 719 707 729 728 714 773 753 761 724 713 725 757 741 756 720 743 705 709 703 770 708 748 735 759 776 717 793 799 795 723 712 736 715
673 680 624 692 661 696 693 691 614 671 633 648 689 662 688 682 677 605 685 686 675 639 678 628 676 636 663 643 629 683 690 617 627 609 616 646 640 601 620 650 659 621 625 647 674 699 604 631 669 635 695 642 610 615 665 645 684 651 672 668 660 618 655 681 666 652 656 653 698 608 622 657 606 649 654 637 626 670 658 694 602 667 613 697 638 611 603 612 687 632 664 641 679 634 607 630 623 644
802
582 552 510 599 527 564 561 566 505 521 504 531 590 507 549 543 557 546 559 525 585 586 513 556 518 532 565 538 514 554 515 501 508 547 529 580 569 583 548 545 575 530 594 597 568 526 553 562 512 533 570 560 523 506 589 579 534 509 522 535 542 539 573 516 567 588 541 537 517 544 584 551 581 571 520 536 574 555 578 596 576 591 563 550 595 593 598 577 587 558 502 540 503 592 519 528 511 524
365 344 325 386 326 317 396 340 362 357 398 311 390 368 349 366 335 330 354 320 331 304 355 361 300 309 377 397 345 318 328 346 384 382 387 379 321 352 324 378 381 333 353 308 336 334 315 306 305 350 370 312 369 358 323 332 392 363 307 322 394 393 371 343 367 348 385 338 337 302 395 341 347 373 383 391 319 342 329 360 314 313 389 375 339 303 356 376 364 359 399 351 310 372 380 388 327
801
151
619
1
700
706
159
726
260
158
900
400
600
201
500
572
271
727
316
374
301
101