973
40 29 21 76 63 55 9 77 2 72 12 3 79 26 46 50 15 69 10 54 66 84 92 6 38 95 74 64 87 24 86 20 96 51 57 25 14 99 35 90 13 11 0 73 91 28 27 36 47 94 4 81 75 49 98 48 58 18 22 85 82 32 71 7 23
114
426 438 402 439 482 494 414 497 469 416 456 448 404 424 478 466 412 460 431 430 427 467 465 444 485 486 491 422 490 410 415 443 442 483 468 409 452 401 449 479 437 458 435 411 470 499 403 498 445 413 488 434 425 419 406 475 487 480 441 457 455 433 474 476 471 492 459 473 495 447 405 464 462 489 428 407 420
110
817 845 870 888 818 877 882 851 813 884 849 896 826 874 816 822 887 840 839 857 805 895 861 868 858 824 852 883 841 854 825 891 885 830 850 865 898 875 872 806 810 831 814 866 897 823 892 832 815 871 889 878 894 880 829 853 899 809 836 893 827 820 834 844 873 886 848 828 837 846 803 890 804
903 901 965 922 958 919 964 984 930 913 906 976 936 982 910 996 985 998 972 918 983 962 939 921 974 940 952 960 912 920 938 988 944 924 929 995 986 931 926 959 989 961 968 908 942 955 971 950 902 941 916 967 911 949 981 946 927 956 979 980 934
208 218 202 236 200 262 298 216 265 261 207 295 252 210 285 284 230 273 293 280 250 237 278 223 267 257 297 281 204 222 277 205 238 275 282 272 299 249 228 253 229 203 258 217 288 255 226 246 225 219 227 287 242 235 209 245 266 283 221 263 231 291 247 256 274
149
761 757 702 731 713 788 712 766 787 721 791 772 752 777 779 762 719 741 783 778 770 782 736 786 799 717 767 709 793 781 798 768 776 784 760 740 718 773 771 722 754 746 765 701 753 747 774 755 744 790 716 756 743 739 796 705 749 728 711 724 750 738 715 792 723 704 720 769 742 735 714 732
167 173 125 133 144 127 164 169 166 176 161 106 183 109 148 126 162 154 124 138 143 115 120 140 147 134 112 135 132 136 104 116 142 168 108 165 141 163 105 150 157 145 193 103 185 195 131 196 177 155 119 160 174
633 665 668 692 653 683 647 645 697 631 626 601 678 627 699 662 681 628 676 636 643 635 629 696 691 663 605 682 622 666 646 640 684 637 658 669 698 661 679 659 642 693 616 651 667 649 694 620 671 660 677 674 641 655 632 615 607 675 634 670 621 614 688 695 638
802
954
560 516 566 520 529 591 517 533 532 550 563 593 555 547 534 535 549 521 539 541 536 577 512 575 506 556 574 531 510 599 519 589 509 579 585 597 505 525 544 584 582 542 518 514 578 573 594 580 546 595 596 545 586 571 569 559 554 537 508 530 552 527 504 540 511 557 590 588 543 570 567
8
342 351 309 306 324 390 338 332 327 396 385 341 350 377 372 389 330 371 392 381 300 313 339 348 322 379 336 393 369 318 366 370 346 331 326 388 363 375 312 307 398 352 386 364 323 314 380 361 317 356 333 340 394 337 305 354 325 349 345 359 357 353 311 391 367 343 360 334
994
264
548
17
703
206
128
915
33
708
833
612
801
152
111
564
56
319
932
611
139
347
421
503
418
355
39
304
151
656
123
689
812
146
957
384
507
562
239
515
100
970
867
52
248
619
254
1
987
710
129
587
180
565
286
700
685
268
706
368
680
159
726
436
648
863
583
764
860
808
838
933
745
999
260
240
608
172
429
137
947
397
259
83
609
748
320
107
30
639
308
212
477
279
16
613
602
190
461
70
122
797
34
158
759
197
215
568
864
191
819
362
53
399
383
186
937
290
737
581
951
198
60
5
664
378
707
528
551
65
935
78
690
276
117
41
502
604
909
241
522
463
270
501
156
233
923
182
618
432
214
45
243
493
847
990
181
953
19
451
513
59
789
859
900
730
376
558
400
244
450
440
876
997
387
600
408
335
624
652
121
188
843
68
969
328
175
201
945
977
603
170
500
130
598
991
617
315
31
344
623
89
572
526
576
992
907
966
187
220
373
271
654
727
644
842
118
43
446
358
453
523
538
192
785
758
423
44
213
928
80
905
673
686
294
733
102
382
606
310
484
561
687
251
234
821
472
780
914
993
269
625
179
184
97
725
67
650
904
316
374
807
93
729
496
763
879
524
303
775
113
630
37
963
289
178
417
199
862
292
553
917
454
943
751
856
795
296
301
794
672
101
61
811
232
42
835
592
211
365
189
153
610
855
881
224
948
321
481
869
800
62
88
395
657
302
329
925
194
978
734
975
171