973
77 2 23 26 10 95 84 63 14 27 0 7 46 25 13 99 48 74 22 72 50 86 18 24 73 92 49 12 98 40 55 21 57 54 76 15 20 35 81 38 36 96 29 85 64 3 66 9 32 47 91 6 51 79 58 69 28 82 90 11 71 75 4 94 87
114
439 491 435 420 452 403 480 437 447 402 415 443 489 428 424 457 456 458 467 416 448 473 475 482 434 462 464 449 492 471 465 478 413 411 404 455 488 406 497 474 499 487 438 442 498 469 466 468 422 431 405 459 412 401 426 490 445 460 476 485 470 441 419 407 409 495 430 425 486 483 410 479 494 427 444 414 433
110
846 890 868 827 891 874 873 892 824 865 870 866 836 814 837 830 872 849 841 803 886 896 899 832 844 871 839 858 845 828 884 806 853 888 825 809 854 898 875 831 810 878 895 829 857 826 889 823 880 834 822 852 851 897 816 883 815 804 894 848 877 813 817 893 840 818 805 820 882 885 850 861 887
962 984 998 901 930 996 906 924 922 918 979 912 958 931 955 921 938 983 929 985 995 972 920 908 965 949 959 941 939 950 986 961 926 927 936 989 967 916 971 964 952 988 981 942 956 913 960 940 919 910 968 911 974 980 934 982 902 976 946 944 903
277 245 257 285 221 228 242 283 217 210 291 229 282 256 281 272 247 267 219 216 274 250 298 299 203 287 258 235 202 207 297 265 246 284 238 209 255 288 261 293 280 263 200 225 236 278 230 226 205 262 223 275 249 227 237 252 295 208 218 222 266 231 253 273 204
149
704 752 790 711 778 713 739 721 761 784 788 799 719 716 722 735 771 724 767 717 736 742 770 749 777 714 787 772 798 757 786 744 781 723 774 750 747 766 773 741 768 793 715 791 712 783 731 709 769 762 776 754 782 753 746 765 743 702 779 732 738 755 740 792 701 718 720 728 760 705 796 756
140 166 126 135 125 167 131 144 154 132 174 177 161 160 168 163 138 115 164 162 112 116 145 147 141 169 133 120 196 104 193 150 183 157 127 134 103 195 185 108 173 136 165 106 109 119 155 148 124 176 142 143 105
681 631 688 667 628 632 620 601 661 677 635 627 607 693 646 660 682 626 645 616 674 640 637 638 642 679 683 670 694 669 666 663 615 621 633 698 659 647 691 696 678 671 622 695 643 699 675 655 658 649 653 692 614 641 605 684 668 629 665 636 697 662 634 651 676
802
954
577 520 508 544 518 540 511 542 555 519 546 550 585 569 535 563 590 586 566 539 580 532 571 525 582 516 549 589 527 541 556 559 596 593 595 504 530 505 567 506 573 574 547 594 557 591 578 534 536 588 560 584 529 543 570 512 510 509 552 514 517 531 575 521 554 537 545 533 579 599
8
318 327 380 369 323 377 389 375 346 385 332 322 333 331 314 372 324 381 349 307 345 363 317 309 356 393 306 334 388 350 312 341 366 392 398 361 390 370 396 371 364 337 338 391 379 367 348 336 352 340 300 353 313 386 394 339 343 330 351 311 360 354 359 357 326 305 325 342
994
264
548
17
703
206
128
915
33
708
833
612
801
152
111
564
56
319
932
611
139
347
421
503
418
355
39
304
151
656
123
689
812
146
957
384
507
562
239
515
100
970
867
52
248
619
254
1
987
710
129
587
180
565
286
700
685
268
706
368
597
680
159
726
436
648
863
583
764
860
808
838
933
745
999
260
240
608
172
429
137
947
397
259
83
609
748
320
107
30
639
308
212
477
279
16
613
602
190
461
70
122
797
34
158
759
197
215
568
864
191
819
362
53
399
383
186
937
290
737
581
951
198
60
5
664
378
707
528
551
65
935
78
690
276
117
41
502
604
909
241
522
463
270
501
156
233
923
182
618
432
214
45
243
493
847
990
181
953
19
451
513
59
789
859
900
730
376
558
400
244
450
440
876
997
387
600
408
335
624
652
121
188
843
68
969
328
175
201
945
977
603
170
500
130
598
991
617
315
31
344
623
89
572
526
576
992
907
966
187
220
373
271
654
727
644
842
118
43
446
358
453
523
538
192
785
758
423
44
213
928
80
905
673
686
294
733
102
382
606
310
484
561
687
251
234
821
472
780
914
993
269
625
179
184
97
725
67
650
904
316
374
807
93
729
496
763
879
524
303
775
113
630
37
963
289
178
417
199
862
292
553
917
454
943
751
856
795
296
301
794
672
101
61
811
232
42
835
592
211
365
189
153
610
855
881
224
948
321
481
869
800
62
88
395
657
302
329
925
194
978
734
975
171