973
18 95 0 24 79 38 98 48 87 90 2 14 77 85 71 25 63 11 81 20 69 57 55 4 29 26 46 7 15 47 86 40 32 3 49 50 75 13 22 96 91 72 94 27 73 23 99 82 84 6 92 9 51 74 12 66 36 10 64 54 35 21 76 28
114
414 448 409 474 470 403 444 431 492 411 455 433 457 415 483 499 425 488 471 469 434 443 402 413 486 491 419 420 467 416 428 404 462 438 487 427 479 475 435 485 498 468 412 410 497 452 405 473 439 426 445 495 447 460 490 482 442 465 430 494 456 406 464 458 476 424 489 401 441 480 449 478 459 407 466 437 422
110
816 893 831 890 841 888 827 848 809 837 866 828 887 892 804 853 895 858 824 852 850 823 882 815 834 897 822 814 865 877 825 883 851 806 870 886 871 839 810 875 868 873 872 874 861 898 884 836 832 880 889 803 818 899 840 826 878 845 820 813 846 829 894 891 844 805 885 830 896 817 849 854
984 920 946 929 974 971 919 938 967 968 958 956 934 910 996 981 941 972 924 952 931 944 976 926 960 988 902 903 959 998 989 983 918 965 961 985 939 942 995 964 950 980 930 927 901 962 982 922 916 908 912 913 955 949 906 979 940 921 936 911 986
210 209 277 265 283 288 226 200 281 266 273 236 299 255 275 231 278 229 237 227 298 221 293 263 205 284 267 258 222 245 297 280 291 219 295 249 203 256 204 287 230 217 207 242 274 282 262 247 216 246 235 261 202 250 257 218 238 225 228 253 208 285 223 252 272
149
718 750 744 790 778 722 765 731 740 779 732 769 719 766 761 739 705 752 799 701 774 776 714 749 738 743 713 720 762 768 793 787 754 770 782 760 716 711 781 724 723 791 773 757 717 786 788 756 784 777 783 742 753 747 736 702 798 772 735 715 746 712 796 721 755 741 728 771 767 709 792 704
105 157 162 131 142 141 195 148 166 196 147 155 138 185 108 119 134 104 126 120 115 136 163 133 177 106 140 144 183 169 150 173 143 176 103 145 132 135 167 116 193 125 161 174 168 112 109 165 124 160 164 154 127
665 682 677 631 640 692 633 660 621 667 646 662 634 622 658 676 655 653 694 628 620 693 679 668 681 645 632 683 638 637 696 641 635 627 614 669 629 642 651 615 678 661 649 671 659 688 695 697 601 626 675 616 636 607 684 666 663 670 674 699 643 698 691 647 605
802
954
531 519 505 557 563 549 570 575 508 595 518 569 506 543 511 567 585 578 544 537 554 584 593 596 520 580 589 579 560 535 547 541 590 550 527 540 591 510 594 566 536 516 571 529 525 533 534 512 532 509 599 539 552 542 514 582 588 555 577 556 504 530 517 545 574 586 546 521 559 573
8
342 366 341 312 351 386 353 380 338 318 357 388 359 391 326 360 327 313 372 367 398 390 300 322 352 307 323 348 364 377 325 330 394 393 340 334 375 343 385 324 332 379 339 317 309 356 363 354 311 345 369 396 381 349 306 333 389 336 305 370 314 331 346 371 350 337 361 392
994
264
548
17
703
206
128
915
33
708
833
612
801
152
111
564
56
319
932
611
139
347
421
503
418
355
39
304
151
656
123
689
812
146
957
384
507
562
239
515
100
970
867
52
248
619
254
1
987
710
129
587
180
565
286
700
685
268
706
368
597
680
159
726
436
648
863
583
764
860
808
838
933
745
999
260
240
608
857
172
429
137
947
397
259
83
609
748
320
107
30
639
308
212
477
279
16
613
602
190
461
70
122
797
34
158
759
197
215
568
864
191
819
362
53
399
383
186
937
290
737
581
951
198
60
5
664
378
707
528
551
65
935
78
690
276
117
41
502
604
909
241
522
463
270
501
156
233
923
182
618
432
214
45
243
493
847
990
181
953
19
451
513
59
789
58
859
900
730
376
558
400
244
450
440
876
997
387
600
408
335
624
652
121
188
843
68
969
328
175
201
945
977
603
170
500
130
598
991
617
315
31
344
623
89
572
526
576
992
907
966
187
220
373
271
654
727
644
842
118
43
446
358
453
523
538
192
785
758
423
44
213
928
80
905
673
686
294
733
102
382
606
310
484
561
687
251
234
821
472
780
914
993
269
625
179
184
97
725
67
650
904
316
374
807
93
729
496
763
879
524
303
775
113
630
37
963
289
178
417
199
862
292
553
917
454
943
751
856
795
296
301
794
672
101
61
811
232
42
835
592
211
365
189
153
610
855
881
224
948
321
481
869
800
62
88
395
657
302
329
925
194
978
734
975
171