973
55 47 40 20 10 64 27 81 18 11 73 3 32 91 79 99 75 49 92 24 14 21 36 13 98 22 90 28 38 94 25 57 76 74 82 15 35 84 12 2 46 96 95 6 72 23 66 0 54 86 85 4 69 77 51 48 71 29 9 87 7 63 26 50
114
403 474 414 490 410 492 457 431 404 456 470 438 487 494 498 424 443 427 425 405 485 422 419 488 475 467 458 491 489 413 428 401 415 437 480 442 499 409 452 435 495 445 434 464 497 448 426 447 476 486 465 412 460 479 462 468 471 439 407 416 482 459 441 433 402 430 469 455 411 483 449 473 406 466 420 478 444
110
851 893 872 839 878 895 820 803 858 846 804 805 891 888 813 883 887 896 816 890 825 871 889 815 884 875 866 894 877 837 809 836 853 886 826 897 844 817 824 831 870 861 873 832 874 822 898 840 892 868 852 810 849 850 854 827 828 806 841 829 848 882 880 830 865 814 845 885 823 899 818
926 910 982 931 958 962 956 968 989 919 986 980 967 941 971 950 918 938 903 930 998 952 911 985 961 979 913 946 936 984 908 988 976 916 927 939 964 949 955 995 921 983 959 902 981 924 929 965 920 942 972 922 934 996 944 912 940 960 901 974 906
226 288 257 262 283 280 236 238 297 278 263 284 217 252 245 227 295 265 299 246 203 202 287 261 225 274 298 209 255 285 208 222 230 250 242 223 249 293 210 281 221 207 272 258 219 204 273 275 231 237 256 218 291 200 216 235 267 277 266 282 229 205 247 253 228
149
791 768 760 773 723 722 772 762 765 724 701 771 702 769 704 757 774 796 713 735 790 754 753 783 728 716 732 770 746 793 752 779 784 755 743 798 714 788 731 781 787 740 718 799 709 705 792 744 777 761 719 715 742 739 776 721 736 717 782 747 741 786 766 749 767 711 756 778 712 750 738 720
160 168 141 140 133 195 185 132 177 183 193 169 166 104 142 148 112 143 135 161 145 144 115 124 106 196 108 119 116 138 105 126 134 120 127 176 173 155 103 136 131 163 174 109 150 147 164 157 125 165 154 162 167
651 615 635 678 677 632 693 627 643 626 697 631 692 647 694 663 641 668 638 688 691 633 642 684 636 605 683 667 661 681 671 662 666 645 629 699 665 670 620 669 676 658 675 634 628 601 637 659 616 653 640 696 649 698 607 646 695 660 621 679 674 682 614 622 655
802
954
595 531 509 549 560 586 527 579 573 533 552 516 519 520 530 508 584 525 537 556 546 585 599 547 559 514 566 534 596 569 582 542 557 555 589 536 567 554 577 594 521 529 570 578 563 593 550 590 512 535 506 543 510 532 580 591 571 575 505 588 574 511 540 544 545 517 541 504 539 518
8
388 364 314 306 369 372 366 377 350 333 390 393 398 323 354 305 371 360 313 337 327 300 336 394 346 351 309 396 343 385 375 338 339 340 325 322 367 324 342 370 357 356 330 392 391 353 381 331 345 380 312 317 318 379 361 349 334 307 311 352 332 363 341 326 359 389 386 348
994
264
548
17
703
206
128
915
33
708
833
612
801
152
111
564
56
319
932
611
139
347
421
503
418
355
39
304
151
656
123
689
812
146
957
384
507
562
239
515
100
970
867
52
248
619
254
1
987
710
129
587
180
565
286
700
685
268
706
368
597
680
159
726
436
648
863
583
764
860
808
838
933
745
999
260
240
608
857
172
429
137
947
397
259
83
609
748
320
107
30
639
308
212
477
279
16
613
602
190
461
70
122
797
34
158
759
197
215
568
864
191
819
362
53
399
383
186
937
290
737
581
951
198
60
5
664
378
707
528
551
65
935
78
690
276
117
41
502
604
909
241
522
463
270
501
156
233
923
182
618
432
214
45
243
493
847
990
181
953
19
451
513
59
789
58
859
900
730
376
558
400
244
450
440
876
997
387
600
408
335
624
652
121
188
843
68
969
328
175
201
945
977
603
170
500
130
598
991
617
315
31
344
623
89
572
526
576
992
907
966
187
220
373
271
654
727
644
842
118
43
446
358
453
523
538
192
785
758
423
44
213
928
80
905
673
686
294
733
102
382
606
310
484
561
687
251
234
821
472
780
914
993
269
625
179
184
97
725
67
650
904
316
374
807
93
729
496
763
879
524
303
775
113
630
37
963
289
178
417
199
862
292
553
917
834
454
943
751
856
795
296
301
794
672
101
61
811
232
42
835
592
211
365
189
153
610
855
881
224
948
321
481
869
800
62
88
395
657
302
329
925
194
978
734
975
171