973
23 11 7 50 72 90 51 20 69 29 94 71 26 73 98 55 38 92 75 79 57 32 6 36 84 28 35 82 21 14 9 76 25 81 4 54 47 18 49 86 85 24 10 87 99 46 22 74 96 3 77 95 63 2 48 12 66 0 15 91 40 13 64 27
114
437 457 474 482 424 434 492 419 403 428 427 479 473 442 411 452 413 475 478 433 470 494 499 497 469 405 420 407 439 460 447 404 491 441 456 466 490 498 443 495 455 401 414 459 425 489 487 445 444 462 410 476 422 485 426 402 471 483 449 467 412 486 409 480 465 464 435 458 416 448 406 430 415 488 431 438 468
110
803 823 818 874 836 805 893 845 898 810 877 871 870 891 829 888 894 849 875 883 873 841 844 852 846 832 892 895 815 804 884 896 885 858 840 848 814 851 897 880 899 872 868 853 854 824 816 887 830 861 826 820 827 839 809 825 806 882 831 828 889 890 813 886 866 822 837 865 817 878 850
984 938 941 942 903 995 955 919 976 965 913 934 962 949 972 930 946 968 929 985 920 911 906 921 952 979 910 988 983 908 939 971 944 936 950 989 926 974 964 922 960 927 996 982 967 980 958 902 901 912 940 918 961 916 986 924 959 931 998 981 956
250 235 282 219 207 236 298 285 273 205 272 238 288 277 291 225 252 242 281 295 200 230 231 258 218 261 202 223 229 265 283 221 263 216 262 210 256 203 284 217 208 275 293 247 257 204 287 226 222 253 297 278 255 227 228 266 237 280 267 209 245 249 274 246 299
149
743 755 717 772 750 778 742 714 754 781 769 790 779 766 741 756 720 791 740 719 728 746 793 731 787 770 724 782 760 757 752 732 761 715 765 788 722 762 768 771 713 735 712 718 784 705 773 701 799 711 736 798 749 753 709 776 723 777 739 747 796 716 767 704 702 721 744 774 792 786 783 738
154 185 124 106 147 165 163 196 109 103 160 108 104 134 177 131 143 164 125 150 193 119 126 166 127 173 145 162 142 133 148 157 168 161 169 116 136 140 115 176 132 195 135 138 105 112 120 155 167 141 183 174 144
649 636 634 692 683 622 688 607 694 665 635 637 659 627 677 641 662 698 651 615 642 676 671 628 629 631 640 691 678 614 697 666 661 660 670 601 605 653 632 643 699 645 695 633 668 684 621 696 646 655 658 693 638 616 674 681 667 626 682 620 663 675 647 679 669
802
954
516 589 594 554 578 509 549 512 520 577 559 545 527 588 591 586 579 582 536 585 537 505 519 574 569 552 584 543 518 547 542 590 570 541 599 511 530 510 556 550 534 539 555 540 557 504 596 571 531 580 563 544 525 521 593 566 529 546 560 567 573 595 506 575 508 535 517 514 533 532
8
348 390 325 309 398 337 393 339 333 332 323 388 351 346 313 341 336 331 318 372 300 350 391 396 349 314 370 345 377 334 305 306 356 363 311 375 369 359 307 366 340 371 312 389 360 322 330 352 353 354 357 342 367 392 386 381 317 361 327 379 380 338 364 394 326 343 324
994
264
548
17
703
206
128
915
33
708
833
612
801
152
111
564
56
319
932
611
139
347
421
503
418
355
39
304
151
656
123
689
812
146
957
384
507
562
239
515
100
970
867
52
248
619
254
1
987
710
129
587
180
565
286
700
685
268
706
368
597
680
159
726
436
648
863
583
764
860
808
838
933
745
999
260
240
608
857
172
429
137
947
397
259
83
609
748
320
107
30
639
308
212
477
279
16
613
602
190
461
70
122
797
34
158
759
197
215
568
864
191
819
362
53
399
383
186
937
290
737
581
951
198
60
5
664
378
707
528
551
65
935
78
690
276
117
41
502
604
909
241
522
463
270
501
156
233
923
182
618
432
214
45
243
493
847
990
181
953
19
451
513
59
789
58
859
900
730
376
558
400
244
450
440
876
997
387
600
408
335
624
652
121
188
843
68
969
328
175
201
945
977
603
170
500
130
598
991
617
315
31
344
623
89
572
526
576
992
907
966
187
220
373
271
654
727
644
842
118
43
446
385
358
453
523
538
192
785
758
423
44
213
928
80
905
673
686
294
733
102
382
606
310
484
561
687
251
234
821
472
780
914
993
269
625
179
184
97
725
67
650
904
316
374
807
93
729
496
763
879
524
303
775
113
630
37
963
289
178
417
199
862
292
553
917
834
454
943
751
856
795
296
301
794
672
101
61
811
232
42
835
592
211
365
189
153
610
855
881
224
948
321
481
869
800
62
88
395
657
302
329
925
194
978
734
975
171