973
95 35 25 10 71 64 84 23 69 57 27 20 91 3 72 2 9 73 82 50 6 98 13 0 7 46 90 12 87 77 4 49 21 94 24 36 29 38 55 40 54 86 48 85 14 22 99 32 15 96 26 47 81 18 74 76 75 51 11 92 63 79 28 66
114
488 475 492 499 478 465 495 431 491 401 457 411 479 482 480 422 434 490 494 485 435 489 410 469 430 428 487 413 460 470 403 426 438 445 467 416 471 442 439 486 402 476 405 459 473 433 419 466 497 462 447 483 424 444 443 452 415 414 404 474 407 456 409 425 458 449 468 412 427 441 464 406 448 498 437 420
110
865 853 824 896 880 822 871 831 836 882 850 803 837 893 845 885 866 861 839 873 810 890 832 846 884 852 823 817 818 841 878 895 898 829 815 858 840 816 813 887 851 894 897 848 814 806 830 886 891 875 820 889 888 849 892 872 826 809 804 877 868 828 870 805 827 854 844 883 899 874 825
983 944 974 938 903 961 972 984 965 916 988 930 981 967 926 964 996 976 955 940 986 941 946 950 924 982 989 908 998 960 913 958 968 912 931 920 939 936 942 902 980 934 901 921 971 906 959 979 956 910 952 911 919 929 922 918 995 927 985 949 962
287 295 219 247 225 266 230 258 262 236 291 208 245 288 263 277 223 297 205 267 299 218 274 257 242 221 227 272 246 237 249 284 256 204 250 273 253 282 235 283 278 210 252 238 285 226 275 222 228 200 229 265 209 217 216 298 280 293 261 202 203 281 207 231 255
149
713 716 782 746 792 740 755 750 774 731 744 791 724 783 722 738 717 742 756 715 786 719 753 718 787 798 767 743 741 723 712 768 711 776 739 765 749 788 778 704 761 736 779 732 720 714 762 766 747 757 705 702 790 799 793 728 760 784 773 752 777 771 770 772 781 721 796 754 709 735 701 769
161 106 147 135 116 150 115 136 174 160 125 185 134 157 138 124 143 173 168 103 144 165 177 131 127 148 163 176 196 119 195 120 166 183 145 133 126 154 169 164 193 155 132 167 162 141 108 104 140 142 109 105 112
676 698 635 615 607 646 692 667 641 626 640 688 628 645 684 601 662 614 691 681 622 642 679 668 621 697 671 620 638 631 661 694 605 647 659 636 682 693 670 666 627 675 683 634 653 658 699 674 629 669 655 632 678 677 643 695 696 637 649 663 633 665 651 660 616
802
954
512 593 525 536 578 511 594 543 541 514 516 566 529 556 580 570 574 544 571 584 559 554 596 504 545 560 595 586 533 549 550 505 589 520 552 555 534 532 535 563 509 557 590 588 530 506 585 527 569 531 521 508 547 517 567 510 577 599 518 537 582 579 575 546 542 519 540 573 539 591
8
393 312 369 314 326 337 380 300 363 367 313 305 346 345 391 307 340 331 353 317 364 327 366 318 333 396 324 356 309 311 350 322 349 352 379 394 386 359 360 323 336 341 306 392 390 357 343 398 377 372 370 348 381 388 338 334 371 330 351 354 375 342 389 332 339 325 361
994
264
548
17
703
206
128
915
33
708
833
612
801
152
111
564
56
319
932
611
139
347
421
503
418
355
39
304
151
656
123
689
812
146
957
384
507
562
239
515
100
970
867
52
248
619
254
1
987
710
129
587
180
565
286
700
685
268
706
368
597
680
159
726
436
648
863
583
764
860
808
838
933
745
999
260
240
608
857
172
429
137
947
397
259
83
609
748
320
107
30
639
308
212
477
279
16
613
602
190
461
70
122
797
34
158
759
197
215
568
864
191
819
362
53
399
383
186
937
290
737
581
951
198
60
5
664
378
707
528
551
65
935
78
690
276
117
41
502
604
909
241
522
463
270
501
156
233
923
182
618
432
214
45
243
493
847
990
181
953
19
451
513
59
789
58
859
900
730
376
558
400
244
450
440
876
997
387
600
408
335
624
652
121
188
843
68
969
328
175
201
945
977
603
170
500
455
130
598
991
617
315
31
344
623
89
572
526
576
992
907
966
187
220
373
271
654
727
644
842
118
43
446
385
358
453
523
538
192
785
758
423
44
213
928
80
905
673
686
294
733
102
382
606
310
484
561
687
251
234
821
472
780
914
993
269
625
179
184
97
725
67
650
904
316
374
807
93
729
496
763
879
524
303
775
113
630
37
963
289
178
417
199
862
292
553
917
834
454
943
751
856
795
296
301
794
672
101
61
811
232
42
835
592
211
365
189
153
610
855
881
224
948
321
481
869
800
62
88
395
657
302
329
925
194
978
734
975
171