973
18 76 87 13 86 75 29 63 82 12 92 28 55 32 9 46 85 10 26 64 96 73 11 25 57 6 15 51 49 21 50 27 84 23 36 0 71 72 38 54 81 90 91 40 22 35 77 7 2 98 69 3 47 79 74 99 48 66 94 20 4 95 24 14
114
494 490 407 435 476 464 483 475 458 473 489 404 443 438 471 420 469 431 414 403 425 492 498 441 487 449 410 460 405 434 465 416 409 442 456 468 413 482 479 486 445 480 402 467 474 447 415 478 439 406 459 424 419 444 457 491 430 485 412 452 488 499 427 495 411 448 428 466 462 497 401 433 426 437 470 422
110
845 898 837 824 878 861 877 883 803 882 866 848 814 884 813 874 823 865 894 893 825 817 892 820 896 805 830 854 852 839 826 816 888 806 895 840 886 828 870 841 887 872 853 849 851 818 850 885 890 846 832 873 899 827 822 875 804 871 829 880 831 810 809 815 836 897 844 891 889 868 858
988 967 952 930 906 918 965 960 944 916 979 982 920 964 922 955 924 934 972 929 998 903 959 919 986 912 984 901 974 910 956 921 936 985 949 950 911 939 983 976 989 961 931 996 913 980 942 941 981 938 971 968 908 927 962 946 958 940 902 995 926
256 258 255 236 277 246 267 261 226 282 280 204 288 223 284 274 202 205 265 257 228 225 253 231 238 293 222 230 249 235 245 272 203 247 207 208 209 278 263 219 297 295 221 229 266 298 237 285 250 275 210 217 242 273 287 281 227 218 291 252 216 283 200 262 299
149
716 719 761 783 773 720 711 799 798 702 728 714 792 768 787 753 732 741 756 776 784 777 722 779 772 738 743 771 752 709 778 774 765 762 723 793 749 713 796 739 705 747 767 770 742 740 755 750 735 790 760 731 769 701 746 736 715 788 721 766 724 712 786 754 781 704 717 757 744 791 782 718
167 148 168 174 109 105 103 125 142 132 133 155 183 141 106 177 134 145 131 162 157 138 176 143 124 140 150 115 169 144 161 108 119 126 136 165 154 127 104 160 112 116 120 173 164 163 166 196 135 195 185 147
646 671 670 636 616 693 666 638 678 627 697 605 601 681 640 677 676 667 632 647 621 698 628 620 626 634 637 643 635 651 662 629 692 696 641 668 679 655 682 615 633 631 699 695 659 691 694 669 675 660 661 684 683 653 665 674 645 614 649 622 642 658 663 607 688
802
954
527 514 580 525 575 559 552 599 563 542 566 543 517 505 508 585 591 560 531 535 546 549 574 570 556 554 541 578 590 573 555 519 529 510 537 545 550 594 557 532 589 588 509 511 577 504 540 506 547 539 567 595 530 536 569 512 544 533 579 520 534 596 586 593 521 584 582 571 518 516
8
325 345 394 338 306 336 317 346 352 370 314 367 359 337 388 389 357 318 300 390 323 369 381 339 331 363 332 398 348 379 353 386 360 391 309 330 333 392 354 311 350 334 375 341 324 307 305 366 372 377 322 396 343 364 380 326 351 340 361 327 312 313 371 356 393 349 342
994
264
548
17
703
206
128
915
33
708
833
612
801
152
111
564
56
319
932
611
139
347
421
503
418
355
39
304
151
656
123
689
812
146
957
384
507
562
239
515
100
970
867
52
248
619
254
1
987
710
129
587
180
565
286
700
685
268
706
368
597
680
159
726
436
648
863
583
764
860
808
838
933
745
999
260
240
608
857
172
429
137
947
397
259
83
609
748
320
107
30
639
308
212
477
279
16
193
613
602
190
461
70
122
797
34
158
759
197
215
568
864
191
819
362
53
399
383
186
937
290
737
581
951
198
60
5
664
378
707
528
551
65
935
78
690
276
117
41
502
604
909
241
522
463
270
501
156
233
923
182
618
432
214
45
243
493
847
990
181
953
19
451
513
59
789
58
859
900
730
376
558
400
244
450
440
876
997
387
600
408
335
624
652
121
188
843
68
969
328
175
201
945
977
603
170
500
455
130
598
991
617
315
31
344
623
89
572
526
576
992
907
966
187
220
373
271
654
727
644
842
118
43
446
385
358
453
523
538
192
785
758
423
44
213
928
80
905
673
686
294
733
102
382
606
310
484
561
687
251
234
821
472
780
914
993
269
625
179
184
97
725
67
650
904
316
374
807
93
729
496
763
879
524
303
775
113
630
37
963
289
178
417
199
862
292
553
917
834
454
943
751
856
795
296
301
794
672
101
61
811
232
42
835
592
211
365
189
153
610
855
881
224
948
321
481
869
800
62
88
395
657
302
329
925
194
978
734
975
171