973
76 74 15 13 57 87 11 66 20 14 40 77 25 24 3 73 55 32 26 48 50 23 6 38 71 64 82 9 85 92 7 28 98 95 96 2 63 94 99 49 22 72 79 46 12 75 86 18 91 84 29 4 0 69 21 47 81 36 27 35 54 51 90 10
114
444 466 485 445 458 470 480 464 473 424 456 487 412 483 431 492 452 471 438 476 486 447 467 401 427 475 411 414 465 434 479 409 460 410 499 462 489 494 457 403 419 426 425 422 415 406 491 488 405 437 404 498 459 448 474 482 433 497 490 407 469 402 449 430 413 468 443 441 428 435 420 416 439 442 478 495
110
832 837 809 884 878 892 828 871 861 824 848 886 841 823 852 877 845 874 880 806 844 898 866 817 887 850 803 810 883 897 815 831 818 830 825 870 858 851 882 836 865 893 827 890 899 840 894 891 826 813 896 846 829 814 885 868 875 839 889 804 805 816 872 820 853 854 873 895 822 888 849
944 995 934 972 983 931 920 961 965 913 985 902 960 926 919 981 979 958 918 974 949 916 956 910 946 962 976 996 968 952 971 982 986 929 922 938 984 967 901 936 912 942 950 941 906 998 911 908 988 955 989 964 940 930 980 924 921 903 927 939 959
221 200 266 253 295 282 261 255 225 231 245 258 238 207 229 226 205 246 288 219 263 273 223 237 274 217 208 291 204 262 280 222 203 275 285 209 298 242 257 293 278 277 287 250 228 272 265 202 299 297 281 218 249 247 284 283 235 256 267 216 252 230 236 210 227
149
711 724 765 783 774 731 721 756 732 704 735 772 716 791 738 777 793 770 718 743 750 742 753 712 788 749 771 773 709 779 768 786 784 778 722 776 723 761 757 702 767 796 717 787 744 736 762 766 705 754 739 741 781 769 792 755 713 714 790 782 799 746 728 747 719 760 740 752 715 720 798 701
169 136 106 142 131 144 176 174 177 164 112 133 148 145 116 162 120 134 157 150 168 155 138 104 143 154 115 161 166 147 127 125 165 132 167 105 160 141 135 163 124 196 119 173 185 126 103 140 109 108 183 195
682 662 653 692 681 660 635 695 637 677 694 658 693 601 674 661 691 683 671 667 645 626 632 616 669 699 651 655 638 688 698 634 646 659 663 642 629 649 621 670 679 605 675 647 665 676 696 684 641 668 607 678 640 614 636 615 620 622 628 666 643 631 697 633
802
954
543 559 585 574 512 596 508 595 516 527 569 570 563 591 578 575 532 518 530 594 556 567 529 537 541 580 539 599 555 582 534 552 577 517 545 506 586 546 584 589 557 520 573 509 571 542 531 554 560 566 533 588 514 590 550 525 549 510 540 593 511 536 535 579 544 519 504 547 521 505
8
326 398 361 360 348 375 309 312 371 324 359 314 317 388 354 330 332 327 318 351 311 342 396 372 370 343 323 353 394 352 392 338 390 380 340 364 393 325 350 357 349 341 345 379 306 356 322 367 389 331 333 363 377 381 307 339 305 337 313 369 346 386 366 300 336 391 334
994
264
548
17
703
206
128
915
33
708
833
612
801
152
111
564
56
319
932
611
139
347
421
503
418
355
39
304
151
656
123
689
812
146
957
384
507
562
239
515
100
970
867
52
248
619
254
1
987
710
129
587
180
565
286
700
685
268
706
368
597
680
159
726
436
648
863
583
764
860
808
838
933
745
999
260
240
608
857
172
429
137
947
397
259
83
609
748
320
107
30
639
308
212
477
279
16
193
613
602
190
461
70
122
797
34
158
759
197
215
568
864
191
819
362
53
399
383
186
937
290
737
581
951
198
60
5
664
378
707
528
551
65
935
78
690
276
117
41
502
604
909
241
522
463
270
501
156
233
923
182
618
432
214
45
243
493
847
990
181
953
19
451
513
59
789
58
859
900
730
376
558
400
244
450
440
876
997
387
600
408
335
624
652
121
188
843
68
969
328
175
201
945
977
603
170
500
455
130
598
991
617
315
31
344
623
89
572
526
576
992
907
966
187
220
373
271
654
727
644
842
118
43
446
385
358
453
523
538
192
785
758
423
44
213
928
80
905
673
686
627
294
733
102
382
606
310
484
561
687
251
234
821
472
780
914
993
269
625
179
184
97
725
67
650
904
316
374
807
93
729
496
763
879
524
303
775
113
630
37
963
289
178
417
199
862
292
553
917
834
454
943
751
856
795
296
301
794
672
101
61
811
232
42
835
592
211
365
189
153
610
855
881
224
948
321
481
869
800
62
88
395
657
302
329
925
194
978
734
975
171