973
96 47 13 38 21 36 46 35 75 7 6 23 77 99 51 40 85 82 26 22 86 11 74 28 4 79 87 76 2 63 10 95 66 29 64 54 73 57 32 20 72 71 48 25 27 14 84 50 24 90 49 55 12 9 94 98 81 91 0 69 18 92 3 15
114
409 419 411 469 475 447 499 487 402 456 449 471 466 452 410 406 427 444 439 414 404 403 486 494 490 468 459 422 420 465 433 430 460 424 441 426 495 497 470 443 462 482 413 480 412 405 438 478 401 448 464 491 467 431 458 457 488 428 415 483 445 492 425 485 476 437 479 442 498 407 473 474 416 434 435 489
110
831 816 885 899 890 822 884 875 877 825 823 846 830 810 888 878 880 889 872 837 897 853 858 828 891 826 844 836 815 892 896 827 866 886 817 850 840 848 873 865 805 849 882 803 818 852 893 841 851 814 845 894 895 887 813 871 832 829 839 883 868 870 806 824 861 804 854 809 898 874 820
950 982 910 985 934 949 980 979 989 936 901 996 924 913 956 916 983 952 988 942 959 920 976 919 940 941 912 929 908 961 971 938 968 918 986 921 995 911 974 955 964 972 930 931 906 984 922 981 944 962 960 967 946 926 902 903 998 965 958 939 927
236 246 203 247 278 221 295 266 253 299 267 256 293 223 235 226 275 209 284 261 291 231 222 257 200 208 202 298 219 205 242 227 216 207 245 249 265 204 274 287 252 263 273 262 237 229 280 230 258 225 281 218 238 217 285 210 282 288 277 297 228 272 283 255 250
149
783 717 762 787 744 719 777 716 702 746 749 728 715 782 767 732 713 738 776 771 701 793 735 721 773 772 722 743 731 741 718 711 791 769 768 798 792 765 704 714 753 788 770 799 705 755 760 742 736 779 720 752 712 766 781 756 739 709 754 747 790 778 723 786 761 796 724 774 784 757 750 740
155 116 142 115 169 196 145 131 162 112 132 140 154 177 148 141 136 119 173 134 138 164 150 160 157 125 144 143 168 147 103 135 185 195 106 104 120 108 127 124 165 163 109 126 183 161 105 167 174 166 133 176
607 694 682 665 615 651 677 633 649 653 647 635 601 605 699 683 674 668 622 697 646 659 667 642 692 632 675 655 671 666 620 643 626 621 669 678 614 695 661 698 681 663 696 679 688 645 629 636 641 660 634 616 691 638 631 658 684 670 637 628 676 640 662 693
802
954
534 533 593 535 509 569 519 574 575 531 571 542 559 556 539 573 567 520 506 566 588 599 550 590 545 589 578 529 511 540 527 582 580 544 585 532 577 512 596 510 537 549 584 505 594 518 557 543 570 530 521 586 536 508 516 517 552 554 525 595 546 563 555 514 504 579 560 591 541 547
8
394 388 306 343 352 337 380 370 340 363 311 339 338 372 345 359 349 371 357 332 317 346 369 341 390 377 330 396 353 381 325 386 300 342 305 348 324 366 356 364 398 354 393 379 313 314 336 323 375 350 367 309 391 326 360 392 389 361 327 333 351 334 318 307 331 312
994
264
548
17
703
206
128
915
33
708
322
833
612
801
152
111
564
56
319
932
611
139
347
421
503
418
355
39
304
151
656
123
689
812
146
957
384
507
562
239
515
100
970
867
52
248
619
254
1
987
710
129
587
180
565
286
700
685
268
706
368
597
680
159
726
436
648
863
583
764
860
808
838
933
745
999
260
240
608
857
172
429
137
947
397
259
83
609
748
320
107
30
639
308
212
477
279
16
193
613
602
190
461
70
122
797
34
158
759
197
215
568
864
191
819
362
53
399
383
186
937
290
737
581
951
198
60
5
664
378
707
528
551
65
935
78
690
276
117
41
502
604
909
241
522
463
270
501
156
233
923
182
618
432
214
45
243
493
847
990
181
953
19
451
513
59
789
58
859
900
730
376
558
400
244
450
440
876
997
387
600
408
335
624
652
121
188
843
68
969
328
175
201
945
977
603
170
500
455
130
598
991
617
315
31
344
623
89
572
526
576
992
907
966
187
220
373
271
654
727
644
842
118
43
446
385
358
453
523
538
192
785
758
423
44
213
928
80
905
673
686
627
294
733
102
382
606
310
484
561
687
251
234
821
472
780
914
993
269
625
179
184
97
725
67
650
904
316
374
807
93
729
496
763
879
524
303
775
113
630
37
963
289
178
417
199
862
292
553
917
834
454
943
751
856
795
296
301
794
672
101
61
811
232
42
835
592
211
365
189
153
610
855
881
224
948
321
481
869
800
62
88
395
657
302
329
925
194
978
734
975
171