958 942 920 964 994 937 977 999 926 906 916 996 972 952 995 974 950 908 921 987 985 931 988 961 986 913 918 991 981 907 949 954 947 989 901 915 962 923 955 992 997 912 968 935 927 959 933 984 910 905 902 944 911 939 934 925 938 946 919 909 966 998 914 953 945 960 924 983 979 973 967 971 948 928 904 903 957 951 980 982 975 929 993 978 941 936 963 932 965 976 922 917 990 969 943 930 940 956 970
31 13 84 54 89 97 77 96 92 69 14 66 23 42 49 2 12 21 9 18 29 20 91 33 8 27 62 22 65 86 5 17 80 45 34 79 7 47 0 25 6 11 59 88 82 30 76 64 46 75 72 28 41 74 98 60 58 19 38 35 83 99 57 81 15 26 78 93 56 53 95 87 52 63 68 67 43 85 16 24 94 61 90 71 37 4 50 10 39 32 48 40 55 51 3 44 73 36
103 171 161 175 184 114 198 177 123 185 157 118 140 160 145 128 135 142 124 112 121 148 174 170 199 136 139 143 194 181 190 130 122 116 166 176 150 183 102 131 105 163 125 146 147 117 133 165 195 108 188 120 152 196 197 173 107 167 144 115 119 191 127 168 126 100 106 129 164 137 169 132 162 134 178 192 141 113 156 187 109 154 179 193 172 104 186 149 138 180 110 153 111 189 155 182
462 447 446 405 472 487 488 441 473 416 418 499 466 484 431 465 448 490 410 401 477 419 417 414 442 469 457 463 497 467 423 460 491 453 489 464 409 480 458 444 470 434 436 492 474 420 485 412 478 406 425 413 422 430 408 455 415 407 493 440 445 494 428 461 451 481 443 438 439 411 427 403 450 479 426 468 404 496 433 424 475 402 486 421 476 429 449 459 435 482 471 495 437 483 498 452 456 454 432
868 863 837 865 866 892 857 818 825 887 894 830 826 827 883 856 867 885 858 811 809 800 832 842 803 839 869 882 862 876 841 881 873 833 853 846 889 898 828 814 808 878 817 886 821 852 860 807 855 823 820 899 844 824 819 822 836 880 893 884 804 871 849 879 829 896 834 835 851 877 813 810 864 897 812 838 848 805 854 850 847 888 845 870 891 815 890 874 872 816 875 843 861 831 859 840 806 895
266 238 222 294 276 280 237 225 259 299 229 251 263 291 235 217 281 221 230 228 282 236 239 250 219 283 273 270 274 211 272 284 257 206 227 292 287 297 298 245 243 286 254 252 215 244 224 232 246 205 285 296 207 212 278 203 241 214 234 242 279 220 256 290 210 231 253 208 295 204 277 202 255 264 289 200 248 262 267 265 233 247 249 218 216 269 213 275 223 268 240 258 261 209 288 226 293
728 777 776 780 783 756 784 743 732 711 708 714 752 767 707 748 798 761 769 785 705 787 759 765 764 703 799 702 717 738 788 796 793 760 749 770 745 704 751 782 795 794 786 792 755 742 736 724 762 741 771 716 778 772 701 719 733 734 790 758 735 721 729 746 744 781 710 739 773 791 763 779 715 740 775 713 754 723 722 747 768 750 725 753 720 712 757 789 730 766 774 718 731 737 709 797
658 645 614 657 632 655 660 621 688 696 609 683 682 642 648 635 685 672 641 661 667 666 651 628 669 624 618 680 677 647 676 652 653 662 627 675 634 668 670 640 613 674 611 684 698 622 679 656 690 692 637 639 644 612 615 678 650 695 629 638 636 689 649 694 603 663 659 601 606 691 643 665 617 664 625 604 623 626 687 616 654 605 686 671 610 620 630 681 607 646 633 699 673 608 693 631 697 602
802
594 537 539 523 529 564 571 532 570 534 533 528 531 575 542 551 518 567 587 557 503 596 516 550 577 536 584 547 507 585 583 599 514 579 559 549 565 526 530 592 548 589 555 510 561 505 588 522 515 527 545 502 511 582 509 519 513 562 595 501 520 586 590 573 560 569 525 524 581 576 568 546 540 574 535 553 517 558 541 580 566 521 578 543 554 512 598 593 563 597 552 556 591 508 504 538 506 544
398 320 300 319 311 383 330 305 329 360 343 387 395 333 376 338 348 355 386 327 373 334 352 345 342 389 367 375 353 340 388 336 371 339 362 372 337 370 359 381 351 318 392 368 380 349 332 397 396 384 324 378 331 310 328 346 306 361 307 382 350 302 304 369 341 393 317 325 354 309 379 363 356 326 335 390 314 323 394 377 308 366 321 357 347 399 364 365 358 391 322 315 303 312 313 385 344
801
151
619
1
700
706
159
726
260
70
158
900
400
600
201
500
572
271
727
316
374
301
101