973
57 64 47 2 74 86 81 21 9 79 90 25 26 15 14 40 51 63 69 28 35 73 84 3 96 24 32 98 22 10 71 6 66 85 75 4 46 7 76 36 23 99 95 11 77 94 29 18 55 72 20 13 91 92 0 12 54 87 38 82 49 48 27 50
114
479 473 441 411 439 403 464 498 427 401 405 402 430 419 490 412 482 471 442 460 404 492 488 480 415 420 433 470 483 495 428 476 478 425 458 445 416 447 426 474 457 462 406 494 459 467 413 444 431 409 497 486 475 422 466 449 410 499 452 443 491 456 438 468 487 437 448 469 435 414 424 485 407 434 489 465
110
853 816 898 844 886 873 846 888 868 872 810 840 837 817 850 896 889 820 897 823 882 880 874 804 877 805 851 890 815 803 899 806 848 891 828 854 818 813 832 871 830 884 836 883 887 852 892 825 861 809 826 822 824 878 827 895 866 841 814 858 893 865 839 870 845 894 829 875 849 885
965 956 944 903 964 974 912 950 982 926 962 952 955 931 929 958 939 986 981 919 940 980 961 902 916 924 968 996 920 936 934 972 913 922 949 942 971 995 959 988 976 941 927 901 979 998 960 989 911 921 985 967 984 983 938 918 946 930 910 906 908
255 267 218 273 283 285 237 266 247 221 225 252 229 288 280 278 297 291 216 236 226 242 230 246 204 287 281 256 219 299 272 209 228 261 262 249 208 298 282 231 217 210 227 238 274 223 200 207 295 277 293 235 245 258 275 284 263 257 202 205 203 265 250 253 222
149
749 741 718 701 796 731 756 728 793 762 752 787 779 744 774 732 735 776 781 746 761 742 755 702 736 788 714 715 721 799 739 713 724 716 772 760 798 743 769 771 778 750 786 765 767 747 753 717 773 777 783 766 738 705 784 723 757 754 791 740 711 712 722 782 719 770 790 768 709 720 704 792
174 148 138 154 169 115 119 140 177 176 166 155 160 195 103 125 164 105 143 168 162 131 185 141 106 196 183 104 161 120 167 135 136 109 165 150 147 157 133 142 173 127 132 145 144 134 116 163 126 112 108 124
698 601 666 658 622 665 663 699 640 646 693 645 626 684 615 649 655 694 667 634 629 647 676 678 638 605 670 688 621 677 697 660 642 669 637 620 607 659 631 643 633 668 682 632 696 695 641 661 691 635 614 675 679 653 683 681 636 662 651 674 628 692 616 671
802
954
578 557 593 556 521 547 529 559 514 527 577 505 509 575 545 582 550 571 591 574 549 584 552 533 590 541 570 518 546 580 554 517 585 519 542 567 543 589 586 596 573 594 530 535 539 520 569 512 531 525 563 566 532 510 534 579 506 504 537 588 540 595 516 555 508 599 560 511 544 536
8
380 317 367 371 343 333 346 359 394 334 336 350 364 330 354 356 353 306 389 360 300 392 338 393 312 332 324 398 386 313 352 340 390 341 377 331 327 351 379 345 369 396 309 357 388 348 318 342 305 391 339 361 349 363 323 366 372 314 337 370 375 311 307 326 325 381
994
264
548
17
703
206
128
915
33
708
322
833
612
801
152
111
564
56
319
932
611
139
347
421
503
418
355
39
304
151
656
123
689
812
146
957
384
507
562
239
515
100
970
867
52
248
619
254
1
987
710
129
587
180
565
286
831
700
685
268
706
368
597
680
159
726
436
648
863
583
764
860
808
838
933
745
999
260
240
608
857
172
429
137
947
397
259
83
609
748
320
107
30
639
308
212
477
279
16
193
613
602
190
461
70
122
797
34
158
759
197
215
568
864
191
819
362
53
399
383
186
937
290
737
581
951
198
60
5
664
378
707
528
551
65
935
78
690
276
117
41
502
604
909
241
522
463
270
501
156
233
923
182
618
432
214
45
243
493
847
990
181
953
19
451
513
59
789
58
859
900
730
376
558
400
244
450
440
876
997
387
600
408
335
624
652
121
188
843
68
969
328
175
201
945
977
603
170
500
455
130
598
991
617
315
31
344
623
89
572
526
576
992
907
966
187
220
373
271
654
727
644
842
118
43
446
385
358
453
523
538
192
785
758
423
44
213
928
80
905
673
686
627
294
733
102
382
606
310
484
561
687
251
234
821
472
780
914
993
269
625
179
184
97
725
67
650
904
316
374
807
93
729
496
763
879
524
303
775
113
630
37
963
289
178
417
199
862
292
553
917
834
454
943
751
856
795
296
301
794
672
101
61
811
232
42
835
592
211
365
189
153
610
855
881
224
948
321
481
869
800
62
88
395
657
302
329
925
194
978
734
975
171