973
95 9 4 63 55 75 0 10 77 86 54 26 73 92 94 6 84 24 13 14 81 57 21 3 7 76 51 35 48 12 69 18 87 27 15 98 28 71 79 32 74 11 85 66 96 23 36 20 22 2 90 40 47 49 38 99 82 72 64 29 25 46 91 50
114
431 486 466 426 419 405 468 425 471 401 478 498 494 412 404 420 473 438 441 465 448 407 411 430 403 470 433 482 499 460 459 456 489 406 415 442 434 445 444 437 435 449 409 410 427 483 416 439 443 447 464 479 452 458 413 495 424 480 492 457 497 485 414 488 469 491 474 402 475 428 490 476 487 422 467 462
110
832 818 887 823 844 806 891 813 894 822 898 890 885 853 868 824 893 805 817 829 888 851 895 827 865 804 837 850 803 846 875 809 858 886 849 870 874 882 866 810 830 880 892 841 828 877 896 825 840 883 854 873 899 889 815 871 848 884 839 852 872 897 816 820 878 845 814 861 826 836
920 982 988 902 938 979 981 950 929 996 983 952 934 946 931 995 974 958 916 960 908 926 913 965 910 984 961 927 918 955 940 941 964 985 901 967 921 912 942 939 924 962 968 956 959 919 922 936 949 911 971 906 944 930 989 976 980 998 903 972 986
280 287 262 209 293 227 250 228 208 217 204 295 274 281 285 265 298 225 202 235 288 222 267 207 223 299 283 210 258 252 273 277 238 245 255 236 237 229 257 219 253 218 246 203 249 297 221 291 278 205 284 263 275 200 272 282 231 230 242 226 261 266 216 247 256
149
713 740 756 788 704 773 782 784 702 714 749 762 772 796 738 778 781 798 732 757 760 752 777 753 761 718 719 768 736 712 783 799 724 744 754 767 711 731 701 717 720 746 774 722 765 766 743 709 771 705 750 735 787 779 721 769 742 776 793 792 739 790 755 723 715 770 741 786 791 728 747 716
142 164 115 120 124 134 169 145 133 155 166 147 126 116 176 168 150 165 177 161 127 183 125 162 143 160 103 154 173 144 140 195 112 148 132 119 131 106 167 104 105 157 185 138 174 196 108 141 136 135 163 109
682 658 605 693 681 688 621 629 616 697 626 692 649 684 655 677 662 653 647 642 646 667 666 633 699 691 675 622 660 669 678 668 615 620 663 661 671 698 696 628 638 659 670 665 632 634 636 601 694 640 614 683 674 676 637 643 635 679 607 641 645 651 695 631
802
954
550 552 590 559 525 577 517 556 504 589 599 593 521 586 512 540 563 543 554 544 509 584 573 578 582 510 567 557 555 588 571 541 530 595 537 569 560 534 514 574 591 529 585 532 546 535 520 516 539 579 547 545 566 527 518 533 531 549 542 505 536 575 570 511 594 508 506 596 580
8
357 354 334 312 379 313 356 309 349 325 343 323 338 318 372 311 377 381 331 337 388 371 317 363 350 366 300 369 305 390 339 306 393 394 342 391 375 346 359 364 307 333 330 380 326 345 360 348 336 398 332 353 370 324 341 340 361 392 367 386 314 389 351 352 396 327
994
264
548
17
703
206
128
915
33
708
322
833
612
801
152
111
564
56
319
932
611
139
347
421
503
418
355
39
304
151
656
123
689
812
146
957
384
507
562
239
515
100
970
867
52
248
619
254
1
987
710
129
587
180
565
286
831
700
685
268
706
368
597
680
159
726
436
648
863
583
764
860
808
838
933
745
999
260
240
608
857
172
429
137
947
397
259
83
609
748
320
107
30
639
308
212
477
279
16
193
613
602
190
461
70
122
797
34
158
759
197
215
568
864
191
819
362
53
399
383
186
937
290
737
581
951
198
60
5
664
378
707
528
551
65
935
78
690
276
117
41
502
604
909
241
522
463
270
501
156
233
923
182
618
432
519
214
45
243
493
847
990
181
953
19
451
513
59
789
58
859
900
730
376
558
400
244
450
440
876
997
387
600
408
335
624
652
121
188
843
68
969
328
175
201
945
977
603
170
500
455
130
598
991
617
315
31
344
623
89
572
526
576
992
907
966
187
220
373
271
654
727
644
842
118
43
446
385
358
453
523
538
192
785
758
423
44
213
928
80
905
673
686
627
294
733
102
382
606
310
484
561
687
251
234
821
472
780
914
993
269
625
179
184
97
725
67
650
904
316
374
807
93
729
496
763
879
524
303
775
113
630
37
963
289
178
417
199
862
292
553
917
834
454
943
751
856
795
296
301
794
672
101
61
811
232
42
835
592
211
365
189
153
610
855
881
224
948
321
481
869
800
62
88
395
657
302
329
925
194
978
734
975
171