973
7 21 51 96 57 98 94 92 86 85 38 10 76 28 0 99 14 9 87 84 36 3 15 73 72 23 11 18 35 48 54 69 71 91 49 26 47 90 64 46 6 2 13 12 55 25 66 40 32 74 75 22 29 77 63 20 95 27 81 50 82 24 4 79
114
483 422 403 480 428 426 473 406 410 441 416 468 459 435 443 425 415 457 431 437 444 470 494 499 449 405 427 475 458 460 414 492 488 452 464 434 448 490 407 413 456 420 479 445 489 409 495 467 462 424 442 476 466 402 401 465 411 439 474 469 487 404 497 433 419 491 486 498 471 430 485 478 438 447 412 482
110
814 895 818 865 837 836 841 839 897 816 848 861 830 883 827 850 870 851 886 899 840 889 888 845 810 822 803 828 846 823 893 832 882 875 896 809 866 874 849 884 853 880 868 829 804 817 873 858 892 885 872 890 826 854 898 805 891 878 877 815 813 820 852 806 894 887 824 825 871 844
903 956 940 952 944 910 939 988 998 926 921 981 919 980 968 931 982 913 941 984 908 995 965 961 979 972 911 942 949 918 996 960 922 976 985 901 964 927 936 955 971 950 958 916 959 974 934 920 912 924 983 946 906 962 986 938 967 930 989 902 929
278 229 280 236 242 209 261 275 257 256 277 249 226 291 252 216 228 250 207 231 208 203 247 245 200 298 283 237 288 299 230 218 272 258 273 217 267 222 255 253 223 297 293 246 227 262 202 266 205 238 295 285 274 281 235 204 265 210 221 263 219 282 225 287 284
149
705 724 722 731 714 798 760 713 719 752 779 754 776 786 738 732 784 723 788 747 739 718 790 746 770 791 768 728 753 799 765 744 715 702 778 781 742 711 749 773 767 740 720 755 721 743 704 762 769 756 761 717 766 783 757 716 796 771 701 774 735 712 782 750 793 787 792 709 741 736 772
126 183 142 177 163 145 133 108 103 165 173 134 167 138 144 115 169 161 162 195 106 120 154 185 160 168 147 131 176 196 143 125 127 157 135 148 132 141 124 119 112 140 174 105 166 116 136 109 155 164 104 150
635 667 620 605 632 645 682 671 677 678 646 694 614 679 699 641 647 642 696 659 637 621 636 697 661 634 693 663 692 616 670 622 683 660 607 658 665 675 695 669 662 601 666 629 631 668 688 643 640 615 633 691 698 674 681 655 628 626 649 676 638 684 653 651
802
954
560 589 509 552 514 512 585 584 582 563 537 594 574 518 595 593 535 579 505 554 547 511 566 521 575 559 571 544 534 580 588 556 590 536 506 542 586 557 596 520 577 530 546 508 570 525 541 569 545 527 510 516 555 533 599 539 550 543 531 504 591 573 567 517 540 529 549 578 532
8
313 318 364 390 359 324 372 346 336 377 388 343 353 312 361 380 341 352 345 369 398 333 356 381 332 366 309 389 392 339 386 370 363 391 337 306 342 394 314 367 340 379 307 338 327 311 349 330 393 331 348 323 317 371 325 357 300 305 326 350 396 354 375 351 334 360
994
264
548
17
703
206
128
915
33
708
322
833
612
801
152
111
564
56
319
932
611
139
347
421
503
418
355
39
304
151
656
123
689
812
146
957
384
507
562
239
515
100
970
867
52
248
619
254
1
987
710
129
587
180
565
286
831
700
685
268
706
368
597
680
159
726
436
648
863
583
764
860
808
838
933
745
777
999
260
240
608
857
172
429
137
947
397
259
83
609
748
320
107
30
639
308
212
477
279
16
193
613
602
190
461
70
122
797
34
158
759
197
215
568
864
191
819
362
53
399
383
186
937
290
737
581
951
198
60
5
664
378
707
528
551
65
935
78
690
276
117
41
502
604
909
241
522
463
270
501
156
233
923
182
618
432
519
214
45
243
493
847
990
181
953
19
451
513
59
789
58
859
900
730
376
558
400
244
450
440
876
997
387
600
408
335
624
652
121
188
843
68
969
328
175
201
945
977
603
170
500
455
130
598
991
617
315
31
344
623
89
572
526
576
992
907
966
187
220
373
271
654
727
644
842
118
43
446
385
358
453
523
538
192
785
758
423
44
213
928
80
905
673
686
627
294
733
102
382
606
310
484
561
687
251
234
821
472
780
914
993
269
625
179
184
97
725
67
650
904
316
374
807
93
729
496
763
879
524
303
775
113
630
37
963
289
178
417
199
862
292
553
917
834
454
943
751
856
795
296
301
794
672
101
61
811
232
42
835
592
211
365
189
153
610
855
881
224
948
321
481
869
800
62
88
395
657
302
329
925
194
978
734
975
171