973
73 29 77 95 66 79 18 22 48 74 96 51 47 13 15 85 36 55 82 92 46 90 98 75 64 21 12 14 6 87 38 54 7 9 3 20 24 86 69 81 35 84 26 32 99 50 27 0 23 76 2 72 10 28 4 40 49 11 91 63 71 94 25 57
114
407 471 495 443 402 474 464 434 489 419 491 462 485 457 445 415 475 492 466 483 409 414 460 444 413 465 441 420 430 488 479 422 404 467 405 452 458 494 433 499 416 403 456 473 411 470 426 439 431 428 425 435 448 468 497 427 487 406 442 469 447 412 424 437 438 410 480 478 449 401 459 486 490 482 498 476
110
849 885 816 850 810 815 844 840 891 823 806 871 884 841 874 894 846 858 814 828 875 877 865 826 825 803 872 848 889 809 822 845 829 820 861 888 880 866 892 887 852 886 832 851 882 893 805 818 895 804 836 827 899 854 883 824 897 837 868 853 817 873 870 896 830 813 839 898 890 878
986 942 931 965 912 982 952 959 955 962 930 960 927 919 956 939 941 944 980 974 961 985 916 983 934 946 996 968 998 981 936 988 940 989 911 972 958 902 913 995 918 910 949 938 920 950 964 908 971 906 926 984 903 922 979 901 921 929 967 924
295 222 225 256 246 216 288 285 283 247 274 293 253 245 297 280 287 228 229 273 218 281 257 238 219 277 223 237 200 284 202 209 235 265 210 207 272 230 221 258 261 227 203 267 255 217 263 262 291 275 242 205 266 299 252 298 278 282 226 231 249 204 236 250 208
149
717 772 709 718 791 714 757 731 782 761 766 768 743 770 787 747 728 790 754 702 776 742 781 701 793 721 784 788 762 735 719 756 778 779 720 752 704 786 799 774 739 705 753 773 769 740 736 712 767 741 715 760 744 783 723 732 711 713 716 749 738 755 746 796 765 750 771 798 724 722 792
115 168 161 196 104 183 142 167 164 195 108 141 125 134 124 147 160 148 103 173 135 120 140 136 133 166 105 109 165 155 169 163 162 119 144 150 185 126 154 132 176 116 177 127 138 131 157 145 143 112 106 174
682 641 669 653 620 651 699 678 601 688 621 679 615 658 626 668 607 616 645 655 640 681 666 671 631 643 647 696 635 684 633 667 677 632 661 660 665 691 636 622 698 683 642 646 695 637 629 628 675 662 605 638 659 694 670 614 693 634 663 649 692 676 697 674
802
954
557 535 514 560 531 579 509 533 595 550 578 520 563 511 569 573 542 566 574 547 516 596 540 599 554 539 537 580 593 591 577 508 589 584 543 510 549 517 525 585 505 567 530 527 556 512 506 545 571 521 559 588 575 536 534 582 504 532 541 555 590 518 544 586 529 546 552 594 570
8
314 325 348 331 306 345 324 337 351 380 363 366 390 398 342 336 372 339 327 307 332 386 391 330 375 361 388 352 300 338 389 377 309 357 340 353 305 356 334 396 369 379 326 394 370 317 333 359 371 318 349 312 341 354 364 346 393 367 311 381 392 343 323 313 350 360
994
264
548
17
703
206
128
915
33
708
322
833
612
801
152
111
564
56
319
932
611
139
347
421
503
418
355
39
304
151
656
123
689
812
146
957
384
507
562
239
515
100
970
867
52
248
619
254
1
987
710
129
587
180
565
286
831
700
685
268
706
368
597
680
159
726
436
648
863
583
764
860
808
838
933
745
777
999
260
240
608
857
172
429
137
947
397
259
83
609
748
320
107
30
639
308
212
477
279
16
193
613
602
190
461
70
122
797
34
158
759
197
215
568
864
191
819
362
53
399
383
186
937
290
737
581
951
198
60
5
664
378
707
528
551
65
935
78
690
276
117
41
502
604
909
241
522
463
270
501
156
233
923
182
618
432
519
214
45
243
493
847
990
181
953
19
451
513
59
789
58
859
900
730
376
558
400
244
450
440
876
997
387
600
408
335
624
652
976
121
188
843
68
969
328
175
201
945
977
603
170
500
455
130
598
991
617
315
31
344
623
89
572
526
576
992
907
966
187
220
373
271
654
727
644
842
118
43
446
385
358
453
523
538
192
785
758
423
44
213
928
80
905
673
686
627
294
733
102
382
606
310
484
561
687
251
234
821
472
780
914
993
269
625
179
184
97
725
67
650
904
316
374
807
93
729
496
763
879
524
303
775
113
630
37
963
289
178
417
199
862
292
553
917
834
454
943
751
856
795
296
301
794
672
101
61
811
232
42
835
592
211
365
189
153
610
855
881
224
948
321
481
869
800
62
88
395
657
302
329
925
194
978
734
975
171