973
13 71 48 38 15 54 14 90 85 69 98 35 76 10 27 75 51 92 18 6 95 3 49 36 86 50 79 28 0 40 20 32 4 21 46 25 73 91 82 81 11 23 72 55 12 7 99 64 57 66 74 94 29 87 47 9 22 63 77 2 84 96 24 26
114
439 457 402 427 470 492 460 494 459 435 426 480 437 406 471 442 413 419 476 425 404 430 495 486 447 438 469 466 488 485 415 464 456 491 420 403 474 482 449 479 428 483 422 487 490 498 431 452 489 465 433 405 424 467 411 473 445 475 443 407 414 441 458 468 410 401 448 434 462 416 409 499 497 444 478 412
110
890 852 894 826 850 887 827 822 895 823 868 829 866 813 858 888 837 820 841 818 892 846 816 828 873 817 893 810 877 884 804 874 880 878 814 844 897 851 849 871 886 861 853 824 803 840 870 848 805 875 872 832 809 883 825 836 806 899 882 830 889 839 891 815 854 898 865 896 885 845
903 910 921 995 942 964 956 988 981 934 952 901 927 911 955 919 936 929 906 944 961 979 941 985 949 989 998 912 931 930 984 946 940 996 980 968 926 916 983 971 913 982 974 965 924 962 920 922 950 986 967 938 960 972 908 939 902 918 959 958
266 257 285 230 209 256 288 216 274 280 223 293 275 226 210 242 205 281 250 295 219 217 235 265 262 253 255 218 261 282 208 207 238 298 231 200 222 247 272 291 258 227 202 245 228 283 236 297 249 246 263 221 278 299 267 203 273 237 229 287 284 204 225 252 277
149
786 717 783 769 719 779 781 792 770 762 782 768 731 765 756 714 753 784 791 752 735 772 766 776 740 738 767 713 755 743 732 720 741 757 760 702 716 747 793 709 744 774 788 749 790 701 711 722 712 742 773 728 754 724 778 761 723 721 796 705 736 715 704 799 771 739 750 746 798 718 787
148 166 125 163 174 145 185 176 109 126 124 143 108 196 147 115 134 144 169 106 135 195 165 119 167 173 183 112 120 133 136 162 155 104 150 164 160 132 157 138 105 116 154 161 142 127 168 103 141 131 140
675 653 662 635 663 634 676 649 692 601 670 631 666 646 677 605 660 626 607 636 651 629 638 645 616 665 667 628 659 620 695 633 679 614 693 615 642 655 682 691 698 688 696 697 643 669 640 671 632 699 621 658 683 694 661 678 622 674 684 647 641 637 681 668
802
954
595 536 546 509 585 569 544 537 531 549 504 505 571 530 535 517 582 591 521 567 574 579 584 596 593 527 573 557 540 570 506 532 512 542 516 590 545 534 599 533 580 541 588 556 594 586 560 589 508 518 577 550 552 511 525 555 547 539 520 554 559 510 578 566 529 563 575 543 514
8
345 357 334 391 332 342 381 350 306 312 375 349 392 396 337 370 348 388 317 366 323 390 360 372 379 380 343 371 336 389 305 331 356 352 313 351 333 327 346 398 340 326 361 369 324 311 393 354 353 309 325 314 338 394 339 359 341 377 300 363 318 307 330 367 386 364
994
264
548
17
703
206
128
915
33
708
322
833
612
801
152
111
564
56
319
932
611
139
347
421
503
418
355
39
304
151
656
123
689
812
146
957
384
507
562
239
515
100
970
867
52
248
619
254
1
987
710
129
587
180
565
286
831
700
685
268
706
368
597
680
159
726
436
648
863
583
764
860
808
838
933
745
777
999
260
240
608
857
172
429
137
947
397
259
83
609
748
320
107
30
639
308
212
477
279
16
193
613
602
190
461
70
122
797
34
158
759
197
215
568
864
191
819
362
53
399
383
186
937
290
737
581
951
198
60
5
664
378
707
528
551
65
935
78
690
276
117
41
502
604
909
241
522
463
270
501
156
233
923
182
618
432
519
214
45
243
493
847
990
181
953
19
451
513
59
789
58
859
900
730
376
558
400
244
450
440
876
997
387
600
408
335
624
652
976
121
188
843
68
969
328
175
201
945
977
603
170
500
455
130
598
991
617
315
31
344
623
89
572
526
576
992
907
966
187
220
373
271
654
727
644
842
118
43
446
385
358
453
523
538
192
785
758
423
44
213
928
80
905
673
686
627
294
733
102
382
606
310
484
561
687
251
234
821
472
780
914
993
269
625
179
184
97
725
67
650
904
316
374
807
93
729
496
763
879
524
303
775
113
630
37
963
177
289
178
417
199
862
292
553
917
834
454
943
751
856
795
296
301
794
672
101
61
811
232
42
835
592
211
365
189
153
610
855
881
224
948
321
481
869
800
62
88
395
657
302
329
925
194
978
734
975
171