973
85 99 6 73 63 74 77 50 40 2 72 20 36 13 87 82 66 7 0 79 38 86 32 49 47 96 3 21 98 92 69 55 27 12 75 28 95 54 4 51 25 76 11 15 35 81 84 22 10 18 23 46 24 48 57 64 14 90 94 26 91 9 29 71
114
495 462 480 422 433 437 430 489 424 441 409 498 419 469 468 427 486 401 466 402 412 456 425 497 467 482 442 460 499 449 452 458 471 488 438 426 434 483 487 428 473 415 475 420 476 403 490 404 447 444 405 411 494 485 406 439 416 465 474 414 445 435 457 431 478 407 470 443 492 491 448 459 479 464 410 413
110
805 816 852 885 840 828 893 887 850 806 897 830 809 825 873 870 829 851 888 854 891 813 815 882 853 872 814 844 880 895 866 878 818 892 858 890 839 836 820 861 868 874 889 898 884 841 823 826 832 871 824 883 875 886 837 846 848 827 899 849 865 822 817 894 810 896 803 804 845 877
955 913 922 989 983 916 974 961 902 940 984 926 901 931 988 944 921 985 941 949 968 903 956 998 920 936 952 910 972 919 964 967 958 980 934 906 908 912 946 959 995 939 981 950 962 942 982 911 927 986 929 965 996 971 938 924 960 918 979 930
208 247 291 246 263 210 262 219 265 205 236 283 273 242 284 209 258 278 288 221 298 282 217 252 274 202 256 280 226 299 255 250 216 222 228 218 207 249 235 266 229 275 272 277 281 225 237 257 293 287 223 227 285 267 204 230 203 238 245 253 297 231 295 200 261
149
754 749 767 765 711 717 732 755 768 742 718 773 714 746 786 787 739 731 772 744 722 784 757 791 712 781 719 747 716 790 704 741 743 750 735 782 720 761 701 798 796 721 792 724 762 723 799 740 788 778 715 770 713 783 771 709 728 705 774 752 756 776 779 738 736 753 769 793 760 702
136 163 154 176 144 160 155 108 164 112 147 126 183 185 150 138 134 133 169 148 132 145 173 119 166 115 161 174 135 140 157 167 103 196 124 109 165 125 120 141 106 104 143 105 142 116 168 162 195 131 127
649 660 662 655 647 651 615 620 693 668 699 636 665 666 621 645 667 681 628 675 614 669 691 634 659 671 658 696 622 695 616 633 683 688 605 601 607 653 678 692 631 682 642 676 697 641 643 684 632 674 629 698 646 679 670 677 626 694 635 640 638 661 663 637
802
954
591 509 547 510 529 550 590 571 542 563 596 530 580 511 555 588 527 512 516 599 518 589 541 531 543 579 552 559 593 517 573 582 534 549 557 505 521 574 540 575 585 586 539 560 545 537 504 567 554 570 595 536 525 535 544 556 546 578 566 594 569 533 508 584 520 532 506 577 514
8
324 392 314 343 393 333 346 391 345 339 309 306 312 305 317 326 348 371 341 327 396 367 354 340 398 361 377 356 389 311 313 351 370 390 342 353 318 334 331 357 323 338 388 325 349 330 379 364 337 300 359 381 366 380 360 307 336 372 352 350 363 369 386 375 394 332
994
264
548
17
703
206
128
915
33
708
322
833
612
801
152
111
564
56
319
932
611
139
347
421
503
418
355
39
304
151
656
123
689
812
146
957
384
507
562
239
515
100
970
867
52
248
619
254
1
987
710
129
587
180
565
286
831
700
685
268
706
368
597
680
159
726
436
648
863
583
764
860
808
838
933
745
777
999
260
240
608
857
172
429
137
947
397
259
83
609
748
320
107
30
639
308
212
477
279
16
193
613
602
190
461
70
122
797
34
158
759
197
215
568
864
191
819
362
53
399
383
186
937
290
737
581
951
198
60
5
664
378
707
528
551
65
935
78
690
276
117
41
502
604
909
241
522
463
270
501
156
233
923
182
618
432
519
214
45
243
493
847
990
181
953
19
451
513
59
789
58
859
900
730
376
558
400
244
450
440
876
997
387
600
408
335
624
652
976
121
188
843
68
969
328
175
201
945
977
603
170
500
455
130
598
991
617
315
31
344
623
89
572
526
576
992
907
966
187
220
373
271
654
727
644
842
118
43
446
385
358
453
523
538
192
785
758
423
44
213
928
766
80
905
673
686
627
294
733
102
382
606
310
484
561
687
251
234
821
472
780
914
993
269
625
179
184
97
725
67
650
904
316
374
807
93
729
496
763
879
524
303
775
113
630
37
963
177
289
178
417
199
862
292
553
917
834
454
943
751
856
795
296
301
794
672
101
61
811
232
42
835
592
211
365
189
153
610
855
881
224
948
321
481
869
800
62
88
395
657
302
329
925
194
978
734
975
171