973
25 50 22 7 92 73 54 36 47 55 69 90 29 32 12 18 94 85 2 26 98 66 79 38 28 75 95 48 49 77 96 24 3 99 81 63 57 14 86 46 71 10 9 40 87 51 76 72 13 20 82 6 27 15 84 4 21 0 74 35 91 11 23
114
443 420 485 430 490 468 424 403 415 414 433 435 467 474 476 406 445 442 479 441 482 460 449 465 404 464 405 466 457 447 491 452 497 486 412 475 409 438 431 456 487 416 427 419 488 411 458 410 469 422 462 425 470 428 498 499 448 478 413 480 494 492 426 444 401 434 407 489 495 483 471 439 459 473 437 402
110
870 844 882 886 820 866 839 828 852 814 815 823 854 840 872 853 880 885 826 822 813 850 825 846 804 873 889 827 883 851 829 841 818 875 837 865 845 836 868 858 898 894 832 897 830 895 896 891 861 884 887 888 893 806 824 871 816 892 810 805 809 899 890 848 849 877 803 817 878 874
939 959 913 998 996 989 921 964 988 941 908 926 961 971 985 972 952 986 910 962 922 911 974 956 902 944 982 934 995 906 965 936 968 942 940 981 930 927 938 901 919 924 918 920 950 960 903 912 931 984 967 983 929 958 916 949 980 955 979 946
228 283 263 249 210 267 281 262 231 216 285 229 226 257 265 275 237 273 242 204 247 274 218 282 208 246 250 272 200 280 221 235 219 225 236 227 203 287 293 207 255 222 223 266 209 205 253 284 261 291 252 297 295 278 277 238 202 298 230 258 288 217 245 256 299
149
781 732 755 724 762 772 742 705 753 776 701 757 723 720 740 760 736 796 717 718 778 792 790 715 754 741 743 709 773 783 750 765 768 738 704 761 782 719 752 711 799 770 769 793 716 774 739 702 756 787 779 712 731 784 735 791 786 728 747 714 798 722 767 749 788 721 713 746 744 771
167 166 125 169 173 126 141 185 112 127 155 174 136 124 142 161 134 164 115 140 133 108 150 162 105 196 119 183 168 116 165 176 104 160 132 106 163 148 144 154 138 195 147 109 157 131 145 143 135 103 120
638 675 649 678 659 646 607 640 677 642 655 683 658 647 666 679 636 631 645 651 669 681 693 667 622 688 632 694 641 665 697 698 670 614 662 699 674 635 684 637 653 695 605 692 691 601 629 676 643 671 621 634 620 615 660 696 633 626 682 661 663 668 616 628
802
954
512 589 525 554 545 555 599 560 580 511 534 533 536 570 540 508 549 571 552 543 510 521 539 544 529 573 520 579 550 585 574 514 541 575 559 577 504 518 506 505 596 542 584 547 535 516 595 557 588 591 586 578 563 530 517 509 567 527 590 556 531 569 594 532 537 593 582 546 566
8
341 339 394 337 369 313 361 331 325 351 326 324 388 380 375 346 359 330 334 306 348 340 360 309 379 343 312 398 350 370 332 366 364 338 349 305 371 391 352 342 311 345 356 314 318 392 300 396 386 323 354 377 307 327 367 372 317 336 389 357 381 363 353 393 390 333
994
264
548
17
703
206
128
915
33
708
322
833
612
801
152
111
564
56
319
932
611
139
347
421
503
418
355
39
304
151
656
123
689
812
146
957
384
507
562
239
515
100
970
867
52
248
619
254
1
987
710
129
587
180
565
286
831
700
685
268
706
368
597
680
159
726
436
648
863
583
764
860
808
838
933
745
777
999
260
240
608
857
172
429
137
947
397
259
83
609
748
320
107
30
639
308
212
477
279
16
193
613
602
190
461
70
122
797
34
158
759
197
215
568
864
191
819
362
53
399
383
186
937
290
737
581
951
198
60
5
664
378
707
528
551
65
935
78
690
276
117
41
502
604
909
241
522
463
270
501
156
233
923
182
618
432
519
214
45
243
493
847
990
181
953
19
451
513
59
789
58
859
900
730
376
558
400
244
450
440
876
997
387
600
408
335
624
652
976
121
188
843
68
969
328
175
201
945
977
603
170
500
455
130
598
991
617
315
31
344
623
89
572
526
576
992
907
966
187
220
373
271
654
727
644
842
118
43
446
385
358
453
523
538
192
785
758
423
44
213
928
766
80
905
673
686
627
294
733
102
382
606
310
484
561
687
251
234
821
472
780
914
993
269
625
179
184
97
725
67
650
904
316
374
807
93
729
496
763
879
524
303
775
113
630
37
963
177
289
178
417
199
862
292
553
917
834
454
943
751
856
795
296
301
794
672
101
61
811
232
42
835
592
211
64
365
189
153
610
855
881
224
948
321
481
869
800
62
88
395
657
302
329
925
194
978
734
975
171