973
79 15 21 90 2 40 22 91 26 74 24 71 9 35 82 72 85 55 29 38 96 51 98 23 73 18 7 94 92 50 14 76 87 25 6 20 0 75 86 66 63 47 11 13 95 99 36 81 48 28 84 32 12 54 4 3 46 49 27 69 57 77 10
114
402 412 438 457 491 409 485 445 410 437 499 403 456 434 464 486 466 443 444 459 401 498 435 407 427 489 470 468 483 431 449 439 415 424 488 473 476 467 487 414 474 475 420 462 426 428 442 497 433 471 494 441 482 478 422 419 430 495 416 406 458 490 411 404 460 492 448 413 480 425 405 452 447 479 465 469
110
822 809 854 882 894 804 872 887 899 874 813 824 893 840 870 897 829 846 880 841 891 878 873 810 877 815 895 814 820 827 890 845 828 866 849 875 853 837 806 816 898 844 823 817 871 868 858 861 826 865 803 818 884 851 883 825 832 830 839 852 896 892 836 848 850 805 889 888 886 885
983 962 956 918 902 955 910 986 995 972 940 939 996 908 926 921 927 906 922 946 980 985 919 989 913 936 984 988 961 941 931 952 959 920 949 965 929 958 942 912 930 964 934 967 924 911 903 960 998 944 916 968 971 982 974 979 938 950 981 901
226 298 200 266 275 238 281 273 252 246 204 295 208 230 287 278 218 223 283 209 257 272 242 236 219 245 205 261 222 225 203 255 227 250 258 202 293 299 267 249 263 216 229 277 256 207 280 247 231 282 237 253 228 297 288 235 221 262 274 291 285 217 210 284
149
788 757 744 755 747 743 776 761 778 719 721 718 798 736 732 767 784 723 712 762 792 738 713 742 704 711 786 791 771 714 735 728 709 756 720 715 782 717 741 787 768 746 760 796 752 749 702 739 765 705 701 754 753 779 790 793 722 724 740 783 774 773 781 731 769 772 750 799 716 770
196 119 185 162 116 109 157 154 165 148 142 183 138 143 126 161 167 164 127 135 168 169 112 105 133 134 125 144 120 106 166 104 132 155 136 124 176 195 150 173 108 147 115 160 103 163 145 131 174 141 140
679 693 677 635 678 641 662 691 695 605 682 661 640 637 663 632 616 658 621 631 698 674 636 638 688 670 666 681 649 697 699 669 660 633 694 671 629 628 645 655 675 692 676 653 668 634 665 642 626 646 620 614 615 647 607 643 696 659 684 651 683 601 622 667
802
954
555 566 530 516 539 594 525 571 545 556 582 586 518 546 532 511 534 595 589 529 596 537 512 557 569 510 599 505 514 509 531 508 560 550 570 579 559 521 575 593 520 542 584 585 535 577 563 580 552 547 533 590 540 549 578 504 544 588 554 567 506 573 517 591 536 543 527 541 574
8
361 393 343 360 323 349 396 348 325 330 379 317 390 391 334 340 354 372 356 389 380 375 357 367 351 318 363 392 307 339 366 346 327 338 388 341 314 352 381 333 377 324 370 369 305 311 371 364 300 398 345 332 309 359 342 337 331 312 313 326 386 336 350 394 306 353
994
264
548
17
703
206
128
915
33
708
322
833
612
801
152
111
564
56
319
932
611
139
347
421
503
418
355
39
304
151
656
123
689
812
146
957
384
507
562
239
515
100
970
867
52
248
619
254
1
987
710
129
587
180
565
286
831
700
685
268
706
368
597
680
159
726
436
648
863
583
764
860
808
838
933
745
777
999
260
240
608
857
172
429
137
947
397
259
83
609
748
320
107
30
639
308
212
477
279
16
193
265
613
602
190
461
70
122
797
34
158
759
197
215
568
864
191
819
362
53
399
383
186
937
290
737
581
951
198
60
5
664
378
707
528
551
65
935
78
690
276
117
41
502
604
909
241
522
463
270
501
156
233
923
182
618
432
519
214
45
243
493
847
990
181
953
19
451
513
59
789
58
859
900
730
376
558
400
244
450
440
876
997
387
600
408
335
624
652
976
121
188
843
68
969
328
175
201
945
977
603
170
500
455
130
598
991
617
315
31
344
623
89
572
526
576
992
907
966
187
220
373
271
654
727
644
842
118
43
446
385
358
453
523
538
192
785
758
423
44
213
928
766
80
905
673
686
627
294
733
102
382
606
310
484
561
687
251
234
821
472
780
914
993
269
625
179
184
97
725
67
650
904
316
374
807
93
729
496
763
879
524
303
775
113
630
37
963
177
289
178
417
199
862
292
553
917
834
454
943
751
856
795
296
301
794
672
101
61
811
232
42
835
592
211
64
365
189
153
610
855
881
224
948
321
481
869
800
62
88
395
657
302
329
925
194
978
734
975
171