973
86 7 22 46 74 95 91 81 26 4 47 0 11 77 18 24 36 57 96 66 76 27 55 48 98 13 23 25 21 38 94 73 92 49 12 14 29 84 90 28 72 82 63 10 15 51 2 9 69 3 79 75 87 35 20 85 40 32 99 54 50 71
114
457 439 448 456 471 405 479 443 425 458 409 460 488 447 483 415 420 438 407 444 464 424 406 442 480 411 497 482 485 410 404 426 416 490 403 435 419 459 491 498 465 427 414 422 466 495 487 467 402 473 492 437 494 486 478 449 462 469 468 475 412 441 430 499 431 489 470 474 401 434 433 413 428 452 476 445
110
886 844 872 848 806 852 845 839 898 815 822 882 893 824 874 892 858 861 805 830 899 803 810 884 820 853 878 827 870 888 825 877 875 832 885 818 865 850 895 851 868 840 826 841 883 854 809 817 814 887 880 846 891 897 889 837 866 836 873 894 823 871 804 829 828 849 890 816 813 896
906 912 942 964 985 980 981 988 927 972 924 910 982 949 946 916 962 958 967 938 922 998 929 961 944 940 968 950 956 934 930 971 911 960 995 974 984 955 939 913 908 983 919 902 901 996 931 986 965 959 952 936 989 920 926 903 979 921 918 941
256 257 293 246 267 208 252 249 277 261 258 218 284 207 231 283 205 298 209 226 245 299 227 255 273 291 217 278 223 222 225 229 297 253 210 221 275 200 230 262 288 216 237 203 202 287 250 280 247 272 285 295 236 274 204 263 235 282 228 238 281 219 266 242
149
717 784 760 701 786 798 722 755 772 779 736 712 761 715 782 771 774 762 752 796 731 776 778 768 781 790 742 739 721 719 799 741 747 792 728 750 765 720 791 746 709 705 757 749 793 770 724 732 704 753 723 788 718 735 714 716 787 711 702 754 713 783 738 756 769 743 740 773 744 767
176 150 145 162 173 132 115 143 165 174 164 154 105 161 160 185 124 134 168 103 141 195 163 116 140 133 155 109 125 119 112 131 157 138 104 126 108 183 196 167 144 120 147 127 148 142 135 106 169 136 166
649 688 616 638 670 692 651 601 681 647 663 669 693 679 667 607 646 631 682 698 665 671 621 695 614 605 636 637 641 615 633 645 684 662 634 699 674 691 661 659 696 668 683 676 697 632 655 675 643 677 660 640 658 628 620 678 666 622 629 694 635 642 653 626
802
954
593 509 512 595 582 599 545 543 550 518 508 594 546 590 532 549 529 533 584 535 520 511 527 578 536 505 506 530 517 542 540 566 554 521 516 574 539 596 534 514 573 555 567 579 504 586 556 537 560 552 547 569 570 580 591 589 588 541 577 575 559 563 557 544 525 571 510 585 531
8
337 380 307 339 392 354 341 381 350 351 317 367 366 312 364 394 326 386 336 360 372 340 323 327 379 359 353 369 388 398 389 309 311 391 361 332 334 349 325 363 300 324 375 390 318 348 352 396 343 370 356 333 313 357 305 393 331 345 377 306 346 342 330 371 314 338
994
264
548
17
703
206
128
915
33
708
322
833
612
801
152
111
564
56
319
932
611
139
347
421
503
418
355
39
304
151
656
123
689
812
146
957
384
507
562
239
515
100
970
867
52
248
619
254
1
987
710
129
587
180
565
286
831
700
685
268
706
368
597
680
159
726
436
648
863
583
764
860
808
838
933
745
777
999
260
240
608
857
172
429
137
947
397
259
83
609
748
320
107
30
639
308
212
477
279
16
193
265
613
602
190
461
70
122
797
34
158
759
197
215
568
864
191
819
362
53
399
383
186
6
937
290
737
581
951
198
60
5
664
378
707
528
551
65
935
78
690
276
117
41
502
604
909
241
522
463
270
501
156
233
923
182
618
432
519
214
45
243
493
847
990
181
953
19
451
513
59
789
58
859
900
730
376
558
400
244
450
440
876
997
387
600
408
335
624
652
976
121
188
843
68
969
328
175
201
945
977
603
170
500
455
130
598
991
617
315
31
344
623
89
572
526
576
992
907
966
187
220
373
271
654
727
644
842
118
43
446
385
358
453
523
538
192
785
758
423
44
213
928
766
80
905
673
686
627
294
733
102
382
606
310
484
561
687
251
234
821
472
780
914
993
269
625
179
184
97
725
67
650
904
316
374
807
93
729
496
763
879
524
303
775
113
630
37
963
177
289
178
417
199
862
292
553
917
834
454
943
751
856
795
296
301
794
672
101
61
811
232
42
835
592
211
64
365
189
153
610
855
881
224
948
321
481
869
800
62
88
395
657
302
329
925
194
978
734
975
171