973
13 94 87 3 0 82 50 71 36 11 46 35 38 66 47 49 18 7 22 90 10 55 40 54 29 4 72 77 24 2 57 51 28 26 75 84 48 69 20 9 81 25 15 99 73 85 12 91 21 98 27 86 95 23 96 92 63 79 76 32 74 14
114
414 468 459 445 486 419 498 433 448 411 458 439 460 471 441 465 404 435 474 434 499 431 443 469 422 480 494 426 407 487 425 473 430 401 470 491 482 495 476 449 457 405 413 478 402 467 452 438 483 489 409 412 424 428 479 462 437 447 415 490 492 497 406 403 466 488 442 444 410 475 420 416 427 485 456 464
110
893 832 866 853 845 883 803 897 823 854 872 820 851 890 898 880 827 874 891 839 822 836 896 871 878 865 889 809 849 885 837 852 886 830 828 840 804 877 888 816 870 825 826 873 824 841 894 887 818 875 817 848 861 829 895 882 810 813 846 868 815 892 806 814 850 844 884 899 858 805
938 930 996 946 988 927 955 961 981 967 940 979 972 931 984 921 952 908 960 964 980 956 910 918 985 924 942 986 989 912 920 958 934 998 950 974 995 983 902 959 919 929 916 901 982 922 913 968 962 971 941 911 939 965 944 949 936 926 906 903
203 237 216 253 242 209 230 210 222 280 255 281 273 287 256 208 261 247 288 202 231 226 228 272 299 275 297 205 250 204 238 262 298 283 252 217 257 291 263 293 274 278 277 225 218 221 229 258 285 267 235 282 236 295 245 207 227 219 284 223 246 249 266 200
149
784 719 754 724 744 732 790 787 742 713 793 740 712 709 779 749 702 714 711 701 761 705 738 762 716 760 750 765 718 786 770 776 796 739 768 791 799 704 717 752 755 792 731 788 778 721 783 756 741 746 736 723 757 720 782 747 773 774 769 753 767 772 715 743 798 728 781 722 735
142 145 173 167 115 144 141 164 134 148 131 160 140 166 116 157 135 105 150 168 109 125 162 165 154 132 196 176 108 106 120 136 147 143 185 112 119 183 163 174 127 124 103 169 195 133 155 104 126 138 161
667 655 684 695 692 637 661 699 674 659 671 693 607 629 633 683 662 621 694 669 649 651 653 638 681 677 696 698 678 605 642 688 660 665 626 697 676 675 601 682 614 658 634 645 679 668 622 635 631 615 666 640 647 620 628 691 663 641 616 670 632 643 646 636
802
954
540 578 582 517 599 591 569 596 520 584 539 580 531 590 518 512 542 509 541 552 594 505 533 555 557 577 514 543 544 573 567 579 504 563 525 559 550 545 537 506 586 532 595 589 535 534 554 527 588 560 529 521 530 575 510 511 574 585 547 546 536 593 570 508 566 549 516 556 571
8
380 334 317 372 389 369 375 342 356 371 306 330 314 348 339 370 345 333 377 357 327 309 379 338 324 394 386 391 311 346 361 340 351 318 343 388 360 366 398 307 300 352 363 393 359 392 305 325 367 312 349 353 381 364 390 331 341 350 396 336 332 313 354 323 326 337
994
264
548
17
703
206
128
915
33
708
322
833
612
801
152
111
564
56
319
932
611
139
347
421
503
418
355
39
304
151
656
123
689
812
146
957
384
507
562
239
515
100
970
867
52
248
619
254
1
987
710
129
587
180
565
286
831
700
685
268
706
368
597
680
159
726
436
648
863
583
764
860
808
838
933
745
777
999
260
240
608
857
172
429
137
947
397
259
83
609
748
320
107
30
639
308
212
477
279
16
193
265
613
602
190
461
70
122
797
34
158
759
197
215
568
864
191
819
362
53
399
383
186
6
937
290
737
581
951
198
60
5
664
378
707
528
551
65
935
78
690
276
117
41
502
604
909
241
522
463
270
501
156
233
923
182
618
432
519
214
45
243
493
847
990
181
953
19
451
513
59
789
58
859
900
730
376
558
400
244
450
440
876
997
387
600
408
335
624
652
976
121
188
843
68
969
328
175
201
945
977
603
170
500
455
130
598
991
617
315
31
344
623
89
572
526
576
992
907
966
187
220
373
271
654
727
644
842
118
43
446
385
358
453
523
538
192
785
758
423
44
213
928
766
80
771
905
673
686
627
294
733
102
382
606
310
484
561
687
251
234
821
472
780
914
993
269
625
179
184
97
725
67
650
904
316
374
807
93
729
496
763
879
524
303
775
113
630
37
963
177
289
178
417
199
862
292
553
917
834
454
943
751
856
795
296
301
794
672
101
61
811
232
42
835
592
211
64
365
189
153
610
855
881
224
948
321
481
869
800
62
88
395
657
302
329
925
194
978
734
975
171