926 984 957 940 904 992 917 919 951 985 953 988 974 905 964 996 994 934 921 911 963 924 925 978 946 981 955 945 935 908 970 937 975 939 928 998 942 986 907 977 903 918 972 966 962 929 916 913 923 930 949 973 920 982 944 954 995 915 983 967 933 914 906 952 965 991 979 976 999 980 969 960 931 901 961 922 997 910 971 989 902 993 909 947 990 958 941 950 959 936 912 956 932 943 968 927 938 948 987
3 33 31 36 65 48 91 74 67 68 59 52 53 4 57 79 35 13 18 50 63 58 54 19 37 97 45 66 61 88 47 44 10 69 39 2 32 26 17 0 7 95 90 96 80 12 27 81 25 72 34 75 71 60 40 41 24 43 87 73 93 20 22 64 82 14 62 46 23 5 94 89 84 55 29 11 28 8 21 9 83 98 85 77 56 30 49 6 76 99 92 51 16 78 42 15 38 86
136 141 185 145 199 102 132 121 188 183 114 178 176 107 111 163 149 127 116 190 180 160 197 172 147 152 138 170 108 191 142 165 155 109 192 148 184 113 196 169 146 131 189 117 181 115 193 171 179 123 173 100 139 144 175 125 133 187 128 120 154 118 130 129 110 104 166 156 198 194 167 105 112 186 182 157 126 150 174 122 124 137 153 135 103 177 162 134 195 140 161 106 119 168 164 143
462 432 458 493 495 467 438 414 479 487 449 483 499 490 416 439 428 484 474 419 477 470 482 496 433 476 410 453 456 455 445 448 494 413 469 404 473 485 472 440 471 486 437 461 406 408 475 452 403 488 468 424 498 420 497 434 450 418 460 426 427 430 412 447 441 480 491 442 423 451 422 402 431 407 489 411 457 417 446 435 465 409 415 463 481 454 466 425 401 464 429 478 405 459 492 444 443 436
844 826 877 875 855 853 805 834 845 876 814 868 887 895 820 854 810 830 816 883 856 881 848 861 835 863 804 888 833 846 829 832 886 812 870 859 897 865 852 890 898 842 872 866 808 831 882 825 813 884 867 889 892 803 841 811 836 894 857 862 828 815 806 850 827 885 823 843 817 873 838 858 847 899 824 800 818 880 849 871 807 840 821 869 893 851 809 896 891 819 874 822 864 878 879 860 837 839
209 216 283 225 217 224 223 274 202 233 250 294 247 285 220 230 286 253 280 289 272 298 259 231 226 215 205 218 232 227 258 240 299 266 211 297 243 228 293 219 238 278 282 222 275 267 204 203 252 235 268 245 287 277 261 206 255 269 242 279 236 265 221 264 234 276 292 262 270 251 290 244 214 239 207 249 288 237 241 281 212 200 284 295 257 256 296 248 291 213 254 263 210 208 273 246 229
782 737 748 703 715 734 719 713 760 710 731 770 707 787 764 714 773 704 717 775 735 701 716 746 722 741 797 750 778 723 761 758 742 785 708 736 747 771 711 705 753 796 780 732 784 712 789 786 743 745 702 790 733 738 769 721 724 740 728 776 795 767 788 725 774 709 791 720 718 730 772 793 755 751 779 794 792 799 754 781 757 783 752 739 763 729 762 749 768 756 777 798 766 765 744 759
657 601 634 612 699 687 631 686 660 648 685 611 678 680 641 676 672 644 621 674 638 689 602 653 665 698 688 682 633 614 643 655 690 646 697 637 626 628 630 652 645 607 617 667 635 606 693 610 664 684 623 673 692 650 675 615 608 627 639 679 605 663 613 656 603 622 662 642 668 659 625 694 624 661 681 629 669 666 683 691 647 609 616 651 649 640 620 696 618 671 636 604 695 632 658 670 654 677
802
532 520 503 593 564 553 575 579 571 570 529 534 589 533 568 583 556 537 539 582 517 527 514 510 549 595 516 509 544 557 521 585 518 536 545 540 586 596 561 584 501 551 502 594 574 559 569 522 597 512 542 515 535 504 567 511 565 543 566 531 563 513 580 526 581 505 507 555 592 560 554 530 552 508 598 550 547 506 591 590 587 576 541 599 588 525 546 528 573 548 578 562 577 523 538 519 558 524
378 372 361 302 384 351 365 304 335 360 393 317 309 354 386 375 315 310 345 312 383 314 319 377 324 350 352 364 363 337 376 326 325 322 370 313 321 340 373 330 368 308 367 333 349 338 394 318 323 342 381 327 395 362 369 396 398 305 339 358 331 387 390 397 359 306 399 336 329 353 300 346 307 388 328 334 382 303 320 355 380 332 344 366 356 348 341 371 357 389 392 347 391 379 385 311 343
801
421
151
619
1
700
706
159
726
260
70
158
900
400
600
201
500
572
271
727
316
374
301
101