973
50 15 14 3 90 71 47 21 49 79 36 95 96 84 94 82 10 29 85 98 51 63 2 12 73 0 7 76 91 26 23 24 72 35 69 25 55 87 66 13 48 46 75 11 4 54 38 9 40 74 18 86 22 20 28 27 99 77 92 81 57 32
114
413 448 422 444 442 479 491 405 437 486 460 473 435 457 443 469 482 433 424 478 452 410 480 425 427 449 495 445 474 476 428 456 412 434 459 462 483 467 465 406 409 487 488 490 464 441 471 402 401 407 485 431 466 404 439 416 426 411 415 497 438 489 468 458 494 403 419 470 420 475 492 499 430 414 498
110
888 817 873 824 827 894 872 803 865 848 844 853 893 898 895 830 841 813 837 870 840 814 818 815 846 820 809 861 849 805 880 897 826 810 875 889 852 816 858 845 871 878 828 854 839 868 882 886 890 832 850 822 891 884 887 851 896 836 874 825 806 885 823 883 829 899 877 866 804 892
918 982 996 981 971 913 939 974 988 960 944 983 916 927 962 926 979 910 998 919 929 938 950 955 942 968 921 924 956 958 911 922 967 986 906 912 946 901 941 931 908 930 980 936 984 964 995 959 972 903 902 949 920 940 989 965 985 934 961 952
200 207 229 253 297 203 295 257 267 288 205 274 245 266 298 237 209 272 278 247 225 246 299 231 252 216 218 219 210 258 277 263 285 242 226 261 236 291 283 250 223 293 275 230 204 222 217 238 227 208 262 281 273 284 256 282 255 287 228 221 235 280 249 202
149
762 750 773 776 709 755 741 790 704 767 743 757 782 770 735 713 787 769 779 798 722 712 721 792 746 732 720 793 719 783 739 788 754 718 765 760 742 749 728 731 786 715 714 717 761 784 756 716 702 747 768 778 781 724 740 774 736 799 723 711 796 701 753 705 791 772 752 744 738
141 140 148 165 115 164 104 168 108 133 167 169 176 161 160 154 147 162 116 144 135 157 134 163 155 136 145 125 174 143 173 132 103 166 106 119 195 183 138 185 105 196 112 109 124 127 142 120 126 131 150
653 614 696 645 632 628 635 682 666 629 670 646 679 688 674 607 667 655 692 699 620 659 658 669 636 695 633 684 631 677 691 638 698 643 605 681 640 601 615 622 642 616 683 697 694 626 641 668 671 649 693 651 647 676 678 634 662 661 660 675 665 637 621 663
802
954
570 586 575 537 511 546 596 594 555 539 554 547 549 544 560 535 525 530 542 517 512 514 509 521 595 504 518 556 593 531 520 591 529 559 516 584 545 573 574 508 534 580 599 578 543 590 566 571 536 582 577 505 527 589 541 585 533 540 550 579 588 557 510 563 569 532 552 567 506
8
307 353 357 334 398 348 354 312 332 343 389 392 367 388 356 314 366 360 394 311 393 341 342 390 331 372 345 330 370 336 340 380 361 369 375 324 338 337 391 339 386 309 351 363 327 325 379 377 305 300 349 306 359 313 323 346 317 371 381 396 364 350 333 352 326 318
994
264
548
17
703
206
128
915
33
708
322
833
612
801
152
111
564
56
319
932
611
139
347
421
503
418
355
39
304
151
656
123
689
812
146
957
384
507
562
239
515
100
970
867
52
248
619
254
1
987
710
129
587
180
565
286
831
700
685
268
706
368
597
680
159
726
436
648
863
583
764
860
808
838
933
745
777
999
260
240
608
857
172
429
137
947
397
259
83
609
748
320
107
30
639
308
212
477
279
16
193
265
613
602
190
461
70
122
797
34
158
759
197
215
568
864
191
819
362
53
399
383
186
6
937
290
737
581
951
198
60
5
664
378
707
528
551
65
935
78
690
276
117
41
502
604
909
241
522
463
270
501
156
233
923
182
618
432
519
214
45
243
493
847
990
181
953
19
451
513
59
789
58
859
900
730
376
558
400
244
450
440
876
997
387
600
408
335
624
652
976
121
188
843
68
969
328
175
201
945
977
603
170
500
455
130
447
598
991
617
315
31
344
623
89
572
526
576
992
907
966
187
220
373
271
654
727
644
842
118
43
446
385
358
453
523
538
192
785
758
423
44
213
928
766
80
771
905
673
686
627
294
733
102
382
606
310
484
561
687
251
234
821
472
780
914
993
269
625
179
184
97
725
67
650
904
316
374
807
93
729
496
763
879
524
303
775
113
630
37
963
177
289
178
417
199
862
292
553
917
834
454
943
751
856
795
296
301
794
672
101
61
811
232
42
835
592
211
64
365
189
153
610
855
881
224
948
321
481
869
800
62
88
395
657
302
329
925
194
978
734
975
171