973
3 13 26 28 96 92 86 36 25 91 15 40 66 48 69 76 18 46 85 27 99 7 79 10 49 11 95 29 32 47 81 90 71 54 72 51 75 9 63 98 87 94 20 74 77 4 24 55 35 23 2 38 22 82 0 12 84 14 73 21 57 50
114
490 407 488 445 422 435 424 415 402 462 404 430 482 468 498 483 494 419 426 414 411 478 449 416 457 401 433 437 491 428 466 434 412 439 456 499 467 465 487 475 452 441 448 479 473 438 476 492 489 405 413 459 480 431 495 406 486 425 497 427 460 443 458 464 485 410 469 403 470 444 409 420 442 474
110
890 854 814 870 850 874 849 873 877 809 872 836 895 865 885 846 805 848 899 894 853 828 897 892 844 861 810 820 824 830 837 839 889 829 823 813 886 898 875 832 825 816 803 826 880 868 878 887 822 817 888 845 858 893 883 806 840 815 882 891 884 851 852 841 871 866 804 818 896 827
918 964 949 960 929 968 938 956 959 986 985 982 927 983 934 903 967 910 906 952 940 995 980 926 913 942 931 955 971 989 901 988 972 930 919 998 941 961 962 916 965 912 921 924 908 920 996 984 958 979 944 950 911 974 981 939 902 936 946 922
250 219 266 204 291 277 252 257 221 228 242 203 255 208 261 225 258 281 245 285 230 227 262 226 247 236 235 246 280 267 207 283 253 274 282 287 288 256 295 217 216 249 237 200 209 273 202 210 205 223 293 238 299 278 222 284 218 229 231 272 297 275 298
149
786 742 793 768 723 714 749 772 738 792 776 753 741 728 781 701 787 778 705 702 767 762 743 783 731 724 732 711 755 765 717 746 740 784 704 757 796 791 718 790 770 761 798 799 760 739 752 788 712 779 747 720 769 756 716 744 782 713 754 721 735 722 750 774 736 715 719 709 773
127 104 183 132 185 195 147 169 115 166 161 119 142 124 144 103 126 120 148 105 106 109 157 112 155 167 116 165 164 168 163 162 150 125 174 145 143 173 154 135 160 134 136 141 176 131 108 133 138 196 140
699 626 633 679 658 665 698 682 674 651 668 637 696 621 645 697 663 635 681 660 647 677 661 653 629 655 614 659 671 684 601 640 632 662 631 634 669 636 607 683 676 605 670 695 675 622 642 649 691 638 694 620 646 641 693 628 615 667 643 678 616 692 666 688
802
954
588 517 563 579 574 529 514 590 571 505 545 530 599 542 544 550 510 552 536 557 569 511 580 512 540 589 555 591 541 508 504 575 594 535 577 573 560 556 596 533 539 593 531 509 534 527 559 518 520 566 546 543 525 567 578 595 585 549 584 547 582 570 532 521 537 506 554 516 586
8
351 346 372 389 340 334 394 353 375 318 348 327 369 354 331 396 342 341 314 338 345 370 367 300 339 366 309 379 333 336 377 326 381 360 317 388 313 323 337 311 352 325 390 364 312 380 349 386 391 393 371 330 332 305 324 398 356 359 350 363 307 357 306 361 343 392
994
264
548
17
703
206
128
915
33
708
322
833
612
801
152
111
564
56
319
932
611
139
347
421
503
418
355
39
304
151
471
656
123
689
812
146
957
384
507
562
239
515
100
970
867
52
248
619
254
1
987
710
129
587
180
565
286
831
700
685
268
706
368
597
680
159
726
436
648
863
583
764
860
808
838
933
745
777
999
260
240
608
857
172
429
137
947
397
259
83
609
748
320
107
30
639
308
212
477
279
16
193
265
613
602
190
461
70
122
797
34
158
759
197
215
568
864
191
819
362
53
399
383
186
6
937
290
737
581
951
198
60
5
664
378
707
528
551
65
935
78
690
276
117
41
502
604
909
241
522
463
270
501
156
233
923
182
618
432
519
214
45
243
493
847
990
181
953
19
451
513
59
789
58
859
900
730
376
558
400
244
450
440
876
997
387
600
408
335
624
652
976
121
188
843
68
969
328
175
201
945
977
603
170
500
455
130
447
598
991
617
315
31
344
623
89
572
526
576
992
907
966
187
220
373
271
654
727
644
842
118
43
446
385
358
453
523
538
192
785
263
758
423
44
213
928
766
80
771
905
673
686
627
294
733
102
382
606
310
484
561
687
251
234
821
472
780
914
993
269
625
179
184
97
725
67
650
904
316
374
807
93
729
496
763
879
524
303
775
113
630
37
963
177
289
178
417
199
862
292
553
917
834
454
943
751
856
795
296
301
794
672
101
61
811
232
42
835
592
211
64
365
189
153
610
855
881
224
948
321
481
869
800
62
88
395
657
302
329
925
194
978
734
975
171