973
50 51 25 98 7 23 40 55 95 13 28 27 66 26 81 49 99 57 38 29 15 79 46 76 35 82 90 18 32 48 54 69 4 21 47 0 87 71 84 63 11 73 36 14 10 94 96 86 3 22 12 75 77 91 2 85 74 92 24 20 9 72
114
445 466 467 452 437 459 407 483 488 475 430 413 444 434 479 474 403 490 487 443 402 458 497 405 470 439 462 419 499 449 498 425 435 486 404 416 485 401 441 465 415 422 476 433 412 431 410 427 464 494 409 456 482 420 480 426 469 406 414 448 492 468 438 460 495 428 442 411 478 473 424 457 491 489
110
880 804 832 886 891 806 889 884 868 873 852 896 854 870 897 853 851 840 885 866 837 805 813 893 890 818 887 861 878 814 820 899 836 809 839 888 877 895 848 822 882 817 874 871 816 858 892 829 845 823 824 850 828 872 865 841 883 825 898 827 875 844 849 826 846 810 815 803 894 830
913 960 962 906 916 902 952 930 911 908 924 986 929 988 996 934 961 979 939 950 971 968 964 944 972 931 982 995 921 985 918 949 941 946 958 955 981 936 919 940 998 965 980 989 920 974 942 984 927 983 967 956 910 912 959 926 938 903 901
204 282 281 209 299 230 258 283 208 266 202 216 238 277 249 219 255 288 275 278 242 246 218 222 247 237 245 210 295 217 207 236 293 261 297 272 203 229 291 227 231 257 256 252 228 267 287 298 235 253 250 262 226 225 221 280 223 200 205 274 285 273 284
149
719 796 784 787 757 735 724 739 767 788 772 740 742 761 781 712 765 776 728 701 749 793 721 711 717 714 718 743 752 720 732 716 722 760 704 736 792 778 779 770 790 768 799 713 744 782 798 754 755 731 746 715 783 750 762 769 786 753 741 709 747 738 705 774 702 756 791 773 723
120 173 143 134 148 166 115 109 138 195 164 105 112 176 116 108 169 131 162 145 147 163 127 125 144 150 168 103 133 132 157 124 160 119 126 104 136 155 167 135 161 141 183 174 142 185 140 106 196 165 154
638 616 695 669 667 635 649 688 607 663 698 683 655 628 653 694 684 665 615 670 676 697 661 647 677 682 643 640 637 696 671 668 658 641 636 674 626 675 693 659 646 634 632 678 679 662 633 642 620 645 660 605 621 666 601 629 699 691 622 614 631 651 681 692
802
954
582 539 599 549 588 535 573 517 594 546 593 537 518 596 529 567 550 559 589 527 585 586 531 525 579 584 511 569 509 575 542 504 505 521 547 520 554 533 552 543 555 566 571 545 514 506 532 556 530 508 577 536 560 570 580 590 540 557 544 574 512 516 534 510 591 578 595 563 541
8
348 371 363 336 314 389 379 305 317 361 381 340 331 318 352 323 369 360 357 346 332 333 390 375 394 341 392 388 349 353 367 339 364 354 372 377 325 313 334 338 306 307 330 312 345 356 351 386 380 359 324 300 311 370 309 391 350 396 393 366 326 398 337 342 327 343
994
264
548
17
703
206
128
915
922
33
708
322
833
612
801
152
111
564
56
319
932
611
139
347
421
503
418
355
39
304
151
471
656
123
689
812
146
957
384
507
562
239
515
100
970
867
52
248
619
254
1
987
710
129
587
180
565
286
831
700
685
268
706
368
597
680
159
726
436
648
863
583
764
860
808
838
933
745
777
999
260
240
608
857
172
429
137
947
397
259
83
609
748
320
107
30
639
308
212
477
279
16
193
265
613
602
190
461
70
122
797
34
158
759
197
215
568
864
191
819
362
53
399
383
186
6
937
290
737
581
951
198
60
5
664
378
707
528
551
65
935
78
690
276
117
41
502
604
909
241
522
463
270
501
156
233
923
182
618
432
519
214
45
243
493
847
990
181
953
19
451
513
59
789
58
859
900
730
376
558
400
244
450
440
876
997
387
600
408
335
624
652
976
121
188
843
68
969
328
175
201
945
977
603
170
500
455
130
447
598
991
617
315
31
344
623
89
572
526
576
992
907
966
187
220
373
271
654
727
644
842
118
43
446
385
358
453
523
538
192
785
263
758
423
44
213
928
766
80
771
905
673
686
627
294
733
102
382
606
310
484
561
687
251
234
821
472
780
914
993
269
625
179
184
97
725
67
650
904
316
374
807
93
729
496
763
879
524
303
775
113
630
37
963
177
289
178
417
199
862
292
553
917
834
454
943
751
856
795
296
301
794
672
101
61
811
232
42
835
592
211
64
365
189
153
610
855
881
224
948
321
481
869
800
62
88
395
657
302
329
925
194
978
734
975
171