973
57 63 46 20 29 91 85 26 73 81 35 18 54 87 84 82 51 50 24 40 94 98 36 3 32 23 27 13 90 72 95 22 11 69 55 12 38 4 79 96 7 66 77 99 76 47 25 74 92 86 21 75 2 71 15 10 49 28 0 14 9 48
114
497 468 414 401 443 494 479 420 487 433 403 404 466 431 402 407 483 465 444 495 492 460 412 469 476 430 434 424 419 478 410 459 425 411 405 435 488 456 441 437 427 486 490 445 442 409 415 473 499 458 438 470 464 439 406 452 491 428 482 480 413 457 475 489 448 416 422 467 462 485 474 426 449 498
110
826 813 893 822 861 805 825 898 858 828 873 815 841 829 844 875 852 848 878 897 832 896 866 892 888 884 817 849 809 885 891 816 868 883 846 886 890 854 830 877 840 814 804 803 871 850 899 874 880 845 839 894 836 837 827 870 851 887 823 810 853 882 806 872 824 820 889 818 895 865
934 919 979 931 959 964 996 956 971 921 918 980 908 998 912 930 955 946 926 941 929 968 911 967 920 903 962 902 949 916 985 988 981 936 984 901 965 952 986 972 940 913 939 961 910 927 983 960 944 906 974 982 950 995 958 989 942 924 938
266 242 225 237 267 209 277 208 238 249 207 230 278 284 258 283 235 262 274 210 246 227 288 247 255 216 285 245 291 252 295 200 275 229 253 217 219 203 226 222 287 261 205 297 256 228 250 281 257 218 299 231 273 204 280 298 272 202 223 236 221 293 282
149
788 781 760 752 757 720 774 779 754 717 762 740 728 732 711 792 743 702 778 723 787 773 736 721 767 768 753 769 791 715 701 735 731 796 750 716 799 718 741 742 724 712 782 747 719 739 713 755 709 744 749 756 770 738 765 704 786 798 784 772 793 722 790 705 714 761 776 746 783
142 164 157 144 120 167 169 155 163 131 112 166 106 161 125 173 196 135 124 154 195 127 115 108 141 116 109 174 104 150 168 183 134 162 148 119 165 103 136 143 133 160 105 140 176 147 132 185 138 145 126
676 678 647 633 640 653 629 677 643 696 635 674 660 631 669 665 620 698 637 694 692 632 684 699 667 688 651 607 614 666 628 691 675 697 601 663 679 638 655 661 693 622 649 621 626 642 615 646 616 662 670 681 634 636 695 659 658 682 668 683 645 641 671 605
802
954
578 514 588 509 566 510 533 571 554 547 529 541 521 544 537 556 585 577 574 586 530 516 550 504 508 539 506 534 505 596 573 559 593 549 531 535 594 580 520 546 517 518 584 563 511 540 543 532 590 536 595 545 542 525 560 579 575 557 552 569 591 589 527 582 555 567 570 512 599
8
348 343 357 333 366 332 323 351 390 324 371 331 317 339 356 359 313 367 334 300 311 386 330 360 318 375 370 388 336 380 381 338 391 309 353 364 372 337 350 363 340 327 314 393 305 369 325 361 349 352 392 312 326 345 389 341 398 342 396 346 377 307 394 354 379
994
264
548
17
703
206
128
915
922
33
708
322
833
612
801
152
111
564
56
319
932
611
139
347
421
503
418
355
39
304
151
471
656
123
689
812
146
957
384
507
562
239
515
100
970
867
52
248
619
254
1
987
710
129
587
180
565
286
831
700
685
268
706
368
597
680
159
726
436
648
863
583
764
860
808
838
933
745
777
999
260
240
608
857
172
429
137
947
397
259
83
609
748
320
107
30
639
308
212
477
279
16
193
265
613
602
190
461
70
122
797
306
34
158
759
197
215
568
864
191
819
362
53
399
383
186
6
937
290
737
581
951
198
60
5
664
378
707
528
551
65
935
78
690
276
117
41
502
604
909
241
522
463
270
501
156
233
923
182
618
432
519
214
45
243
493
847
990
181
953
19
451
513
59
789
58
859
900
730
376
558
400
244
450
440
876
997
387
600
408
335
624
652
976
121
188
843
68
969
328
175
201
945
977
603
170
500
455
130
447
598
991
617
315
31
344
623
89
572
526
576
992
907
966
187
220
373
271
654
727
644
842
118
43
446
385
358
453
523
538
192
785
263
758
423
44
213
928
766
80
771
905
673
686
627
294
733
102
382
606
310
484
561
687
251
234
821
472
780
914
993
269
625
179
184
97
725
67
650
904
316
374
807
93
729
496
763
879
524
303
775
113
630
37
963
177
289
178
417
199
862
292
553
917
834
454
943
751
856
795
296
301
794
672
101
61
811
232
42
835
592
211
64
365
189
153
610
855
881
224
948
321
481
869
800
62
88
395
657
302
329
925
194
978
734
975
171