973
74 36 86 94 13 85 75 46 50 81 15 90 3 7 4 57 69 48 38 96 25 21 47 99 92 27 23 84 54 76 73 10 29 95 66 51 40 28 24 72 71 77 79 0 98 87 14 82 12 32 63 11 22 26 2 91 49 35 18 55 20 9
114
478 409 497 458 424 416 407 414 435 422 457 406 411 427 401 412 420 456 415 431 425 486 410 449 491 498 430 419 413 483 433 460 439 475 438 466 494 437 474 444 404 465 402 403 442 499 476 464 480 462 482 445 443 487 426 473 459 448 441 467 468 405 434 485 452 489 490 488 495 428 470 469 479 492
110
875 845 854 898 891 829 824 871 823 853 848 809 851 810 873 806 830 837 877 884 882 893 883 813 844 872 889 818 858 868 816 886 827 866 861 836 817 825 850 815 849 828 840 814 874 892 894 890 870 865 841 822 897 880 885 805 826 820 839 896 803 895 846 888 887 832 804 852 899 878
979 939 980 908 929 983 941 903 912 949 916 919 902 998 942 926 936 906 940 960 931 962 924 944 930 901 952 964 986 934 971 984 996 911 956 961 946 995 982 959 920 918 938 967 968 989 981 910 921 955 958 974 988 913 972 950 985 965 927
231 272 282 252 283 221 237 285 219 262 202 255 207 267 247 218 258 203 298 287 293 297 216 210 205 266 200 295 288 223 284 230 273 238 235 236 245 229 280 204 242 253 281 261 225 250 227 222 299 249 228 226 275 208 256 246 257 291 277 217 209 278 274
149
720 765 786 728 753 755 742 776 772 793 774 761 778 714 798 713 747 711 717 773 721 770 701 740 768 799 716 779 722 792 754 781 719 724 738 735 756 782 709 704 741 757 744 762 739 718 796 731 743 705 767 702 732 788 784 746 790 787 783 749 752 723 736 712 715 791 750 769 760
168 148 183 147 176 150 124 167 144 164 173 141 119 135 103 112 157 162 143 185 116 106 155 142 115 104 161 169 140 133 174 127 165 136 166 120 154 105 125 195 145 138 131 160 126 163 134 109 132 108
695 642 641 643 698 696 678 631 629 691 658 677 647 694 634 628 653 699 682 688 671 667 646 635 651 659 668 666 679 640 607 637 662 681 620 692 670 616 605 669 683 622 655 675 601 663 661 636 697 615 649 633 638 626 660 665 676 693 621 674 614 684 632 645
802
954
510 521 596 595 573 577 559 542 571 544 546 508 547 563 518 532 578 534 543 557 533 580 512 517 554 556 531 537 593 545 509 530 516 574 590 541 570 588 505 586 555 599 539 536 582 566 589 529 560 569 504 511 567 550 527 549 525 552 535 579 514 594 506 540 584 575 585 520 591
8
309 317 392 349 356 323 391 336 380 351 348 393 350 318 339 338 396 370 327 364 300 381 326 331 386 313 359 307 389 330 357 314 354 334 324 375 333 366 398 360 390 388 340 369 372 332 343 377 312 352 305 361 379 394 371 325 311 337 346 341 363 342 367 353 345
994
264
548
17
703
206
128
915
922
33
708
322
833
612
801
152
111
564
56
319
932
611
139
347
421
503
418
355
39
304
151
471
656
123
689
812
146
957
384
507
562
239
515
100
970
867
52
248
619
254
1
987
710
129
587
180
565
286
831
700
685
268
706
368
597
680
159
726
436
648
863
583
764
860
808
838
933
745
777
999
196
260
240
608
857
172
429
137
947
397
259
83
609
748
320
107
30
639
308
212
477
279
16
193
265
613
602
190
461
70
122
797
306
34
158
759
197
215
568
864
191
819
362
53
399
383
186
6
937
290
737
581
951
198
60
5
664
378
707
528
551
65
935
78
690
276
117
41
502
604
909
241
522
463
270
501
156
233
923
182
618
432
519
214
45
243
493
847
990
181
953
19
451
513
59
789
58
859
900
730
376
558
400
244
450
440
876
997
387
600
408
335
624
652
976
121
188
843
68
969
328
175
201
945
977
603
170
500
455
130
447
598
991
617
315
31
344
623
89
572
526
576
992
907
966
187
220
373
271
654
727
644
842
118
43
446
385
358
453
523
538
192
785
263
758
423
44
213
928
766
80
771
905
673
686
627
294
733
102
382
606
310
484
561
687
251
234
821
472
780
914
993
269
625
179
184
97
725
67
650
904
316
374
807
93
729
496
763
879
524
303
775
113
630
37
963
177
289
178
417
199
862
292
553
917
834
454
943
751
856
795
296
301
794
672
101
61
811
232
42
835
592
211
64
365
189
153
610
855
881
224
948
321
481
869
800
62
88
395
657
302
329
925
194
978
734
975
171