973
73 4 54 22 71 74 21 36 84 69 12 7 3 2 90 13 76 95 85 38 28 48 18 29 0 98 79 66 20 11 23 94 14 24 40 96 25 27 10 50 46 91 47 51 26 55 35 81 57 77 99 82 15 75 72 92 49 63 9 87 32 86
114
434 459 466 433 439 435 431 444 483 494 401 407 456 460 497 405 485 430 411 404 443 437 499 488 470 449 441 424 419 409 498 406 486 438 478 475 452 468 482 416 479 492 426 445 427 425 428 490 415 465 412 457 495 462 489 420 410 480 442 467 403 458 414 476 487 422 448 464 402 491 474 413 473 469
110
841 817 848 816 815 894 899 824 866 803 820 878 887 813 804 849 850 840 888 890 868 893 818 875 823 853 877 822 832 844 865 806 826 861 883 814 830 882 851 845 895 889 852 829 896 870 884 872 897 854 810 809 873 885 898 828 846 892 825 827 805 874 871 839 880 891 858 836 886 837
941 906 919 940 986 971 958 913 918 983 960 911 952 944 930 936 985 950 908 924 946 981 942 926 982 968 931 967 961 901 974 912 939 910 984 998 979 972 964 949 920 927 959 980 921 989 955 965 938 903 916 902 934 995 956 962 929 988 996
280 262 274 284 205 218 255 217 272 275 242 287 253 237 216 299 208 225 258 293 291 295 249 226 273 238 285 267 250 203 298 202 281 227 246 288 235 236 277 282 252 231 209 261 283 230 207 210 256 223 278 266 204 221 245 222 247 297 257 229 228 219 200
149
799 723 747 768 713 704 746 716 738 773 782 776 701 783 750 755 761 786 790 732 724 735 787 736 744 717 796 743 752 756 741 769 739 788 779 754 728 722 791 753 767 762 742 765 740 772 784 760 731 720 705 792 714 770 793 712 715 781 709 757 718 798 702 721 778 774 749 719
112 106 162 147 166 164 103 144 119 148 154 140 126 104 173 131 168 115 134 132 169 163 155 108 185 133 142 116 160 127 109 150 174 125 135 138 136 176 143 183 157 195 145 120 165 124 161 167 141 105
643 614 670 607 699 620 674 631 637 698 628 696 622 640 653 645 641 697 668 655 682 626 683 647 667 651 679 638 666 660 691 646 662 693 681 659 634 642 695 649 671 615 601 692 663 684 688 669 621 677 678 694 636 616 605 629 676 658 665 633 675 632 635 661
802
954
506 591 529 517 574 559 563 505 543 539 534 580 557 579 585 514 575 556 544 527 584 545 550 586 540 590 535 518 508 567 589 596 578 547 511 509 593 560 531 571 570 541 569 532 588 577 520 537 594 530 555 582 546 521 552 510 525 533 516 595 542 599 504 566 554 536 512 573 549
8
346 323 313 341 371 351 339 388 348 377 340 379 363 369 398 334 364 350 354 386 343 389 311 391 332 357 390 317 353 309 327 349 367 352 372 330 359 342 366 325 356 375 312 380 370 331 326 300 361 307 360 336 345 392 305 338 396 314 381 337 394 333 324 318 393
994
264
548
17
703
206
128
915
922
33
708
322
833
612
801
152
111
564
56
319
932
611
139
347
421
503
418
355
39
304
151
471
656
123
689
812
146
957
384
507
562
239
515
100
970
867
52
248
619
254
1
987
710
129
587
180
565
286
831
700
685
268
706
368
597
680
159
726
436
648
863
583
764
860
808
838
711
933
745
777
999
196
260
240
608
857
172
429
137
947
397
259
83
609
748
320
107
30
639
308
212
477
279
16
193
265
613
602
190
461
70
122
797
306
34
158
759
197
215
568
864
191
819
362
53
399
383
186
6
937
290
737
581
951
198
60
5
664
378
707
528
551
65
935
78
690
276
117
41
502
604
909
241
522
463
270
501
156
233
923
182
618
432
519
214
45
243
493
847
990
181
953
19
451
513
59
789
58
859
900
730
376
558
400
244
450
440
876
997
387
600
408
335
624
652
976
121
188
843
68
969
328
175
201
945
977
603
170
500
455
130
447
598
991
617
315
31
344
623
89
572
526
576
992
907
966
187
220
373
271
654
727
644
842
118
43
446
385
358
453
523
538
192
785
263
758
423
44
213
928
766
80
771
905
673
686
627
294
733
102
382
606
310
484
561
687
251
234
821
472
780
914
993
269
625
179
184
97
725
67
650
904
316
374
807
93
729
496
763
879
524
303
775
113
630
37
963
177
289
178
417
199
862
292
553
917
834
454
943
751
856
795
296
301
794
672
101
61
811
232
42
835
592
211
64
365
189
153
610
855
881
224
948
321
481
869
800
62
88
395
657
302
329
925
194
978
734
975
171