973
9 50 29 77 35 21 75 48 22 20 4 92 32 73 69 13 46 94 99 36 49 95 91 40 74 0 51 38 54 79 55 12 14 25 2 86 3 23 82 28 81 96 27 15 72 10 71 57 87 63 66 11 47 84 76 24 26 85 90 18 7 98
114
464 473 416 410 414 470 443 442 467 424 469 413 431 456 492 486 404 491 448 460 422 466 475 433 487 479 483 439 406 445 458 405 495 465 497 430 415 462 482 499 489 438 426 402 485 480 411 401 409 490 441 498 420 459 452 425 478 468 412 434 494 407 419 437 474 476 427 435 428 444 449 457 488 403
110
830 853 845 895 877 815 868 840 848 874 841 875 871 813 883 858 865 832 849 887 809 823 828 870 822 861 817 844 884 880 898 899 872 805 810 873 891 826 814 854 852 886 818 889 896 820 897 804 837 816 894 888 882 893 836 825 839 829 850 824 890 885 806 803 878 892 827 846 851 866
908 910 930 934 960 983 998 967 961 938 955 920 968 918 979 906 989 974 982 912 903 931 981 962 946 913 927 940 901 941 916 971 956 952 985 939 950 958 942 972 936 988 929 965 924 964 995 949 944 919 996 980 926 902 984 921 911 959 986
266 210 249 291 267 280 295 250 228 217 205 222 236 237 297 238 278 221 261 282 207 225 218 209 246 252 227 226 200 274 272 204 230 258 235 216 287 229 283 293 281 219 203 231 223 208 245 298 253 284 273 275 256 262 257 255 285 299 202 288 242 277 247
149
714 782 724 735 798 723 767 746 740 784 752 721 739 709 732 755 787 783 778 720 792 756 744 760 790 741 702 769 704 765 788 799 715 747 774 712 718 781 762 728 742 754 738 770 701 736 772 731 719 796 761 791 749 786 717 757 713 743 750 773 716 776 779 793 753 722 768
147 161 142 134 168 115 173 127 165 160 106 163 133 195 162 143 145 131 124 174 150 135 185 103 116 166 155 109 125 132 157 164 105 112 148 176 104 126 167 140 183 120 141 169 108 136 154 144 138 119
692 641 647 620 693 661 632 660 667 681 666 663 642 614 651 628 622 668 640 684 631 637 645 638 643 676 699 697 695 670 683 696 678 694 679 635 646 669 675 658 682 633 629 615 626 671 659 688 601 674 605 655 653 665 607 634 649 621 691 636 677 698 616 662
802
954
591 511 539 529 571 549 596 586 516 560 578 508 514 534 540 546 579 537 567 575 577 570 512 544 531 520 580 510 536 506 504 582 566 530 585 535 584 518 599 573 541 593 505 543 557 521 556 569 525 532 563 555 588 559 542 550 595 554 594 547 527 589 545 574 517 552 590 533 509
8
334 341 381 389 330 357 343 340 398 352 366 307 379 360 345 342 312 337 388 363 336 325 332 333 346 350 380 317 348 359 349 390 364 326 353 392 354 391 371 324 300 305 351 339 331 367 309 327 356 313 311 372 318 386 361 377 369 396 323 314 393 370 375 338 394
994
264
548
17
703
206
128
915
922
33
708
322
833
612
801
152
111
564
56
319
932
611
139
347
421
503
418
355
39
304
151
471
656
123
689
812
146
957
384
507
562
239
515
100
970
867
52
248
619
254
1
987
710
129
587
180
565
286
831
700
685
268
706
368
597
680
159
726
436
648
863
583
764
860
808
838
711
933
745
777
999
196
260
240
608
857
172
429
137
947
397
259
83
609
748
320
107
30
639
308
212
477
279
16
193
265
613
602
190
461
70
122
797
306
34
158
759
197
215
568
864
191
819
362
53
399
383
186
6
937
290
737
581
951
198
60
5
664
378
707
528
551
65
935
78
690
276
117
41
502
604
909
241
522
463
270
501
156
233
923
182
618
432
519
214
45
243
493
847
990
181
953
19
451
513
59
789
58
859
900
730
376
558
400
244
450
440
876
997
387
600
408
335
624
652
976
121
188
843
68
969
328
175
201
945
977
603
170
500
455
130
447
598
991
617
315
31
344
623
89
572
526
576
992
907
966
187
220
373
271
654
727
644
842
118
43
446
385
358
453
523
538
192
785
263
758
423
44
213
928
766
80
771
905
673
686
627
294
733
102
382
606
310
484
561
687
251
234
821
472
780
914
993
269
625
179
184
97
725
67
650
904
316
374
807
93
729
496
763
879
524
303
775
113
630
37
963
177
289
178
417
199
862
292
553
917
834
454
943
751
856
795
296
301
794
672
101
61
705
811
232
42
835
592
211
64
365
189
153
610
855
881
224
948
321
481
869
800
62
88
395
657
302
329
925
194
978
734
975
171