973
76 38 36 94 23 2 47 7 79 29 98 72 90 49 35 50 82 55 74 69 18 73 66 14 54 0 21 48 10 95 24 20 26 13 63 46 9 87 25 40 15 32 96 3 77 71 86 92 99 85 75 51 81 12 4 22 84 11 57 27 28 91
114
435 464 445 405 469 433 407 426 470 490 406 413 438 409 480 427 486 401 404 473 497 495 489 439 488 457 474 431 482 442 492 491 466 444 448 410 434 416 443 415 460 411 422 494 476 424 475 467 403 402 419 498 412 449 441 459 428 430 462 425 437 478 479 465 468 499 456 420 452 414 483 485 458 487
110
849 832 854 810 890 865 845 816 818 874 892 823 896 846 880 889 839 848 829 844 822 851 861 853 852 882 814 899 824 815 813 804 850 809 884 875 825 878 840 891 883 803 895 873 827 870 858 841 898 826 872 828 817 886 805 830 877 893 897 888 820 868 885 894 837 866 806 836 871 887
902 941 906 988 995 942 956 911 955 982 930 989 996 936 960 929 964 919 968 920 938 946 984 985 986 979 974 949 962 959 918 958 913 926 971 980 921 944 965 967 927 910 934 998 952 916 912 903 901 981 972 961 940 924 950 939 983 931 908
283 272 236 237 297 267 250 261 242 295 299 277 223 207 282 253 284 291 285 262 293 274 246 204 229 225 258 205 217 209 275 281 203 219 235 288 238 298 247 252 287 216 266 256 221 280 228 222 230 273 245 227 278 257 200 231 210 202 208 255 249 218 226
149
741 770 781 767 736 773 752 784 798 756 723 778 744 769 776 719 765 735 762 757 732 779 772 788 743 796 799 755 717 791 701 739 724 720 722 704 793 715 746 749 750 790 792 782 747 738 754 714 716 721 713 783 768 712 731 787 761 774 728 740 718 753 742 702 786 709 760
131 168 169 163 155 136 144 161 154 173 108 119 150 103 116 115 135 164 104 147 124 120 127 141 176 109 183 142 185 157 105 162 134 140 112 148 195 126 165 106 145 125 166 174 167 138 132 143 133 160
620 640 675 601 636 646 659 678 629 615 626 679 647 695 628 649 645 691 694 643 688 674 621 662 634 631 667 622 607 676 633 632 683 638 655 651 658 641 668 614 682 635 699 666 642 637 661 671 684 660 665 681 693 669 698 692 670 697 653 677 663 605 616
802
954
595 593 545 559 539 512 510 573 536 575 569 567 585 571 504 511 591 514 588 506 563 560 516 531 566 543 525 574 517 577 552 556 555 529 508 505 532 535 594 557 520 549 518 544 590 542 537 586 521 530 580 550 547 533 540 570 546 599 582 589 554 534 541 584 596 527 578 579 509
8
377 360 386 318 357 363 313 346 314 338 300 353 367 350 326 311 394 369 393 354 317 379 391 398 336 323 359 364 390 340 312 396 388 339 356 380 309 372 307 342 334 331 345 389 370 333 341 343 337 375 381 327 348 324 325 352 351 332 371 330 349 366 392 305 361
994
264
548
17
703
206
128
915
922
33
708
322
833
612
801
152
111
564
56
319
932
611
139
347
421
503
418
355
39
304
151
471
656
123
689
812
146
957
384
507
562
239
515
100
970
867
52
248
619
254
1
987
710
129
587
180
565
286
831
700
685
268
706
368
597
680
159
726
436
648
863
583
764
860
808
838
711
933
745
777
999
196
260
240
608
857
172
429
137
947
397
259
83
609
748
320
107
30
639
308
212
477
279
16
193
265
613
602
190
461
70
122
797
306
34
158
759
197
215
568
864
191
819
362
53
399
383
186
6
937
290
737
581
951
198
60
5
664
378
707
528
551
65
935
78
690
276
117
41
502
604
909
241
522
463
270
501
156
233
923
182
618
432
519
214
45
243
696
493
847
990
181
953
19
451
513
59
789
58
859
900
730
376
558
400
244
450
440
876
997
387
600
408
335
624
652
976
121
188
843
68
969
328
175
201
945
977
603
170
500
455
130
447
598
991
617
315
31
344
623
89
572
526
576
992
907
966
187
220
373
271
654
727
644
842
118
43
446
385
358
453
523
538
192
785
263
758
423
44
213
928
766
80
771
905
673
686
627
294
733
102
382
606
310
484
561
687
251
234
821
472
780
914
993
269
625
179
184
97
725
67
650
904
316
374
807
93
729
496
763
879
524
303
775
113
630
37
963
177
289
178
417
199
862
292
553
917
834
454
943
751
856
795
296
301
794
672
101
61
705
811
232
42
835
592
211
64
365
189
153
610
855
881
224
948
321
481
869
800
62
88
395
657
302
329
925
194
978
734
975
171