973
18 22 55 51 25 29 15 92 48 7 10 71 23 91 3 96 4 0 77 21 26 73 99 35 85 13 94 74 84 28 75 72 11 12 46 27 76 20 14 87 36 38 79 90 81 24 32 69 86 2 98 49 63 50 66 40 95 47 82 54 57 9
114
478 402 492 415 405 465 424 498 489 416 485 422 475 452 456 409 482 431 438 401 497 470 434 444 435 439 425 491 406 403 420 426 442 407 404 445 410 428 490 468 443 413 414 474 458 467 476 464 466 483 488 499 448 487 449 486 441 480 479 433 469 459 457 419 473 460 430 462 494 411 412 437 427 495
110
873 827 885 883 888 870 813 872 817 866 874 882 871 828 893 814 846 897 837 848 803 845 853 823 822 839 852 894 886 889 829 861 899 868 877 818 878 832 841 836 840 826 884 891 892 854 816 887 850 880 896 825 890 851 898 875 858 809 810 844 820 804 806 805 824 895 815 865 830 849
998 995 929 971 920 979 959 902 965 903 983 955 908 918 950 984 936 930 986 952 960 964 940 996 931 921 967 980 941 912 985 958 968 956 924 981 946 972 974 942 901 913 926 906 944 938 961 962 919 989 927 934 939 982 988 911 949 910 916
207 253 256 288 257 225 275 267 231 246 291 273 249 255 238 200 252 216 226 230 280 221 227 261 202 237 258 245 222 287 297 208 278 282 229 242 217 209 293 210 295 266 283 285 223 298 250 205 281 236 299 262 247 219 235 203 228 277 284 274 204 272 218
149
762 760 790 761 742 765 731 791 770 701 792 752 779 721 740 722 747 738 718 787 754 773 746 786 735 783 753 750 798 749 757 799 796 709 702 741 714 723 782 767 739 704 743 793 768 784 716 776 720 744 736 712 713 788 732 755 781 715 772 774 769 724 717 719 728 756 778
105 169 150 125 155 120 132 148 167 104 127 183 116 136 147 160 115 112 143 135 134 168 157 162 124 141 106 176 109 166 138 119 174 131 195 126 133 145 142 161 144 164 103 163 140 173 108 154 185 165
655 660 646 676 678 693 691 632 677 697 620 645 683 634 643 631 669 635 616 649 607 670 698 642 638 663 641 621 615 667 640 653 659 605 651 661 679 622 636 688 628 699 674 684 614 692 626 662 681 694 668 666 629 671 658 695 637 633 647 601 682 665
802
954
596 574 567 582 529 510 545 560 531 541 506 588 571 563 511 594 593 599 550 554 508 504 540 549 537 555 579 512 556 569 589 532 525 585 536 566 535 573 543 584 509 530 539 520 578 559 595 570 533 516 580 586 546 575 544 521 514 518 577 591 547 552 542 534 527 517 590 505 557
8
360 307 357 323 369 305 336 327 332 363 353 313 389 314 390 311 372 367 337 391 300 393 349 345 339 325 359 361 341 370 386 331 381 338 352 380 309 356 342 317 318 340 343 333 324 351 350 346 364 371 326 394 379 375 377 388 330 396 354 348 312 366 334 398 392
994
264
548
17
703
206
128
915
922
33
708
322
833
612
801
152
111
564
56
319
932
611
139
347
421
503
418
355
39
304
151
471
656
123
689
812
146
957
384
507
562
239
515
100
970
867
52
248
619
254
1
987
710
129
587
180
565
286
831
700
685
268
706
368
597
680
159
726
436
648
863
583
764
860
808
838
711
933
745
777
999
196
260
240
608
857
172
429
137
947
397
259
83
609
748
320
107
30
639
308
212
477
279
16
193
265
613
602
190
461
70
122
797
306
34
158
759
197
215
568
864
191
819
362
53
399
383
186
6
937
290
737
581
951
198
60
5
664
378
707
528
551
65
935
78
690
276
117
41
502
604
909
241
522
463
270
501
156
233
923
182
618
432
519
214
45
243
696
493
847
990
181
953
19
451
513
59
789
58
859
900
730
376
558
400
244
450
440
876
997
387
600
408
335
624
652
976
121
188
843
68
969
328
175
201
945
977
603
170
500
455
130
447
598
991
617
315
31
344
623
89
572
526
576
992
907
966
187
220
373
271
654
727
644
842
118
43
446
385
358
453
523
538
192
785
263
758
423
44
213
928
766
80
771
905
673
686
627
294
733
102
382
606
310
484
561
687
251
234
821
472
780
914
993
269
625
179
184
97
725
67
650
904
316
374
807
93
729
496
763
879
524
303
775
113
630
37
963
177
289
178
417
199
862
292
553
917
834
454
943
751
856
795
296
301
794
672
101
61
705
811
675
232
42
835
592
211
64
365
189
153
610
855
881
224
948
321
481
869
800
62
88
395
657
302
329
925
194
978
734
975
171