937 984 996 944 919 949 985 926 976 993 952 921 987 966 951 914 981 983 925 913 932 945 903 950 953 997 995 907 986 902 939 955 917 967 904 946 930 992 948 970 961 954 923 940 927 991 982 972 964 988 994 935 909 901 911 922 960 979 978 929 947 975 990 924 915 934 989 938 957 928 931 971 910 916 941 962 974 933 943 936 918 965 999 969 920 963 905 912 980 908 942 958 959 998 906 968 977 956 973
58 31 40 43 63 33 87 77 80 44 93 96 4 13 86 76 50 10 29 53 62 89 90 69 30 97 37 3 39 66 48 85 55 36 49 71 60 88 15 59 27 57 91 28 17 51 24 68 6 73 79 72 5 19 74 41 16 95 65 78 83 35 14 52 84 18 8 38 7 9 46 54 61 67 94 0 47 98 42 64 92 56 34 2 12 32 11 20 26 25 45 22 75 21 82 99 81 23
123 124 126 146 189 180 128 194 143 121 111 177 175 115 165 174 185 122 141 195 140 181 106 104 132 148 118 186 147 129 162 107 171 105 135 114 125 103 137 112 167 192 172 144 182 156 108 127 160 119 155 113 188 138 178 110 173 102 170 193 164 190 133 152 187 120 199 169 191 168 176 116 157 161 179 197 131 150 145 184 198 154 134 130 196 109 136 100 153 163 139 117 183 166 142 149
414 418 422 405 482 497 435 445 402 429 441 404 415 476 450 451 475 485 471 412 440 428 420 438 446 468 436 452 457 406 416 403 499 498 474 427 458 437 439 481 492 408 460 447 464 433 411 442 496 407 410 477 425 453 494 479 434 491 495 472 430 488 469 467 461 455 448 493 473 456 462 432 484 459 470 417 463 486 449 401 466 431 419 454 426 487 413 480 423 490 478 444 424 483 489 409 465 443
837 896 813 884 819 855 883 822 839 885 860 891 892 833 853 858 880 873 874 850 807 868 849 844 861 842 857 848 830 835 886 812 820 882 879 894 832 877 815 841 881 852 800 887 893 895 834 814 890 829 865 840 811 898 863 845 847 810 817 838 804 872 831 846 823 808 854 803 859 824 809 871 828 806 862 805 818 867 851 825 826 876 875 866 869 899 821 888 836 816 843 897 870 878 827 889 864
209 276 272 202 253 238 248 269 213 299 224 210 229 225 218 243 284 215 207 278 256 252 222 274 263 245 226 237 296 292 254 244 231 232 250 262 277 288 214 251 297 208 211 265 289 247 259 203 227 285 261 286 221 275 200 287 282 223 279 239 220 273 212 264 219 249 266 258 204 257 217 241 240 295 294 281 298 228 234 268 230 236 291 216 293 205 233 246 235 290 283 255 206 270 280 242 267
784 733 778 771 790 758 757 729 722 741 797 718 775 743 783 766 728 799 721 707 782 768 763 774 714 735 746 751 734 779 742 744 792 780 759 713 708 753 731 732 712 789 725 701 755 710 767 754 777 756 765 770 752 794 719 793 798 739 715 769 787 788 785 736 730 747 796 704 750 745 748 740 737 724 761 762 717 760 702 786 773 705 716 791 711 776 749 703 738 720 795 709 772 764 781 723
686 685 675 629 621 665 630 604 646 658 655 635 668 642 664 647 628 653 662 699 605 643 684 613 678 637 659 667 671 691 679 651 623 683 695 617 682 624 612 638 677 674 627 607 615 666 660 680 609 672 692 603 661 644 696 616 693 687 606 689 697 614 608 648 698 694 602 681 611 652 654 631 669 622 626 640 625 649 641 690 618 639 670 650 634 663 688 676 657 610 601 633 645 620 673 636 656 632
802
542 569 507 518 538 544 525 561 508 578 560 586 558 502 511 528 553 535 510 546 565 534 583 579 520 585 517 522 527 537 568 548 505 541 554 577 523 533 509 551 596 594 555 530 501 559 567 556 564 576 506 599 504 539 587 575 531 598 512 566 503 588 526 552 540 591 593 589 580 557 595 582 590 592 573 513 514 547 529 584 549 581 524 516 532 571 597 563 515 536 562 574 521 550 570 545 543 519
372 309 373 397 324 377 327 353 355 342 385 313 311 335 346 339 375 314 341 344 363 380 368 322 370 392 376 361 386 315 312 308 336 320 347 349 378 394 328 326 396 310 358 357 381 352 360 383 307 351 306 356 304 382 300 366 305 389 337 387 362 388 365 321 340 334 303 390 393 333 338 384 350 371 399 348 364 318 319 369 332 379 330 302 359 343 345 391 395 317 329 331 398 354 323 367 325
801
421
151
619
1
700
706
159
726
260
70
158
900
400
600
201
500
572
271
727
316
374
856
301
101