973
49 28 82 54 47 4 36 87 11 27 96 50 75 90 23 38 40 86 46 95 71 84 13 25 57 22 12 72 98 18 48 21 2 74 51 55 0 35 20 81 29 92 14 77 3 63 9 73 69 76 91 26 7 66 24 32 99 10 85 15 94 79
114
480 483 438 499 487 470 441 494 476 426 465 469 430 416 419 412 415 467 437 448 425 466 490 462 492 497 431 442 413 473 433 457 475 404 456 474 406 452 478 489 422 449 482 458 439 405 414 459 464 403 495 445 435 402 409 427 498 401 486 468 407 411 428 444 488 424 460 410 443 479 420 485 434 491
110
810 849 844 891 806 852 845 896 824 828 848 827 809 889 817 820 894 854 899 871 873 851 839 858 865 870 877 875 895 850 836 885 898 825 878 803 814 882 853 880 823 888 884 883 887 829 826 861 893 890 872 804 866 816 818 805 815 832 892 840 830 822 868 897 841 886 874 846 813 837
962 995 984 927 946 938 958 930 979 939 942 959 902 920 986 964 996 924 971 974 961 944 901 965 980 911 968 949 952 955 936 941 985 998 960 908 931 988 967 918 912 982 926 903 921 910 906 940 989 929 913 983 916 919 972 950 956 934 981
252 258 281 285 275 298 257 223 219 236 207 267 226 280 282 249 205 250 221 261 200 274 204 238 255 262 253 245 284 218 242 209 299 202 277 295 210 291 293 283 229 222 228 203 272 287 237 273 216 225 297 235 217 266 278 247 227 246 288 231 208 230 256
149
750 798 765 736 752 767 741 739 762 742 755 728 791 799 761 735 753 724 792 715 738 709 754 722 786 732 704 778 790 783 779 717 720 740 746 701 721 781 714 702 772 770 793 712 747 796 774 731 744 784 773 749 723 718 760 756 776 719 757 743 716 787 769 788 768 782
155 154 125 185 112 166 165 183 169 163 147 141 168 145 167 133 109 108 105 142 103 116 173 124 162 127 135 164 161 195 148 126 104 136 143 174 144 106 120 119 160 132 131 115 138 157 134 150 140 176
681 615 653 620 674 671 668 631 682 663 695 605 659 688 642 607 632 679 691 633 693 640 614 662 635 636 667 670 629 678 646 641 684 694 676 697 660 666 677 647 699 649 683 637 661 628 621 622 692 638 658 601 616 665 669 645 698 634 651 655 626 643
802
954
579 533 536 516 563 510 575 591 593 557 549 578 521 569 530 535 589 554 518 547 570 517 504 512 584 532 559 590 588 571 552 506 594 514 550 580 525 545 508 537 555 596 566 574 505 534 509 544 520 511 567 527 560 586 542 577 540 529 539 531 541 599 573 556 543 585 582 546 595
8
348 369 337 336 353 309 361 372 318 393 323 375 367 333 370 396 381 379 325 341 330 317 338 352 350 364 391 331 380 371 360 366 340 388 327 305 345 392 300 346 351 354 314 398 332 307 339 343 356 394 334 357 349 326 312 311 363 386 389 324 313 390 342 377 359
994
264
548
17
703
206
128
915
922
33
708
322
833
612
801
152
111
564
56
319
932
611
139
347
421
503
418
355
39
304
151
471
656
123
689
812
146
957
384
507
562
239
515
100
970
867
52
248
619
254
1
987
710
129
587
180
565
286
831
700
685
268
706
368
597
680
159
726
436
648
863
583
764
860
808
838
711
933
745
777
999
196
260
240
608
857
172
429
137
947
397
259
83
609
748
320
107
30
639
308
212
477
279
16
193
265
613
602
190
461
70
122
797
306
34
158
759
197
215
568
864
191
819
362
53
399
383
186
6
937
290
737
581
951
198
60
5
664
378
707
528
551
65
935
78
690
276
117
41
502
604
909
241
522
463
270
501
156
233
923
182
618
432
519
214
45
243
696
493
847
990
181
953
19
451
513
59
789
58
859
900
730
713
376
558
400
244
450
440
876
997
387
600
408
335
624
652
976
121
188
843
68
969
328
175
201
945
977
603
170
500
455
130
447
598
991
617
315
31
344
623
89
572
526
576
992
907
966
187
220
373
271
654
727
644
842
118
43
446
385
358
453
523
538
192
785
263
758
423
44
213
928
766
80
771
905
673
686
627
294
733
102
382
606
310
484
561
687
251
234
821
472
780
914
993
269
625
179
184
97
725
67
650
904
316
374
807
93
729
496
763
879
524
303
775
113
630
37
963
177
289
178
417
199
862
292
553
917
834
454
943
751
856
795
296
301
794
672
101
61
705
811
675
232
42
835
592
211
64
365
189
153
610
855
881
224
948
321
481
869
800
62
88
395
657
302
329
925
194
978
734
975
171