973
0 49 22 99 38 46 73 71 4 13 55 21 74 90 77 51 91 72 95 50 2 82 84 23 76 98 57 35 3 14 40 15 87 9 11 12 54 20 7 26 79 27 24 47 25 63 96 85 18 81 69 66 32 29 94 28 86 36 75 10 48 92
114
456 412 490 415 424 466 499 488 442 405 495 491 431 465 430 438 445 468 458 478 411 433 410 407 448 401 459 422 483 462 485 449 494 416 469 464 498 457 420 425 404 482 403 452 419 489 497 473 439 434 426 492 444 441 480 486 406 443 413 470 475 428 474 479 402 476 460 487 435 467 427 437 414 409
110
824 873 846 897 866 888 870 887 810 845 822 841 895 868 803 805 828 836 825 886 878 814 804 830 882 837 865 871 849 852 854 877 826 880 839 872 809 894 818 851 883 896 844 891 816 813 858 806 885 892 898 820 823 874 875 848 893 861 817 899 829 853 889 890 884 850 815 840 832
988 955 996 998 926 952 981 980 979 910 930 938 983 949 959 982 965 958 918 913 942 972 968 927 901 944 921 908 902 956 912 960 940 934 924 903 971 967 946 974 939 920 906 986 985 950 936 964 919 995 962 989 931 941 961 911 916 929 984
277 275 261 202 278 221 256 230 255 253 227 249 257 226 295 210 223 285 207 272 205 293 217 229 284 252 245 208 200 247 282 222 267 219 297 204 288 273 258 216 298 299 231 281 291 218 228 236 209 250 203 238 262 287 237 283 246 242 235 225 280 274 266
149
792 714 761 755 782 732 712 762 787 769 796 750 735 744 770 716 701 749 721 731 760 793 778 773 722 767 736 757 728 772 786 720 719 783 788 753 741 740 742 779 754 723 738 768 799 739 746 715 704 702 791 752 781 776 765 784 743 790 774 717 724 747 718 709 798 756
169 112 143 157 155 183 140 162 142 145 144 165 136 173 125 132 127 141 176 104 126 163 108 167 124 135 148 147 168 164 166 185 105 115 195 103 109 154 119 106 120 150 138 116 161 134 133 160 174 131
659 688 691 626 631 669 697 638 651 676 622 655 670 681 694 640 684 678 665 633 692 641 628 621 658 668 682 666 662 661 663 645 614 634 671 693 637 601 683 677 699 653 647 632 667 674 629 695 635 649 646 605 616 643 698 679 642 636 620 615 607 660
802
954
518 563 552 596 584 567 560 573 569 517 546 506 532 540 554 514 544 566 539 525 588 533 593 530 589 537 536 531 580 579 543 559 550 594 521 547 570 512 582 599 595 520 549 508 535 516 577 556 504 574 586 542 529 591 578 557 590 534 510 555 575 571 585 545 527 541 509 505 511
8
338 345 309 393 313 392 366 394 360 377 343 398 354 342 396 391 372 390 330 326 307 337 317 353 346 340 381 367 324 339 357 348 325 350 336 349 333 341 351 361 386 363 370 359 327 311 323 331 352 371 318 375 332 314 380 389 379 369 388 334 312 356 364 305 300
994
264
548
17
703
206
128
915
922
33
708
322
833
612
801
152
111
564
56
319
932
611
139
347
421
503
418
355
39
304
151
471
656
123
689
812
146
957
384
507
562
239
515
100
970
867
52
248
619
254
1
987
710
129
587
180
565
286
831
700
685
268
706
368
597
680
159
726
436
648
863
827
583
764
860
808
838
711
933
745
777
999
196
260
240
608
857
172
429
137
947
397
259
83
609
748
320
107
30
639
308
212
477
279
16
193
265
613
602
190
461
70
122
797
306
34
158
759
197
215
568
864
191
819
362
53
399
383
186
6
937
290
737
581
951
198
60
5
664
378
707
528
551
65
935
78
690
276
117
41
502
604
909
241
522
463
270
501
156
233
923
182
618
432
519
214
45
243
696
493
847
990
181
953
19
451
513
59
789
58
859
900
730
713
376
558
400
244
450
440
876
997
387
600
408
335
624
652
976
121
188
843
68
969
328
175
201
945
977
603
170
500
455
130
447
598
991
617
315
31
344
623
89
572
526
576
992
907
966
187
220
373
271
654
727
644
842
118
43
446
385
358
453
523
538
192
785
263
758
423
44
213
928
766
80
771
905
673
686
627
294
733
102
382
606
310
484
561
687
251
234
821
472
780
914
993
269
625
179
184
97
725
67
650
904
316
374
807
93
729
496
763
879
524
303
775
113
630
37
963
177
289
178
417
199
862
292
553
917
834
454
943
751
856
795
296
301
794
672
101
61
705
811
675
232
42
835
592
211
64
365
189
153
610
855
881
224
948
321
481
869
800
62
88
395
657
302
329
925
194
978
734
975
171