973
38 54 27 10 13 63 85 48 18 77 29 73 51 21 99 49 7 23 71 36 22 28 92 15 98 12 91 47 90 94 25 82 69 0 32 75 2 26 84 79 20 76 3 66 81 24 11 50 86 55 40 96 35 72 74 95 57 14 4 87 9 46
114
488 439 490 469 486 437 473 433 494 482 475 478 444 464 491 495 412 489 425 499 474 452 427 405 448 476 410 416 402 422 458 449 487 403 411 409 420 467 445 434 460 457 413 424 485 401 492 456 430 407 442 426 438 443 404 462 419 470 415 468 459 480 406 483 465 435 441 431 466 414 428 479 498 497
110
866 840 871 836 888 813 837 817 893 849 895 880 804 846 858 898 891 816 823 887 810 814 852 820 872 868 805 826 841 897 803 848 818 806 899 873 853 877 883 825 809 894 830 874 854 861 822 890 828 829 886 885 851 845 815 844 850 839 884 892 875 832 896 870 865 889 882 878 824
949 940 958 996 902 924 950 927 955 911 960 908 926 984 918 979 936 930 965 995 910 941 901 982 981 962 980 968 906 913 986 939 938 998 934 952 964 921 988 983 971 903 967 929 912 919 942 989 920 944 956 916 931 959 961 985 946 972 974
205 236 245 281 246 274 235 238 262 216 273 203 291 228 249 217 255 208 272 222 257 227 247 288 253 209 261 207 295 287 231 285 223 275 298 221 256 204 226 230 210 219 237 283 202 225 252 200 282 299 284 250 229 280 258 293 278 218 267 266 242 297 277
149
735 742 798 704 721 787 756 776 752 743 712 762 779 754 722 765 790 736 791 784 796 753 720 749 747 750 744 746 760 709 781 782 774 719 788 783 715 793 717 799 757 741 772 769 767 761 701 702 755 728 778 740 723 792 768 773 731 739 770 738 732 718 786 714 716
142 176 138 174 154 141 112 167 148 169 109 163 119 115 131 161 103 140 164 195 135 166 143 127 165 124 155 126 104 133 108 157 150 105 185 125 183 134 162 145 160 168 132 144 173 136 147 106 116 120
634 629 645 642 669 615 682 671 647 683 665 637 694 651 638 633 679 640 601 668 649 677 621 692 661 660 635 605 628 670 684 607 678 632 691 653 614 667 663 643 681 697 636 641 631 666 693 659 655 699 676 616 626 646 695 620 662 698 688 622 658 674
802
954
527 542 556 517 585 546 550 516 586 539 511 534 512 574 541 579 559 570 575 532 529 525 573 540 520 584 530 554 569 552 514 596 545 537 533 563 567 518 505 506 549 544 593 594 531 555 560 589 547 582 595 599 588 578 521 590 510 508 543 577 580 536 571 509 591 566 557 504 535
8
353 342 366 359 392 318 338 337 369 388 323 357 331 364 348 336 356 339 390 343 371 307 309 326 327 312 311 332 333 313 372 389 377 345 354 367 375 386 381 334 363 351 346 341 330 340 379 300 317 324 380 396 352 370 360 398 350 361 394 325 393 349 314 391 305
994
264
548
17
703
206
128
915
922
33
708
322
833
612
801
152
111
564
56
319
932
611
139
347
421
503
418
355
39
304
151
471
656
123
689
812
146
957
384
507
562
239
515
100
970
867
52
248
619
254
1
987
710
129
587
180
565
724
286
831
700
685
268
706
368
597
680
159
726
436
648
863
827
583
764
860
808
838
711
933
745
777
999
196
260
240
608
857
172
429
137
947
397
259
83
609
748
320
107
30
639
308
212
477
279
16
193
265
613
602
190
461
70
122
797
306
34
158
759
197
215
568
864
191
819
362
53
399
383
186
6
937
290
737
581
951
198
60
5
664
378
707
528
551
65
935
78
690
276
117
41
502
604
909
241
522
463
270
501
156
233
923
182
618
432
519
214
45
243
696
493
847
990
181
953
19
451
513
59
789
58
859
900
730
713
376
558
400
244
450
440
876
997
387
600
408
335
624
652
976
121
188
843
68
969
328
175
201
945
977
603
170
500
455
130
447
598
991
617
315
31
344
623
89
572
526
576
992
907
966
187
220
373
271
654
727
644
842
118
43
446
385
358
453
523
538
192
785
263
758
423
44
213
928
766
80
771
905
673
686
627
294
733
102
382
606
310
484
561
687
251
234
821
472
780
914
993
269
625
179
184
97
725
67
650
904
316
374
807
93
729
496
763
879
524
303
775
113
630
37
963
177
289
178
417
199
862
292
553
917
834
454
943
751
856
795
296
301
794
672
101
61
705
811
675
232
42
835
592
211
64
365
189
153
610
855
881
224
948
321
481
869
800
62
88
395
657
302
329
925
194
978
734
975
171