973
46 74 86 91 50 21 29 15 36 4 81 38 84 79 28 49 24 63 20 3 82 18 75 7 54 57 2 73 71 87 32 98 95 94 22 76 14 90 9 13 12 51 26 11 25 69 48 92 72 55 40 27 85 99 23 47 0 77 35 66 10 96
114
465 469 462 422 449 497 498 430 416 473 443 478 403 480 438 401 499 444 467 464 491 466 486 460 476 470 495 410 474 402 427 457 441 448 405 494 435 431 456 413 482 442 409 488 404 406 420 485 445 414 489 434 437 487 479 419 492 459 452 458 490 468 483 426 411 475 425 433 439 428 412 415 424 407
110
825 806 866 890 854 805 820 870 853 880 898 836 886 877 850 829 809 895 871 846 810 839 888 899 849 822 861 897 896 828 878 858 818 845 884 885 848 889 883 873 803 887 865 840 826 813 892 882 894 830 823 874 851 893 891 832 817 804 844 852 824 815 868 872 875 841 814 816 837
913 980 972 959 919 920 974 940 902 982 934 958 908 996 961 955 950 918 983 912 952 989 979 924 942 916 962 998 971 938 929 946 930 906 944 986 984 968 988 964 949 967 903 995 965 911 960 931 936 921 985 901 981 926 956 939 910 927 941
261 272 217 298 266 295 209 245 281 255 278 210 247 207 288 252 225 253 262 293 218 202 291 227 273 205 204 246 237 250 229 238 274 228 280 257 287 282 285 275 267 226 200 208 222 299 231 258 216 284 230 219 236 283 242 223 256 203 297 235 221 249 277
149
744 781 723 746 752 791 792 770 704 753 774 798 732 786 717 743 776 762 796 788 767 714 736 755 721 709 735 756 715 773 779 749 772 722 718 739 761 702 741 769 747 701 793 765 742 720 712 782 738 760 784 716 719 731 740 768 750 778 799 754 787 783 757 728
185 104 150 136 134 165 106 176 144 169 174 141 154 109 126 183 147 155 145 148 162 167 157 116 125 164 163 133 124 168 112 105 103 140 160 108 135 120 127 142 131 138 161 166 119 143 132 173 115 195
667 631 615 626 622 665 676 659 601 668 682 683 637 607 666 660 653 638 641 635 634 670 669 649 647 677 697 663 679 620 655 662 699 621 636 614 692 616 605 681 688 645 642 629 694 678 651 661 643 632 640 628 633 691 658 695 698 684 693 674 646 671
802
954
557 567 560 559 579 543 512 552 573 574 537 591 532 539 541 521 550 517 588 566 540 582 508 514 549 542 593 534 570 589 595 590 585 571 586 563 596 520 525 594 546 533 584 516 544 575 531 555 530 535 509 556 529 578 577 506 554 527 580 599 505 569 510 504 545 547 518 536 511
8
307 305 338 392 394 389 360 353 346 312 364 391 375 390 343 336 370 357 318 330 331 372 300 314 396 313 348 366 352 334 332 323 381 342 317 350 359 367 345 311 340 325 393 356 341 337 377 349 351 386 324 398 339 326 371 361 379 363 354 388 380 333 369 309 327
994
264
548
17
703
206
128
915
922
33
708
322
833
612
801
152
111
564
56
319
932
611
139
347
421
503
418
355
39
304
151
471
656
123
689
812
146
957
384
507
562
239
515
100
970
867
52
248
619
254
1
987
710
129
587
180
565
724
286
831
700
685
268
706
368
597
680
159
726
436
648
863
827
583
764
860
808
838
711
933
745
777
999
196
260
240
608
790
857
172
429
137
947
397
259
83
609
748
320
107
30
639
308
212
477
279
16
193
265
613
602
190
461
70
122
797
306
34
158
759
197
215
568
864
191
819
362
53
399
383
186
6
937
290
737
581
951
198
60
5
664
378
707
528
551
65
935
78
690
276
117
41
502
604
909
241
522
463
270
501
156
233
923
182
618
432
519
214
45
243
696
493
847
990
181
953
19
451
513
59
789
58
859
900
730
713
376
558
400
244
450
440
876
997
387
600
408
335
624
652
976
121
188
843
68
969
328
175
201
945
977
603
170
500
455
130
447
598
991
617
315
31
344
623
89
572
526
576
992
907
966
187
220
373
271
654
727
644
842
118
43
446
385
358
453
523
538
192
785
263
758
423
44
213
928
766
80
771
905
673
686
627
294
733
102
382
606
310
484
561
687
251
234
821
472
780
914
993
269
625
179
184
97
725
67
650
904
316
374
807
93
729
496
763
879
524
303
775
113
630
37
963
177
289
178
417
199
862
292
553
917
834
454
943
751
856
795
296
301
794
672
101
61
705
811
675
232
42
835
592
211
64
365
189
153
610
855
881
224
948
321
481
869
800
62
88
395
657
302
329
925
194
978
734
975
171