973
84 18 75 99 24 51 26 76 98 38 79 57 22 2 48 46 35 11 20 55 4 15 91 23 21 14 77 95 7 13 25 81 71 72 3 12 96 29 40 87 54 10 63 73 74 69 47 27 9 86 28 92 49 32 50 66 85 94 36 82 90 0
114
485 497 443 405 420 413 403 410 457 406 458 424 486 495 407 445 425 459 488 487 402 438 434 469 499 479 412 480 449 475 431 490 416 492 419 437 441 426 498 456 439 482 489 414 478 468 427 422 444 442 409 465 470 476 483 401 448 491 415 404 462 411 433 466 460 452 428 435 473 494 464 474 430 467
110
810 854 820 853 885 806 851 809 841 829 890 882 813 850 824 873 898 815 804 878 872 892 825 893 823 839 870 828 866 880 826 883 848 832 845 861 817 846 814 895 858 822 891 844 897 852 889 830 896 874 868 836 805 818 887 899 877 884 803 875 816 888 871 865 894 840 886 837 849
912 998 918 901 946 910 919 956 921 995 903 984 989 955 929 934 911 939 924 913 942 902 920 972 906 988 960 971 949 985 938 986 941 981 996 908 964 959 936 916 980 958 983 974 926 952 950 927 965 944 979 968 962 931 982 961 940 967 930
250 285 282 246 209 202 298 257 208 203 221 226 274 207 278 228 272 200 297 210 253 229 236 261 295 245 249 230 222 237 217 225 231 227 288 218 219 266 287 277 275 242 284 281 238 262 252 283 235 223 280 216 247 258 291 267 205 256 293 273 255 204 299
149
784 786 798 754 721 701 728 750 702 768 762 714 752 774 760 718 716 715 743 792 749 712 756 732 765 740 719 788 704 736 767 755 787 791 773 717 779 739 738 761 782 753 796 778 735 793 769 744 723 747 776 772 757 770 709 783 722 741 746 781 731 742 720 799
148 103 157 176 144 142 115 135 163 116 104 150 108 183 154 195 106 136 147 132 160 134 120 109 119 169 140 162 124 165 164 185 145 126 133 173 167 131 174 105 125 161 112 166 141 155 138 143 127 168
629 683 692 628 601 693 616 676 607 678 694 635 677 645 614 670 668 605 695 651 661 667 649 620 631 691 637 697 659 655 660 643 636 640 633 663 615 665 632 653 671 658 622 674 634 682 626 646 662 669 698 641 681 638 621 666 642 684 699 679 688
802
954
582 571 585 540 567 539 595 586 570 521 584 512 579 591 566 529 509 517 549 535 536 543 599 525 542 518 575 530 544 556 546 554 508 547 588 559 533 510 537 580 596 545 557 534 574 527 506 555 593 532 569 511 552 590 573 578 504 514 541 550 520 505 577 563 589 594 516 531 560
8
334 390 386 360 305 389 312 323 369 388 348 371 309 325 339 336 353 343 381 396 361 375 324 338 350 311 363 364 367 391 392 351 337 394 326 354 342 300 398 379 349 352 333 393 317 346 345 377 318 330 307 357 327 341 370 380 366 314 332 356 359 313 331 372 340
994
264
548
17
703
206
128
915
922
33
708
322
833
612
801
152
111
564
56
319
932
611
139
347
421
503
418
355
39
304
151
471
656
123
689
812
146
957
384
507
562
239
515
100
970
867
52
248
619
254
1
987
710
129
587
180
565
724
286
831
700
685
268
706
368
597
680
159
726
436
648
863
827
583
764
860
808
838
711
933
745
777
999
196
260
240
608
790
857
172
429
137
947
397
259
83
609
748
320
107
30
639
308
212
477
279
16
193
265
613
602
190
461
70
122
797
306
34
158
759
197
215
568
864
191
819
362
53
399
383
186
6
937
290
737
581
951
198
60
5
664
378
707
528
551
65
935
78
690
276
117
41
502
604
909
241
522
463
270
501
156
233
923
182
618
432
519
214
45
243
696
493
847
990
181
953
19
451
513
59
789
58
859
900
730
713
376
558
400
244
450
440
876
997
387
600
408
335
624
652
976
121
188
843
68
969
328
175
201
945
977
603
170
500
455
130
447
598
991
617
315
31
344
623
89
572
526
576
992
907
966
187
220
373
271
654
727
644
842
118
43
446
385
358
453
523
538
192
785
263
758
423
44
213
928
766
80
771
905
673
686
627
294
733
102
382
606
310
484
561
687
251
234
821
472
780
914
993
269
625
179
184
97
725
67
650
904
316
374
807
93
729
496
763
879
524
303
775
113
630
37
963
177
289
178
417
199
862
292
553
917
834
454
943
751
856
795
296
301
794
672
101
61
705
811
675
232
42
647
835
592
211
64
365
189
153
610
855
881
224
948
321
481
869
800
62
88
395
657
302
329
925
194
978
734
975
171