973
0 9 23 18 55 49 21 82 66 94 13 32 79 85 87 77 22 75 26 73 25 57 95 24 72 99 15 69 92 84 29 12 47 54 11 28 98 3 71 86 40 35 27 63 90 38 4 81 20 7 46 50 91 96 48 51 74 2 76 10 14 36
114
437 409 413 499 478 494 410 435 420 403 442 419 459 488 445 402 411 404 492 457 479 475 458 485 428 416 491 452 433 441 460 489 412 444 405 430 431 434 448 467 401 473 427 415 470 424 498 497 474 406 480 456 426 476 490 462 465 482 443 469 422 438 466 486 449 414 495 407 487 468 464 425 439 483
110
886 829 814 816 858 878 826 844 848 874 852 892 882 866 841 832 894 885 804 836 850 824 868 880 805 840 813 822 845 897 849 830 873 803 823 815 871 883 837 889 887 870 872 891 851 809 898 888 861 865 818 825 895 820 810 899 875 846 806 853 839 896 854 890 877 893 817 884 828
971 940 942 964 956 955 981 929 995 982 901 980 910 988 902 911 919 912 939 930 974 941 946 979 983 952 921 985 938 903 936 965 908 913 918 968 996 958 986 998 950 924 931 960 927 984 926 989 962 944 967 961 920 906 916 972 934 949 959
274 209 226 282 288 258 291 210 204 255 246 222 299 247 262 249 273 252 235 219 238 285 231 237 205 218 272 200 284 227 208 221 202 229 256 217 225 283 245 278 250 203 295 281 228 280 257 267 223 230 261 298 253 275 207 216 277 242 266 293 287 236
149
740 746 761 769 767 781 701 792 742 786 722 715 744 712 765 760 743 778 776 755 702 798 738 762 704 720 749 719 741 717 784 739 716 757 788 728 723 721 735 772 793 756 747 736 768 709 770 714 718 752 750 782 799 779 783 753 731 787 732 796 774 791 773 754
185 169 126 120 173 127 140 109 133 164 112 155 115 145 147 132 195 167 165 183 124 148 106 136 134 160 154 166 104 119 150 162 163 135 157 125 141 161 142 131 144 176 108 116 103 168 138 105 143 174
670 626 671 662 683 616 661 638 653 645 605 678 681 636 649 660 692 615 663 628 676 633 693 607 677 682 614 637 679 695 694 622 659 691 665 668 667 620 684 666 629 655 640 641 643 651 634 632 674 669 642 635 658 699 697 621 646 631 698 688 601
802
954
588 589 566 540 557 596 531 512 577 541 533 571 530 542 567 521 508 539 586 529 593 584 535 594 546 536 510 580 525 559 555 518 520 532 560 585 547 509 582 573 537 514 569 545 563 516 544 552 590 506 550 554 595 578 549 511 574 504 517 575 505 570 543 591 527 579 534 556 599
8
326 336 313 325 338 363 330 353 366 323 307 388 343 386 381 352 350 360 312 396 340 314 341 371 318 357 337 345 311 367 339 351 332 331 334 379 398 375 342 309 369 354 359 348 372 380 327 324 389 305 391 361 394 346 317 390 356 392 393 370 377 300 349 364 333
994
264
548
17
703
206
128
915
922
33
708
322
833
612
801
152
111
564
56
319
932
611
139
347
421
503
418
355
39
304
151
471
656
123
689
812
146
957
384
507
562
239
515
100
970
867
52
248
619
254
1
987
710
129
587
180
565
724
286
831
700
685
268
706
368
597
680
159
726
436
648
863
827
583
764
860
808
838
711
933
745
777
999
196
260
240
608
790
857
172
429
137
947
397
259
83
609
748
320
107
30
639
308
212
477
279
16
193
265
613
602
190
461
70
122
797
306
34
158
759
197
215
568
864
191
819
362
53
399
383
186
6
937
290
737
581
951
198
60
5
664
378
707
528
551
65
935
78
690
276
117
41
502
604
909
241
522
463
270
501
156
233
923
182
618
432
519
214
45
243
696
493
847
990
181
953
19
451
513
59
789
58
859
900
730
713
376
558
400
297
244
450
440
876
997
387
600
408
335
624
652
976
121
188
843
68
969
328
175
201
945
977
603
170
500
455
130
447
598
991
617
315
31
344
623
89
572
526
576
992
907
966
187
220
373
271
654
727
644
842
118
43
446
385
358
453
523
538
192
785
263
758
423
44
213
928
766
80
771
905
673
686
627
294
733
102
382
606
310
484
561
687
251
234
821
472
780
914
993
269
625
179
184
97
725
67
650
904
316
374
807
93
729
496
763
879
524
303
775
113
630
37
963
177
289
178
417
199
862
292
553
917
834
454
943
751
856
795
296
301
794
672
101
61
705
811
675
232
42
647
835
592
211
64
365
189
153
610
855
881
224
948
321
481
869
800
62
88
395
657
302
329
925
194
978
734
975
171