973
96 69 15 38 98 74 35 32 26 99 85 46 49 81 51 3 94 40 63 25 20 84 27 71 29 7 14 12 2 48 10 55 13 66 72 75 54 23 76 92 24 57 47 82 18 79 9 50 91 87 21 22 77 28 0 4 11 73 95 86 36
114
406 492 427 460 412 430 443 407 414 442 456 416 428 479 441 473 466 401 438 410 420 458 478 467 494 482 422 444 483 405 490 464 489 404 415 485 499 439 488 402 474 476 419 495 426 431 437 469 480 449 470 457 434 487 435 459 403 411 445 425 465 498 452 424 491 448 433 486 462 468 413 409 497 475
110
828 853 875 890 899 826 889 858 846 840 804 829 813 871 887 886 809 885 861 893 848 841 803 814 810 836 845 822 882 832 896 825 806 816 849 837 820 844 883 824 888 851 880 884 850 873 817 865 852 839 898 868 895 830 815 866 878 897 870 891 892 894 818 823 854 805 872 874 877
926 927 901 934 967 982 940 974 918 930 983 949 931 906 955 964 942 956 902 986 962 959 938 913 950 960 985 916 936 965 996 988 958 980 998 910 919 946 984 989 939 952 911 971 968 979 912 908 941 981 972 929 944 995 961 924 903 921 920
278 253 236 262 207 274 246 235 227 295 221 273 225 242 277 226 266 200 208 238 205 275 261 284 229 293 280 203 282 252 216 245 298 210 230 291 209 250 237 285 267 258 223 256 247 287 249 299 218 228 202 257 231 204 272 222 255 283 288 281 217 219
149
781 718 739 735 709 746 731 754 796 776 740 798 743 761 741 762 757 716 736 786 728 782 704 765 744 720 714 749 783 738 773 753 767 722 723 701 778 760 732 719 752 770 791 779 747 799 769 792 750 784 755 702 712 793 721 742 756 717 768 774 787 772 788 715
125 136 142 147 124 161 132 174 143 165 141 112 162 173 115 150 134 106 169 176 167 119 133 109 138 155 126 104 157 127 145 116 135 160 144 168 195 148 166 183 131 185 105 140 103 163 154 120 164 108
659 682 665 674 615 614 642 605 692 631 698 601 641 632 662 668 638 643 669 640 655 622 658 667 678 635 666 684 616 620 693 634 691 637 677 694 660 688 607 646 697 679 629 628 663 683 676 651 649 645 633 699 626 695 681 671 661 636 621 670 653
802
954
544 536 506 541 599 569 588 566 593 586 517 533 531 530 584 535 549 543 594 552 546 511 555 504 557 573 542 559 509 575 532 520 516 567 505 582 534 537 591 596 577 589 571 570 579 595 550 554 585 590 525 514 527 540 510 556 518 529 508 578 580 545 512 547 521 560 563 539 574
8
330 334 331 339 311 342 312 309 351 354 357 388 352 332 327 300 337 345 314 325 389 360 323 369 370 366 305 307 324 333 326 356 318 380 392 367 398 375 349 350 364 338 363 390 391 396 381 343 317 348 394 386 353 340 377 341 371 379 336 361 372 393 346 313 359
994
264
548
17
703
206
128
915
922
33
708
322
833
612
90
801
152
111
564
56
319
932
611
139
347
421
503
418
355
39
304
151
471
656
123
689
812
146
957
384
507
562
239
515
100
970
867
52
248
619
254
1
987
710
129
587
180
565
724
286
831
700
685
268
706
368
597
680
159
726
436
648
863
827
583
764
860
808
838
711
933
745
777
999
196
260
240
608
790
857
172
429
137
947
397
259
83
609
748
320
107
30
639
308
212
477
279
16
193
265
613
602
190
461
70
122
797
306
34
158
759
197
215
568
864
191
819
362
53
399
383
186
6
937
290
737
581
951
198
60
5
664
378
707
528
551
65
935
78
690
276
117
41
502
604
909
241
522
463
270
501
156
233
923
182
618
432
519
214
45
243
696
493
847
990
181
953
19
451
513
59
789
58
859
900
730
713
376
558
400
297
244
450
440
876
997
387
600
408
335
624
652
976
121
188
843
68
969
328
175
201
945
977
603
170
500
455
130
447
598
991
617
315
31
344
623
89
572
526
576
992
907
966
187
220
373
271
654
727
644
842
118
43
446
385
358
453
523
538
192
785
263
758
423
44
213
928
766
80
771
905
673
686
627
294
733
102
382
606
310
484
561
687
251
234
821
472
780
914
993
269
625
179
184
97
725
67
650
904
316
374
807
93
729
496
763
879
524
303
775
113
630
37
963
177
289
178
417
199
862
292
553
917
834
454
943
751
856
795
296
301
794
672
101
61
705
811
675
232
42
647
835
592
211
64
365
189
153
610
855
881
224
948
321
481
869
800
62
88
395
657
302
329
925
194
978
734
975
171