973
71 14 32 85 91 94 0 74 3 72 75 9 20 63 25 73 18 66 79 96 55 21 82 36 12 22 87 15 98 4 54 50 51 99 92 48 49 69 2 7 23 77 95 29 27 81 40 28 26 35 11 38 46 76 10 84 24 13 86 57 47
114
479 482 448 487 410 426 476 494 449 490 498 437 458 438 402 413 480 416 427 495 419 452 489 488 407 422 459 483 465 457 403 425 468 434 499 473 467 456 470 441 430 435 445 497 444 443 466 424 433 464 462 469 442 406 478 409 412 492 439 475 414 415 405 431 485 486 491 401 420 460 474 428 404 411
110
893 877 897 878 885 875 832 846 892 895 803 826 830 880 851 828 898 858 820 848 888 836 887 815 874 816 818 817 866 849 873 883 837 853 870 825 899 891 824 813 884 809 841 896 810 861 889 894 845 890 871 805 852 804 829 814 840 822 872 839 865 882 844 823 850 886 854 868 806
986 946 981 930 911 962 940 982 944 934 901 912 965 939 979 906 926 918 902 996 958 921 919 942 924 927 950 972 952 910 949 931 903 964 980 920 967 998 974 968 988 908 983 985 913 929 916 941 936 961 956 995 959 960 989 955 971 984 938
283 261 277 267 293 252 218 235 247 272 282 202 200 242 278 229 255 203 210 299 273 257 280 256 281 227 225 266 284 288 216 237 285 253 209 245 246 217 207 249 274 208 275 221 231 228 291 236 219 262 204 238 287 222 226 230 250 258 205 298 223 295
149
778 752 749 738 744 779 718 757 702 781 722 739 721 735 773 799 746 701 712 704 714 754 765 776 782 755 742 783 728 719 760 796 717 768 793 761 784 774 736 753 731 792 750 720 770 709 798 741 767 747 723 732 716 715 788 769 787 762 743 756 740 791 786 772
119 173 183 124 120 160 174 141 167 164 155 112 165 126 132 135 162 161 103 169 143 163 140 133 108 104 115 105 154 125 147 136 185 168 195 176 127 142 144 157 131 134 150 166 109 148 116 106 145 138
662 674 678 632 620 642 659 693 633 616 607 605 636 622 683 691 614 679 695 697 649 626 615 669 692 698 661 668 663 638 671 699 637 643 682 660 645 694 631 676 666 641 670 640 653 688 646 658 628 651 635 677 667 629 665 601 655 621 684 681 634
802
954
514 566 527 582 549 580 534 530 555 559 546 569 586 532 531 596 599 512 567 574 577 509 545 506 536 557 518 517 540 525 575 560 533 529 505 573 585 543 578 570 544 590 541 520 563 516 579 511 552 542 595 556 571 504 547 593 588 539 537 554 510 550 594 508 521 589 584 591
8
333 372 394 356 379 305 393 396 349 311 334 341 357 331 309 354 324 370 377 330 361 350 326 348 371 325 389 312 367 364 323 340 386 327 332 359 343 398 307 390 313 388 338 336 300 353 314 317 318 342 351 391 345 380 363 352 337 360 369 392 366 346 375 381 339
994
264
548
17
703
206
128
915
922
33
708
322
833
612
90
801
152
111
564
56
319
932
611
139
347
421
503
418
355
39
304
151
471
656
123
689
812
146
957
384
507
562
239
515
100
970
867
52
248
619
254
1
987
710
129
587
180
565
724
286
831
700
685
268
706
368
597
680
159
726
436
648
863
827
583
764
860
808
838
711
933
745
777
999
196
260
240
608
790
857
172
429
137
947
397
259
83
609
748
320
107
30
639
308
212
477
279
16
193
265
613
602
190
461
70
122
797
306
34
158
759
197
215
568
864
191
819
362
53
399
383
186
6
937
290
737
581
951
198
60
5
664
378
707
528
551
65
935
78
690
276
117
41
502
604
909
241
522
463
270
501
156
233
923
182
618
432
519
214
45
243
696
493
847
990
181
953
19
451
513
59
789
58
859
900
730
713
376
558
400
297
244
450
440
535
876
997
387
600
408
335
624
652
976
121
188
843
68
969
328
175
201
945
977
603
170
500
455
130
447
598
991
617
315
31
344
623
89
572
526
576
992
907
966
187
220
373
271
654
727
644
842
118
43
446
385
358
453
523
538
192
785
263
758
423
44
213
928
766
80
771
905
673
686
627
294
733
102
382
606
310
484
561
687
251
234
821
472
780
914
993
269
625
179
184
97
725
67
650
904
316
374
807
93
729
496
763
879
524
303
775
113
630
37
963
177
289
178
417
199
862
292
553
917
834
454
943
751
856
795
296
301
794
672
101
61
705
811
675
232
42
647
835
592
211
64
365
189
153
610
855
881
224
948
321
481
869
800
62
88
395
657
302
329
925
194
978
734
975
171