973
26 55 66 40 79 0 99 69 18 28 49 38 73 96 21 71 87 35 11 92 82 94 63 76 54 23 77 51 20 48 24 9 13 81 72 4 15 29 74 7 85 22 95 98 57 3 10 84 91 14 47 2 32 86 25 46 50 12 36 27 75
114
414 403 474 435 409 457 420 486 401 498 419 434 466 483 490 499 491 427 456 443 416 433 415 476 448 497 489 410 488 492 405 494 438 470 422 439 445 479 449 411 475 458 441 424 482 480 426 460 487 442 468 459 469 495 413 485 412 444 431 404 467 425 462 430 452 473 478 437 428 464 465 406 407
110
853 870 850 894 880 861 844 889 852 854 804 888 874 805 828 848 845 877 826 822 897 806 893 841 892 849 899 814 823 813 871 872 830 803 832 829 890 840 851 898 815 886 809 837 839 817 836 882 873 865 887 884 878 824 891 885 883 818 895 868 875 816 858 810 866 896 820 846 825
986 980 903 949 944 908 955 918 939 968 902 934 981 960 941 920 958 913 974 931 996 940 956 984 911 989 967 952 942 921 998 964 929 961 901 988 910 995 972 936 971 924 938 965 983 959 906 962 927 946 950 982 919 916 979 912 930 985 926
288 221 227 250 267 299 287 253 252 295 255 208 275 236 262 298 272 230 273 277 226 223 285 249 280 229 258 202 210 217 231 278 238 207 205 293 209 219 283 245 225 222 247 228 203 246 266 200 235 261 218 257 237 256 204 216 281 284 282 274 242 291
149
736 779 723 739 768 799 755 717 792 719 788 732 774 752 741 773 716 715 778 772 735 754 743 742 776 783 765 791 747 769 718 786 784 796 761 749 720 738 701 709 767 714 770 753 798 757 787 721 704 750 740 782 746 722 728 793 731 756 712 760 781 702 762 744
138 169 144 133 120 124 127 109 150 104 126 174 108 145 195 106 185 125 119 115 116 163 157 132 167 162 154 105 164 168 141 112 136 155 183 161 134 176 135 160 143 166 148 142 103 131 165 147 140 173
649 643 620 694 670 633 679 632 658 671 614 695 666 682 607 665 681 683 634 662 674 641 676 659 635 651 688 653 693 629 699 646 698 615 684 637 661 667 660 622 616 655 631 638 677 621 605 642 692 678 601 640 628 669 645 663 668 691 626 697 636
802
954
550 520 518 516 579 555 517 575 527 595 532 590 549 594 570 584 533 531 591 560 557 536 530 580 574 534 504 596 554 540 577 521 563 578 514 589 585 571 543 537 593 567 529 546 525 559 573 566 511 505 552 510 544 556 569 545 586 582 542 512 509 539 547 508 588 506 541 599
8
389 351 317 343 364 330 346 360 388 314 367 309 392 363 369 379 340 325 398 393 336 341 300 381 332 313 338 345 339 348 350 326 372 394 361 356 327 318 359 390 377 357 353 342 312 334 305 396 333 331 352 371 386 354 366 391 307 311 337 370 323 380 324 375 349
994
264
548
17
703
206
128
915
922
33
708
322
833
612
90
801
152
111
564
56
319
932
611
139
347
421
503
418
355
39
304
151
471
656
123
689
812
146
957
384
507
562
239
515
100
970
867
52
248
619
254
1
987
710
129
587
180
565
724
286
831
700
685
268
706
368
597
680
159
726
436
648
863
827
583
764
860
808
838
711
933
745
777
999
196
260
240
608
790
857
172
429
137
947
397
259
83
609
748
320
107
30
639
308
212
477
279
16
193
265
613
602
190
461
70
122
797
306
34
158
759
197
215
568
864
191
819
362
53
399
383
186
6
937
290
737
581
951
198
60
5
664
378
707
528
551
65
935
78
690
276
117
41
502
604
909
241
522
463
270
501
156
233
923
182
618
432
519
214
45
243
696
493
847
990
181
953
19
451
513
59
789
58
859
900
730
713
376
558
400
297
244
450
440
535
876
997
387
600
408
335
624
652
976
121
188
843
68
969
328
175
201
945
977
603
170
500
455
130
447
598
991
617
315
31
344
623
89
572
526
576
992
907
966
187
220
373
271
654
727
644
842
402
118
43
446
385
358
453
523
538
192
785
263
758
423
44
213
928
766
80
771
905
673
686
627
294
733
102
382
606
310
484
561
687
251
234
821
472
780
914
993
269
625
179
184
97
725
67
650
904
316
374
807
93
729
496
763
879
524
303
775
113
630
37
963
177
289
178
417
199
862
292
553
917
834
454
943
751
856
795
296
301
794
672
101
61
705
811
675
232
42
647
835
592
211
64
365
189
153
610
855
881
224
948
321
481
869
800
62
88
395
657
302
329
925
194
978
734
975
171