973
98 36 11 47 13 75 87 51 55 10 40 26 25 85 77 28 99 0 14 81 46 21 50 84 74 92 69 94 49 23 76 71 96 48 15 82 73 20 2 91 32 35 79 95 9 86 38 72 24 66 7 27 63 12 57 22 3 4 18 29 54
114
431 485 427 442 466 449 448 490 483 415 499 411 458 412 413 467 491 426 441 464 487 488 416 407 430 469 414 433 492 437 480 434 444 465 420 473 498 452 406 438 459 476 424 457 489 428 435 410 422 445 401 456 439 479 443 405 404 403 495 425 474 497 478 468 462 460 486 470 494 482 419 475
110
816 824 853 880 826 836 822 825 865 852 893 846 841 895 804 886 873 887 894 805 874 875 813 878 872 866 892 850 890 817 809 882 806 829 839 851 884 815 888 870 832 818 889 830 803 897 871 861 840 898 883 810 891 849 896 837 854 828 814 858 868 844 820 848 845 823 899 885 877
972 942 903 961 906 983 920 913 962 965 912 982 911 950 902 959 981 901 919 986 985 974 924 968 952 955 941 931 921 934 944 979 989 964 918 984 927 995 958 949 916 930 940 939 929 936 946 980 956 998 988 971 938 996 910 926 908 960 967
266 288 246 287 295 204 227 207 208 278 282 275 238 202 252 253 203 299 285 257 291 225 216 200 280 262 249 255 293 272 277 221 261 231 298 229 210 274 242 247 284 273 230 235 222 217 218 205 258 256 219 245 226 237 209 283 281 228 236 250 267 223
149
736 721 757 712 786 772 774 709 704 717 716 773 714 720 782 781 749 779 715 760 754 769 778 752 792 787 735 722 742 756 788 761 753 718 793 702 741 731 732 740 767 768 796 750 723 765 783 770 744 784 747 799 701 746 776 798 755 791 728 738 739 743 762 719
164 141 160 106 168 109 127 104 124 183 132 163 165 145 135 103 140 119 150 125 148 126 167 116 144 120 154 173 142 134 162 185 133 155 176 138 112 108 143 157 169 174 136 147 105 195 166 161 131 115
632 698 622 626 635 640 670 638 643 693 661 671 658 677 641 665 636 601 634 667 674 621 699 651 659 679 682 605 681 637 691 649 666 633 642 660 614 653 683 688 669 645 668 684 695 655 616 676 694 628 662 663 631 697 615 607 646 620 692 678 629
802
954
545 574 533 541 532 578 571 596 546 516 577 570 544 554 511 504 514 594 580 520 512 508 509 521 529 531 536 550 552 591 588 510 569 589 582 590 505 575 540 584 560 595 549 563 537 573 547 556 579 567 543 518 525 506 530 586 599 593 542 559 517 566 557 539 585 555 534 527
8
348 357 372 367 396 352 377 342 305 398 337 325 360 318 333 386 359 392 330 345 314 379 332 351 361 340 389 317 334 309 350 311 324 390 343 331 393 326 354 312 388 349 375 341 391 369 300 338 336 370 364 363 380 356 371 366 307 381 313 346 323 353 394 327 339
994
264
548
17
703
206
128
915
922
33
708
322
833
612
90
801
152
111
564
56
319
932
611
139
347
421
503
418
355
39
304
151
471
656
123
689
812
146
957
384
507
562
239
515
100
970
867
52
248
619
254
1
987
710
129
587
180
565
724
286
831
700
685
268
706
368
597
680
159
726
436
648
863
827
583
764
860
808
838
711
933
745
777
999
196
260
240
608
790
857
172
429
137
947
397
259
83
609
748
320
107
30
639
308
212
477
279
16
193
265
613
602
190
461
70
122
797
306
34
158
759
197
215
568
864
191
819
362
53
399
383
186
6
937
290
737
581
951
198
60
5
664
378
707
528
551
65
935
78
690
276
117
41
502
604
909
241
522
463
270
501
156
233
923
182
618
432
519
214
45
243
696
493
847
990
181
953
19
451
513
59
789
58
859
900
730
713
376
558
400
297
244
450
440
535
876
997
387
600
408
335
624
652
976
121
188
843
68
969
328
175
201
945
977
603
170
409
500
455
130
447
598
991
617
315
31
344
623
89
572
526
576
992
907
966
187
220
373
271
654
727
644
842
402
118
43
446
385
358
453
523
538
192
785
263
758
423
44
213
928
766
80
771
905
673
686
627
294
733
102
382
606
310
484
561
687
251
234
821
472
780
914
993
269
625
179
184
97
725
67
650
904
316
374
807
93
729
496
763
879
524
303
775
113
630
37
963
177
289
178
417
199
862
292
553
917
834
454
943
751
856
795
296
301
794
672
101
61
705
811
675
232
42
647
835
592
211
64
365
189
153
610
855
881
224
948
321
481
869
800
62
88
395
657
302
329
925
194
978
734
975
171