973 930 994 956 982 981 934 976 937 933 922 966 980 943 949 999 903 921 927 942 929 962 941 925 989 940 955 996 961 967 912 906 939 931 988 953 916 954 936 957 910 952 975 979 917 913 984 945 928 969 986 991 965 968 990 915 914 924 938 918 985 951 974 964 977 960 920 987 963 970 923 971 908 950 935 972 995 998 901 993 958 947 902 983 926 907 997 911 959 919 992 946 909 904 932 944 905 978
95 38 88 86 25 72 58 87 41 69 83 59 26 84 19 27 57 78 67 33 60 82 5 99 46 62 79 35 52 3 16 28 22 13 56 68 37 91 15 39 55 21 30 50 47 98 89 14 31 53 0 23 42 76 43 2 29 10 73 54 48 20 18 71 17 77 93 66 34 36 63 81 64 24 44 94 61 97 6 45 4 49 65 11 92 75 32 40 51 7 8 12 9 74 85 96 80 90
174 135 122 152 111 148 149 178 143 154 145 139 185 180 184 168 133 188 183 169 144 194 110 179 114 107 138 155 119 156 177 187 195 108 172 142 190 197 112 102 128 162 157 116 198 121 166 126 175 176 137 196 100 103 140 127 109 186 115 130 193 113 170 191 124 105 141 106 120 165 147 160 118 146 104 153 136 189 171 150 134 129 167 173 199 117 132 163 181 131 125 161 182 123 164 192
437 493 481 477 428 415 419 417 411 496 497 448 433 427 473 491 476 494 466 488 425 460 440 446 484 403 405 449 464 402 459 445 430 426 495 486 472 436 450 469 483 434 414 410 422 447 455 458 474 408 424 498 423 443 413 487 401 418 451 475 431 435 467 471 412 478 470 490 407 409 441 457 420 452 416 456 482 444 479 429 439 438 442 480 468 454 465 462 499 485 489 461 432 492 463 406 453 404
828 849 836 892 858 896 847 860 804 829 890 881 800 835 893 884 874 875 854 895 851 830 877 844 843 837 803 814 815 831 889 894 812 879 862 888 826 809 876 855 882 899 866 832 865 840 822 824 842 898 872 873 821 878 806 817 885 857 861 863 864 833 818 848 808 887 820 880 839 810 805 886 853 825 816 838 819 813 859 869 807 827 852 841 897 871 834 867 870 823 845 891 868 811 846 850 883
288 269 265 233 228 263 250 251 213 252 283 273 266 202 211 206 295 278 222 277 221 272 264 249 270 208 259 243 207 232 275 218 227 296 215 234 258 244 291 279 292 205 297 256 299 247 289 236 220 229 255 298 235 287 293 294 210 257 276 268 203 219 240 253 280 290 254 224 217 282 246 214 204 200 231 216 286 274 223 281 242 241 261 226 267 245 225 209 212 238 285 230 237 239 284 248 262
739 709 712 760 780 797 794 728 735 779 732 787 756 701 737 705 769 791 716 707 757 799 729 714 755 793 778 742 781 746 761 704 731 715 721 736 798 730 702 790 795 765 749 743 740 724 758 710 711 766 748 713 777 753 789 759 708 786 718 762 796 783 768 703 770 784 722 751 754 752 763 774 775 771 725 773 738 747 767 745 733 750 741 720 788 772 723 734 792 776 719 764 782 744 785 717
646 638 664 634 615 677 695 620 681 660 613 601 680 604 612 617 631 689 629 614 694 630 626 693 687 655 686 662 661 623 691 618 656 674 602 606 644 685 683 678 654 684 650 652 640 611 610 673 649 669 609 690 696 643 676 627 632 616 666 663 699 688 607 679 603 658 645 608 668 624 665 670 659 625 667 672 675 641 697 647 653 692 682 657 637 635 622 642 633 698 636 621 651 639 605 628 648 671
802
549 587 570 505 564 545 507 515 583 554 514 519 567 577 593 571 574 588 511 529 558 597 543 504 524 551 586 581 526 535 506 509 537 502 516 578 522 546 568 541 530 521 503 538 531 512 540 518 592 520 533 565 562 582 555 589 508 553 552 523 534 591 547 584 590 579 596 536 576 595 542 517 573 561 585 598 566 559 556 525 510 528 575 569 501 550 532 544 560 594 548 557 539 527 513 563 580 599
332 386 396 345 384 327 385 347 378 319 359 358 381 379 344 323 367 373 392 382 388 328 399 383 360 364 355 322 333 338 377 369 317 370 363 366 325 324 313 334 380 361 306 335 372 389 350 348 318 362 340 365 342 391 311 356 303 331 357 398 329 397 330 393 337 302 339 305 354 308 326 341 390 315 320 351 371 343 395 314 321 375 346 368 376 349 307 312 353 387 300 310 309 352 394 304 336
801
421
151
619
1
700
706
159
726
260
70
158
900
400
600
201
500
572
271
727
316
374
856
301
101
948