973
81 14 12 77 84 49 2 91 51 95 82 24 21 15 25 35 94 4 22 3 72 13 27 20 46 69 63 36 66 29 40 48 54 18 38 87 92 50 23 28 47 86 32 55 98 73 96 75 85 11 71 9 74 0 99 7 79 26 76 57
114
420 490 439 430 495 422 483 470 452 459 482 449 412 405 426 401 456 457 458 407 488 474 499 492 404 415 413 465 485 478 469 487 448 416 473 419 466 441 427 431 443 435 497 425 445 442 498 437 480 462 428 489 434 411 460 444 433 479 414 403 468 464 491 486 476 475 438 410 494 424 467 406
110
850 877 824 883 868 845 817 837 820 887 878 873 809 882 898 896 813 854 872 825 848 886 890 849 818 885 844 846 829 806 840 866 870 892 816 851 822 853 865 888 826 804 858 803 852 880 894 897 861 841 830 899 875 815 839 871 836 823 891 828 884 893 832 805 810 889 874 814 895
921 979 902 942 919 952 903 929 961 910 924 955 983 927 974 920 956 901 971 980 949 918 972 965 940 936 996 967 984 946 911 982 958 906 988 995 968 926 950 989 939 938 930 998 960 986 964 908 916 959 962 931 985 981 941 934 913 944 912
238 226 250 256 281 283 216 293 222 236 200 257 277 295 275 231 219 287 284 227 267 229 210 237 262 205 253 291 204 202 225 252 278 273 288 208 228 203 280 246 249 207 217 282 230 298 218 255 221 242 274 299 266 261 223 209 235 258 285 272 247 245
149
738 792 793 752 772 753 731 761 739 762 755 773 719 743 742 715 779 767 736 709 701 783 796 776 791 788 728 714 754 702 784 712 750 735 757 769 741 744 774 756 716 704 718 723 798 746 786 740 768 799 722 787 732 717 760 770 721 720 747 765 749 782 781 778
145 131 162 119 142 127 169 174 106 165 126 147 116 105 155 109 112 136 135 104 176 141 143 160 150 157 115 161 134 183 140 120 154 103 173 144 138 185 163 125 124 168 164 195 132 133 148 166 108 167
695 691 678 684 659 642 646 626 667 622 661 615 638 655 677 605 635 607 614 620 651 698 692 645 634 683 694 660 668 666 676 641 697 662 674 633 628 653 649 699 693 640 681 688 636 631 658 669 679 632 616 682 637 621 671 663 601 629 643 670 665
802
954
546 545 586 509 566 599 506 550 569 525 571 555 517 543 544 556 557 540 596 533 539 521 527 579 549 536 567 570 532 516 514 588 531 593 585 529 537 578 547 591 594 575 595 512 559 554 518 589 520 584 542 573 511 552 563 510 590 541 508 582 580 504 574 534 560 577 530 505
8
313 318 330 360 377 314 380 371 359 398 381 357 366 388 331 352 394 386 369 372 361 338 345 351 307 392 323 370 327 336 311 348 324 363 337 390 364 300 309 341 356 396 354 305 353 389 393 343 339 342 312 391 379 340 346 317 334 326 350 375 332 349 333 367 325
994
264
548
17
703
206
128
915
922
33
708
322
833
612
90
801
152
111
564
56
319
932
611
139
347
421
503
418
355
39
304
151
471
656
123
689
812
146
957
384
507
562
239
515
100
970
867
52
248
619
254
1
987
710
129
587
180
565
724
286
831
700
685
268
706
368
597
680
159
726
436
648
863
827
583
764
860
808
838
711
933
745
777
999
196
260
240
608
790
857
172
429
137
947
397
259
83
609
748
320
107
30
639
308
212
477
279
16
193
265
613
602
190
461
70
122
797
306
34
158
759
197
215
568
864
191
819
362
53
399
383
186
6
937
290
737
581
951
198
60
5
664
378
707
528
551
65
935
78
690
276
117
41
502
604
909
241
522
463
270
501
156
233
923
182
618
432
519
214
45
243
696
493
847
990
181
953
19
451
513
59
789
58
859
900
730
713
376
558
400
297
244
450
440
535
876
997
387
600
408
335
624
652
976
121
188
10
843
68
969
328
175
201
945
977
603
170
409
500
455
130
447
598
991
617
315
31
344
623
89
572
526
576
992
907
966
187
220
373
271
654
727
644
842
402
118
43
446
385
358
453
523
538
192
785
263
758
423
44
213
928
766
80
771
905
673
686
627
294
733
102
382
606
310
484
561
687
251
234
821
472
780
914
993
269
625
179
184
97
725
67
650
904
316
374
807
93
729
496
763
879
524
303
775
113
630
37
963
177
289
178
417
199
862
292
553
917
834
454
943
751
856
795
296
301
794
672
101
61
705
811
675
232
42
647
835
592
211
64
365
189
153
610
855
881
224
948
321
481
869
800
62
88
395
657
302
329
925
194
978
734
975
171