973
87 63 55 26 27 48 28 7 21 81 2 91 69 35 40 49 73 38 32 82 77 76 95 25 13 14 79 72 11 15 12 9 92 85 86 29 22 66 71 96 51 23 46 24 36 54 75 99 4 57 20 47 0 50 18 74 94 84 98 3
114
419 405 492 466 456 458 428 476 410 411 470 480 422 416 435 430 499 460 478 488 443 406 441 490 433 439 448 427 444 449 473 426 415 468 497 420 475 452 403 464 483 479 465 474 459 469 489 486 425 424 404 462 467 485 431 491 438 495 487 401 434 442 414 437 498 413 457 407 412 482 494 445
110
897 846 840 888 815 899 872 887 874 875 889 826 841 818 895 848 810 851 832 865 894 839 817 873 858 825 898 890 824 854 886 891 813 883 844 893 853 878 822 885 896 803 849 829 882 884 866 870 809 850 836 877 806 868 861 871 816 828 852 804 837 820 845 880 830 805 814 892 823
982 918 952 908 950 955 962 912 979 936 968 938 930 940 939 942 965 961 989 958 906 921 996 980 985 959 920 998 902 986 967 911 949 983 910 927 964 926 916 988 941 995 901 903 972 924 919 956 971 946 960 974 981 984 944 931 934 929 913
287 230 275 246 219 221 282 291 278 245 273 202 277 217 247 299 204 229 298 261 228 231 258 200 209 272 274 255 205 238 252 207 242 218 208 210 280 216 222 235 256 227 250 249 288 253 284 203 257 223 262 281 267 236 237 226 283 285 293 225 295 266
149
770 738 753 712 718 743 739 782 778 723 792 709 741 752 776 749 714 746 762 787 740 704 781 774 783 772 722 720 728 702 769 755 773 756 747 784 767 701 750 736 760 717 719 798 715 761 732 768 716 788 793 742 796 735 731 786 744 757 799 754 791 779 765 721
116 163 143 106 132 115 169 164 147 166 144 160 176 167 140 155 108 126 141 183 119 162 104 185 136 125 131 157 134 112 195 133 105 174 135 161 145 148 109 150 173 120 165 124 142 138 154 127 168 103
683 698 616 676 632 679 663 628 622 629 649 661 674 633 688 678 626 659 655 699 651 637 693 641 669 620 614 631 658 607 684 697 677 665 694 667 660 681 605 615 645 646 668 635 691 601 662 640 695 692 636 653 642 671 621 666 643 670 682 638
802
954
532 593 589 542 534 588 521 556 536 527 549 574 591 590 595 571 508 585 560 575 559 531 512 582 539 525 577 569 599 547 566 514 540 573 555 509 541 552 533 554 505 584 580 518 546 578 545 563 516 567 596 504 550 530 506 529 570 543 579 510 544 537 511 594 557 517 520 586
8
354 332 345 326 341 359 317 334 379 333 370 338 369 366 337 330 364 357 351 377 389 392 353 391 340 349 318 361 394 311 371 396 313 300 360 350 314 323 388 348 339 367 305 381 312 390 346 331 386 393 356 343 372 324 336 307 325 352 342 375 309 327 398 363 380
994
264
548
17
703
206
128
915
922
33
708
322
833
612
90
801
152
111
564
56
319
932
611
139
347
421
503
418
355
39
304
151
471
656
123
689
812
146
957
384
507
562
239
515
100
970
867
52
248
619
254
1
987
710
129
587
180
565
724
286
831
700
685
268
706
368
597
680
159
726
436
648
863
827
583
764
860
808
838
711
933
745
777
999
196
260
240
608
790
857
172
429
137
947
397
259
83
609
748
320
107
30
639
308
212
477
279
16
193
265
613
602
190
461
70
122
797
306
34
158
759
197
215
568
864
191
819
362
53
399
383
186
6
937
290
737
581
951
198
60
5
664
378
707
528
551
65
935
634
78
690
276
117
41
502
604
909
241
522
463
270
501
156
233
923
182
618
432
519
214
45
243
696
493
847
990
181
953
19
451
513
59
789
58
859
900
730
713
376
558
400
297
244
450
440
535
876
997
387
600
408
335
624
652
976
121
188
10
843
68
969
328
175
201
945
977
603
170
409
500
455
130
447
598
991
617
315
31
344
623
89
572
526
576
992
907
966
187
220
373
271
654
727
644
842
402
118
43
446
385
358
453
523
538
192
785
263
758
423
44
213
928
766
80
771
905
673
686
627
294
733
102
382
606
310
484
561
687
251
234
821
472
780
914
993
269
625
179
184
97
725
67
650
904
316
374
807
93
729
496
763
879
524
303
775
113
630
37
963
177
289
178
417
199
862
292
553
917
834
454
943
751
856
795
296
301
794
672
101
61
705
811
675
232
42
647
835
592
211
64
365
189
153
610
855
881
224
948
321
481
869
800
62
88
395
657
302
329
925
194
978
734
975
171