973
72 94 29 20 0 69 26 98 48 96 91 11 77 57 36 63 14 86 23 82 35 49 73 71 79 99 27 7 18 32 76 47 12 28 74 13 81 15 87 3 4 9 2 75 66 92 84 22 51 40 38 54 50 95 21 24 46 25 55 85
114
443 437 470 473 428 419 412 467 499 462 491 404 498 457 464 490 441 438 426 460 422 416 494 401 448 458 430 485 466 415 469 411 420 444 434 431 452 414 442 487 468 480 435 495 439 483 449 405 413 445 482 497 492 486 407 410 427 479 424 475 433 403 474 425 478 476 465 488 459 406 456 489
110
816 874 830 841 868 815 886 878 885 880 875 873 810 836 829 849 840 895 888 854 813 825 806 845 817 832 872 897 844 837 871 850 824 866 839 898 899 890 818 820 853 882 846 823 852 877 894 883 870 822 892 889 891 803 896 861 804 858 809 828 887 865 814 826 805 884 848 893 851
961 924 956 902 939 927 985 984 950 981 921 980 989 988 983 946 934 941 910 911 938 996 959 930 920 952 949 940 974 964 979 972 913 901 918 912 965 916 931 995 919 962 908 971 926 942 936 944 903 929 967 968 982 960 986 955 998 906 958
228 299 257 229 273 242 280 219 221 283 209 293 200 250 281 204 272 258 287 227 255 295 236 266 275 230 217 235 245 207 298 262 223 246 231 256 237 225 284 218 291 267 277 274 210 282 226 205 261 203 238 253 252 278 216 288 247 249 285 222 208 202
149
762 754 743 735 769 755 714 746 787 720 716 783 736 772 756 712 792 793 778 757 776 722 728 732 788 715 704 752 786 717 791 739 798 767 774 702 744 718 721 750 723 747 770 779 796 738 753 740 761 781 782 731 799 749 741 773 701 719 760 765 742 768 784
150 148 166 126 183 157 162 167 109 173 147 163 106 143 116 145 164 131 105 185 119 104 176 115 174 124 132 136 127 103 141 142 138 125 144 165 140 154 161 169 134 112 133 108 120 160 135 155 168 195
665 620 678 658 637 643 671 601 653 614 621 682 693 631 616 632 645 636 667 659 633 629 635 638 669 694 605 651 607 661 626 674 660 641 683 688 699 691 676 662 681 670 646 697 668 642 695 663 679 628 677 698 666 640 615 649 692 655 684 622
802
954
570 586 577 563 549 554 517 590 580 567 518 506 514 557 585 578 532 530 589 571 540 541 559 594 584 510 505 544 525 539 550 582 591 546 516 575 596 511 533 531 588 547 542 521 512 593 599 543 552 574 527 555 534 573 509 537 556 595 529 569 520 536 504 508 566 579 545 560
8
388 350 380 340 330 352 371 343 349 324 317 396 346 311 364 379 370 369 390 314 389 334 312 300 375 361 351 357 363 398 372 341 394 366 307 386 323 325 305 393 309 392 339 313 359 360 336 337 381 338 353 332 345 356 348 391 326 377 318 354 342 327 333 331 367
994
264
548
17
703
709
206
128
915
922
33
708
322
833
612
90
801
152
111
564
56
319
932
611
139
347
421
503
418
355
39
304
151
471
656
123
689
812
146
957
384
507
562
239
515
100
970
867
52
248
619
254
1
987
710
129
587
180
565
724
286
831
700
685
268
706
368
597
680
159
726
436
648
863
827
583
764
860
808
838
711
933
745
777
999
196
260
240
608
790
857
172
429
137
947
397
259
83
609
748
320
107
30
639
308
212
477
279
16
193
265
613
602
190
461
70
122
797
306
34
158
759
197
215
568
864
191
819
362
53
399
383
186
6
937
290
737
581
951
198
60
5
664
378
707
528
551
65
935
634
78
690
276
117
41
502
604
909
241
522
463
270
501
156
233
923
182
618
432
519
214
45
243
696
493
847
990
181
953
19
451
513
59
789
58
859
900
730
713
376
558
400
297
244
450
440
535
876
997
387
600
408
335
624
652
976
121
188
10
843
68
969
328
175
201
945
977
603
170
409
500
455
130
447
598
991
617
315
31
344
623
89
572
526
576
992
907
966
187
220
373
271
654
727
644
842
402
118
43
446
385
358
453
523
538
192
785
263
758
423
44
213
928
766
80
771
905
673
686
627
294
733
102
382
606
310
484
561
687
251
234
821
472
780
914
993
269
625
179
184
97
725
67
650
904
316
374
807
93
729
496
763
879
524
303
775
113
630
37
963
177
289
178
417
199
862
292
553
917
834
454
943
751
856
795
296
301
794
672
101
61
705
811
675
232
42
647
835
592
211
64
365
189
153
610
855
881
224
948
321
481
869
800
62
88
395
657
302
329
925
194
978
734
975
171