973
2 27 86 76 95 20 4 66 11 21 49 35 3 25 82 7 91 26 46 72 51 12 81 9 22 99 87 50 14 55 71 32 96 92 85 84 40 54 13 24 18 38 63 15 98 28 0 79 69 94 77 23 29 48 75 47 57 73 74 36
114
466 475 412 459 410 491 427 489 487 401 422 405 457 420 434 424 458 467 415 495 443 403 469 411 462 478 445 428 485 488 490 441 442 474 486 444 426 406 437 419 468 425 430 404 497 431 498 452 438 456 470 492 413 407 460 483 433 476 416 448 499 465 482 449 464 435 494 479 414 473 439 480
110
809 820 804 850 884 806 848 874 844 888 822 852 889 813 883 846 870 875 828 832 891 810 830 886 898 894 893 880 887 839 861 836 837 851 840 805 897 892 873 816 849 885 803 895 899 826 818 829 841 878 868 854 890 872 825 845 853 896 823 866 817 877 824 865 858 882 814 871 815
965 968 984 949 985 981 958 902 946 901 971 929 988 950 924 989 996 944 982 972 910 956 983 906 916 962 912 960 961 936 913 938 926 931 955 964 959 908 952 998 934 927 919 979 941 921 930 940 942 911 918 920 939 980 974 986 995 967 903
200 203 282 284 218 229 204 245 230 221 208 222 299 242 278 253 231 283 275 267 249 246 235 216 202 256 225 250 237 217 277 209 227 258 223 205 281 255 280 298 247 287 210 261 238 274 262 207 291 272 228 226 288 266 295 293 257 252 285 273 236 219
149
740 765 756 755 715 743 735 770 714 744 753 723 798 762 788 701 783 731 722 761 791 741 721 776 796 757 747 712 799 746 732 719 736 774 773 787 767 772 792 782 718 768 720 750 781 738 728 716 779 739 717 793 786 784 769 760 749 702 704 742 778 752 754
144 116 106 135 105 161 160 185 155 133 157 119 125 112 162 176 154 169 148 136 120 124 143 173 134 109 104 150 132 163 142 140 164 103 108 126 174 167 166 127 145 183 141 131 138 147 115 165 195
679 633 666 635 616 693 688 651 662 661 669 636 645 653 640 641 671 632 674 677 607 692 659 658 681 655 643 682 684 660 628 615 631 683 605 601 698 697 678 691 668 667 614 629 642 620 676 699 694 663 637 670 626 649 665 646 638 622 695 621
802
954
547 533 542 559 593 545 589 532 511 541 577 567 591 570 588 595 573 530 554 571 525 516 555 537 544 536 514 529 521 569 584 539 504 512 527 594 534 510 586 566 518 505 590 517 563 531 557 549 575 580 550 574 543 582 546 596 578 506 520 552 599 540 560 556 585 579 508 509
8
356 327 367 394 359 349 318 324 340 377 393 352 361 354 351 307 357 390 381 345 396 386 309 379 325 323 389 346 334 343 336 371 388 353 333 326 337 342 369 392 360 363 370 350 331 348 332 380 375 311 317 366 364 338 372 341 300 391 314 312 305 339 398 330 313
994
264
548
17
703
709
206
128
915
922
33
708
322
833
612
90
801
152
111
564
56
319
932
611
139
347
421
503
418
355
39
304
151
471
656
123
689
812
146
168
957
384
507
562
239
515
100
970
867
52
248
619
254
1
987
710
129
587
180
565
724
286
831
700
685
268
706
368
597
680
159
726
436
648
863
827
583
764
860
808
838
711
933
745
777
999
196
260
240
608
790
857
172
429
137
947
397
259
83
609
748
320
107
30
639
308
212
477
279
16
193
265
613
602
190
461
70
122
797
306
34
158
759
197
215
568
864
191
819
362
53
399
383
186
6
937
290
737
581
951
198
60
5
664
378
707
528
551
65
935
634
78
690
276
117
41
502
604
909
241
522
463
270
501
156
233
923
182
618
432
519
214
45
243
696
493
847
990
181
953
19
451
513
59
789
58
859
900
730
713
376
558
400
297
244
450
440
535
876
997
387
600
408
335
624
652
976
121
188
10
843
68
969
328
175
201
945
977
603
170
409
500
455
130
447
598
991
617
315
31
344
623
89
572
526
576
992
907
966
187
220
373
271
654
727
644
842
402
118
43
446
385
358
453
523
538
192
785
263
758
423
44
213
928
766
80
771
905
673
686
627
294
733
102
382
606
310
484
561
687
251
234
821
472
780
914
993
269
625
179
184
97
725
67
650
904
316
374
807
93
729
496
763
879
524
303
775
113
630
37
963
177
289
178
417
199
862
292
553
917
834
454
943
751
856
795
296
301
794
672
101
61
705
811
675
232
42
647
835
592
211
64
365
189
153
610
855
881
224
948
321
481
869
800
62
88
395
657
302
329
925
194
978
734
975
171