973
66 48 51 82 47 94 98 26 32 73 36 7 12 91 85 55 38 92 63 50 20 57 13 0 86 87 76 75 81 23 71 74 84 3 25 95 21 96 4 46 18 69 11 40 22 27 49 29 54 79 14 9 28 77 15 72 35 99 2 24
114
456 422 444 486 452 403 469 427 415 491 439 419 410 434 464 468 474 475 462 479 435 494 426 413 401 490 425 492 460 404 420 459 437 473 448 412 466 430 458 489 483 414 428 488 445 487 465 416 495 476 499 498 485 433 457 449 482 480 406 467 411 431 470 442 424 441 438 407 405 497 478 443
110
826 810 836 852 885 844 883 804 875 872 809 897 828 878 817 839 849 866 853 865 829 845 816 813 874 888 858 814 884 832 889 898 841 850 851 854 803 846 880 873 892 830 891 805 861 806 868 894 837 895 886 893 896 820 899 877 822 871 815 818 848 823 882 870 825 824 887 890 840
927 995 982 972 964 955 936 939 924 989 930 908 919 962 912 980 934 944 931 959 940 911 901 958 918 960 938 950 942 983 906 965 946 971 984 910 926 979 986 913 956 998 902 988 903 929 921 952 967 985 974 968 949 996 981 920 916 941 961
207 277 227 256 274 205 242 222 204 246 253 262 216 272 247 236 235 217 282 229 225 299 250 287 284 245 267 249 231 261 275 228 291 237 266 238 257 209 202 278 230 288 295 208 210 218 203 293 255 252 273 219 281 298 223 221 258 283 285 226 200 280
149
723 772 742 736 741 762 788 792 719 778 720 746 755 749 784 702 779 781 783 768 791 799 714 754 716 718 731 747 774 770 715 728 744 712 786 750 793 776 798 782 796 753 704 739 740 738 787 757 743 761 767 769 752 756 760 765 735 721 732 717 701 773 722
105 135 109 173 165 131 126 161 115 150 132 141 112 155 108 104 195 164 154 185 125 157 127 160 163 148 119 183 120 103 140 138 134 143 169 142 166 145 106 147 167 144 162 124 116 133 176 174 136
697 628 684 638 698 683 663 660 666 661 601 671 668 679 651 649 694 670 677 621 607 645 636 640 691 695 655 633 629 615 662 676 653 632 693 631 678 699 641 614 616 622 643 646 642 669 658 637 667 674 692 665 681 635 682 626 659 620 688 605
802
954
505 585 521 574 591 514 529 560 594 516 584 578 504 525 590 534 530 555 569 589 559 582 541 596 550 512 546 571 511 580 544 531 537 543 549 508 577 595 545 532 593 517 520 563 552 510 599 567 556 539 554 575 547 542 509 573 586 579 557 506 566 588 518 533 540 536 570
8
327 348 390 342 345 333 369 361 318 353 391 388 324 350 337 314 300 377 332 359 331 371 307 360 363 346 357 317 343 325 380 394 352 396 370 336 330 366 375 326 367 305 313 339 354 398 392 334 393 340 372 381 386 312 389 311 341 364 349 338 351 379 323 309 356
994
264
548
17
703
709
206
128
915
922
33
708
322
833
612
90
801
152
111
564
56
319
932
611
139
347
421
503
418
355
39
304
151
471
656
123
689
812
146
168
957
384
507
562
239
515
100
970
867
52
248
619
254
1
987
710
129
587
180
565
724
286
831
700
685
268
706
368
597
680
159
726
436
648
863
827
583
764
860
808
838
711
933
745
777
999
196
260
240
608
790
857
172
429
137
947
397
259
83
609
748
320
107
30
639
308
212
477
279
16
193
265
613
602
190
461
70
122
797
306
34
158
759
197
215
568
864
191
819
362
53
399
383
186
6
937
290
737
581
951
198
60
5
664
378
707
528
551
65
935
634
78
690
276
117
527
41
502
604
909
241
522
463
270
501
156
233
923
182
618
432
519
214
45
243
696
493
847
990
181
953
19
451
513
59
789
58
859
900
730
713
376
558
400
297
244
450
440
535
876
997
387
600
408
335
624
652
976
121
188
10
843
68
969
328
175
201
945
977
603
170
409
500
455
130
447
598
991
617
315
31
344
623
89
572
526
576
992
907
966
187
220
373
271
654
727
644
842
402
118
43
446
385
358
453
523
538
192
785
263
758
423
44
213
928
766
80
771
905
673
686
627
294
733
102
382
606
310
484
561
687
251
234
821
472
780
914
993
269
625
179
184
97
725
67
650
904
316
374
807
93
729
496
763
879
524
303
775
113
630
37
963
177
289
178
417
199
862
292
553
917
834
454
943
751
856
795
296
301
794
672
101
61
705
811
675
232
42
647
835
592
211
64
365
189
153
610
855
881
224
948
321
481
869
800
62
88
395
657
302
329
925
194
978
734
975
171