973
2 35 82 76 13 99 48 54 20 71 92 21 23 38 81 29 75 73 4 7 79 66 36 32 15 72 9 77 84 0 50 86 51 96 85 24 26 18 47 46 22 63 3 74 69 25 49 11 94 28 27 12 14 98 57 40 87 55 95 91
114
457 426 422 495 437 486 438 478 444 406 482 427 458 497 425 448 416 468 470 483 465 476 462 485 441 491 473 443 460 413 487 449 474 415 435 433 434 401 424 445 479 494 419 442 439 430 498 452 466 490 405 412 469 467 403 492 475 499 428 459 420 456 480 488 411 410 414 464 407 404 431 489
110
818 826 813 896 844 832 887 815 817 846 890 874 836 885 866 861 809 810 841 868 806 837 884 822 829 803 851 804 898 888 870 858 839 893 889 805 897 873 894 886 825 875 882 871 872 823 899 877 850 820 883 814 853 849 891 865 828 852 845 848 878 880 824 816 895 840 830 854 892
981 974 930 927 910 972 949 950 996 965 956 912 944 919 908 911 934 936 980 926 964 938 906 955 921 918 941 929 998 913 931 967 961 901 940 962 939 983 959 952 902 979 984 958 903 989 946 985 920 960 988 916 971 982 986 968 995 942 924
207 280 273 229 236 281 275 272 223 247 284 295 261 283 225 230 246 288 222 291 287 217 228 257 204 216 255 277 253 278 218 210 274 252 227 262 258 266 226 221 208 203 245 298 249 235 293 237 200 238 242 256 267 282 250 219 299 202 231 205 209 285
149
717 773 779 753 723 788 761 796 719 718 722 787 783 736 704 747 702 770 731 774 784 750 781 740 778 714 769 765 738 786 732 744 757 799 755 793 742 712 767 772 739 776 754 720 782 791 701 792 768 752 746 721 743 762 716 728 798 749 756 735 760 741 715
142 136 169 131 135 162 141 157 140 176 145 173 166 143 155 119 126 154 109 167 103 134 147 116 144 112 138 108 183 127 174 148 104 161 185 124 195 105 132 150 120 125 165 164 160 115 163 133 106
626 636 698 697 658 667 640 633 676 614 620 637 669 621 645 683 643 659 616 661 681 699 682 668 649 660 653 629 677 607 670 692 693 601 631 695 622 641 642 628 615 694 651 688 635 678 666 663 662 684 605 691 655 674 679 646 671 632 665 638
802
954
516 577 578 544 539 555 596 575 593 584 573 512 590 588 550 533 563 511 554 534 508 545 595 567 552 525 537 514 509 579 531 541 530 574 556 542 566 570 557 520 549 580 569 560 540 543 506 591 505 586 529 546 585 594 599 532 559 517 521 589 518 571 582 536 547 504 510
8
390 363 350 342 361 318 332 380 359 313 312 309 333 327 325 369 337 353 300 346 341 398 317 345 370 338 351 336 352 375 323 307 354 324 396 392 366 356 377 343 391 381 388 339 331 367 326 371 357 372 311 364 393 330 349 389 379 386 394 360 340 314 334 348
994
264
548
17
703
709
206
128
915
922
33
708
322
833
612
90
801
152
111
564
56
319
932
611
139
347
421
503
418
355
39
304
151
471
656
123
689
812
146
168
957
384
507
562
239
515
100
970
867
52
248
619
254
1
987
710
129
587
180
565
724
286
831
700
685
268
706
368
597
680
159
726
436
648
863
827
583
764
860
808
838
711
933
745
777
999
196
260
240
608
790
857
172
429
137
947
397
259
83
609
748
320
107
30
639
308
212
477
279
16
193
265
613
602
190
461
70
122
797
306
34
158
759
197
215
568
864
191
819
362
53
399
383
186
6
937
290
737
581
951
198
60
5
664
378
707
528
551
65
935
634
78
690
276
117
527
41
502
604
909
241
522
463
270
501
156
233
923
182
618
432
519
214
45
243
696
493
847
990
181
953
19
451
513
59
789
58
859
900
730
713
376
558
400
297
244
450
440
535
876
997
387
600
408
335
624
652
976
121
188
10
843
68
969
328
175
201
945
977
603
170
409
500
455
130
447
598
991
617
315
31
344
623
89
572
526
576
992
907
966
187
220
373
271
654
727
644
842
402
118
43
446
385
305
358
453
523
538
192
785
263
758
423
44
213
928
766
80
771
905
673
686
627
294
733
102
382
606
310
484
561
687
251
234
821
472
780
914
993
269
625
179
184
97
725
67
650
904
316
374
807
93
729
496
763
879
524
303
775
113
630
37
963
177
289
178
417
199
862
292
553
917
834
454
943
751
856
795
296
301
794
672
101
61
705
811
675
232
42
647
835
592
211
64
365
189
153
610
855
881
224
948
321
481
869
800
62
88
395
657
302
329
925
194
978
734
975
171