973
48 35 21 46 26 47 66 9 3 54 96 87 74 38 24 79 73 36 40 51 92 82 49 55 72 99 13 98 15 25 77 28 18 29 76 4 12 85 81 57 0 7 91 94 32 69 2 22 95 14 27 63 84 86 11 50 20 75 23 71
114
473 404 449 443 479 491 422 494 410 495 428 474 457 413 411 480 427 405 486 420 462 467 452 478 425 490 412 426 442 424 419 475 498 476 439 401 431 441 466 456 435 485 487 414 434 415 416 468 448 469 460 438 470 489 465 437 459 497 406 482 407 433 483 445 444 458 430 499 488 464 492 403
110
897 868 818 826 865 898 805 891 886 817 824 810 883 853 880 896 828 848 806 895 892 889 854 882 825 839 844 884 851 874 836 890 845 823 816 809 832 841 820 888 877 840 861 873 858 822 849 829 803 804 846 866 813 830 893 878 885 815 872 850 875 814 899 870 852 894 887 871 837
988 911 924 974 961 949 962 938 944 921 955 916 985 996 927 967 950 979 918 995 965 920 971 989 972 908 960 982 931 984 981 939 919 956 998 980 930 910 906 959 946 983 986 934 968 942 913 912 926 902 952 901 903 929 936 964 958 941 940
281 246 216 217 278 223 283 249 229 282 231 242 291 255 200 228 219 247 218 237 285 253 273 222 267 275 288 209 258 262 284 210 272 299 266 204 202 225 236 227 226 208 203 256 221 274 250 235 277 295 257 280 287 298 245 230 293 252 238 207 205 261
149
704 744 754 720 770 784 728 717 776 741 798 768 788 736 774 757 769 731 772 778 796 752 735 749 714 755 739 715 716 732 791 747 792 718 722 782 750 799 760 767 773 712 786 723 783 753 721 719 756 779 701 743 765 746 793 762 740 738 761 742 787 781 702
116 125 120 133 109 104 147 150 138 142 183 103 106 155 108 124 195 140 115 119 165 164 127 163 132 126 148 136 185 176 173 167 174 131 160 134 135 169 166 154 162 145 144 143 105 157 161 141 112
665 615 674 692 637 695 651 688 616 636 632 694 663 671 659 643 684 668 655 646 629 681 628 683 640 660 649 638 633 605 693 661 653 621 658 620 642 666 678 601 626 697 631 670 662 607 691 622 682 679 676 669 635 667 677 699 641 614 698
802
954
578 557 563 595 520 556 509 547 539 516 506 529 580 559 510 541 579 505 514 570 533 586 590 545 552 577 549 555 554 530 594 512 537 567 596 521 593 517 531 591 544 573 532 584 599 511 540 543 504 550 508 546 574 575 560 542 518 525 534 536 569 588 582 589 566 571 585
8
348 364 333 341 342 370 361 356 377 314 357 343 372 363 391 330 371 380 398 318 359 389 300 336 369 323 340 349 396 381 393 337 367 345 354 360 388 307 317 332 386 394 338 350 309 325 346 352 366 351 313 311 331 324 379 392 327 334 312 375 353 390 326 339
994
264
548
17
703
709
206
128
915
922
33
708
322
833
612
90
801
152
111
564
56
319
932
611
139
347
421
503
418
355
39
304
151
471
656
123
689
812
146
168
957
384
507
562
239
515
100
970
867
52
248
619
254
1
987
710
129
587
180
565
724
286
831
700
685
268
706
368
597
680
159
726
436
648
863
827
583
764
860
808
838
711
933
745
777
999
196
260
240
608
790
857
172
429
137
947
397
259
83
609
748
320
107
30
639
308
212
477
279
16
193
265
613
602
190
461
70
122
797
306
34
158
759
197
215
568
864
191
819
362
53
399
383
186
6
937
290
737
581
951
198
60
5
664
378
707
528
551
65
935
634
78
690
276
117
527
41
502
604
909
241
522
463
270
501
156
233
923
182
618
432
519
214
45
243
696
493
847
990
181
953
19
451
513
59
789
58
859
900
730
713
376
558
400
297
244
450
440
535
876
997
387
600
408
335
624
652
976
121
188
10
843
68
969
328
175
201
945
977
603
170
409
500
455
130
447
598
991
617
315
31
344
623
89
572
526
576
992
907
966
187
220
373
271
654
727
644
842
402
118
43
446
385
305
358
453
523
538
192
785
263
758
423
44
213
928
766
80
771
905
673
686
627
294
733
102
382
606
310
484
561
687
251
234
821
472
780
914
993
269
625
179
184
97
725
67
650
904
316
374
807
93
729
496
763
879
524
303
775
113
630
37
963
177
289
178
417
199
862
292
553
917
834
454
943
751
856
795
296
301
794
672
101
61
705
645
811
675
232
42
647
835
592
211
64
365
189
153
610
855
881
224
948
321
481
869
800
62
88
395
657
302
329
925
194
978
734
975
171