973
85 57 47 87 66 79 81 40 77 26 50 3 73 96 94 46 35 21 14 38 82 54 63 24 51 91 99 84 7 2 22 49 4 76 95 55 92 25 18 86 48 23 71 36 32 28 11 98 15 20 29 12 27 74 72 69 0 75 13 9
114
416 443 464 480 497 492 466 476 459 452 467 444 474 428 403 498 470 468 437 462 499 405 490 415 406 407 427 435 414 441 426 442 445 434 489 413 487 433 491 458 411 419 473 488 430 482 438 456 494 485 431 495 410 449 479 439 412 425 404 478 460 465 486 401 469 420 422 475 457 448 424 483
110
853 871 839 858 845 854 865 823 872 890 874 824 861 844 888 840 810 828 841 895 852 837 866 829 806 817 891 887 873 848 851 809 822 878 820 846 898 804 886 813 883 816 849 897 896 805 882 832 885 875 899 877 892 830 803 818 850 880 825 884 836 826 814 815 893 894 868 889
931 939 902 960 965 918 984 961 942 962 985 949 980 921 938 950 920 941 981 971 908 955 930 968 983 929 974 911 901 913 903 986 944 936 979 995 972 934 919 958 989 998 964 988 982 940 912 926 906 946 910 916 924 996 927 952 956 967 959
202 237 216 245 231 257 258 272 253 246 288 262 221 218 277 275 229 209 261 230 298 283 299 295 293 200 228 238 256 285 204 247 266 249 225 217 227 236 208 287 274 252 226 205 210 284 280 222 282 273 223 235 255 242 291 219 203 281 250 207 278 267
149
770 769 704 760 753 723 722 776 778 752 799 762 749 736 757 796 715 746 740 747 786 732 782 767 792 773 754 781 728 741 793 743 750 783 738 720 731 765 755 756 774 768 788 772 787 718 717 721 714 735 712 744 784 716 779 739 798 761 702 791 701 719
162 164 163 112 166 120 183 108 131 136 165 138 174 147 157 150 141 140 116 154 142 105 161 133 126 160 106 132 155 134 119 144 124 125 148 169 109 104 145 195 115 135 103 176 173 127 143 167 185
626 691 601 638 655 683 677 693 629 694 616 671 659 621 666 620 669 653 698 665 676 697 660 692 646 640 662 679 631 684 633 681 622 668 699 649 678 605 628 607 661 636 637 688 615 641 674 635 658 614 695 642 651 667 663 670 632 682 643
802
954
542 563 520 552 547 557 599 514 570 532 578 591 529 544 546 585 505 579 512 559 549 545 556 569 588 525 506 536 574 566 509 596 504 567 518 580 595 516 533 590 554 530 586 589 517 582 521 531 575 573 550 594 541 560 534 584 540 510 511 543 508 539 593 577 571 555 537
8
391 309 398 359 311 396 351 390 372 318 369 371 379 357 343 393 333 354 327 348 375 336 349 345 356 361 332 380 317 338 386 339 353 381 300 337 323 330 314 334 313 324 370 388 392 331 342 346 394 364 312 326 363 366 340 367 325 350 377 307 341 389 360 352
994
264
548
17
703
709
206
128
915
922
33
708
322
833
612
90
801
152
111
564
56
319
932
611
139
347
421
503
418
355
39
304
151
471
656
123
689
812
146
168
957
384
507
562
239
515
100
970
867
52
248
619
254
1
987
710
129
587
180
565
724
286
831
700
685
268
706
368
597
680
159
726
436
648
863
827
583
764
860
808
838
711
933
745
777
999
196
260
240
608
790
857
172
429
137
947
397
259
83
609
748
320
107
30
639
308
212
477
279
16
193
265
613
602
190
461
70
122
797
306
34
158
759
197
215
568
864
191
819
362
53
399
383
186
6
937
290
737
581
951
198
60
5
664
378
707
528
551
65
935
634
78
690
276
117
527
41
502
604
909
241
522
463
270
501
156
233
923
182
618
432
519
214
45
870
243
696
493
847
990
181
953
19
451
513
59
789
58
859
900
730
713
376
558
400
297
244
450
440
535
876
997
387
600
408
335
624
652
976
121
188
10
843
68
969
328
175
201
945
977
603
170
409
500
455
130
447
598
991
617
315
31
344
623
89
572
526
576
992
907
966
187
220
373
271
654
727
644
842
402
118
43
446
385
305
358
453
523
538
192
785
263
758
423
44
213
928
766
80
771
905
673
686
627
294
733
102
382
606
310
484
561
687
251
234
821
472
780
914
993
269
625
179
184
97
725
67
650
904
316
374
807
93
729
742
496
763
879
524
303
775
113
630
37
963
177
289
178
417
199
862
292
553
917
834
454
943
751
856
795
296
301
794
672
101
61
705
645
811
675
232
42
647
835
592
211
64
365
189
153
610
855
881
224
948
321
481
869
800
62
88
395
657
302
329
925
194
978
734
975
171