973
15 96 29 69 12 77 72 95 2 51 18 55 92 20 23 98 66 0 40 87 38 86 99 94 81 73 54 9 47 63 13 22 76 71 50 36 48 28 82 35 25 7 75 74 32 3 49 27 91 4 57 26 14 11 21 46 79 24 84 85
114
433 431 438 482 435 488 466 475 465 448 467 458 468 442 426 495 430 411 479 419 410 460 420 445 452 427 474 449 494 457 444 439 492 499 414 486 480 470 415 462 489 413 425 498 441 404 405 476 434 464 437 497 490 422 412 485 473 469 403 478 424 406 401 491 487 459 456 443 483 428 407 416
110
804 816 836 890 895 873 850 815 805 889 810 818 837 894 877 896 893 861 871 824 849 883 829 878 839 880 806 897 845 866 828 882 892 886 851 891 874 875 822 865 848 844 853 872 803 826 813 825 814 887 830 888 854 817 832 884 846 840 820 885 899 898 858 809 823 852 841 868
944 985 968 995 929 981 971 959 972 956 952 986 964 949 982 989 967 924 902 998 919 908 903 961 942 960 916 974 939 930 912 988 984 962 934 910 980 941 901 927 913 979 926 920 936 931 911 983 955 996 940 958 965 946 938 921 906 918 950
255 200 242 226 246 204 282 280 231 258 267 216 249 225 219 272 229 210 257 285 273 256 208 291 284 209 205 238 207 277 283 202 203 250 293 235 221 237 228 230 266 253 245 287 217 218 295 261 236 281 227 278 222 247 275 252 274 288 262 299 223 298
149
723 773 791 786 756 770 701 743 735 749 798 736 792 774 788 717 796 750 779 716 757 740 787 746 721 793 722 768 783 754 784 769 799 761 765 762 772 704 755 718 739 732 738 781 715 712 702 776 747 731 744 767 719 728 741 782 760 752 714 778 753 720
142 106 162 105 167 195 143 163 166 127 109 174 131 120 108 112 132 104 148 126 119 154 134 115 161 103 124 141 165 150 125 144 169 138 140 173 136 145 176 155 135 157 185 133 164 183 160 116 147
692 605 628 616 682 681 653 640 622 643 684 658 661 693 662 635 698 699 660 663 674 637 626 697 669 683 638 665 694 633 621 677 655 636 668 646 678 688 651 670 620 679 601 667 632 642 615 607 649 695 691 614 629 676 671 659 666 631
802
954
566 588 544 537 594 545 511 554 570 586 582 569 541 571 546 550 599 552 505 518 593 591 532 531 557 510 521 585 509 534 559 517 547 530 529 596 539 556 589 595 590 579 512 560 542 508 574 506 514 584 577 567 578 555 540 525 543 504 575 536 516 580 563 533 573 549 520
8
326 309 353 311 349 363 325 342 371 354 370 386 339 375 380 334 398 393 351 340 352 324 359 392 388 389 314 367 396 348 330 327 350 336 312 377 356 390 331 341 361 372 338 391 394 343 364 333 346 313 318 360 307 369 332 379 357 317 345 337 381 300 323 366
994
264
548
17
703
709
206
128
915
922
33
708
322
833
612
90
801
152
111
564
56
319
932
611
139
347
421
503
418
355
39
304
151
471
656
123
689
812
146
168
957
384
507
562
239
515
100
970
867
52
248
619
254
1
987
710
129
587
180
565
724
286
831
700
685
268
706
368
597
680
159
726
436
648
863
827
583
764
860
808
838
711
933
745
777
999
196
260
240
608
790
857
172
429
137
947
397
259
83
609
748
320
107
30
639
308
212
477
279
16
193
265
613
602
190
461
70
122
797
306
34
158
759
197
215
568
864
191
819
362
53
399
383
186
6
937
290
737
581
951
198
60
5
664
378
707
528
551
65
935
634
78
690
276
117
527
41
502
604
909
241
522
463
270
501
156
233
923
182
618
432
519
214
45
870
243
696
493
847
990
181
953
19
451
513
59
789
58
859
900
730
713
376
558
400
297
244
450
440
535
876
997
387
600
408
335
624
652
976
121
188
10
843
68
969
328
175
201
945
977
603
170
409
500
455
130
447
598
991
617
315
31
344
623
89
572
526
576
992
907
966
187
220
373
271
654
727
644
842
402
118
43
446
385
305
358
453
523
538
192
785
263
758
423
44
213
928
766
80
771
905
673
686
627
294
733
641
102
382
606
310
484
561
687
251
234
821
472
780
914
993
269
625
179
184
97
725
67
650
904
316
374
807
93
729
742
496
763
879
524
303
775
113
630
37
963
177
289
178
417
199
862
292
553
917
834
454
943
751
856
795
296
301
794
672
101
61
705
645
811
675
232
42
647
835
592
211
64
365
189
153
610
855
881
224
948
321
481
869
800
62
88
395
657
302
329
925
194
978
734
975
171