906 941 971 999 942 926 945 955 939 966 911 947 937 924 904 997 978 915 931 940 916 905 912 969 995 976 998 993 974 960 996 983 950 936 980 975 910 903 909 989 917 972 908 990 930 920 961 907 977 929 921 992 928 923 982 918 979 946 959 988 981 970 934 952 938 922 968 986 991 953 902 965 951 994 958 935 967 949 927 962 933 914 901 973 943 987 919 964 925 913 932 985 944 963 954 956 984
10 34 67 88 0 82 83 42 12 28 77 22 80 44 65 54 76 75 46 39 94 43 35 17 56 11 61 60 49 8 6 3 66 55 25 19 92 89 57 36 33 74 81 4 51 53 7 37 52 30 93 15 32 99 21 98 13 73 29 69 72 31 91 38 62 95 24 48 87 27 90 18 45 26 2 64 20 78 63 79 86 96 85 14 47 9 23 40 84 71 16 97 50 5 59 41 68 58
155 121 145 163 173 192 174 195 142 165 119 180 108 168 130 104 177 182 110 147 146 183 178 197 122 112 131 150 191 198 132 125 179 136 170 194 128 176 171 109 114 199 127 157 172 106 188 167 135 184 134 137 152 107 129 185 102 124 117 186 115 149 138 105 196 148 162 111 193 169 175 100 118 156 187 139 120 123 143 116 161 166 189 153 190 164 140 154 141 133 126 103 113 160 144 181
415 404 407 432 456 487 491 475 414 459 499 411 447 462 484 482 402 449 403 494 436 492 438 493 416 413 450 451 477 469 474 425 405 473 433 471 435 426 457 420 479 448 468 470 408 422 445 429 409 472 483 497 412 454 485 489 480 488 434 476 431 406 439 428 465 423 452 410 419 401 467 442 466 490 463 444 455 458 486 424 417 418 481 464 496 460 443 430 446 461 441 498 478 495 427 453 437 440
881 821 832 890 869 844 882 818 823 891 886 849 889 866 834 835 852 854 865 870 860 838 899 858 893 897 898 892 830 826 819 847 884 839 811 853 805 833 883 868 817 887 850 857 894 841 807 836 872 851 815 895 828 875 827 867 848 864 822 831 814 855 843 803 800 846 877 804 816 829 808 862 824 842 873 825 806 880 845 810 840 863 888 876 809 878 896 837 879 812 813 871 820 861 885 874 859
203 205 238 259 250 274 255 265 292 257 245 246 214 228 284 218 286 219 240 252 231 261 226 206 287 266 298 209 230 251 281 210 294 264 277 296 247 227 229 207 236 288 237 244 217 215 221 248 232 280 211 224 262 256 200 223 291 253 276 272 275 297 220 279 243 222 295 254 268 273 249 283 285 225 216 212 202 235 270 258 233 239 290 282 234 267 263 241 213 204 242 289 278 293 269 208 299
745 747 733 774 768 778 779 765 770 792 732 716 751 754 773 708 787 719 724 736 793 718 714 717 790 777 741 737 780 720 762 799 771 709 772 791 722 761 782 766 760 758 743 750 767 748 746 797 756 731 784 711 798 752 725 723 739 753 729 755 728 769 783 702 710 740 707 703 789 742 730 712 701 786 713 744 795 759 788 781 763 764 738 721 734 794 775 757 796 705 704 785 735 776 749 715
655 632 679 689 605 642 602 697 658 660 653 627 639 643 673 601 636 692 685 607 668 644 628 637 651 691 641 646 695 662 672 622 682 661 603 698 634 656 664 631 624 684 612 686 667 613 638 669 640 675 618 625 670 693 629 606 630 615 666 696 683 657 674 694 680 688 690 608 635 652 649 654 620 647 621 681 614 648 645 616 687 604 611 623 677 663 699 626 678 676 609 650 659 671 610 633 617 665
802
501 506 556 518 562 535 565 596 553 579 514 540 566 508 564 544 576 517 502 593 534 570 510 597 589 543 585 574 525 598 584 595 541 599 554 529 521 577 569 551 522 588 509 503 547 587 546 558 519 548 590 537 545 568 555 594 581 575 513 560 524 573 557 552 549 520 586 538 571 591 530 536 526 505 532 578 533 523 527 504 539 580 515 559 531 583 542 561 528 512 550 592 567 563 507 582 516 511
381 310 389 353 337 379 307 366 372 345 343 320 300 302 332 385 363 390 314 340 323 383 341 315 364 333 321 338 365 346 334 392 378 395 391 388 319 356 325 313 354 348 344 398 331 380 322 309 303 368 386 352 394 342 382 305 304 351 327 397 339 396 359 358 399 393 360 311 308 376 324 362 330 369 328 377 387 373 367 336 355 357 349 384 329 306 312 317 326 371 347 361 350 335 370 318 375
801
421
151
957
619
1
700
706
159
726
260
70
158
900
400
600
201
500
572
271
727
316
374
856
301
101
948