973
96 21 86 46 75 71 79 29 85 98 55 54 11 7 23 12 22 50 84 25 20 99 57 95 0 3 72 35 2 91 28 26 38 49 94 51 13 81 82 66 24 76 73 92 47 69 14 32 18 40 9 77 27 74 48 36 87 63 15 4
114
413 457 428 439 411 407 410 422 497 485 437 415 452 444 445 443 442 465 426 460 425 491 459 476 462 419 483 434 499 494 498 448 479 480 433 487 431 473 441 486 468 427 458 466 438 420 406 489 482 470 490 403 478 449 405 467 492 435 464 404 474 401 430 412 424 414 469 456 475 416 495
110
871 872 816 854 858 829 899 809 889 884 846 873 824 885 810 822 806 839 878 845 823 837 886 836 818 850 813 820 891 898 841 883 830 825 852 840 826 865 844 849 861 848 895 828 874 832 804 815 803 868 875 897 888 877 890 817 893 805 896 892 882 853 880 851 887 894 814 866
938 962 929 996 972 959 981 944 986 950 979 927 942 965 949 955 956 931 921 983 960 920 982 980 930 985 988 918 968 913 940 939 958 952 910 984 903 946 906 989 974 941 936 961 934 916 911 912 901 919 995 967 924 908 902 998 964 971 926
218 285 261 280 252 266 231 227 222 257 282 208 221 256 277 267 247 283 219 225 229 235 203 272 298 209 200 207 226 291 230 299 293 205 258 210 217 262 246 284 255 250 274 238 245 236 228 204 288 281 223 249 237 275 253 273 216 242 287 278 295 202
149
750 702 728 792 793 773 786 738 701 765 783 736 720 762 772 717 721 747 743 784 761 770 741 791 769 799 716 756 779 735 714 731 739 782 774 787 722 715 776 796 778 719 746 757 723 760 752 788 749 767 718 755 732 744 754 798 740 753 712 781 704 768
176 124 142 155 104 120 162 173 147 133 141 174 131 136 195 140 106 148 103 132 144 143 169 157 112 166 119 115 167 105 161 145 116 160 183 165 150 135 163 138 125 134 109 185 154 108 126 164 127
698 666 674 699 616 631 683 620 660 640 671 697 667 676 691 622 665 669 653 684 615 670 635 651 661 681 693 643 605 677 679 621 636 633 655 614 632 607 694 649 626 682 658 601 629 646 692 688 668 678 642 659 638 628 663 695 662 637
802
954
530 567 516 591 534 510 542 599 547 590 544 555 540 571 532 580 541 533 594 588 560 569 584 517 508 589 539 537 536 582 505 596 556 504 521 545 550 577 514 512 578 575 595 506 531 543 525 559 585 563 549 554 586 520 552 579 546 511 593 570 566 529 557 518 573 574 509
8
334 307 350 309 351 367 341 394 386 312 339 346 380 377 348 314 396 318 343 366 332 364 336 375 311 363 360 354 342 353 333 357 327 337 398 388 324 389 390 370 369 381 340 393 313 379 317 356 300 323 349 326 338 325 361 345 372 359 330 391 371 352 331 392
994
264
548
17
703
709
206
128
915
922
33
708
322
833
612
90
801
152
111
564
56
319
932
611
139
347
421
503
418
355
39
304
151
471
656
123
689
812
146
168
957
384
507
562
239
515
100
970
867
52
248
619
254
1
987
710
129
587
180
565
724
286
831
700
685
268
706
368
597
680
159
726
436
488
648
863
827
583
764
860
808
838
711
933
745
777
999
196
260
240
608
790
857
172
429
137
947
397
259
83
609
748
320
107
30
639
308
212
477
279
16
193
265
613
602
190
461
70
122
797
306
34
158
759
197
215
568
864
191
819
362
53
399
383
186
6
937
290
737
581
951
198
60
5
664
378
707
528
551
65
935
634
78
690
276
117
527
41
502
604
909
241
522
463
270
501
156
233
923
182
618
432
519
214
45
870
243
696
493
847
990
181
953
19
451
513
59
789
58
859
900
730
713
376
558
400
297
244
450
440
535
876
997
387
600
408
335
624
652
976
121
188
10
843
68
969
328
175
201
945
977
603
170
409
500
455
130
447
598
991
617
315
31
344
623
89
572
526
576
992
907
966
187
220
373
271
654
727
644
842
402
118
43
446
385
305
358
453
523
538
192
785
263
758
423
44
213
928
766
80
771
905
673
686
627
294
733
641
102
382
606
310
484
561
687
251
234
821
472
780
914
993
269
625
179
184
97
725
67
650
904
316
374
807
93
729
742
496
763
879
524
303
775
113
630
37
963
177
289
178
417
199
862
292
553
917
834
454
943
751
856
795
296
301
794
672
101
61
705
645
811
675
232
42
647
835
592
211
64
365
189
153
610
855
881
224
948
321
481
869
800
62
88
395
657
302
329
925
194
978
734
975
171