973
54 96 66 91 11 82 35 69 47 28 92 85 4 98 22 77 25 46 15 50 23 49 0 2 3 32 40 29 74 95 26 21 79 48 27 86 76 63 84 87 24 75 9 18 81 38 71 14 7 94 51 73 20 12 57 36 55 13 99 72
114
445 416 442 444 460 415 448 465 473 457 430 414 490 410 422 486 405 462 412 401 403 425 452 419 482 449 427 494 428 443 424 438 466 475 426 468 435 483 431 474 485 480 407 467 439 487 433 470 476 420 456 497 495 499 492 489 479 491 434 469 459 404 441 458 406 437 413 464 411 478 498
110
866 893 878 817 861 830 826 868 865 858 885 854 848 805 813 890 897 888 809 896 844 875 803 851 822 892 806 877 853 849 840 816 871 894 828 824 818 846 804 832 836 814 850 823 837 845 810 884 887 889 898 899 874 895 880 829 882 872 852 839 825 891 815 886 820 883 841
873
946 982 959 980 955 920 964 910 952 988 986 998 924 919 965 911 995 912 940 913 926 979 984 971 950 941 996 983 908 939 934 985 927 958 916 962 944 942 974 960 918 921 956 968 929 906 902 936 938 967 930 981 931 901 903 972 961 949 989
275 238 299 287 249 256 237 278 247 223 253 217 231 230 255 284 281 235 298 222 218 203 204 208 266 200 252 210 242 250 209 295 277 221 225 293 227 261 202 219 226 291 273 272 236 262 257 280 274 207 229 283 282 228 285 216 288 205 267 246 245 258
149
721 750 783 753 781 762 747 735 722 786 702 757 736 774 798 718 719 739 788 779 755 701 784 770 769 793 756 749 796 761 773 714 717 720 778 765 791 715 746 787 712 728 776 731 760 767 716 772 738 723 704 744 782 752 792 743 768 732 754 740 799 741
103 143 169 109 162 173 150 108 105 115 131 147 185 141 133 166 125 116 174 132 164 161 145 124 112 155 127 119 160 165 104 144 148 176 183 134 120 167 154 126 136 135 195 163 142 140 106 157 138
607 669 653 666 643 691 677 671 649 662 688 694 616 601 684 646 605 631 660 693 626 651 682 622 638 667 615 614 681 633 636 676 697 635 665 699 663 678 628 683 642 620 668 698 659 695 637 621 655 670 692 661 629 640 632 674 658 679
802
954
504 595 530 545 591 582 539 541 533 544 511 580 578 579 593 531 559 517 536 574 555 547 534 537 546 508 525 590 585 540 594 521 506 514 505 529 575 570 566 560 550 599 589 554 516 584 573 577 520 543 569 518 588 509 552 556 563 549 532 586 512 542 571 510 596 557 567
8
396 327 332 391 356 366 300 349 338 324 331 367 313 375 333 312 326 353 388 339 392 372 390 398 341 394 377 369 386 323 317 348 345 371 379 354 307 309 346 381 311 318 361 370 350 389 364 342 337 360 314 334 380 340 359 325 336 330 393 352 357 343 351 363
994
264
548
17
703
709
206
128
915
922
33
708
322
833
612
90
801
152
111
564
56
319
932
611
139
347
421
503
418
355
39
304
151
471
656
123
689
812
146
168
957
384
507
562
239
515
100
970
867
52
248
619
254
1
987
710
129
587
180
565
724
286
831
700
685
268
706
368
597
680
159
726
436
488
648
863
827
583
764
860
808
838
711
933
745
777
999
196
260
240
608
790
857
172
429
137
947
397
259
83
609
748
320
107
30
639
308
212
477
279
16
193
265
613
602
190
461
70
122
797
306
34
158
759
197
215
568
864
191
819
362
53
399
383
186
6
937
290
737
581
951
198
60
5
664
378
707
528
551
65
935
634
78
690
276
117
527
41
502
604
909
241
522
463
270
501
156
233
923
182
618
432
519
214
45
870
243
696
493
847
990
181
953
19
451
513
59
789
58
859
900
730
713
376
558
400
297
244
450
440
535
876
997
387
600
408
335
624
652
976
121
188
10
843
68
969
328
175
201
945
977
603
170
409
500
455
130
447
598
991
617
315
31
344
623
89
572
526
576
992
907
966
187
220
373
271
654
727
644
842
402
118
43
446
385
305
358
453
523
538
192
785
263
758
423
44
213
928
766
80
771
905
673
686
627
294
733
641
102
382
606
310
484
561
687
251
234
821
472
780
914
993
269
625
179
184
97
725
67
650
904
316
374
807
93
729
742
496
763
879
524
303
775
113
630
37
963
177
289
178
417
199
862
292
553
917
834
454
943
751
856
795
296
301
794
672
101
61
705
645
811
675
232
42
647
835
592
211
64
365
189
153
610
855
881
224
948
321
481
869
800
62
88
395
657
302
329
925
194
978
734
975
171