973
91 11 40 54 77 50 27 21 25 51 24 96 87 0 86 75 48 55 15 69 18 23 22 98 13 74 28 2 38 35 82 26 57 94 49 3 79 72 32 12 46 84 85 4 14 29 95 71 63 36 66 20 92 81 76 7 47 99 73 9
114
491 420 476 482 487 499 464 490 405 498 406 478 475 427 465 458 460 449 424 435 437 441 403 445 413 439 479 470 497 466 430 483 404 414 416 462 452 492 489 433 442 444 428 468 425 422 438 467 426 480 401 407 434 415 456 457 469 495 459 494 485 411 486 410 412 474 419 448 431 473
110
868 815 858 891 824 839 884 814 836 822 880 898 810 809 889 897 883 865 825 823 816 878 841 896 830 851 820 849 893 852 832 806 882 895 848 837 840 817 813 826 854 846 886 885 871 805 853 818 899 887 828 888 866 894 892 861 872 877 850 875 804 890 803 845 829 844 874
873
934 967 952 983 972 944 924 950 929 901 911 919 981 964 965 955 906 961 995 939 986 974 982 984 913 968 902 988 940 938 946 903 910 916 960 958 971 941 926 931 912 927 980 979 956 908 920 918 996 936 949 959 989 921 985 930 998 962 942
257 247 255 217 210 230 221 202 235 228 283 258 261 222 280 225 223 236 200 252 285 205 226 209 250 208 204 216 272 262 267 282 288 273 237 278 274 238 293 277 295 207 253 246 291 249 245 203 298 284 231 242 219 287 275 299 227 256 281 229 266 218
149
749 768 712 760 787 718 761 796 792 781 788 732 746 765 704 793 719 735 755 770 784 778 723 743 738 773 741 731 754 721 753 716 736 715 740 776 744 717 750 767 762 739 702 799 782 791 756 714 720 779 786 798 757 772 774 701 769 783 752 747 722 728
116 132 115 161 164 166 176 120 163 105 124 147 143 165 154 145 150 195 112 133 109 183 160 134 106 155 108 126 173 138 167 127 136 125 142 135 169 148 103 185 141 144 157 174 162 119 131 140 104
668 658 615 653 678 679 633 692 676 677 636 663 616 666 629 699 667 640 614 635 694 620 601 698 651 674 622 621 665 655 662 691 605 646 660 607 649 631 642 669 659 697 688 683 695 632 670 681 637 638 682 628 626 684 671 643 661 693
802
954
512 520 504 543 563 534 573 511 580 595 525 571 594 540 585 546 549 539 542 589 532 521 569 544 533 514 577 505 554 547 567 517 591 582 509 529 556 552 550 584 590 510 545 531 579 574 530 557 566 559 536 560 578 593 570 518 506 555 586 508 575 596 516 588 541 599 537
8
364 309 341 336 361 343 356 314 326 359 338 389 380 391 363 324 351 331 353 313 377 360 379 334 311 345 371 381 317 398 386 348 340 350 394 357 369 323 333 354 337 312 339 332 342 325 352 318 366 307 396 392 388 393 390 300 327 367 375 349 330 346 370 372
994
264
548
17
703
709
206
128
915
922
33
708
322
833
612
90
801
152
111
564
56
319
932
611
139
347
421
503
418
355
39
304
151
471
656
123
689
812
146
168
957
384
507
562
239
515
100
970
867
52
248
619
254
1
987
710
129
587
180
565
724
286
831
700
685
268
706
368
597
680
159
726
436
488
648
863
827
583
764
860
808
838
711
933
745
777
999
196
260
240
608
790
857
172
429
137
947
397
259
83
609
748
320
107
30
639
308
212
477
279
16
193
265
613
602
190
461
70
122
797
306
34
158
759
197
215
568
864
191
819
362
53
399
383
186
6
937
290
737
581
951
198
60
5
664
378
707
528
551
65
935
634
78
690
276
117
527
41
502
604
909
241
522
463
270
501
156
233
923
182
618
432
519
214
45
870
243
696
493
847
990
181
953
19
451
513
59
789
58
859
900
730
713
376
558
400
297
244
450
440
535
876
997
387
600
408
335
624
652
976
121
188
10
443
843
68
969
328
175
201
945
977
603
170
409
500
455
130
447
598
991
617
315
31
344
623
89
572
526
576
992
907
966
187
220
373
271
654
727
644
842
402
118
43
446
385
305
358
453
523
538
192
785
263
758
423
44
213
928
766
80
771
905
673
686
627
294
733
641
102
382
606
310
484
561
687
251
234
821
472
780
914
993
269
625
179
184
97
725
67
650
904
316
374
807
93
729
742
496
763
879
524
303
775
113
630
37
963
177
289
178
417
199
862
292
553
917
834
454
943
751
856
795
296
301
794
672
101
61
705
645
811
675
232
42
647
835
592
211
64
365
189
153
610
855
881
224
948
321
481
869
800
62
88
395
657
302
329
925
194
978
734
975
171