973
35 54 21 36 49 92 32 3 51 95 84 66 12 20 73 79 9 71 24 46 29 15 11 81 50 74 48 57 72 99 76 0 25 96 91 98 13 4 26 86 7 77 22 28 63 40 18 2 87 82 14 38 47 85 75 55 69 94 23 27
114
415 473 494 403 457 478 425 420 449 492 414 435 469 430 442 495 468 434 475 404 433 489 413 422 486 437 406 428 465 482 499 419 407 491 490 405 479 438 458 426 441 448 445 464 439 483 474 476 411 410 459 497 431 466 485 480 470 412 424 456 427 452 462 487 401 498 416 467 444 460
110
882 866 839 893 858 886 848 817 890 814 829 825 887 846 841 844 850 895 889 804 871 865 878 884 877 899 874 840 880 845 805 888 853 813 892 828 830 891 806 816 898 810 875 820 809 861 836 885 823 894 883 822 815 824 832 818 854 851 852 896 872 826 849 868 897 837 803
873
985 926 979 927 959 944 903 998 908 930 929 949 912 931 965 964 956 936 960 967 901 989 934 971 996 955 995 918 950 986 962 942 902 906 919 981 938 941 939 911 916 983 972 968 913 958 924 980 961 920 921 952 988 984 946 982 910 974 940
274 272 203 293 246 298 231 280 216 273 252 217 262 257 200 225 253 258 283 291 210 285 288 218 202 223 278 209 287 250 249 226 207 266 284 275 229 222 282 230 219 295 299 204 255 237 242 281 228 227 261 245 221 256 277 267 247 235 208 238 236 205
149
791 754 778 788 782 712 701 747 717 704 757 799 718 740 787 762 746 765 769 720 781 767 749 723 741 732 714 722 750 755 736 719 721 760 728 744 793 731 739 779 772 702 796 792 743 783 798 761 752 773 768 716 738 774 715 784 756 770 786 776 735 753
173 148 134 125 119 115 135 132 140 150 144 164 116 138 147 165 195 166 108 126 174 169 104 131 167 157 136 142 185 145 176 155 103 183 109 112 105 141 133 106 143 162 161 160 163 124 127 154
681 620 695 663 649 670 658 698 684 666 637 667 601 679 628 621 629 655 615 692 631 638 642 677 669 614 676 688 659 665 651 607 674 694 626 691 683 668 640 697 632 646 635 678 605 693 660 671 633 643 622 662 661 699 616 653 682 636
802
954
555 596 536 544 579 563 569 518 559 514 547 573 525 549 577 588 567 532 506 512 517 545 574 543 582 566 534 504 591 556 570 571 508 529 541 505 560 516 585 580 589 593 557 539 552 509 537 530 575 550 554 595 520 533 542 584 531 510 546 521 590 578 586 540 511 594 599
8
370 307 340 356 314 366 348 345 339 388 338 311 375 386 389 369 324 318 326 337 330 352 379 357 363 360 367 317 372 342 359 333 312 377 327 349 353 346 313 300 398 325 391 361 323 334 351 364 350 309 336 354 381 392 380 394 371 390 343 341 331 396 332 393
994
264
548
17
703
709
206
128
915
922
33
708
322
833
612
90
801
152
111
564
56
319
932
611
139
347
421
503
418
355
39
304
151
471
656
123
689
812
146
168
957
384
507
562
239
515
100
970
867
52
248
619
254
1
987
710
129
587
180
565
724
286
831
700
685
268
706
368
597
680
159
726
436
488
648
863
827
583
764
860
808
838
711
933
745
777
999
196
260
240
608
790
857
172
429
137
947
397
259
83
609
748
320
107
30
639
308
212
477
279
16
193
265
613
602
190
461
70
122
797
306
34
158
759
197
215
568
864
191
819
362
53
399
383
186
6
937
290
737
581
951
198
60
5
664
378
707
528
551
65
935
634
78
690
276
117
527
41
502
604
909
241
522
463
270
501
156
233
923
182
618
432
519
214
45
870
243
696
493
847
990
181
953
19
451
513
59
789
58
859
900
730
713
376
558
400
297
244
450
440
535
876
997
387
600
408
335
624
652
976
121
188
10
443
843
68
969
328
175
201
945
977
603
170
409
500
455
130
447
598
991
617
315
31
344
623
89
572
526
576
992
907
966
187
220
373
271
654
727
644
842
402
118
43
446
385
305
358
453
523
538
192
785
263
758
423
44
213
928
766
80
771
905
673
686
627
294
733
641
102
382
606
310
484
561
687
251
234
821
472
780
914
993
269
625
179
184
97
725
67
650
904
316
374
807
93
729
742
496
763
879
524
303
775
113
630
37
963
177
289
178
417
199
862
292
553
917
834
454
943
751
856
795
296
301
120
794
672
101
61
705
645
811
675
232
42
647
835
592
211
64
365
189
153
610
855
881
224
948
321
481
869
800
62
88
395
657
302
329
925
194
978
734
975
171