973
92 28 71 66 35 13 99 50 18 55 76 25 81 32 47 54 14 51 77 72 46 21 2 40 22 26 84 57 38 23 49 85 3 75 48 95 7 79 15 27 11 82 63 87 9 69 86 29 96 4 98 36 12 91 24 0 20 94 73 74
114
486 480 465 494 449 460 424 462 470 434 441 475 473 492 437 445 448 482 413 487 466 427 491 428 416 497 499 452 425 410 478 404 464 469 439 479 498 485 438 401 442 403 430 412 483 431 490 411 444 456 420 495 468 414 415 419 407 426 467 458 422 459 474 435 457 489 406 476 405 433
110
849 858 853 897 830 844 861 895 882 866 893 829 865 848 824 871 836 810 883 839 888 877 850 874 825 880 884 822 875 885 896 890 887 852 892 820 806 854 878 817 872 828 845 818 898 846 899 809 886 805 894 868 889 841 840 851 823 837 803 815 813 814 826 816 891 804
873
903 985 967 979 998 949 960 942 927 996 984 981 959 961 989 958 901 913 924 926 972 919 982 944 986 906 962 955 911 912 995 988 929 980 910 938 941 920 968 965 946 974 902 936 908 964 952 956 950 940 930 916 931 921 918 971 983 939 934
209 261 283 281 274 221 208 246 203 284 204 238 262 207 250 255 231 293 299 272 280 230 275 288 258 252 205 226 242 200 219 235 223 278 210 236 216 245 237 266 227 287 225 222 228 202 256 217 257 273 295 285 229 282 291 277 267 218 298 247 253 249
149
767 749 702 756 792 722 744 772 714 769 717 783 721 723 731 798 753 781 704 715 786 796 760 743 747 720 712 736 770 728 765 761 735 774 793 782 716 776 752 755 784 768 779 754 739 741 757 778 788 740 791 750 787 773 799 719 738 732 762 701 746 718
160 166 126 145 147 155 141 132 165 119 185 112 195 105 163 162 176 140 131 144 134 148 167 109 142 116 125 115 173 157 150 174 135 138 164 133 106 108 154 104 161 143 169 136 124 183 103 127
605 616 649 626 636 646 668 677 662 655 638 660 643 671 614 653 622 629 633 666 698 667 682 661 697 693 692 631 620 669 615 659 684 640 691 688 651 695 683 632 601 679 699 663 681 694 670 676 658 674 635 665 642 628 678 607 637 621
802
954
533 582 530 542 509 554 579 541 552 549 586 540 534 574 518 547 510 594 539 593 584 520 555 590 536 505 556 599 531 537 511 596 563 566 580 512 567 559 525 516 532 575 508 504 570 544 571 517 589 569 521 585 595 591 573 529 546 545 557 550 514 560 577 578 588 506 543
8
392 354 309 393 333 324 371 353 381 350 389 332 369 337 375 367 398 300 351 386 396 370 379 318 349 352 394 391 348 342 359 331 338 327 356 341 317 360 357 312 361 326 377 314 364 336 390 330 372 345 323 343 325 307 346 313 380 334 339 388 363 311 366 340
994
264
548
17
703
709
206
128
915
922
33
708
322
833
612
90
801
152
111
564
56
319
932
611
139
347
421
832
503
418
355
39
304
151
471
656
123
689
812
146
168
957
384
507
562
239
515
100
970
867
52
248
619
254
1
987
710
129
587
180
565
724
286
831
700
685
268
706
368
597
680
159
726
436
488
648
863
827
583
764
860
808
838
711
933
745
777
999
196
260
240
608
790
857
172
429
137
947
397
259
83
609
748
320
107
30
639
308
212
477
279
16
193
265
613
602
190
461
70
122
797
306
34
158
759
197
215
568
864
191
819
362
53
399
383
186
6
937
290
737
581
951
198
60
5
664
378
707
528
551
65
935
634
78
690
276
117
527
41
502
604
909
241
522
463
270
501
156
233
923
182
618
432
519
214
45
870
243
696
493
847
990
181
953
19
451
513
59
789
58
859
900
730
713
376
558
400
297
244
450
440
535
876
997
387
600
408
335
624
652
976
121
188
10
443
843
68
969
328
175
201
945
977
603
170
409
500
455
130
447
598
991
617
315
31
344
623
89
572
526
576
992
907
966
187
220
373
271
654
727
644
842
402
118
43
446
385
305
358
453
523
538
192
785
263
758
423
44
213
928
766
80
771
905
673
686
627
294
733
641
102
382
606
310
484
561
687
251
234
821
472
780
914
993
269
625
179
184
97
725
67
650
904
316
374
807
93
729
742
496
763
879
524
303
775
113
630
37
963
177
289
178
417
199
862
292
553
917
834
454
943
751
856
795
296
301
120
794
672
101
61
705
645
811
675
232
42
647
835
592
211
64
365
189
153
610
855
881
224
948
321
481
869
800
62
88
395
657
302
329
925
194
978
734
975
171