973
20 13 48 99 3 79 71 94 75 81 12 77 35 4 25 57 51 84 96 28 85 66 14 72 49 69 9 24 2 40 54 91 18 29 92 32 22 23 47 15 50 46 55 74 82 63 36 87 26 98 21 86 95 0 73 27 11 38 76 7
114
407 476 438 416 413 414 457 422 467 403 487 469 435 404 430 470 491 464 433 466 426 427 458 492 480 498 437 479 495 442 448 486 401 420 475 485 489 499 482 483 449 445 419 411 460 444 415 462 405 474 456 478 473 410 428 424 441 497 468 439 494 490 434 406 465 425 459 431 452
110
806 852 875 896 830 816 828 837 836 872 851 825 887 865 804 868 853 839 823 803 885 871 818 866 826 848 850 815 880 878 898 877 874 883 817 814 846 840 891 894 822 809 893 897 841 895 889 820 805 844 884 886 888 829 892 849 861 899 813 810 882 845 890 854 858 824
873
952 959 986 929 961 965 912 995 980 956 934 918 950 919 921 936 974 942 901 910 931 911 960 924 913 903 938 930 968 920 906 962 908 971 946 940 988 996 944 998 941 972 964 902 926 981 983 967 984 958 927 985 989 955 982 949 939 916 979
230 227 257 247 235 216 258 255 256 273 226 285 261 288 217 277 262 272 283 237 236 200 253 202 266 225 252 223 203 295 282 209 208 238 267 298 205 210 231 281 246 207 275 221 249 218 274 228 280 287 242 250 219 299 245 291 284 222 278 229 204 293
149
761 747 739 722 778 769 772 720 783 714 740 735 721 773 732 793 799 782 744 702 717 788 716 719 770 736 728 768 752 756 787 753 743 798 738 767 776 723 715 754 781 755 704 791 757 796 746 750 779 712 701 749 741 762 786 765 792 784 774 760 731 718
106 144 104 160 161 173 150 134 169 140 167 141 148 132 154 195 166 116 112 131 163 126 157 155 109 125 176 145 162 147 115 138 133 185 135 143 165 108 119 183 142 103 124 105 174 164 136 127
682 678 674 669 653 629 693 632 659 637 676 698 692 615 655 683 601 670 667 628 691 699 668 651 621 605 626 643 661 681 694 614 642 697 688 622 671 679 665 646 640 684 638 620 695 636 677 649 658 660 663 666 616 631 633 635 607 662
802
954
591 516 559 504 577 584 531 554 586 534 595 506 563 518 555 578 541 529 582 521 575 590 525 549 545 510 509 550 580 579 532 546 543 536 585 542 517 569 540 588 566 552 574 556 560 567 508 539 544 512 596 589 520 514 533 530 505 537 594 547 570 571 593 599 511 557 573
8
330 331 345 324 350 333 356 339 364 325 314 312 375 326 341 366 361 327 332 398 393 353 318 309 396 348 343 372 390 342 369 394 313 352 389 377 337 354 307 381 379 380 371 370 349 311 359 392 351 317 388 363 338 340 357 300 386 334 346 360 323 367 336 391
994
264
548
17
703
709
206
128
915
922
33
708
322
833
612
90
801
152
111
564
56
319
932
611
139
347
421
832
503
418
355
39
304
151
471
656
123
689
812
146
168
957
384
507
562
239
515
100
970
867
52
248
619
254
1
987
710
129
587
180
565
724
286
831
700
685
268
706
368
597
680
159
726
436
488
648
863
827
583
764
860
808
838
711
933
745
777
999
196
260
240
608
790
857
172
429
137
947
397
259
83
609
748
320
107
30
639
308
212
477
279
16
193
265
613
602
190
461
70
122
797
306
34
158
759
197
215
568
864
191
819
362
53
399
383
186
6
937
290
737
581
951
198
60
5
664
378
707
528
551
65
935
634
78
690
276
117
527
41
502
604
909
241
522
463
270
501
412
156
233
923
182
618
432
519
214
45
870
243
696
493
847
990
181
953
19
451
513
59
789
58
859
900
730
713
376
558
400
297
244
450
440
535
876
997
387
600
408
335
624
652
976
121
188
10
443
843
68
969
328
175
201
945
977
603
170
409
500
455
130
447
598
991
617
315
31
344
623
89
572
526
576
992
907
966
187
220
373
271
654
727
644
842
402
118
43
446
385
305
358
453
523
538
192
785
263
758
423
44
213
928
766
80
771
905
673
686
627
294
733
641
102
382
606
310
484
561
687
251
234
821
472
780
914
993
269
625
179
184
97
725
67
650
904
316
374
807
93
729
742
496
763
879
524
303
775
113
630
37
963
177
289
178
417
199
862
292
553
917
834
454
943
751
856
795
296
301
120
794
672
101
61
705
645
811
675
232
42
647
835
592
211
64
365
189
153
610
855
881
224
948
321
481
869
800
62
88
395
657
302
329
925
194
978
734
975
171