973
94 71 46 3 28 85 51 50 91 25 35 72 87 32 75 76 81 82 4 13 95 86 69 63 20 84 96 22 48 54 24 12 23 73 99 18 21 66 47 38 40 77 26 55 15 27 0 7 57 79 36 92 14 9 2 98 49 11 29 74
114
468 413 401 480 403 414 486 424 442 464 465 482 441 462 422 433 474 470 431 425 476 479 498 489 458 435 449 426 410 497 460 415 444 495 490 466 469 456 419 487 416 437 445 420 492 439 478 473 438 457 427 483 452 430 485 499 428 475 448 434 491 494 404 467 406 407 459 405 411
110
809 878 897 823 871 866 884 817 887 858 829 899 836 868 891 849 894 865 810 883 872 816 837 853 877 885 896 818 851 805 882 848 803 880 889 844 840 830 874 846 806 854 890 822 845 825 852 813 839 886 828 875 820 850 826 861 815 893 814 892 824 895 888 898 804 841
873
956 988 979 968 964 930 936 929 944 911 967 908 924 989 981 910 940 913 903 939 983 927 965 980 971 902 942 998 946 958 962 934 941 938 972 996 995 919 986 950 985 931 974 906 960 949 952 921 955 926 920 982 959 912 918 984 901 961
249 223 277 236 266 207 275 284 257 202 227 285 246 287 242 200 253 250 272 217 293 261 209 295 216 255 229 256 299 258 205 282 273 238 226 281 222 230 219 288 274 252 204 208 298 291 203 245 210 228 235 278 237 225 221 231 218 262 267 247 280 283
149
761 722 798 755 741 792 756 762 717 732 718 776 779 793 772 752 788 783 784 782 728 744 719 770 731 799 738 747 720 750 723 721 791 753 749 735 765 786 739 740 704 768 712 774 701 714 702 746 757 796 781 778 767 769 773 743 715 787 760 716 754 736
155 143 157 144 183 135 167 136 105 108 174 132 195 127 141 163 148 160 126 142 134 103 119 154 166 161 106 115 173 131 112 150 145 124 164 165 116 138 185 109 125 147 133 176 140 162 169 104
681 671 688 637 616 632 670 665 615 638 649 642 640 633 669 655 622 682 694 651 692 658 666 660 614 668 631 667 695 699 643 693 620 621 646 662 663 636 684 601 683 661 629 626 676 698 674 679 653 691 659 607 697 628 677 605 678 635
802
954
509 577 530 534 591 541 584 511 570 575 537 595 589 510 549 504 506 555 559 590 571 557 517 505 546 554 518 556 544 567 599 539 543 542 579 529 540 514 512 521 536 569 525 588 566 520 578 547 596 563 531 573 516 552 574 508 593 586 560 533 532 585 550 580 582 545 594
8
379 361 389 394 341 348 340 369 346 332 331 313 393 356 371 317 359 398 381 363 334 324 380 343 364 337 326 372 309 339 338 327 375 345 314 336 352 323 396 354 360 390 312 392 318 307 342 351 330 353 388 386 311 357 325 367 391 300 370 350 349 366 377 333
994
264
548
17
703
709
206
128
915
922
33
708
322
833
612
90
801
152
111
564
56
319
932
611
139
347
421
832
503
418
355
39
304
151
471
656
123
689
812
146
168
957
384
507
562
239
515
100
970
867
52
248
619
254
1
987
710
129
587
180
565
724
286
831
700
685
268
706
368
916
597
680
159
726
436
488
648
863
827
583
764
860
808
838
711
933
745
777
999
196
260
240
608
790
857
172
429
137
947
397
259
83
609
748
320
107
30
639
308
212
477
279
16
193
265
613
602
190
461
70
122
797
306
34
158
759
197
215
568
864
191
819
362
53
399
383
186
6
937
290
737
581
951
198
60
5
664
378
707
528
551
65
935
634
78
690
276
117
527
41
502
604
909
241
522
463
270
501
412
156
233
923
182
618
432
519
214
45
870
243
696
493
847
990
181
953
19
451
513
59
789
58
859
900
730
713
376
558
400
297
244
450
440
535
876
997
387
600
408
335
624
652
976
121
188
10
443
843
68
969
328
175
201
945
977
603
170
409
500
455
130
447
598
991
617
315
31
344
623
89
572
526
576
992
907
966
187
220
373
271
654
727
644
842
402
118
43
446
385
305
358
453
523
538
192
785
263
758
423
44
213
928
766
80
771
905
673
686
627
294
733
641
102
382
606
310
484
561
687
251
234
821
472
780
914
993
269
625
179
184
97
725
67
650
904
316
374
807
93
729
742
496
763
879
524
303
775
113
630
37
963
177
289
178
417
199
862
292
553
917
834
454
943
751
856
795
296
301
120
794
672
101
61
705
645
811
675
232
42
647
835
592
211
64
365
189
153
610
855
881
224
948
321
481
869
800
62
88
395
657
302
329
925
194
978
734
975
171