973
55 95 96 57 74 98 66 13 46 38 94 29 25 86 54 71 2 76 12 77 7 20 28 27 91 81 11 87 79 9 3 72 15 75 35 82 32 63 51 24 47 99 18 49 0 23 50 48 85 69 14 26 22 21 73 40 4 84 92 36
114
434 420 485 467 411 492 448 405 464 483 457 437 426 482 410 497 460 427 473 495 499 489 465 407 406 435 470 401 444 479 442 404 490 459 445 414 469 425 449 494 462 468 456 413 478 480 415 433 422 491 424 466 403 438 430 441 487 486 476 439 416 475 431 452 428 474 458 498 419
110
816 818 845 813 809 895 878 826 851 849 848 844 822 850 899 846 803 810 889 830 884 866 841 890 887 894 872 854 804 883 840 891 874 871 828 877 868 865 825 892 852 885 898 882 853 858 837 817 836 806 880 893 886 815 805 823 861 896 829 839 875 824 820 888 897 814
873
931 998 981 983 980 910 962 996 986 959 906 958 939 952 965 927 984 913 964 989 950 974 949 960 921 967 961 956 938 968 942 940 988 985 971 912 941 936 903 930 946 911 920 934 955 972 918 902 979 908 919 929 995 901 982 924 944 926
207 231 210 218 208 238 262 249 229 273 293 216 250 223 275 219 247 209 291 205 267 285 221 298 225 217 236 281 287 200 252 235 258 266 299 245 280 256 253 288 283 203 277 202 282 278 227 204 230 222 274 261 272 242 228 284 246 295 237 255 226
149
788 791 781 739 769 740 747 768 783 750 749 735 762 778 721 753 765 723 761 787 743 736 756 746 718 798 704 770 786 782 732 722 701 757 712 776 715 754 760 774 728 752 720 755 772 719 792 793 799 796 773 741 702 738 714 716 779 767 744 784 717 731
147 124 106 131 176 157 174 135 134 105 166 140 141 109 163 125 160 154 173 138 103 112 148 133 183 167 136 115 185 195 108 155 132 161 126 169 143 145 162 150 144 116 142 127 164 119 165 104
698 637 684 676 646 616 621 695 660 651 633 601 605 683 692 678 628 638 670 668 688 615 691 620 681 643 682 697 629 640 677 674 649 636 667 614 631 659 655 665 679 699 662 661 622 663 694 607 626 666 653 635 658 669 693 632 642 671
802
954
599 521 510 505 584 573 588 567 546 545 555 537 531 557 532 530 593 542 574 582 506 517 520 552 529 580 534 554 589 566 544 585 586 594 556 579 570 596 577 533 536 560 575 525 578 518 550 504 547 559 541 539 512 549 540 508 590 571 509 543 516 591 595 563 569 514 511
8
379 380 350 369 314 345 377 312 386 341 371 327 338 354 318 342 339 390 309 349 307 352 325 313 336 381 361 353 351 360 367 370 331 343 388 392 334 300 333 396 356 317 323 346 398 340 363 359 389 311 326 330 375 366 332 372 324 394 391 364 348 357 393 337
994
264
548
17
703
709
206
128
915
922
33
708
322
833
612
90
801
152
111
564
56
319
932
611
139
347
421
832
503
418
355
39
304
151
471
656
123
689
812
146
168
957
384
507
562
239
515
100
970
867
52
248
619
254
1
987
710
129
587
180
565
724
286
831
700
685
268
706
368
916
597
680
159
726
436
488
648
863
827
583
764
860
808
838
711
933
745
777
999
196
260
240
608
790
857
172
429
137
947
397
259
83
609
748
320
107
30
639
308
212
477
279
16
193
265
613
602
190
461
70
122
797
306
34
158
759
197
215
568
864
191
819
362
53
399
383
186
6
937
290
737
581
951
198
60
5
664
378
707
528
551
65
935
634
78
690
276
117
527
41
502
604
909
241
522
463
270
501
412
156
233
923
182
618
432
519
214
45
870
243
696
493
847
990
181
953
19
451
513
59
789
58
257
859
900
730
713
376
558
400
297
244
450
440
535
876
997
387
600
408
335
624
652
976
121
188
10
443
843
68
969
328
175
201
945
977
603
170
409
500
455
130
447
598
991
617
315
31
344
623
89
572
526
576
992
907
966
187
220
373
271
654
727
644
842
402
118
43
446
385
305
358
453
523
538
192
785
263
758
423
44
213
928
766
80
771
905
673
686
627
294
733
641
102
382
606
310
484
561
687
251
234
821
472
780
914
993
269
625
179
184
97
725
67
650
904
316
374
807
93
729
742
496
763
879
524
303
775
113
630
37
963
177
289
178
417
199
862
292
553
917
834
454
943
751
856
795
296
301
120
794
672
101
61
705
645
811
675
232
42
647
835
592
211
64
365
189
153
610
855
881
224
948
321
481
869
800
62
88
395
657
302
329
925
194
978
734
975
171