973
11 25 7 47 69 49 48 95 2 63 79 98 46 0 23 72 14 27 12 57 22 71 82 29 13 24 86 94 3 28 96 51 21 84 91 9 85 50 92 75 87 36 4 66 20 40 18 26 15 32 81 38 77 55 99 54 74 76 73
114
478 438 467 491 427 442 407 457 483 492 420 415 490 449 422 482 406 433 404 419 485 448 405 476 424 474 487 430 466 460 468 459 441 464 486 465 435 411 494 458 480 499 403 426 413 462 469 428 475 431 414 439 473 498 401 470 479 416 444 495 445 452 425 489 456 434 497 410 437
110
823 825 850 852 866 822 829 885 896 890 828 874 854 878 830 887 804 872 889 894 888 803 815 844 840 826 877 814 851 875 884 897 816 868 880 805 892 817 824 898 882 841 839 810 858 893 836 895 899 806 865 818 886 820 813 849 837 809 883 871 853 891 861 848 846 845
873
929 989 950 930 982 961 958 908 910 962 911 959 903 927 921 902 901 996 972 955 936 913 985 979 939 926 988 965 938 924 998 912 983 981 940 995 968 949 906 984 980 956 960 952 967 918 934 944 974 931 919 946 971 942 964 986 941 920
237 253 242 200 221 267 202 274 229 293 216 298 261 246 277 250 227 272 288 252 291 238 284 247 230 262 228 231 273 204 223 266 278 281 219 225 275 235 218 208 255 295 282 280 205 210 217 299 203 283 287 222 207 236 285 249 209 226 258 256 245
149
715 761 754 722 799 728 736 779 723 744 739 701 732 746 786 783 731 735 796 788 765 768 793 760 719 714 776 755 784 749 778 774 767 712 770 721 762 769 782 756 791 747 716 738 718 743 787 741 720 798 750 752 772 757 702 717 781 740 792 753 773 704
150 162 124 141 163 176 195 155 115 105 169 165 148 108 125 132 174 160 145 144 119 164 143 112 173 185 142 147 131 138 167 127 183 136 109 106 104 116 133 134 140 157 166 161 126 154 135 103
699 695 616 631 669 640 653 637 661 681 698 668 635 605 628 615 677 646 667 679 632 676 671 684 659 642 694 688 691 621 665 649 636 692 655 607 629 651 601 633 658 670 614 662 622 638 674 620 660 666 663 682 678 643 626 683 693 697
802
954
532 530 578 520 547 555 591 588 517 574 549 569 516 541 560 521 545 567 584 559 534 536 563 594 506 544 585 566 514 554 512 582 570 580 556 550 586 511 531 596 529 571 525 504 508 590 505 546 539 575 542 533 537 557 543 593 577 595 579 510 509 599 573 540 552 518 589
8
392 311 337 312 369 351 353 394 317 357 330 323 300 348 342 356 359 366 354 349 325 398 338 381 327 307 391 318 371 339 331 352 364 324 380 360 367 379 336 363 388 343 350 333 345 377 332 389 393 326 390 340 372 386 313 361 314 346 370 334 341 396 375 309
994
264
548
17
703
709
206
128
915
922
33
708
322
833
612
90
801
152
111
564
56
319
932
611
139
347
421
832
503
418
355
39
304
151
471
656
123
689
812
146
168
957
384
507
562
239
515
100
970
867
52
248
619
254
1
987
710
129
587
180
565
724
286
831
700
685
268
706
368
916
597
680
159
726
436
488
648
863
827
583
764
860
808
838
711
933
745
777
999
196
260
240
608
790
857
172
429
137
947
397
35
259
83
609
748
320
107
30
639
308
212
477
279
16
193
265
613
602
190
461
70
122
797
306
34
158
759
197
215
568
864
191
819
362
53
399
383
186
6
937
290
737
581
951
198
60
5
664
378
707
528
551
65
935
634
78
690
276
117
527
41
502
604
909
241
522
463
270
501
412
156
233
923
182
618
432
519
214
45
870
243
696
493
847
990
181
953
19
451
513
59
789
58
257
859
900
730
713
376
558
400
297
244
450
440
535
876
997
387
600
408
335
624
652
976
121
188
10
443
843
68
969
328
175
201
945
977
603
170
409
500
455
130
447
598
991
617
315
31
344
623
89
572
526
576
992
907
966
187
220
373
271
654
727
644
842
402
118
43
446
385
305
358
453
523
538
192
785
263
758
423
44
213
928
766
80
771
905
673
686
627
294
733
641
102
382
606
310
484
561
687
251
234
821
472
780
914
993
269
625
179
184
97
725
67
650
904
316
374
807
93
729
742
496
763
879
524
303
775
113
630
37
963
177
289
178
417
199
862
292
553
917
834
454
943
751
856
795
296
301
120
794
672
101
61
705
645
811
675
232
42
647
835
592
211
64
365
189
153
610
855
881
224
948
321
481
869
800
62
88
395
657
302
329
925
194
978
734
975
171