973
0 75 11 38 92 98 25 49 3 7 66 32 22 72 76 4 73 12 84 99 28 47 20 14 18 63 94 29 77 27 74 96 26 48 57 50 23 85 54 21 55 36 2 81 87 9 86 51 69 13 40 82 24 46 79 95 15 71 91
114
414 445 444 456 403 474 426 405 467 489 420 485 449 470 473 404 486 433 479 428 494 492 457 475 483 452 427 468 491 430 415 495 462 438 407 476 435 441 416 498 459 487 422 431 482 448 424 478 406 413 401 499 411 466 425 465 497 437 460 464 419 458 439 434 480 469 442 410 490
110
814 887 898 868 848 890 899 875 818 825 816 840 823 846 852 844 877 805 894 804 851 854 893 810 866 809 882 806 861 858 872 841 813 839 892 837 865 822 830 850 885 896 871 824 880 803 828 886 897 883 889 820 815 895 845 829 817 826 849 836 891 853 888 884 878 874
873
962 988 931 902 989 950 920 942 908 982 911 968 949 927 934 961 959 921 912 956 936 981 940 901 926 903 964 944 971 924 955 918 967 946 910 998 965 906 919 960 985 983 952 995 939 986 980 996 972 979 930 958 974 929 984 938 913 941
253 288 267 249 252 284 205 228 221 291 273 245 262 283 277 210 250 280 242 261 230 231 223 287 200 237 218 219 275 202 235 274 285 227 229 207 299 281 246 266 272 258 298 236 216 222 238 256 247 204 255 293 295 226 278 282 203 208 209 225 217
149
799 788 768 741 701 783 744 718 717 719 757 761 796 774 738 769 787 754 753 716 756 715 770 747 767 723 732 722 772 786 791 714 784 760 793 735 776 740 736 755 773 778 746 782 704 721 765 720 712 731 752 779 728 798 792 750 749 762 743 702 781 739
154 169 108 112 164 157 155 104 140 160 127 116 167 174 162 135 143 165 125 141 195 133 142 119 126 185 163 176 134 183 132 148 115 147 131 124 145 105 144 166 138 136 150 103 161 173 106 109
653 615 668 643 621 695 660 670 638 679 629 640 601 666 607 684 665 646 622 681 628 642 694 669 678 658 677 626 636 649 699 676 671 655 651 667 631 632 674 663 637 620 635 692 633 662 683 614 605 616 661 659 693 682 688 691 697 698
802
954
511 584 516 594 514 596 550 573 577 508 547 525 569 560 575 543 574 512 529 567 593 537 510 557 531 536 544 582 571 539 589 590 556 563 559 566 509 570 533 580 540 534 518 579 532 504 517 549 542 555 595 586 505 520 530 599 554 506 591 541 585 578 545 588 521 546
8
356 392 318 366 349 339 371 346 311 345 354 377 359 396 369 313 350 338 357 370 381 394 388 334 300 324 398 348 314 353 367 351 326 342 336 327 389 343 332 380 309 386 325 391 312 330 379 364 317 393 390 307 337 341 363 340 323 352 375 333 331 360 361 372
994
264
548
17
703
709
206
128
915
922
33
708
322
833
612
90
801
152
111
564
56
319
932
611
139
347
421
832
503
418
355
39
304
151
471
656
123
689
812
146
168
957
384
507
562
239
515
100
970
867
52
248
619
254
1
987
710
129
587
180
552
565
724
286
831
700
685
268
706
368
916
597
680
159
726
436
488
648
863
827
583
764
860
808
838
711
933
745
777
999
196
260
240
608
790
857
172
429
137
947
397
35
259
83
609
748
320
107
30
639
308
212
477
279
16
193
265
613
602
190
461
70
122
797
306
34
158
759
197
215
568
864
191
819
362
53
399
383
186
6
937
290
737
581
951
198
60
5
664
378
707
528
551
65
935
634
78
690
276
117
527
41
502
604
909
241
522
463
270
501
412
156
233
923
182
618
432
519
214
45
870
243
696
493
847
990
181
953
19
451
513
59
789
58
257
859
900
730
713
376
558
400
297
244
450
440
535
876
997
387
600
408
335
624
652
976
121
188
10
443
843
68
969
328
175
201
945
977
603
170
409
500
455
130
447
598
991
617
315
31
344
623
89
572
526
576
992
907
966
187
220
373
271
654
727
644
842
402
118
43
446
385
305
358
453
523
538
192
785
263
758
423
44
213
928
766
80
771
905
673
686
627
294
733
641
102
382
606
310
484
561
687
251
234
821
472
780
914
993
269
625
179
184
97
725
67
650
904
316
374
807
93
729
742
496
763
879
524
303
775
113
630
37
963
177
289
178
417
199
862
292
553
917
834
454
943
751
856
795
296
301
120
794
672
101
61
705
645
811
675
232
42
647
835
592
211
64
365
189
153
610
855
881
224
948
321
481
869
800
62
88
395
657
302
329
925
194
978
734
975
171