945 998 968 985 980 958 923 931 927 922 978 901 916 977 981 910 954 907 930 964 976 911 991 961 953 906 908 921 935 944 996 919 942 932 933 988 983 914 918 925 987 938 979 940 904 937 984 924 982 928 995 929 947 969 970 966 936 999 946 986 997 956 934 963 915 959 950 939 943 993 975 905 951 952 955 941 965 973 903 994 962 960 909 917 913 972 912 990 949 967 974 920 971 902 992 989 926
26 13 88 74 9 64 20 3 15 28 44 8 95 45 69 32 49 78 61 24 34 72 86 53 40 11 30 43 2 91 27 14 4 84 68 25 76 48 12 16 83 19 37 36 18 54 38 92 10 47 73 51 75 0 90 97 59 39 98 23 35 80 71 22 65 58 82 96 89 56 99 7 33 81 29 77 5 57 52 21 50 6 60 62 94 55 63 67 87 41 17 93 42 46 79 31 85 66
131 193 144 118 109 129 171 196 183 156 115 125 146 199 154 181 137 140 149 176 114 136 164 107 130 169 185 192 160 170 122 135 162 116 103 166 127 186 123 150 145 111 124 121 177 128 134 117 152 104 142 191 179 180 163 102 112 155 126 161 174 189 141 106 175 143 194 188 178 173 120 113 197 172 108 148 182 187 105 147 157 184 132 198 167 110 100 190 119 138 195 165 139 153 168 133
438 475 437 443 442 440 411 465 460 447 468 409 480 476 457 481 432 429 402 495 459 408 485 452 445 471 470 446 405 413 467 412 473 407 420 461 430 422 499 431 488 464 410 472 483 401 426 416 454 497 425 493 419 482 428 427 492 466 439 451 453 484 478 433 435 450 423 415 489 404 456 491 490 469 455 498 448 496 487 494 449 434 414 424 477 444 436 462 458 406 479 441 417 474 463 403 486
810 809 858 822 874 838 861 839 865 883 835 870 841 818 821 864 854 848 845 881 898 816 829 823 847 886 868 891 812 805 871 887 834 892 867 875 880 862 831 806 853 855 808 846 814 860 852 836 866 890 850 899 803 879 828 876 897 888 851 885 832 811 857 840 849 889 896 859 830 824 863 873 893 804 800 842 878 894 877 817 843 884 872 815 837 882 820 827 833 826 844 895 869 807 813 819 825
291 250 218 208 234 258 292 283 261 281 263 282 207 204 224 251 246 216 279 237 262 241 293 245 286 280 265 288 273 211 289 209 215 277 252 287 298 223 270 203 243 254 272 214 205 219 266 229 274 268 255 230 276 202 256 264 269 248 213 249 235 200 296 226 212 285 210 220 267 240 221 225 236 295 242 232 290 233 238 244 217 259 278 247 299 284 239 227 257 275 222 297 228 294 253 206 231
745 736 789 739 757 710 767 759 702 788 779 795 784 766 774 797 787 778 740 799 772 753 780 717 704 756 729 775 711 793 796 790 754 701 758 752 776 748 744 791 708 751 738 750 742 741 709 730 781 715 703 718 783 763 731 794 707 761 755 746 770 785 719 732 722 712 765 721 762 713 764 737 705 714 734 733 760 773 724 749 798 716 786 771 777 725 723 768 747 792 735 728 743 720 769 782
634 680 681 671 658 612 686 629 637 623 638 689 690 642 666 652 613 605 617 610 627 645 648 609 601 697 694 683 670 698 656 664 603 687 633 620 684 655 608 635 661 679 678 626 640 660 688 696 630 677 665 673 628 674 622 685 621 625 667 653 659 682 616 607 644 672 606 668 618 692 662 654 624 641 631 636 657 647 643 611 650 663 676 675 614 699 669 651 695 691 693 602 646 632 615 604 649 639
802
551 535 556 590 562 554 571 508 523 578 516 525 568 565 595 513 593 527 581 501 550 587 589 546 531 526 582 584 580 573 545 533 559 594 510 597 542 567 532 511 588 547 563 519 566 512 504 514 552 575 537 553 599 569 517 558 583 543 521 564 574 528 507 522 577 515 539 530 557 561 503 502 549 518 536 538 555 586 505 506 592 544 524 548 541 570 560 591 520 534 529 579 596 509 585 540 576 598
357 389 321 315 311 318 322 394 351 303 398 304 339 314 388 350 346 334 365 338 332 323 375 306 312 330 361 362 341 308 352 325 324 397 377 371 392 385 393 384 329 313 382 333 366 328 326 358 317 345 378 337 367 379 343 372 376 387 391 300 364 336 355 360 363 309 368 331 349 347 370 381 320 354 305 383 327 390 342 395 396 380 307 353 356 399 310 344 319 335 373 348 369 340 386 302 359
801
421
418
151
957
619
1
700
706
159
726
260
70
158
900
400
600
201
500
572
271
727
316
374
856
301
101
948