973
27 72 54 25 51 85 77 74 76 40 7 98 92 13 29 95 73 50 99 14 66 20 49 36 71 2 46 91 26 75 81 96 57 22 23 3 21 82 47 87 32 9 48 86 28 4 24 69 55 11 84 0 12 63 79 94 15 38 18
114
478 495 403 480 426 458 404 428 468 422 499 462 438 469 419 410 470 489 434 459 411 415 441 445 456 435 406 442 473 485 425 439 416 498 460 479 413 474 497 475 457 486 464 482 467 491 452 492 476 430 449 444 494 420 401 465 414 448 405 487 407 490 433 427 437 466 424 483 431
110
815 826 852 817 803 846 885 887 845 886 814 851 825 840 804 850 893 865 883 890 866 829 809 895 839 820 891 875 872 837 880 871 892 828 874 822 884 854 844 806 805 899 888 836 813 889 858 868 878 816 818 882 841 849 896 853 877 861 848 894 823 810 898 897 824 830
873
988 938 901 944 958 908 979 989 995 930 920 998 929 910 927 959 921 986 941 949 974 903 906 911 926 918 971 983 955 956 950 972 980 936 960 981 996 961 968 940 967 931 934 984 982 913 939 965 942 964 919 912 962 985 902 952 946 924
282 237 230 235 238 203 226 217 231 250 287 210 291 288 298 295 249 229 245 283 207 261 284 256 262 275 274 221 236 253 293 218 222 267 281 200 204 277 209 278 252 228 216 299 225 208 246 273 280 266 255 247 227 219 202 205 242 272 223 285 258
149
714 749 731 717 787 765 792 773 788 756 781 772 712 796 701 799 735 779 768 761 744 760 798 762 776 750 754 747 738 704 774 740 769 786 736 741 718 728 782 739 746 743 793 783 767 702 721 723 757 720 770 719 722 791 716 755 732 753 778 715 784
164 105 161 195 112 124 148 109 138 132 144 127 176 108 143 134 142 185 141 140 103 106 131 154 135 133 183 162 166 157 126 125 173 163 119 150 145 147 104 155 174 167 115 116 165 160 136 169
632 607 676 661 670 674 691 616 682 694 666 643 622 615 688 642 668 601 697 678 614 605 679 635 628 620 636 662 626 633 659 663 671 651 640 658 655 677 631 698 699 681 638 695 637 621 669 683 667 653 660 629 684 649 665 693 646 692
802
954
511 536 546 544 516 521 550 541 567 585 509 537 545 578 596 575 555 599 529 570 510 504 512 532 543 547 556 569 588 574 590 573 520 549 531 579 594 559 560 530 540 595 534 514 580 525 508 506 566 571 505 582 517 539 554 591 533 563 593 589 584 586 518 577 542 557
8
317 337 336 381 324 353 363 372 343 351 392 307 330 371 370 352 388 361 326 367 398 327 300 389 356 380 360 396 377 333 364 318 331 314 350 313 346 394 349 357 334 323 386 354 341 339 348 345 311 309 359 375 338 393 369 340 379 366 391 342 312 325 390 332
994
264
548
17
703
709
206
128
915
922
33
708
322
833
612
90
801
152
111
564
56
319
932
611
139
347
421
832
503
418
355
39
304
151
471
656
123
689
812
146
168
957
384
507
562
239
515
100
970
867
52
248
619
254
1
987
710
129
587
180
552
565
724
286
831
700
685
268
706
368
916
597
680
159
726
436
488
648
863
827
583
764
860
808
838
711
933
745
777
999
196
260
240
608
790
857
172
429
137
947
397
35
259
83
609
748
320
107
30
639
308
212
477
279
16
193
265
613
602
190
461
70
122
797
306
34
158
759
197
215
568
864
191
819
362
53
399
383
186
6
937
290
737
581
951
198
60
5
664
378
707
528
551
65
935
634
78
690
276
117
527
41
502
604
909
241
522
463
270
501
412
156
233
923
182
618
432
519
214
45
870
243
696
493
847
990
181
953
19
451
513
59
789
58
257
859
900
730
713
376
558
400
297
244
450
440
535
876
997
387
600
408
335
624
652
976
121
188
10
443
843
68
969
328
175
201
945
977
603
170
409
500
455
130
447
598
991
617
315
31
344
623
89
572
526
576
992
907
966
187
220
373
271
654
727
644
842
402
118
43
446
385
305
358
453
523
538
192
785
263
758
423
44
213
928
766
80
771
905
673
686
627
294
733
641
102
382
606
310
484
561
687
251
234
821
472
780
914
993
269
625
179
184
97
725
67
650
904
316
374
807
93
729
742
496
763
879
524
752
303
775
113
630
37
963
177
289
178
417
199
862
292
553
917
834
454
943
751
856
795
296
301
120
794
672
101
61
705
645
811
675
232
42
647
835
592
211
64
365
189
153
610
855
881
224
948
321
481
869
800
62
88
395
657
302
329
925
194
978
734
975
171