973
94 18 76 71 40 66 28 4 38 95 29 84 55 98 77 3 79 48 46 21 57 22 50 11 13 23 87 82 20 7 25 9 47 36 27 0 69 99 14 49 54 73 72 75 2 51 26 12 63 86 15 91 92 24 96 85 81 74 32
114
437 413 499 487 416 406 424 441 469 485 468 494 422 438 478 495 474 476 489 415 498 410 480 482 427 426 428 473 425 491 483 467 434 445 435 448 459 403 466 439 401 442 456 444 449 460 486 479 457 475 452 490 405 411 462 465 458 470 464 492 433 414 420 404 419 431 430 407
110
892 804 818 858 895 852 806 868 853 865 886 888 814 872 849 880 875 848 851 841 877 817 890 844 803 823 815 813 899 861 839 829 809 805 891 850 854 845 830 884 866 836 898 840 826 820 889 828 878 882 810 871 824 897 816 825 894 822 893 887 837 896 846 883 874 885
873
988 920 955 946 982 936 984 967 938 986 940 929 968 921 912 980 913 926 960 961 949 941 911 906 972 979 939 944 985 903 989 950 919 918 901 998 965 962 924 983 952 930 934 927 974 959 995 971 908 931 910 942 956 964 996 958 902 981
246 238 262 258 266 252 299 203 219 247 298 280 205 230 295 242 228 227 253 261 222 288 256 200 208 207 202 255 291 293 237 209 283 250 223 285 275 216 221 245 284 231 236 210 225 273 282 226 272 229 217 218 204 274 277 267 249 235 281 278 287
149
792 731 786 784 750 715 717 704 749 793 721 718 701 746 744 702 781 712 773 735 778 798 783 754 791 741 799 768 788 747 765 739 720 732 722 796 743 782 738 755 772 723 776 719 753 716 762 740 769 770 787 728 767 760 779 714 756 757 761 736 774
147 143 127 163 104 142 132 125 116 174 115 157 106 103 164 135 161 160 134 176 119 148 108 185 165 131 138 169 140 126 195 133 150 167 141 183 145 144 124 112 173 162 166 155 109 154 105 136
631 605 668 691 649 646 679 635 699 666 640 643 633 678 658 638 698 632 601 636 683 663 655 697 651 693 660 694 695 684 622 642 682 692 671 620 676 665 615 653 661 688 669 674 626 628 681 677 662 629 614 667 659 616 637 621 607 670
802
954
534 594 549 521 566 537 505 584 532 533 585 550 512 544 557 556 516 571 574 589 506 573 531 511 545 529 563 555 599 588 586 577 546 542 518 579 559 575 520 509 530 590 580 536 591 514 525 595 504 570 508 567 569 517 596 554 578 540 593 510 560 541 547 539 582 543
8
340 318 364 323 359 375 339 389 357 338 390 396 372 369 380 327 386 342 343 381 391 331 363 332 341 333 392 311 325 398 356 309 349 377 371 394 334 352 330 366 354 317 314 353 379 388 361 307 351 336 337 370 393 346 324 367 312 345 348 300 350 326 360 313
994
264
548
17
703
709
206
128
915
922
33
708
322
833
612
90
801
152
111
564
56
319
932
611
139
347
421
832
503
418
355
39
304
151
471
656
123
689
812
146
168
957
384
507
562
497
239
515
100
970
867
52
248
619
254
1
987
710
129
587
180
552
565
724
286
831
700
685
268
706
368
916
597
680
159
726
436
488
648
863
827
583
764
860
808
838
711
933
745
777
999
196
260
240
608
790
857
172
429
137
947
397
35
259
83
609
748
320
107
30
639
308
212
477
279
16
193
265
613
602
190
461
70
122
797
306
34
158
759
197
215
568
864
191
819
362
53
399
383
186
6
937
290
737
581
951
198
60
5
664
378
707
528
551
65
935
634
78
690
276
117
527
41
502
604
909
241
522
463
270
501
412
156
233
923
182
618
432
519
214
45
870
243
696
493
847
990
181
953
19
451
513
59
789
58
257
859
900
730
713
376
558
400
297
244
450
440
535
876
997
387
600
408
335
624
652
976
121
188
10
443
843
68
969
328
175
201
945
977
603
170
409
500
455
130
447
598
991
617
315
31
344
623
89
572
526
576
992
907
966
187
220
373
271
654
727
644
842
402
118
43
446
385
305
358
453
523
538
192
785
263
758
423
44
213
928
766
80
771
905
673
686
627
294
733
641
102
382
606
310
484
561
687
251
234
821
472
780
914
993
269
625
179
184
97
725
67
650
904
316
374
807
93
729
742
496
763
879
524
752
303
775
113
630
37
963
177
289
178
417
199
862
292
553
917
834
454
943
751
856
795
296
301
120
794
672
101
61
705
645
811
675
232
42
647
835
592
211
64
365
189
153
610
855
881
224
948
321
481
869
800
62
88
395
657
302
329
925
194
978
734
975
171