973
77 38 55 54 82 94 86 23 4 0 46 48 66 92 99 21 9 12 96 81 76 72 73 11 32 91 57 22 36 98 85 95 47 84 74 79 71 26 18 49 75 20 24 2 7 13 15 28 40 87 14 25 29 63 69 50 27 3 51
114
491 425 420 476 434 485 411 439 467 457 415 460 419 422 433 424 404 448 441 437 464 487 474 495 475 445 486 494 462 444 413 470 483 406 407 427 466 499 498 452 449 489 473 478 416 469 459 482 492 405 431 403 479 490 465 430 480 456 426 442 468 438 428 458 435 401 414
110
826 849 866 874 894 882 820 852 804 825 883 897 898 815 824 810 813 806 805 892 809 818 888 868 839 853 844 823 890 858 840 889 846 829 880 899 845 854 817 871 893 891 885 887 837 822 878 865 803 884 836 851 850 895 816 886 872 848 875 861 830 814 896 877 841 828
873
930 912 901 967 988 911 903 965 968 950 934 924 958 918 938 980 984 998 931 936 985 981 949 910 974 959 956 942 983 927 952 921 946 972 971 920 979 913 961 944 940 941 939 929 960 902 962 996 986 908 926 995 982 989 919 955 906 964
277 262 222 219 230 255 209 253 299 235 238 285 256 283 207 298 236 250 288 202 249 275 293 280 242 287 216 226 200 231 229 278 291 284 273 218 281 217 261 245 237 205 282 266 221 247 210 227 252 274 246 204 295 267 223 228 208 258 225 203 272
149
720 767 784 702 796 787 722 728 716 731 750 772 799 783 721 776 712 736 755 768 746 765 718 791 740 704 714 773 754 757 723 739 762 701 747 717 738 761 741 798 756 743 753 760 735 719 770 774 769 793 732 749 778 779 715 786 781 792 744 788 782
135 145 167 136 147 157 165 116 134 103 124 161 125 163 160 148 126 138 131 164 155 132 104 142 115 166 162 140 195 154 105 106 169 141 176 119 183 150 173 144 143 127 174 112 133 185 109 108
643 636 628 622 605 678 695 663 669 614 629 693 635 655 626 638 667 651 658 684 662 642 691 681 665 646 637 621 640 682 649 601 688 683 668 697 631 660 661 633 607 674 666 653 659 671 620 632 676 698 616 694 679 615 670 699 677 692
802
954
586 533 539 536 504 516 554 590 589 579 537 517 563 508 509 520 534 541 574 577 512 521 531 573 571 566 532 584 506 543 525 567 540 529 596 514 544 505 591 570 595 559 510 582 542 556 585 594 511 550 530 545 546 588 557 580 549 555 599 578 593 569 547 560 518 575
8
318 353 371 391 324 314 361 325 370 317 372 375 352 342 338 331 359 354 394 346 313 300 369 343 350 341 396 332 366 340 334 356 386 367 363 390 309 337 307 326 381 380 379 392 393 345 360 389 336 364 339 357 348 312 311 330 388 333 349 377 323 351 327 398
994
264
548
17
703
709
206
128
915
922
33
708
322
833
612
90
801
152
111
564
56
319
932
611
139
347
421
832
503
418
355
39
304
151
471
656
123
689
812
146
168
957
384
507
562
497
239
515
100
970
867
52
248
619
254
1
987
710
129
587
180
552
565
724
286
831
700
685
268
706
368
916
597
680
159
726
436
488
648
863
827
583
764
860
808
838
711
933
745
777
999
196
260
240
608
790
857
172
429
137
947
397
35
259
83
609
748
320
107
30
639
308
212
477
279
16
193
265
613
602
190
461
70
122
797
306
34
158
759
197
215
568
864
191
819
362
53
399
383
186
6
937
290
737
581
951
198
60
5
664
378
707
528
551
65
935
634
78
690
276
117
527
41
502
604
909
241
522
463
270
501
412
156
233
923
182
618
432
519
214
45
870
243
696
493
847
990
181
953
19
451
513
59
789
58
257
859
900
730
713
376
558
400
297
244
450
440
535
876
997
387
600
408
335
624
652
976
121
188
10
443
843
68
969
328
175
201
945
977
603
170
409
500
455
130
447
598
991
617
315
31
344
623
89
572
526
576
992
907
966
187
220
373
271
654
727
644
842
402
118
43
446
385
305
358
453
523
538
192
785
263
758
423
44
213
928
766
80
771
905
673
686
627
294
733
641
102
382
606
410
310
484
561
687
251
234
821
472
780
914
993
269
625
179
184
97
725
67
650
904
316
374
807
93
729
742
496
763
879
524
752
303
775
113
630
37
963
177
289
178
417
199
862
292
553
917
834
454
943
751
856
795
296
301
120
794
672
101
61
705
645
811
675
232
42
647
835
592
211
64
365
189
153
610
855
881
224
948
321
481
869
800
62
88
395
657
302
329
925
194
978
734
975
171