973
92 27 13 23 2 22 94 32 48 38 95 3 49 46 73 0 25 66 51 36 15 99 47 75 71 20 72 21 86 18 85 40 96 84 4 81 54 28 7 91 9 79 50 82 69 77 26 11 57 14 98 29 87 74 63 55 76 12 24
114
479 435 469 422 438 415 490 464 483 445 456 405 492 420 426 430 411 467 474 476 494 441 495 470 428 468 431 489 449 406 478 486 401 499 433 414 444 452 480 491 424 448 413 425 434 460 419 427 462 439 457 466 459 465 475 473 404 482 407 403 416 487 498 442 437 458 485
110
816 877 888 852 884 875 897 889 866 829 871 841 848 813 880 883 899 844 823 836 824 825 894 803 895 854 810 886 837 850 846 849 893 874 851 845 828 865 885 872 814 804 809 896 830 815 853 882 818 858 878 839 840 820 822 861 805 817 892 868 890 887 898 806 891 826
873
961 949 962 958 924 979 901 984 995 950 989 913 988 972 983 906 982 934 941 927 956 974 952 903 921 938 968 944 986 980 996 939 964 981 926 902 918 929 931 930 942 919 985 965 910 959 940 911 998 946 971 912 960 955 936 967 920 908
274 242 219 235 225 203 238 209 282 266 205 204 283 249 218 217 278 281 250 295 293 285 207 230 275 229 298 256 222 247 255 299 210 202 252 226 216 208 221 227 277 273 245 287 231 258 288 284 253 272 237 291 228 262 267 236 261 200 246 280 223
149
767 760 754 769 757 723 750 781 736 712 799 773 746 715 770 749 718 755 747 783 796 793 762 732 784 719 743 735 798 722 728 720 717 741 779 765 774 702 791 772 714 740 704 787 788 721 731 776 778 761 716 753 701 786 744 756 768 739 782 792 738
115 127 126 150 183 154 134 119 173 116 161 144 112 174 140 145 106 166 131 143 164 169 163 133 132 148 165 108 124 109 138 162 195 105 176 136 155 125 142 157 104 167 135 160 147 185 141
640 683 620 622 605 697 636 659 661 677 669 637 635 668 651 631 662 660 601 679 632 681 615 688 633 642 694 616 695 626 674 692 667 629 649 693 670 684 676 691 678 621 665 671 653 682 607 666 628 643 655 699 658 638 698 646 614 663
802
954
577 518 586 579 575 533 517 537 521 582 511 547 542 593 557 559 595 520 509 543 531 544 555 584 532 570 574 529 563 525 550 546 566 571 549 541 573 508 588 599 596 510 516 506 567 514 591 545 540 534 539 554 585 536 504 594 590 578 505 569 580 512 589 530 560 556
8
326 372 354 391 393 323 333 346 332 339 381 359 317 396 367 361 349 341 392 313 325 351 369 327 371 334 343 307 398 380 324 375 353 390 318 330 336 309 340 345 331 342 356 389 379 312 300 364 314 386 388 350 394 360 377 370 363 366 357 337 348 311 338 352
994
264
548
17
703
709
206
128
915
922
33
708
322
833
612
90
801
152
111
564
56
319
932
611
139
347
421
832
503
418
355
39
304
151
471
656
123
689
812
146
168
957
384
507
562
497
239
515
100
970
867
52
248
619
254
1
987
710
129
587
180
552
565
724
286
831
700
685
268
706
368
916
597
680
159
726
436
488
648
863
827
583
764
860
808
838
711
933
745
777
999
196
260
240
608
790
857
172
429
137
947
397
35
259
83
609
748
320
107
30
639
308
212
477
279
16
193
265
613
602
190
461
70
122
797
306
34
158
759
197
215
568
864
191
819
362
53
399
383
186
6
937
290
737
581
951
198
60
5
664
378
707
528
551
65
935
634
78
690
276
117
527
41
502
604
909
241
522
463
270
501
412
156
233
923
182
618
432
519
214
45
870
243
696
493
847
990
181
953
19
451
513
59
789
58
257
859
900
730
713
376
558
400
297
244
450
440
535
876
997
387
600
408
335
624
652
976
121
188
10
443
843
68
969
328
175
201
945
977
603
170
409
500
455
130
447
598
991
617
315
31
344
623
89
572
526
576
992
907
966
187
220
373
271
654
727
644
842
402
118
43
446
385
305
358
453
523
538
192
785
263
758
423
44
213
928
766
80
771
905
103
673
686
627
294
733
641
102
382
606
410
310
484
561
687
251
234
821
472
780
914
993
269
625
179
184
97
725
67
650
904
316
374
807
93
729
742
496
763
879
524
752
303
775
113
630
37
963
177
289
178
417
199
862
292
553
917
834
454
943
751
856
795
296
301
120
794
672
101
61
705
645
811
675
232
42
647
835
592
211
64
365
189
153
610
855
881
224
948
321
481
869
800
62
88
395
657
302
329
925
194
978
734
975
171