973
87 98 49 84 54 24 12 96 11 66 22 29 69 38 25 72 40 3 86 95 85 63 94 74 13 51 15 2 21 14 23 57 71 48 36 20 55 28 79 4 18 47 32 91 77 7 81 27 46 76 73 92 99 0 9 82 50 75 26
114
449 474 499 478 431 404 459 416 464 442 444 425 476 480 479 415 491 437 441 420 419 403 485 456 414 438 494 487 458 426 445 439 492 413 428 462 448 457 424 482 435 470 495 401 452 465 407 427 467 422 490 406 469 486 468 405 483 475 498 434 473 489 411 430 433 460 466
110
868 836 818 845 880 824 890 878 887 865 883 899 817 826 875 851 874 828 852 894 896 893 839 898 809 806 830 853 814 804 889 861 848 854 829 822 866 891 850 882 803 858 895 877 813 849 888 886 820 897 846 841 844 885 871 823 815 816 837 810 884 825 892 805 840 872
873
964 902 908 961 958 982 968 980 974 936 959 930 939 934 940 989 950 949 998 920 927 952 995 984 944 910 921 988 983 926 941 929 901 942 906 965 918 972 971 919 986 996 967 946 962 955 985 911 913 956 960 938 924 979 981 903 931 912
247 250 210 223 261 272 207 277 236 218 281 203 238 204 287 249 252 237 275 278 262 225 222 293 258 299 245 280 235 274 283 282 230 242 228 231 226 273 200 253 227 229 285 291 266 216 288 208 298 267 205 209 217 221 295 202 219 255 256 284 246
149
768 776 792 718 722 765 720 754 701 755 769 772 704 786 721 767 798 762 741 774 715 788 716 747 799 702 739 773 761 732 770 783 735 781 728 743 714 736 740 760 717 750 793 756 784 779 712 749 731 782 757 787 778 719 744 723 753 746 796 791 738
115 166 127 147 138 109 143 116 195 163 124 142 104 108 164 148 155 105 154 162 185 157 112 176 173 167 133 174 126 125 161 145 136 106 119 160 140 169 144 141 150 132 165 134 183 135 131
607 681 643 678 646 635 674 628 692 640 698 637 699 667 668 632 697 682 655 661 665 691 622 616 669 693 670 683 662 636 658 649 659 633 626 642 671 601 631 666 679 621 660 695 653 677 676 605 615 620 663 614 651 638 694 629 684
802
954
533 556 554 508 563 520 550 509 590 516 518 525 557 532 577 542 560 517 569 531 591 510 506 537 505 547 596 555 571 575 536 588 570 512 580 579 546 540 521 534 595 543 559 578 549 544 539 584 594 589 574 582 545 586 593 573 567 585 530 511 541 599 504 514 566 529
8
313 312 381 393 339 340 357 377 375 343 326 388 367 333 366 351 386 327 314 353 307 342 363 336 348 372 330 370 324 317 345 331 396 398 369 309 334 349 354 390 323 364 346 359 300 337 350 361 371 318 380 311 341 332 360 352 394 356 338 325 389 391 379 392
994
264
548
17
703
709
206
128
915
922
33
708
322
833
612
90
801
152
111
564
56
319
932
611
139
347
421
832
503
418
355
39
304
151
471
656
123
689
812
146
168
957
384
507
562
497
239
515
100
970
867
52
248
619
254
1
987
710
129
587
180
552
565
724
286
831
700
685
268
706
368
916
597
680
159
726
436
488
648
863
827
583
764
860
808
838
711
933
745
777
999
196
260
240
608
790
857
172
429
137
947
397
35
259
83
609
748
320
107
30
639
308
212
477
279
16
193
265
613
602
190
461
70
122
797
306
34
158
759
197
215
568
864
191
819
362
53
399
383
186
6
937
290
737
581
951
198
60
5
664
378
707
528
551
65
935
634
78
690
276
117
527
688
41
502
604
909
241
522
463
270
501
412
156
233
923
182
618
432
519
214
45
870
243
696
493
847
990
181
953
19
451
513
59
789
58
257
859
900
730
713
376
558
400
297
244
450
440
535
876
997
387
600
408
335
624
652
976
121
188
10
443
843
68
969
328
175
201
945
977
603
170
409
500
455
130
447
598
991
617
315
31
344
623
89
572
526
576
992
907
966
187
220
373
271
654
727
644
842
402
118
43
446
385
305
358
453
523
538
192
785
263
758
423
44
213
928
766
80
771
905
103
673
686
627
294
733
641
102
382
606
410
310
484
561
687
251
234
821
472
780
914
993
269
625
179
184
97
725
67
650
904
316
374
807
93
729
742
496
763
879
524
752
303
775
113
630
37
963
177
289
178
417
199
862
292
553
917
834
454
943
751
856
795
296
301
120
794
672
101
61
705
645
811
675
232
42
647
835
592
211
64
365
189
153
610
855
881
224
948
321
481
869
800
62
88
395
657
302
329
925
194
978
734
975
171