973
18 40 21 14 46 0 98 2 12 29 77 66 7 28 95 92 36 48 22 76 69 75 27 47 63 49 84 4 24 13 38 96 25 86 87 26 91 54 85 55 94 23 20 99 51 3 73 82 79 74 15 9 72 81 57 71 32 50
114
469 476 431 494 495 411 480 413 404 499 452 415 437 406 474 485 441 460 473 470 456 422 475 405 486 419 416 420 425 401 407 464 462 498 459 478 444 430 426 445 428 449 457 466 458 482 414 442 483 433 492 479 434 487 439 427 468 435 491 438 489 490 467 448 424 403 465
110
854 887 886 839 892 866 868 852 885 815 818 824 829 893 884 848 841 891 804 894 851 846 850 874 816 814 813 840 849 897 888 825 805 806 822 853 810 878 899 823 883 877 890 882 871 861 809 803 844 880 896 820 836 845 837 875 865 817 828 826 898 889 858 895 872 830
873
944 942 919 964 936 981 974 956 911 926 962 913 958 918 902 967 903 950 931 972 949 983 988 930 939 921 959 912 929 998 946 982 971 968 920 901 938 924 989 927 965 910 952 941 986 934 995 906 908 980 985 961 996 960 955 940 979 984
200 229 235 203 275 205 278 247 216 253 287 249 219 299 210 238 255 202 274 288 258 208 293 266 261 272 230 222 207 295 298 236 227 223 283 291 282 228 284 280 226 256 218 250 204 231 262 246 252 267 273 277 221 217 285 281 242 245 237 209 225
149
793 755 744 715 792 768 779 773 756 716 757 770 741 735 714 753 731 736 712 747 718 765 783 740 767 702 788 719 761 774 760 746 762 720 750 787 754 732 778 704 781 799 786 782 796 728 717 721 784 791 743 776 798 723 722 769 749 739 772 738 701
157 144 115 164 155 162 195 133 147 106 161 143 126 140 174 141 125 132 135 134 138 142 124 145 136 148 167 165 105 116 154 169 127 173 163 109 150 108 160 104 183 131 185 112 176 166 119
636 682 663 666 695 646 628 684 669 642 668 681 676 658 692 662 698 605 635 601 659 665 620 678 649 638 616 631 637 670 651 679 629 621 697 691 677 653 607 633 632 683 614 643 674 694 655 671 661 622 640 626 660 615 667 693 699
802
954
589 582 529 521 534 554 517 549 593 530 504 571 516 599 536 575 563 567 579 585 569 574 584 596 539 531 505 525 594 547 520 595 580 545 557 560 578 542 555 518 590 510 570 514 550 586 541 566 544 543 509 533 511 540 506 559 546 508 512 532 588 577 556 573 591 537
8
367 342 300 350 314 312 377 381 392 309 324 332 317 339 380 353 390 338 370 318 375 345 389 386 346 356 351 364 352 360 349 323 311 336 398 313 394 331 334 359 371 337 343 357 307 396 391 388 361 366 354 369 341 327 326 393 333 372 379 325 348 330 363 340
994
264
548
17
703
709
206
128
915
922
33
708
322
833
612
90
801
152
111
564
56
319
932
611
139
347
421
832
503
418
355
39
304
151
471
656
123
689
812
146
168
957
384
507
562
497
239
515
100
970
867
52
248
619
254
1
987
710
129
587
180
552
565
724
286
831
700
685
268
706
368
916
597
680
159
726
436
488
648
863
827
583
764
860
808
838
711
933
745
777
999
196
260
240
608
790
857
172
429
137
947
397
35
259
83
609
748
320
107
30
639
308
212
477
279
16
193
265
613
602
190
461
70
122
797
306
11
34
158
759
197
215
568
864
191
819
362
53
399
383
186
6
937
290
737
581
951
198
60
5
664
378
707
528
551
65
935
634
78
690
276
117
527
688
41
502
604
909
241
522
463
270
501
412
156
233
923
182
618
432
519
214
45
870
243
696
493
847
990
181
953
19
451
513
59
789
58
257
859
900
730
713
376
558
400
297
244
450
440
535
876
997
387
600
408
335
624
652
976
121
188
10
443
843
68
969
328
175
201
945
977
603
170
409
500
455
130
447
598
991
617
315
31
344
623
89
572
526
576
992
907
966
187
220
373
271
654
727
644
842
402
118
43
446
385
305
358
453
523
538
192
785
263
758
423
44
213
928
766
80
771
905
103
673
686
627
294
733
641
102
382
606
410
310
484
561
687
251
234
821
472
780
914
993
269
625
179
184
97
725
67
650
904
316
374
807
93
729
742
496
763
879
524
752
303
775
113
630
37
963
177
289
178
417
199
862
292
553
917
834
454
943
751
856
795
296
301
120
794
672
101
61
705
645
811
675
232
42
647
835
592
211
64
365
189
153
610
855
881
224
948
321
481
869
800
62
88
395
657
302
329
925
194
978
734
975
171