973
99 85 49 9 18 76 54 38 72 63 51 20 32 36 79 91 24 50 47 40 96 81 66 71 21 29 75 82 69 55 28 73 15 7 98 2 74 22 84 14 13 46 25 77 23 94 27 4 87 3 48 26 57 12 95 92 0 86
114
414 434 449 407 441 413 424 467 445 469 475 485 416 474 473 490 470 442 487 494 401 460 465 464 491 431 458 439 456 448 411 405 498 437 459 492 457 428 422 483 433 438 425 480 426 403 466 495 419 406 476 482 444 452 420 427 430 435 489 462 468 479 499 486 404 478 415
110
897 849 887 824 891 840 848 809 817 872 883 880 899 878 893 803 818 826 875 890 858 868 861 874 816 884 886 822 804 877 837 854 885 815 852 839 845 853 836 806 825 889 814 892 851 830 888 829 865 850 866 805 898 828 820 882 841 846 894 895 813 844 823 871 810 896
873
902 920 983 974 955 910 921 981 960 972 931 996 956 912 979 942 941 913 926 962 965 995 939 901 903 946 919 998 967 985 980 952 927 986 989 949 988 918 968 958 924 940 964 929 971 959 944 911 950 982 908 984 930 906 938 934 936 961
267 238 266 202 231 237 284 291 262 223 217 298 226 280 216 249 252 295 261 285 273 227 275 247 242 207 210 255 209 274 281 287 282 235 245 222 236 221 228 203 277 293 230 246 204 218 200 205 288 208 229 283 258 250 253 219 256 299 225 278 272
149
757 756 788 747 770 716 755 746 772 743 738 753 704 720 739 776 765 701 767 719 774 773 792 750 784 735 793 728 786 718 715 732 783 769 722 736 721 731 714 723 761 744 787 749 778 791 782 741 712 762 717 740 798 781 799 754 796 702 768 779 760
166 185 157 141 183 148 127 109 144 136 164 105 174 195 133 115 154 161 147 142 143 160 162 138 145 132 125 116 134 140 155 119 150 135 106 104 124 169 131 167 163 165 176 126 173 112 108
697 615 676 698 695 601 632 646 677 628 668 635 684 622 691 665 620 649 699 669 659 638 655 660 683 643 678 663 653 662 614 661 681 629 631 651 607 626 667 674 692 633 679 694 671 636 670 642 658 637 621 666 682 616 693 605 640
802
954
525 505 573 586 578 590 532 533 529 547 571 531 530 540 593 542 549 517 514 509 556 508 510 520 543 579 585 516 596 589 559 504 582 534 537 544 584 575 599 566 588 577 567 555 591 563 518 545 560 506 594 546 536 521 570 569 541 554 574 511 557 512 550 580 595
8
371 359 326 354 394 364 342 366 323 345 377 396 337 330 398 338 356 324 314 327 317 391 336 388 332 300 363 339 360 372 353 331 349 357 375 381 380 352 350 367 311 390 369 307 348 392 351 318 313 340 379 312 370 343 361 309 346 333 325 334 386 341 389 393
994
264
548
17
703
709
206
128
915
922
33
708
322
833
612
90
801
152
111
564
56
319
932
611
139
347
421
832
503
418
355
39
304
151
471
656
123
689
812
146
168
957
384
507
562
497
239
515
100
970
867
52
248
619
254
1
987
710
129
587
180
552
565
724
286
831
700
685
268
706
368
916
597
680
159
726
436
488
648
863
827
583
764
860
808
838
711
933
745
777
999
196
260
240
608
790
857
172
429
137
947
397
35
259
83
609
748
320
107
30
639
308
212
477
279
16
193
265
613
602
190
461
70
122
797
306
11
34
158
759
197
215
568
864
191
819
362
53
399
383
186
6
937
290
737
581
951
198
60
5
664
378
707
528
551
65
935
634
78
690
276
117
527
688
41
502
604
909
241
522
463
270
501
412
156
233
923
182
618
432
519
214
45
870
243
696
493
847
990
181
953
539
19
451
513
59
789
58
257
859
900
730
713
376
558
400
297
244
450
440
535
876
997
387
600
408
335
624
652
976
121
188
10
443
843
68
969
328
175
201
945
977
603
170
409
500
455
130
447
598
991
617
315
31
344
623
89
572
526
576
992
907
966
187
220
373
271
654
727
644
842
402
118
43
446
385
305
358
453
523
538
192
785
263
758
423
44
213
928
766
80
771
905
103
673
686
627
294
733
641
102
382
606
410
310
484
561
687
251
234
821
472
780
914
993
269
625
179
184
97
725
67
650
904
316
374
807
93
729
742
496
763
879
524
752
303
775
113
630
37
963
177
289
178
417
199
862
292
553
917
834
454
943
751
856
795
296
301
120
794
672
101
61
705
645
811
675
232
42
647
835
592
211
64
365
189
153
610
855
881
224
948
321
481
869
800
62
88
395
657
302
329
925
194
978
734
975
171