973
24 92 15 38 48 14 72 9 0 29 84 4 69 20 71 21 2 36 75 50 99 40 74 18 66 63 47 13 87 82 25 26 86 7 95 98 28 3 85 79 77 27 76 96 54 55 81 73 57 12 91 46 32 94 23 22 49
114
422 499 487 480 407 444 475 494 473 416 437 404 465 433 466 474 430 448 428 452 495 459 406 489 445 479 498 456 485 413 467 419 490 439 415 462 478 401 486 457 464 414 431 424 491 434 469 476 470 468 460 482 442 458 449 427 411 405 420 441 438 492 403 425 483 426 435
110
896 813 872 892 880 877 866 891 846 816 884 818 874 887 823 849 826 837 889 803 844 804 853 809 840 871 868 875 882 820 836 822 894 895 814 886 890 817 852 861 897 845 830 806 878 854 805 841 825 899 898 815 828 810 850 839 883 858 888 865 893 885 829 851 848 824
873
968 952 926 913 971 939 908 955 982 911 949 960 996 901 950 984 941 938 946 972 931 921 958 918 962 940 927 989 961 910 902 912 988 930 929 936 903 998 979 959 964 956 980 986 920 974 983 944 995 924 985 919 967 965 934 981 906 942
258 284 245 288 217 250 228 256 203 249 231 204 275 247 229 285 236 291 227 238 267 255 237 298 295 235 281 272 216 283 209 261 210 278 280 205 221 218 200 253 222 262 273 277 242 207 299 202 225 274 230 246 208 219 293 223 287 266 252 226 282
149
793 717 746 719 783 740 778 768 772 715 731 754 776 753 738 755 786 732 796 761 769 750 792 782 702 760 704 767 773 736 787 716 739 723 784 728 779 770 720 765 701 756 743 757 781 788 749 744 799 762 798 712 747 718 774 722 721 735 791 741 714
116 183 147 144 141 166 136 140 154 161 145 162 195 109 104 115 133 138 160 185 142 112 167 131 169 132 143 174 165 164 106 105 150 108 157 173 135 148 134 119 125 163 126 127 124 176 155
691 640 607 635 693 637 633 699 636 683 651 674 677 668 676 669 601 678 615 632 660 671 662 655 659 666 653 665 692 621 670 631 638 663 616 658 667 682 614 628 694 643 661 622 626 642 695 629 649 679 646 697 681 698 684 605 620
802
954
529 525 577 589 550 584 547 560 591 549 542 555 582 594 532 554 575 579 569 521 511 537 593 545 509 563 533 508 580 544 586 573 541 571 596 566 516 590 546 595 540 536 518 530 570 520 557 559 514 585 510 505 556 504 578 588 512 531 574 599 534 543 517 506 567
8
331 389 398 325 354 391 353 380 350 327 367 323 309 307 318 396 390 361 317 393 392 357 337 379 300 314 311 352 339 345 333 375 381 366 341 371 332 351 370 359 326 363 336 360 312 342 356 340 386 346 364 377 313 324 330 349 394 343 334 338 348 369 372 388
994
264
548
17
703
709
206
128
915
922
33
708
322
833
612
90
801
152
111
564
56
319
932
611
139
347
421
832
51
503
418
355
39
304
151
471
656
123
689
812
146
168
957
384
507
562
497
239
515
100
970
867
52
248
619
254
1
987
710
129
587
180
552
565
724
286
831
700
685
268
706
368
916
597
680
159
726
436
488
648
863
827
583
764
860
808
838
711
933
745
777
999
196
260
240
608
790
857
172
429
137
947
397
35
259
83
609
748
320
107
30
639
308
212
477
279
16
193
265
613
602
190
461
70
122
797
306
11
34
158
759
197
215
568
864
191
819
362
53
399
383
186
6
937
290
737
581
951
198
60
5
664
378
707
528
551
65
935
634
78
690
276
117
527
688
41
502
604
909
241
522
463
270
501
412
156
233
923
182
618
432
519
214
45
870
243
696
493
847
990
181
953
539
19
451
513
59
789
58
257
859
900
730
713
376
558
400
297
244
450
440
535
876
997
387
600
408
335
624
652
976
121
188
10
443
843
68
969
328
175
201
945
977
603
170
409
500
455
130
447
598
991
617
315
31
344
623
89
572
526
576
992
907
966
187
220
373
271
654
727
644
842
402
118
43
446
385
305
358
453
523
538
192
785
263
758
423
44
213
928
766
80
771
905
103
673
686
627
294
733
641
102
382
606
410
310
484
561
687
251
234
821
472
780
914
993
269
625
179
184
97
725
67
650
904
316
374
807
93
729
742
496
763
879
524
752
303
775
113
630
37
963
177
289
178
417
199
862
292
553
917
834
454
943
751
856
795
296
301
120
794
672
101
61
705
645
811
675
232
42
647
835
592
211
64
365
189
153
610
855
881
224
948
321
481
869
800
62
88
395
657
302
329
925
194
978
734
975
171