973
15 66 91 82 81 24 22 72 73 94 71 99 40 27 47 46 85 50 86 28 26 96 32 13 95 77 7 75 69 74 76 25 36 48 84 4 3 55 79 9 21 0 57 38 12 20 23 98 29 63 49 87 14 92 2 54 18
114
416 449 452 401 479 485 434 445 413 444 491 406 495 492 499 437 407 474 425 435 489 460 480 420 456 494 415 438 411 473 458 419 448 427 430 498 469 428 424 490 439 478 486 441 464 414 467 470 433 482 468 487 462 426 404 422 475 465 466 431 483 403 476 457 459 405 442
110
897 877 894 828 868 823 820 861 858 865 817 803 837 898 884 822 883 810 871 853 872 805 836 845 899 892 874 880 851 888 806 882 814 816 846 844 840 854 830 896 890 809 818 839 824 878 850 848 829 804 815 813 866 849 825 885 886 895 826 893 852 875 891 887 889 841
873
931 912 921 971 938 959 980 964 982 924 967 911 934 939 930 960 961 972 956 996 952 927 950 942 940 946 986 979 968 919 902 944 981 903 983 958 988 908 926 918 901 998 985 936 913 995 929 920 984 974 941 962 949 910 989 965 906 955
222 217 204 227 228 299 261 200 282 226 277 275 249 274 250 256 253 207 229 238 209 208 284 273 295 293 252 258 237 245 281 216 225 230 262 247 218 280 223 246 285 278 205 219 298 291 255 267 242 236 288 210 287 221 283 235 203 266 231 272 202
149
760 701 796 793 716 787 721 736 743 722 712 769 717 756 738 774 754 799 746 781 740 750 798 773 723 735 782 715 753 702 770 755 784 720 762 718 739 704 719 792 744 757 788 731 765 783 772 778 749 791 747 741 761 767 732 714 786 728 776 768 779
145 104 116 138 127 112 165 125 131 135 142 143 154 195 106 176 109 167 174 119 161 157 140 164 183 155 124 166 132 105 150 115 141 163 169 185 147 148 162 108 126 144 160 133 134 136 173
628 635 615 649 660 692 616 668 683 679 684 670 636 643 671 637 682 626 642 659 655 698 695 665 662 651 661 678 667 681 607 658 666 614 601 663 646 693 629 631 669 640 653 622 699 694 605 638 691 620 633 676 677 632 674 697
802
954
574 590 567 582 540 579 596 559 555 505 512 566 510 508 506 589 537 516 570 575 578 585 509 504 521 532 586 556 588 543 517 549 593 542 560 531 584 595 577 573 544 546 530 533 580 591 541 599 569 514 554 547 557 529 511 563 550 536 545 571 594 525 534 518 520
8
371 356 330 311 364 370 312 372 366 341 363 391 350 354 389 361 337 353 334 393 307 333 339 351 392 388 394 342 396 357 359 398 309 345 317 336 379 348 369 324 332 323 367 360 377 381 325 313 375 390 386 326 314 327 343 331 338 346 349 300 380 352 318 340
994
264
548
17
703
709
206
128
915
922
33
708
322
833
612
90
801
152
111
564
56
319
932
611
139
347
421
832
51
503
418
355
39
304
151
471
656
123
689
812
146
168
957
384
507
562
497
621
239
515
100
970
867
52
248
619
254
1
987
710
129
587
180
552
565
724
286
831
700
685
268
706
368
916
597
680
159
726
436
488
648
863
827
583
764
860
808
838
711
933
745
777
999
196
260
240
608
790
857
172
429
137
947
397
35
259
83
609
748
320
107
30
639
308
212
477
279
16
193
265
613
602
190
461
70
122
797
306
11
34
158
759
197
215
568
864
191
819
362
53
399
383
186
6
937
290
737
581
951
198
60
5
664
378
707
528
551
65
935
634
78
690
276
117
527
688
41
502
604
909
241
522
463
270
501
412
156
233
923
182
618
432
519
214
45
870
243
696
493
847
990
181
953
539
19
451
513
59
789
58
257
859
900
730
713
376
558
400
297
244
450
440
535
876
997
387
600
408
335
624
652
976
121
188
10
443
843
68
969
328
175
201
945
977
603
170
409
500
455
130
447
598
991
617
315
31
344
623
89
572
526
576
992
907
966
187
220
373
271
654
727
644
842
402
118
43
446
385
305
358
453
523
538
192
785
263
758
423
44
213
928
766
80
771
905
103
673
686
627
294
733
641
102
382
606
410
310
484
561
687
251
234
821
472
780
914
993
269
625
179
184
97
725
67
650
904
316
374
807
93
729
742
496
763
879
524
752
303
775
113
630
37
963
177
289
178
417
199
862
292
553
917
834
454
943
751
856
795
296
301
120
794
672
101
61
705
645
811
675
232
42
647
835
592
211
64
365
189
153
610
855
881
224
948
321
481
869
800
62
88
395
657
302
329
925
194
978
734
975
171