973
49 55 75 54 23 27 40 84 29 57 66 96 73 21 32 14 82 13 86 76 94 85 50 22 46 7 98 36 95 15 74 26 4 24 72 28 91 0 63 99 2 77 92 25 12 69 38 47 18 20 71 87 79 48 9 81 3
114
416 469 411 476 401 441 491 482 466 438 464 427 435 489 478 434 459 439 431 462 475 473 458 433 445 468 483 467 495 428 456 415 499 442 474 498 457 492 426 414 460 420 404 452 413 465 487 419 430 448 407 406 425 470 422 479 403 424 405 485 486 490 480 437 494 444 449
110
818 822 878 882 892 820 849 861 865 815 805 829 893 814 875 837 816 891 883 804 877 840 885 899 854 889 824 841 852 803 846 872 853 874 871 880 825 809 826 887 806 868 823 848 850 896 886 858 830 845 895 844 898 828 888 817 851 894 890 866 836 813 884 897 839 810
873
980 903 940 924 956 920 952 959 985 995 908 996 962 918 946 911 964 968 949 926 934 982 955 902 986 913 930 921 961 988 960 938 901 929 950 939 998 979 974 910 931 944 936 941 981 967 971 965 983 984 989 972 927 912 919 906 958 942
216 281 207 218 208 293 228 200 280 225 283 223 230 221 291 282 242 258 262 222 252 231 275 274 203 202 299 235 266 284 256 205 217 237 246 236 278 247 204 267 226 285 288 277 227 253 209 273 261 210 238 219 249 245 298 272 295 287 255 229 250
149
753 784 768 736 702 732 704 786 715 712 783 799 791 701 767 728 755 735 719 756 788 718 781 744 722 723 787 757 762 769 773 765 793 741 760 743 714 716 749 746 740 774 720 739 747 776 770 796 782 761 717 750 772 721 731 778 779 754 792 798
145 169 125 176 147 124 150 134 185 155 163 105 154 144 109 183 104 174 133 141 148 162 143 166 165 127 142 160 167 119 115 136 195 140 112 116 135 108 126 132 173 138 106 131 161 164 157
605 681 631 658 636 698 614 633 669 646 628 640 632 653 691 659 662 620 635 666 660 622 665 676 677 638 670 626 678 655 668 643 679 683 642 699 684 697 601 667 674 629 692 616 694 693 649 682 661 671 663 637 607 615 651 695
802
954
580 550 512 557 563 518 594 516 588 546 555 579 595 573 569 537 520 504 505 540 571 556 525 586 590 575 545 582 543 547 584 596 514 531 591 578 574 589 542 585 567 510 577 554 536 593 532 529 509 599 530 508 570 549 506 541 533 544 521 511 517 534 566 559 560
8
359 340 300 361 324 326 327 339 394 389 364 357 343 354 332 369 370 317 390 311 391 352 318 380 381 379 345 366 392 367 334 348 375 307 336 398 333 353 351 337 372 346 313 360 356 323 396 363 388 349 350 309 393 314 331 330 377 341 312 325 371 338 342 386
994
264
548
17
703
709
206
128
915
922
33
708
322
833
612
90
801
152
111
564
56
319
932
611
139
347
421
832
51
503
418
355
39
304
151
471
656
123
689
812
146
168
957
384
507
562
497
621
239
515
100
970
867
52
248
619
254
1
987
710
129
587
180
552
565
724
286
831
700
685
268
706
368
916
597
680
159
726
436
488
648
863
827
583
764
860
808
838
711
933
745
777
999
196
260
240
608
790
857
172
429
137
947
397
35
259
83
609
748
320
107
30
639
308
212
477
279
16
193
265
613
602
190
461
70
122
797
306
11
34
158
759
197
215
568
864
191
819
362
53
399
383
186
6
937
290
737
581
951
198
60
5
664
378
707
528
551
65
935
634
78
690
276
117
527
688
41
502
604
909
241
522
463
270
501
412
156
233
923
182
618
432
519
214
45
870
243
696
493
847
990
181
953
539
19
451
513
59
789
58
257
859
900
730
713
376
558
400
297
244
450
440
535
876
997
387
600
408
335
624
652
976
121
188
10
443
843
68
969
328
175
201
945
977
603
170
409
500
455
130
447
598
991
617
315
31
344
623
89
572
526
576
992
907
966
187
220
373
271
654
727
644
842
402
118
43
446
385
305
358
453
523
538
192
785
263
758
423
44
213
928
766
80
771
905
103
673
686
627
294
733
641
102
382
606
410
310
484
561
687
251
234
821
472
780
914
993
269
625
179
184
97
725
67
650
904
316
374
807
93
729
742
496
763
879
524
752
303
775
113
630
37
963
177
289
178
417
199
862
292
553
917
834
454
943
751
856
795
296
301
120
794
672
101
738
61
705
645
811
675
232
42
647
835
592
211
64
365
189
153
610
855
881
224
948
321
481
869
800
62
88
395
657
302
329
925
194
978
734
975
171