917 949 965 992 986 994 941 950 926 962 977 969 970 908 998 933 930 989 988 905 982 903 999 922 944 954 985 990 918 942 913 931 906 914 943 924 946 996 997 960 951 968 952 921 911 961 953 940 935 964 979 987 983 966 967 901 907 915 995 934 991 927 919 976 981 938 963 945 972 923 909 912 932 920 973 928 958 939 975 902 984 936 925 959 910 993 955 916 904 947 974 980 956 937 978 971 929
26 99 60 37 11 82 51 95 4 81 29 2 72 38 56 92 46 91 96 7 15 85 28 32 59 58 5 78 61 98 19 86 57 90 25 36 67 42 35 54 62 9 97 34 75 55 64 77 66 3 74 17 52 44 23 65 73 80 84 69 20 18 41 45 71 47 83 48 21 40 6 12 43 68 14 10 63 76 53 88 27 94 22 39 89 16 79 50 8 31 24 30 33 49 13 0 87
150 114 125 182 112 100 145 144 184 111 133 196 155 165 189 173 154 127 157 130 128 132 138 119 174 153 135 136 118 195 180 139 104 168 116 186 191 129 113 123 190 193 164 177 199 103 169 110 142 141 120 124 152 117 188 149 172 162 140 179 121 161 160 185 106 166 148 131 137 163 107 102 171 115 170 143 108 126 192 194 105 176 109 197 198 147 167 146 122 134 175 181 187 178 156 183
429 486 405 415 495 413 489 478 428 493 485 425 488 406 469 453 466 461 401 477 441 408 452 481 472 464 474 450 433 451 432 434 498 487 468 426 404 457 496 438 445 403 490 435 459 491 497 455 409 437 476 462 456 436 423 424 440 471 448 446 465 475 470 410 402 422 482 411 420 431 414 480 439 479 427 444 494 473 417 483 499 447 407 454 458 449 419 467 484 460 463 492 416 412 430 442 443
806 895 804 855 813 821 805 825 880 887 847 834 817 822 823 835 858 827 843 842 881 896 811 898 863 851 885 819 854 886 888 862 879 824 867 818 833 861 828 877 840 891 814 826 838 874 875 809 844 865 812 873 820 841 810 830 857 889 870 832 849 869 831 882 893 836 829 850 837 800 845 866 890 897 871 883 846 848 859 864 876 860 853 894 808 815 892 816 884 852 803 899 839 807 868 872 878
207 292 242 276 270 253 297 219 225 251 285 240 200 241 257 228 261 211 295 206 235 258 293 269 255 298 289 205 227 259 220 280 232 283 239 299 204 281 264 202 284 212 246 272 250 229 287 226 248 273 243 233 274 223 213 254 263 266 267 214 217 286 215 256 247 294 262 282 216 218 244 237 221 208 234 238 224 231 275 268 296 209 278 249 252 291 222 230 279 265 210 236 290 245 288 277 203
770 765 746 747 758 732 714 750 778 785 705 793 771 798 736 740 717 783 774 739 708 799 757 729 751 748 796 797 731 741 761 782 766 767 764 752 711 742 773 794 744 716 754 709 707 703 769 745 772 790 702 760 719 715 733 718 755 737 724 728 722 781 756 776 735 795 704 710 780 786 759 784 775 789 701 743 721 777 734 725 738 753 762 723 730 791 763 779 788 712 749 713 792 720 787 768
610 650 617 630 674 646 673 679 660 653 695 677 696 633 682 628 605 685 611 623 683 625 620 602 689 657 659 684 614 626 616 661 629 669 622 656 686 606 664 687 662 681 635 634 644 641 603 649 643 618 631 697 693 672 640 668 601 667 648 666 638 688 636 654 678 692 663 639 621 609 642 658 655 608 652 690 691 694 676 699 675 615 604 647 645 671 632 627 613 637 680 624 665 651 698 607 612 670
802
537 502 599 541 504 550 551 573 501 578 517 522 520 515 590 536 591 523 503 518 513 507 584 566 508 527 582 567 534 524 585 579 575 569 588 583 533 592 595 546 593 509 512 510 594 556 570 552 519 521 506 554 545 598 548 580 589 563 562 516 568 555 547 564 586 587 565 528 539 505 559 561 526 549 543 597 511 529 560 596 514 553 535 544 532 558 542 574 576 538 540 581 577 571 525 557 531 530
385 352 387 345 320 383 360 325 353 334 390 375 329 328 379 300 322 333 343 346 369 324 357 348 314 389 337 315 326 376 338 321 336 323 396 380 395 366 341 394 363 347 317 381 399 361 304 354 351 344 362 355 313 349 335 371 358 308 391 331 393 356 309 307 306 368 388 305 373 377 350 398 397 364 312 378 327 340 382 303 392 311 318 330 365 372 386 310 342 332 370 339 319 384 359 302 367
801
421
418
151
957
619
1
700
706
159
726
260
70
158
900
400
600
201
500
572
271
727
316
374
93
856
301
101
948