973
98 32 57 73 99 13 96 23 79 82 36 95 9 25 29 48 3 85 7 28 63 69 24 14 77 21 87 18 46 2 71 15 4 94 91 72 75 26 84 55 86 47 50 0 74 92 27 49 81 22 54 66 40 38 12 76 20
114
435 433 441 456 406 457 444 424 489 474 445 430 415 449 459 442 492 476 460 448 427 434 468 482 498 431 426 487 483 485 425 420 494 422 437 467 495 490 404 475 438 470 407 491 479 465 464 473 401 499 413 428 458 462 452 478 480 403 414 486 466 411 469 439 416 419 405
110
817 814 851 810 872 889 882 848 884 825 805 844 824 891 880 804 858 886 806 849 840 883 877 826 816 887 822 829 897 818 837 896 828 898 813 815 888 852 853 890 894 866 874 895 871 854 839 845 841 809 861 836 820 830 893 875 899 846 885 823 850 868 878 892 865 803
873
911 974 939 956 926 968 944 972 913 998 961 920 996 910 982 958 930 934 980 938 912 984 967 924 959 902 950 989 949 986 962 985 971 919 941 965 964 936 940 908 927 906 903 952 929 960 946 942 955 981 931 901 979 921 988 918 983 995
284 250 216 235 281 210 219 282 280 277 247 237 252 230 246 261 231 291 205 208 262 245 256 202 226 229 288 209 249 274 236 242 283 258 253 299 222 223 200 287 217 295 238 272 278 298 285 275 266 204 218 293 273 255 221 228 203 267 225 227 207
149
772 793 792 783 779 750 716 781 702 719 799 747 776 784 791 717 773 720 787 782 755 743 736 762 741 704 715 767 732 786 731 739 728 769 740 723 796 761 757 753 712 760 798 749 722 721 735 770 774 756 754 718 768 788 778 746 765 701 744 714
116 133 106 155 115 185 169 166 157 132 119 104 126 147 183 138 164 140 160 125 150 135 124 167 161 109 143 134 112 131 136 165 148 163 108 195 174 173 142 105 141 176 154 145 144 162 127
615 616 663 638 631 667 636 698 665 632 684 692 633 622 671 695 682 683 693 662 601 699 677 661 637 660 697 679 668 694 635 620 605 681 607 649 669 653 646 691 626 670 651 642 659 666 643 655 674 629 640 614 658 628 678
802
954
541 508 559 577 566 542 590 514 544 591 575 574 550 594 537 549 518 505 529 582 567 589 585 534 509 579 510 532 521 540 504 506 545 547 530 525 571 596 593 543 512 595 531 546 533 569 588 570 516 511 555 557 578 573 517 563 520 556 554 599 560 584 580 586 536
8
360 356 323 351 312 379 357 331 390 311 334 309 332 364 394 386 398 341 392 359 342 338 391 318 307 339 326 363 349 377 336 300 314 346 330 340 325 343 369 317 380 371 327 350 353 352 375 333 389 366 313 388 348 345 324 367 381 372 337 370 396 354 393 361
994
264
548
17
703
709
206
128
915
922
33
676
708
322
833
612
90
801
152
111
564
56
319
932
611
139
347
421
832
51
503
418
355
39
304
151
471
656
123
689
812
146
168
957
384
507
562
497
621
239
515
100
970
867
52
248
619
254
1
987
710
129
587
180
552
565
724
286
831
700
685
268
706
368
916
597
680
159
726
436
488
648
863
827
583
764
860
808
838
711
933
745
777
999
196
260
240
608
790
857
172
429
137
947
397
35
259
83
609
748
320
107
30
639
308
212
477
279
16
193
265
613
602
190
461
70
122
797
306
11
34
158
759
197
215
568
864
191
819
362
53
399
383
186
6
937
290
737
581
951
198
60
5
664
378
707
528
551
65
935
634
78
690
276
117
527
688
41
502
604
909
241
522
463
270
501
412
156
233
923
182
618
432
519
214
45
870
243
696
493
847
990
181
953
539
19
451
513
59
789
58
257
859
900
730
713
376
558
400
297
244
450
440
535
876
997
387
600
408
335
624
652
976
121
188
10
443
843
68
969
328
175
201
945
977
603
170
409
500
455
130
447
598
991
617
315
31
344
623
89
572
526
576
992
907
966
187
220
373
271
654
727
644
842
402
118
43
446
385
305
358
453
523
538
192
785
263
758
423
44
213
928
766
80
771
905
103
673
686
627
294
733
641
102
382
606
410
310
484
561
687
251
234
821
472
780
914
993
269
625
179
184
97
725
67
650
904
316
374
807
93
729
742
496
763
879
524
752
303
775
113
630
37
963
177
289
178
417
199
862
292
553
917
834
454
943
751
856
795
296
301
120
794
672
101
738
61
705
645
811
675
232
42
647
835
592
211
64
365
189
153
610
855
881
224
948
321
481
869
800
62
88
395
657
302
329
925
194
978
734
975
171