973
77 48 57 63 18 75 23 69 32 72 79 71 94 7 4 55 9 20 22 0 26 85 73 38 2 91 24 96 13 54 40 21 12 36 27 98 3 76 84 82 95 66 46 47 92 29 25 87 99 49 86 28 15 74 50 14 81
114
426 449 425 422 499 466 416 437 485 492 473 480 460 428 478 498 405 406 491 468 404 479 424 490 407 483 458 401 459 486 434 448 489 470 413 476 427 475 420 441 414 435 469 487 456 465 403 433 419 442 439 482 494 457 430 462 452 438 467 431 495 415 444 474 411 464 445
110
861 888 848 828 868 825 844 810 854 816 823 813 818 830 846 897 884 872 887 885 892 898 852 893 890 850 882 826 805 894 871 851 853 895 896 840 814 837 820 829 809 803 874 875 865 804 841 899 839 845 891 815 836 822 824 866 858 817 849 877 883 889 880 806 886 878
873
985 982 939 926 998 967 983 962 950 920 981 980 949 942 996 906 972 960 958 902 955 931 929 961 984 941 956 946 924 944 913 974 918 910 952 927 934 936 968 959 995 964 903 940 908 965 989 988 979 971 911 921 930 912 938 919 986 901
216 282 208 237 261 204 295 236 255 299 221 272 226 242 246 235 258 288 223 256 250 280 210 262 277 229 200 245 228 231 267 274 227 283 284 225 202 293 287 285 219 253 247 298 205 291 249 281 218 275 217 203 222 230 273 252 238 209 278 207 266
149
784 762 753 776 765 796 731 798 799 728 769 744 779 756 746 791 786 757 761 772 792 781 788 701 782 760 719 747 750 720 714 716 704 712 741 732 787 773 754 718 767 721 770 774 749 755 722 702 717 736 715 783 743 778 740 768 723 735 739
125 161 136 166 119 147 116 112 150 173 157 138 131 162 134 176 142 127 164 169 163 154 133 126 145 185 109 141 174 124 106 140 115 155 108 183 167 143 165 144 105 148 195 160 132 135 104
660 640 691 638 636 632 622 699 677 633 670 658 620 694 607 651 666 671 642 631 649 629 659 635 667 653 601 681 668 683 682 679 615 646 665 678 637 655 692 616 614 698 661 674 605 684 669 697 643 626 695 662 693 663 628
802
954
570 560 593 575 594 578 542 533 530 505 536 557 537 559 589 590 509 567 529 574 544 512 586 588 547 549 525 521 571 517 554 556 569 510 540 545 591 582 579 563 555 516 580 518 573 508 595 596 599 511 585 506 577 520 566 514 504 531 541 550 546 543 532 534 584
8
360 361 337 371 343 391 307 314 331 372 346 356 369 357 330 327 350 332 366 349 390 325 345 300 323 370 381 313 336 375 309 359 394 396 393 339 318 379 342 377 312 333 388 311 380 341 317 340 348 392 389 352 386 326 353 334 364 351 338 354 363 324 367 398
994
264
548
17
703
709
206
128
915
922
33
676
708
322
833
612
90
801
152
111
564
56
319
932
611
139
347
421
832
51
503
418
793
355
39
304
151
471
656
123
689
812
146
168
957
384
507
562
497
621
239
515
100
970
867
52
248
619
254
1
987
710
129
587
180
552
565
724
286
831
700
685
268
706
368
916
597
680
159
726
436
488
648
863
827
583
764
860
808
838
711
933
745
777
999
196
260
240
608
790
857
172
429
137
947
397
35
259
83
609
748
320
107
30
639
308
212
477
279
16
193
265
613
602
190
461
70
122
797
306
11
34
158
759
197
215
568
864
191
819
362
53
399
383
186
6
937
290
737
581
951
198
60
5
664
378
707
528
551
65
935
634
78
690
276
117
527
688
41
502
604
909
241
522
463
270
501
412
156
233
923
182
618
432
519
214
45
870
243
696
493
847
990
181
953
539
19
451
513
59
789
58
257
859
900
730
713
376
558
400
297
244
450
440
535
876
997
387
600
408
335
624
652
976
121
188
10
443
843
68
969
328
175
201
945
977
603
170
409
500
455
130
447
598
991
617
315
31
344
623
89
572
526
576
992
907
966
187
220
373
271
654
727
644
842
402
118
43
446
385
305
358
453
523
538
192
785
263
758
423
44
213
928
766
80
771
905
103
673
686
627
294
733
641
102
382
606
410
310
484
561
687
251
234
821
472
780
914
993
269
625
179
184
97
725
67
650
904
316
374
807
93
729
742
496
763
879
524
752
303
775
113
630
37
963
177
289
178
417
199
862
292
553
917
834
454
943
751
856
795
296
301
120
794
672
101
738
61
705
645
811
675
232
42
647
835
592
211
64
365
189
153
610
855
881
224
948
321
481
869
800
62
88
395
657
302
329
925
194
978
734
975
171