973
12 18 50 13 71 22 55 92 27 15 98 76 74 81 2 96 9 63 0 20 3 14 40 54 7 77 47 49 25 99 82 24 32 87 73 79 38 36 84 85 29 21 86 66 4 94 95 46 23 72 69 75 26 57 48 91 28
114
437 458 487 473 466 486 498 427 435 407 448 445 420 480 426 470 456 416 430 465 414 428 476 464 411 474 499 444 415 495 469 478 441 442 491 483 457 490 449 459 468 424 489 434 467 431 425 479 460 433 404 419 462 494 403 439 401 452 422 485 413 406 482 405 492 475 438
110
817 824 894 897 892 861 865 849 825 840 891 866 813 885 889 841 887 829 895 822 853 858 854 830 893 816 846 884 839 815 805 804 877 883 872 850 837 848 845 826 836 898 880 868 852 851 803 828 814 899 890 823 809 810 886 896 882 871 844 806 878 820 818 888 874 875
873
968 949 965 942 955 962 920 931 913 911 924 940 985 936 998 950 934 930 941 918 919 958 906 910 960 979 964 995 952 974 912 972 946 956 996 971 938 921 988 961 944 982 929 986 901 984 967 981 926 903 902 980 927 959 939 908 983 989
226 222 285 253 236 282 274 262 210 246 228 245 247 237 298 219 242 216 280 225 205 221 235 200 204 249 227 281 272 217 207 284 288 287 208 223 229 283 209 291 231 277 256 250 261 218 266 230 299 273 278 267 293 203 252 258 255 275 295 202 238
149
757 744 736 747 704 735 753 717 750 721 792 782 749 773 754 701 798 779 799 788 715 702 719 731 761 740 796 776 714 787 723 768 722 762 718 765 728 778 739 716 741 755 772 769 784 760 743 786 732 781 774 720 712 770 767 783 756 791 746
138 150 160 185 144 154 108 115 125 132 141 143 161 136 133 106 109 112 119 104 147 131 173 145 155 140 166 174 116 163 195 142 124 127 169 157 165 164 134 148 167 176 183 135 126 162 105
616 636 677 684 633 683 605 698 640 674 697 693 643 678 665 682 635 620 681 626 638 659 614 632 615 679 607 601 637 668 671 651 661 667 670 699 666 629 655 658 695 662 628 649 642 631 660 669 653 691 646 692 694 663 622
802
954
588 567 554 566 594 546 559 517 541 510 556 584 504 537 573 563 591 518 593 570 557 560 574 590 544 580 585 595 596 577 586 506 578 547 582 505 549 579 571 550 532 521 589 536 509 529 514 530 542 540 555 545 531 543 569 525 534 511 533 508 520 575 516 512 599
8
340 388 351 389 371 318 393 317 369 337 360 386 307 364 326 323 367 361 381 357 372 392 353 350 352 341 333 345 391 312 390 339 311 396 313 327 363 338 356 342 314 334 380 325 379 354 324 343 366 375 309 346 359 336 331 330 394 300 348 332 349 370 398
994
264
548
17
703
709
206
128
915
922
33
676
708
322
833
612
90
801
152
111
564
56
319
932
611
139
347
421
832
377
51
503
418
793
355
39
304
151
471
656
123
689
812
146
168
957
384
507
562
497
621
239
515
100
970
867
52
248
619
254
1
987
710
129
587
180
552
565
724
286
831
700
685
268
706
368
916
597
680
159
726
436
488
648
863
827
583
764
860
808
838
711
933
745
777
999
196
260
240
608
790
857
172
429
137
947
397
35
259
83
609
748
320
107
30
639
308
212
477
279
16
193
265
613
602
190
461
70
122
797
306
11
34
158
759
197
215
568
864
191
819
362
53
399
383
186
6
937
290
737
581
951
198
60
5
664
378
707
528
551
65
935
634
78
690
276
117
527
688
41
502
604
909
241
522
463
270
501
412
156
233
923
182
618
432
519
214
45
870
243
696
493
847
990
181
953
539
19
451
513
59
789
58
257
859
900
730
713
376
558
400
297
244
450
440
535
876
997
387
600
408
335
624
652
976
121
188
10
443
843
68
969
328
175
201
945
977
603
170
409
500
455
130
447
598
991
617
315
31
344
623
89
572
526
576
992
907
966
187
220
373
271
654
727
644
842
402
118
43
446
385
305
358
453
523
538
192
785
263
758
423
44
213
928
766
80
771
905
103
673
686
627
294
733
641
102
382
606
410
310
484
561
687
251
234
821
472
780
914
993
269
625
179
184
97
725
67
650
904
316
374
807
93
729
742
496
763
879
524
752
303
775
113
630
37
963
177
289
178
417
199
862
292
553
917
834
454
943
751
856
795
296
301
120
794
672
101
738
61
705
645
811
675
232
42
647
835
592
211
64
365
189
153
610
855
881
224
948
321
481
869
800
62
88
395
657
302
329
925
194
978
734
975
171