973
21 29 27 82 91 95 92 69 9 77 72 74 50 87 66 25 63 7 15 71 23 57 54 46 76 20 84 32 18 48 3 24 0 14 22 12 99 86 2 75 55 28 94 47 85 36 98 13 81 73 49 96 26 38 79 4 40
114
474 406 480 489 456 459 441 478 468 492 448 414 403 438 413 435 462 431 424 401 452 494 422 407 419 430 460 465 411 487 475 445 426 498 434 416 420 437 404 457 464 444 467 442 491 482 425 483 470 466 405 449 486 433 485 476 427 415 473 458 479 495 469 428 439 499 490
110
896 803 815 866 806 818 813 822 890 892 897 887 823 804 810 830 826 888 872 817 882 883 899 844 853 841 850 851 880 895 839 837 875 884 874 824 816 861 809 894 840 877 871 889 820 865 848 868 845 829 885 893 898 849 836 891 854 814 852 805 858 886 878 846 825 828
873
986 981 968 950 956 952 946 971 910 940 921 982 930 985 988 911 944 989 949 929 996 938 912 902 927 924 974 901 936 983 972 920 913 942 941 955 958 962 903 931 984 980 908 961 959 979 964 960 926 906 919 995 918 965 934 998 939 967
229 275 246 253 283 231 202 280 225 262 272 282 208 221 205 291 238 298 223 228 273 261 218 222 293 285 204 295 278 288 250 230 299 209 281 284 216 207 242 219 245 267 249 237 247 252 226 277 258 203 227 256 266 236 235 287 210 200 274 217 255
149
791 776 782 757 784 712 750 719 772 796 781 722 741 786 714 768 720 736 792 739 735 756 774 717 718 732 761 778 701 747 767 762 765 770 798 753 728 760 755 744 769 773 749 754 779 723 783 704 799 721 731 740 788 702 715 746 787 743 716
150 162 183 145 173 115 138 142 174 167 165 164 169 147 154 131 176 108 126 134 104 105 161 163 127 125 132 133 106 185 160 140 141 144 157 124 135 148 136 143 195 116 112 166 155 109 119
663 671 632 666 616 674 683 626 679 635 698 665 684 694 693 622 667 681 659 662 629 649 637 692 668 642 677 633 670 697 646 695 636 658 620 651 607 628 660 640 631 653 699 638 615 614 682 643 655 678 601 661 669 691 605
802
954
550 533 531 534 571 541 547 537 511 540 590 591 505 579 516 521 577 518 599 594 578 560 517 569 575 570 544 566 567 546 580 506 573 508 554 557 595 520 510 530 543 582 525 545 509 563 586 529 559 593 555 504 589 584 549 585 574 556 532 512 596 536 588 542 514
8
337 346 334 332 369 371 345 379 366 388 313 352 380 333 307 343 348 318 351 340 342 349 390 327 330 381 354 398 359 339 356 338 314 360 311 323 391 336 341 370 309 317 350 394 389 361 331 364 357 367 312 324 363 392 353 325 326 300 386 393 396 375
994
264
548
17
703
709
206
128
915
922
33
676
708
322
833
612
90
801
152
111
564
56
319
932
611
139
347
421
832
377
51
503
418
793
355
39
304
151
471
656
123
689
812
146
168
957
384
507
562
497
621
239
515
100
970
867
52
248
619
254
1
987
710
129
587
180
552
565
724
286
831
700
685
268
706
368
916
597
680
159
726
436
488
648
863
827
583
764
860
808
838
711
933
745
777
999
196
260
240
608
790
857
172
429
137
947
397
35
259
83
609
748
320
107
30
639
308
212
477
279
16
193
265
613
602
190
461
70
122
797
306
11
34
158
759
197
215
568
864
191
819
362
53
399
383
186
6
937
290
737
581
951
198
60
5
664
378
707
528
551
65
935
634
78
690
276
117
527
688
41
502
604
909
241
522
463
270
501
412
156
233
923
182
618
432
519
214
45
870
243
696
493
847
990
181
953
539
19
451
513
59
789
58
257
859
900
372
730
713
376
558
400
297
244
450
440
535
876
997
387
600
408
335
624
652
976
121
188
10
443
843
68
969
328
175
201
945
977
603
170
409
500
455
130
447
598
991
617
315
31
344
623
89
572
526
576
992
907
966
187
220
373
271
654
727
644
842
402
118
43
446
385
305
358
453
523
538
192
785
263
758
423
44
213
928
766
80
771
905
103
673
686
627
294
733
641
102
382
606
410
310
484
561
687
251
234
821
472
780
914
993
269
625
179
184
97
725
67
650
904
316
374
807
93
729
742
496
763
879
524
752
303
775
113
630
37
963
177
289
178
417
199
862
292
553
917
834
454
943
751
856
795
296
301
120
794
672
101
738
61
705
645
811
675
232
42
647
835
592
211
64
365
189
153
610
855
881
224
948
321
481
869
800
62
88
395
657
302
329
925
194
978
734
975
171