973
46 84 96 76 66 99 63 54 28 7 23 29 87 14 48 27 69 72 71 86 82 32 77 36 94 20 49 0 95 73 24 12 98 75 2 81 25 57 15 26 85 47 38 74 55 79 22 92 50 40 18 91 3 9 13 4 21
114
445 401 435 425 475 458 413 416 499 489 403 448 467 444 492 485 465 405 442 470 449 468 427 437 452 407 486 494 404 473 424 438 459 433 498 466 479 464 441 462 414 411 460 415 426 469 406 478 420 495 490 428 487 439 476 480 482 434 457 419 491 422 456 483 430 431 474
110
813 829 846 852 887 841 891 844 871 823 810 809 894 892 885 814 826 878 804 850 858 884 817 872 851 877 899 839 840 896 825 895 849 888 824 882 893 886 853 803 828 820 845 806 866 898 815 874 822 875 837 805 883 868 865 897 818 830 848 816 889 854 880 836 861 890
873
936 962 950 931 964 930 940 939 952 979 958 995 972 998 903 927 912 982 941 980 902 942 918 949 988 911 955 996 960 985 981 983 984 968 986 974 959 934 944 938 921 919 956 989 924 946 967 910 920 908 926 929 961 901 906 965 971 913
295 221 236 217 231 242 200 225 222 229 280 216 228 227 277 223 285 247 267 218 219 261 202 266 208 258 273 245 278 256 284 238 283 203 282 262 253 298 250 291 249 281 205 287 255 226 252 299 237 207 246 272 288 209 230 293 235 274 204 210 275
149
772 754 762 769 735 732 736 761 755 774 796 712 720 768 778 792 746 739 786 757 704 787 718 743 701 747 767 788 741 773 750 756 728 791 776 731 740 779 723 722 783 798 784 781 744 749 782 714 702 717 765 715 753 719 716 760 799 721
104 108 119 150 138 116 144 125 134 133 106 174 162 105 135 136 165 164 169 141 140 109 126 157 163 132 166 143 155 183 167 160 173 195 112 127 142 147 115 148 176 154 131 185 145 124 161
699 607 671 640 679 682 620 694 601 653 622 695 633 667 643 636 605 631 661 681 663 659 655 635 666 629 693 649 660 697 632 692 614 684 638 683 626 674 691 662 670 637 642 615 646 698 665 668 658 651 677 616 628 669 678
802
954
542 550 573 530 536 534 557 560 554 586 579 569 570 540 599 529 520 556 533 506 516 596 549 543 555 578 546 567 585 505 510 537 588 591 545 575 541 584 577 571 511 521 531 514 589 582 566 508 509 595 590 532 512 518 580 517 559 547 593 563 504 544 574 594 525
8
379 323 340 364 330 314 357 375 309 360 342 313 398 356 391 333 380 325 336 339 394 353 324 386 332 381 367 341 396 311 359 393 331 390 334 307 312 346 326 352 345 388 318 337 350 389 363 300 366 354 327 348 361 349 338 371 317 343 370 351 369 392
994
264
548
17
703
709
206
128
915
922
33
676
708
322
833
612
90
801
152
111
564
56
319
932
611
139
347
421
832
377
51
503
418
793
355
39
304
151
471
656
123
689
812
146
168
957
384
507
562
497
621
239
515
100
970
867
52
248
619
254
1
987
710
129
587
180
552
565
724
286
831
700
685
268
706
368
916
597
680
159
726
436
488
648
770
863
827
583
764
860
808
838
711
933
745
777
999
196
260
240
608
790
857
172
429
137
947
397
35
259
83
609
748
320
107
30
639
308
212
477
279
16
193
265
613
602
190
461
70
122
797
306
11
34
158
759
197
215
568
864
191
819
362
53
399
383
186
6
937
290
737
581
951
198
60
5
664
378
707
528
551
65
935
634
78
690
276
117
527
688
41
502
604
909
241
522
463
270
501
412
156
233
923
182
618
432
519
214
45
870
243
696
493
847
990
181
953
539
19
451
513
59
789
58
257
859
900
372
730
713
376
558
400
297
244
450
440
535
876
997
387
600
408
335
624
652
976
121
188
10
443
843
68
969
328
175
201
945
977
603
170
409
500
455
130
447
598
991
617
315
31
344
623
89
572
526
576
992
907
966
187
220
373
271
654
727
644
842
402
118
43
446
385
305
358
453
523
538
192
785
263
758
423
44
213
928
766
80
771
905
103
673
686
627
294
733
641
102
382
606
410
310
484
561
687
251
234
821
472
780
914
993
269
625
179
184
97
725
67
650
904
316
374
807
93
729
742
496
763
879
524
752
303
775
113
630
37
963
177
289
178
417
199
862
292
553
917
834
454
943
751
856
795
296
301
120
794
672
101
738
61
705
645
811
675
232
42
647
835
592
211
64
365
189
153
610
855
881
224
948
321
481
869
800
62
88
395
657
302
329
925
194
978
734
975
171