973
55 77 27 72 74 15 46 20 13 0 94 29 50 95 54 71 36 4 7 86 85 79 84 22 82 75 32 48 40 21 63 87 91 73 24 76 47 57 96 98 92 81 25 99 23 2 9 49 66 69 3 28 14 26 18 38 12
114
425 401 452 480 491 445 459 467 476 419 495 406 422 458 416 414 407 470 411 499 479 437 469 449 441 404 485 492 473 460 420 490 413 431 442 482 474 444 430 489 468 478 434 448 438 426 498 465 486 466 435 428 464 456 424 457 494 487 439 415 403 427 462 483 433 475 405
110
880 841 882 826 894 813 846 883 830 866 853 825 839 872 898 822 899 803 891 824 851 892 850 884 816 854 828 815 896 895 805 836 809 817 804 849 814 844 861 897 875 887 840 848 888 858 877 852 829 818 871 878 837 820 845 874 810 889 890 893 865 886 868 806 823 885
873
912 903 983 967 952 901 930 941 902 979 971 938 913 972 918 986 996 965 929 936 946 926 981 949 982 910 939 919 906 974 988 911 968 956 942 980 964 955 924 950 984 927 921 959 995 961 962 998 944 908 934 960 985 958 920 931 940 989
250 261 226 200 282 278 287 245 295 255 291 246 236 231 284 218 242 299 267 227 237 252 203 293 216 207 221 288 238 266 217 202 229 210 230 272 205 208 280 274 283 285 258 204 262 222 253 281 235 277 256 298 249 223 225 228 209 275 219 273
149
768 754 787 786 716 728 761 739 732 757 714 750 746 744 779 792 749 736 722 769 701 760 702 767 719 723 765 743 717 741 788 731 762 796 755 781 783 753 784 799 747 720 756 715 740 782 774 791 704 776 798 778 718 735 721 773 772 712
169 104 127 157 132 154 108 133 126 135 125 136 185 174 140 134 173 160 109 112 183 164 162 167 141 106 138 163 161 176 155 145 165 142 148 150 115 147 143 105 195 166 144 119 124 131 116
615 693 643 678 684 671 662 692 659 667 649 670 633 646 658 695 636 651 669 699 607 632 622 677 655 620 640 653 616 638 681 629 660 665 697 631 642 605 628 691 683 674 626 637 668 601 663 661 635 666 614 679 698 682 694
802
954
594 506 536 596 586 543 557 593 542 555 575 590 582 508 516 567 585 588 570 599 518 525 505 549 509 537 563 544 541 530 554 545 579 566 591 580 589 517 547 584 533 577 546 520 574 529 531 578 534 512 532 595 571 521 569 556 560 559 504 511 550 510 514 573 540
8
392 364 351 334 361 312 363 318 313 343 323 311 332 317 349 348 309 367 341 359 342 326 394 324 353 345 346 396 325 350 354 388 389 337 393 381 357 360 338 386 391 339 333 370 336 398 340 379 327 390 307 356 300 375 369 331 371 352 314 380 366 330
994
264
548
17
703
709
206
128
915
922
33
676
708
322
833
612
90
801
152
111
564
56
319
932
611
139
347
421
832
377
51
503
418
793
355
39
304
151
471
656
123
689
812
146
168
957
384
507
562
497
621
239
515
100
970
867
52
248
619
254
1
987
710
129
587
180
552
565
724
286
831
700
685
268
706
368
916
597
680
159
726
436
488
648
770
863
827
583
764
860
808
838
711
933
745
777
999
196
260
240
608
790
857
172
429
137
947
397
35
259
83
609
748
320
107
30
639
308
212
477
279
16
193
265
613
602
190
461
70
122
797
306
11
34
158
759
197
215
568
864
191
819
362
53
399
383
186
6
937
290
737
581
951
198
60
5
664
378
707
528
551
65
935
634
78
690
276
117
527
688
41
502
604
909
241
522
463
270
501
412
156
233
923
182
618
432
519
214
45
870
243
696
493
847
990
181
953
539
19
451
513
59
789
58
257
859
900
372
730
713
376
558
400
297
244
450
440
535
876
997
387
600
408
335
624
652
976
121
188
10
443
843
68
969
328
175
201
945
977
603
170
409
500
455
130
447
598
991
617
315
31
344
623
89
572
526
576
992
907
966
187
220
373
271
654
727
644
842
402
118
43
446
385
305
358
453
523
538
192
785
263
758
423
44
213
928
766
80
771
905
103
673
686
627
294
733
641
102
382
606
410
310
484
561
687
251
234
821
472
780
914
993
269
625
179
184
97
247
725
67
650
904
316
374
807
93
729
742
496
763
879
524
752
303
775
113
630
37
963
177
289
178
417
199
862
292
553
917
834
454
943
751
856
795
296
301
120
794
672
101
738
61
705
645
811
675
232
42
647
835
592
211
64
365
189
153
610
855
881
224
948
321
481
869
800
62
88
395
657
302
329
925
194
978
734
975
171