973
46 18 9 86 21 87 50 55 71 69 13 0 2 32 72 74 81 84 99 15 66 29 26 73 85 24 92 27 76 57 12 20 49 75 28 98 79 23 95 14 3 96 7 36 22 94 63 40 82 48 25 38 91 4 47 77 54
114
482 406 468 456 498 462 431 405 470 427 437 467 465 426 464 416 480 430 403 407 425 401 483 489 457 485 458 422 490 415 449 445 448 420 466 492 469 439 486 413 476 442 473 474 433 478 435 404 491 434 495 444 499 424 428 479 475 460 414 459 411 441 452 487 438 419 494
110
806 899 875 893 896 884 830 805 898 878 895 828 868 824 891 848 815 888 844 841 846 825 883 826 897 850 814 810 880 877 889 823 887 836 822 837 865 858 817 818 890 816 874 804 803 813 866 840 852 885 853 892 849 820 839 809 886 871 854 845 894 851 872 829 882 861
873
901 938 974 944 964 965 908 920 927 979 949 959 956 962 946 918 926 934 913 995 903 986 906 911 939 941 985 931 996 981 982 988 929 910 967 919 955 930 936 971 924 942 921 989 960 972 902 984 940 968 961 980 950 912 952 983 958
238 200 252 275 255 225 284 237 218 250 287 278 277 219 280 283 293 230 299 245 288 210 291 253 226 258 217 295 221 266 203 298 246 227 274 235 229 249 205 281 209 207 228 216 208 261 223 231 262 256 273 204 222 282 267 242 236 285 202 272
149
712 769 716 715 761 796 767 717 762 783 719 739 774 788 784 755 736 702 741 778 720 714 776 798 779 772 704 781 753 799 792 740 735 743 701 791 718 750 723 768 722 754 744 757 786 746 747 732 731 728 765 721 760 773 782 749 787 756
150 142 125 160 144 138 135 167 145 147 136 143 133 148 174 141 140 155 132 115 162 105 126 106 163 183 154 116 166 195 176 109 108 157 164 112 173 169 104 127 185 119 165 134 131 124 161
697 699 631 649 677 637 646 620 692 691 698 632 643 659 670 636 682 671 693 662 684 616 683 638 601 633 660 653 658 615 695 661 655 607 622 678 635 674 640 679 605 665 642 663 667 681 669 668 614 628 626 666 694 629 651
802
954
544 594 574 517 521 546 588 573 580 595 532 533 508 536 543 504 584 559 569 570 534 516 511 560 545 567 529 585 520 542 510 512 514 582 525 557 586 509 578 579 596 541 591 506 549 540 550 555 575 566 531 599 590 518 577 589 547 537 563 554 530 556 571 593 505
8
313 396 398 375 366 314 326 340 327 348 354 371 318 391 367 353 337 312 336 307 386 379 334 370 343 357 341 359 389 323 351 364 369 360 300 330 338 350 393 317 324 380 332 325 356 331 363 342 392 390 388 345 346 352 333 349 311 339 394 309 361 381
994
264
548
17
703
709
206
128
915
922
33
676
708
322
833
612
90
801
152
111
564
56
319
932
611
139
347
421
832
377
51
503
418
793
355
39
304
151
471
656
123
689
812
146
168
957
384
507
562
497
621
239
515
100
970
867
52
248
619
254
1
987
710
129
587
180
552
565
724
286
831
700
685
268
706
368
916
597
680
159
726
436
488
648
770
863
827
583
764
860
808
838
711
933
745
777
999
196
260
240
608
790
857
172
429
137
947
397
35
259
83
609
748
320
107
30
639
308
212
477
279
16
193
265
613
602
190
461
70
122
797
306
11
34
158
759
197
215
568
864
191
819
362
53
399
383
186
6
937
290
737
581
951
198
60
5
664
378
707
528
551
65
935
634
78
998
690
276
117
527
688
41
502
604
909
241
522
463
270
501
412
156
233
923
182
618
432
519
214
45
870
243
696
493
847
990
181
953
539
19
451
513
59
789
58
257
859
900
372
730
713
376
558
400
297
244
450
440
535
876
997
387
600
408
335
624
652
976
121
188
10
443
843
68
969
328
175
201
945
977
603
170
409
500
455
130
447
598
991
617
315
31
344
623
89
572
526
576
992
907
966
187
220
373
271
654
727
644
842
402
118
43
446
385
305
358
453
523
538
192
785
263
758
423
44
213
928
766
80
771
905
103
673
686
627
294
733
641
102
382
606
410
310
484
561
687
251
234
821
472
780
914
993
269
625
179
184
97
247
725
67
650
904
316
374
807
93
729
742
496
763
879
524
752
303
775
113
630
37
963
177
289
178
417
199
862
292
553
917
834
454
943
751
856
795
296
301
120
794
672
101
738
61
705
645
811
675
232
42
647
835
592
211
64
365
189
153
610
855
881
224
948
321
481
869
800
62
88
395
657
302
329
925
194
978
734
975
171