973
21 3 9 77 24 26 18 20 25 63 66 0 13 40 87 47 73 54 81 79 29 94 12 86 96 15 32 46 71 98 74 14 49 82 95 75 76 99 91 72 27 7 84 38 23 50 22 36 55 48 85 4 69 28 92 57 2
114
413 478 468 442 479 482 435 483 431 424 411 441 499 491 466 474 426 444 425 473 475 492 414 438 460 433 480 456 407 420 428 489 416 469 448 490 430 452 470 404 476 462 405 434 427 494 445 439 422 486 459 457 487 437 465 415 467 401 464 419 495 458 449 406 403 498 485
110
877 861 888 895 866 889 837 836 814 841 813 853 880 805 804 878 826 858 872 816 865 897 845 894 886 846 898 882 806 852 848 822 818 871 887 803 885 820 893 840 825 875 815 854 892 899 883 868 890 824 809 851 829 849 810 891 884 844 828 896 839 817 830 823 850 874
873
941 989 988 939 950 982 959 934 974 956 944 912 985 929 901 983 958 952 995 910 908 921 986 980 931 967 924 927 961 911 938 936 903 955 930 949 964 972 962 919 940 979 918 942 984 996 946 968 971 981 920 965 902 913 960 926 906
245 266 217 280 249 205 250 281 258 225 219 235 237 291 261 277 227 272 256 255 262 222 246 216 229 284 202 275 242 267 253 210 200 221 238 223 208 293 207 298 283 230 226 252 209 285 295 273 203 288 231 282 274 228 278 204 236 299 218
149
779 704 735 760 799 749 773 774 788 714 717 755 782 722 791 786 718 757 767 746 715 756 772 783 741 701 754 776 743 781 740 747 769 798 796 753 732 719 702 712 787 765 762 768 721 720 723 731 739 792 716 750 728 784 744 736 778 761
142 109 154 160 185 169 112 125 174 145 132 165 135 166 162 124 163 155 108 173 126 116 136 119 183 115 134 106 127 104 148 164 143 105 150 157 140 147 167 161 195 141 131 133 176 144 138
626 637 671 616 693 679 635 660 614 695 683 694 640 642 628 655 620 631 658 615 691 692 698 668 681 653 667 697 605 674 638 649 633 682 632 661 699 662 607 636 651 666 643 669 646 622 663 678 670 684 601 665 677 629 659
802
954
508 540 505 599 518 543 593 590 525 529 554 582 542 534 544 596 531 569 575 514 550 574 516 506 580 545 584 549 591 511 585 567 588 536 537 510 570 532 509 579 521 557 530 517 571 555 589 595 578 512 577 566 586 559 563 504 594 533 520 547 573 541 556 546 560
8
323 327 356 394 342 371 339 369 392 309 350 338 324 357 334 331 325 398 314 391 370 352 363 332 351 348 386 337 313 381 389 364 360 330 380 361 326 375 367 341 318 311 353 345 340 354 336 307 300 396 388 379 349 343 366 312 317 390 333 359 393 346
994
264
548
17
703
709
206
128
915
922
33
676
708
322
833
612
90
801
152
111
564
56
319
932
611
139
347
421
832
377
51
503
418
793
355
39
304
151
471
656
123
689
812
146
168
957
384
507
562
497
621
239
515
100
970
867
52
248
619
254
1
987
710
129
587
180
552
565
724
286
287
831
700
685
268
706
368
916
597
680
159
726
436
488
648
770
863
827
583
764
860
808
838
711
933
745
777
999
196
260
240
608
790
857
172
429
137
947
397
35
259
83
609
748
320
107
30
639
308
212
477
279
16
193
265
613
602
190
461
70
122
797
306
11
34
158
759
197
215
568
864
191
819
362
53
399
383
186
6
937
290
737
581
951
198
60
5
664
378
707
528
551
65
935
634
78
998
690
276
117
527
688
41
502
604
909
241
522
463
270
501
412
156
233
923
182
618
432
519
214
45
870
243
696
493
847
990
181
953
539
19
451
513
59
789
58
257
859
900
372
730
713
376
558
400
297
244
450
440
535
876
997
387
600
408
335
624
652
976
121
188
10
443
843
68
969
328
175
201
945
977
603
170
409
500
455
130
447
598
991
617
315
31
344
623
89
572
526
576
992
907
966
187
220
373
271
654
727
644
842
402
118
43
446
385
305
358
453
523
538
192
785
263
758
423
44
213
928
766
80
771
905
103
673
686
627
294
733
641
102
382
606
410
310
484
561
687
251
234
821
472
780
914
993
269
625
179
184
97
247
725
67
650
904
316
374
807
93
729
742
496
763
879
524
752
303
775
113
630
37
963
177
289
178
417
199
862
292
553
917
834
454
943
751
856
795
296
301
120
794
672
101
738
61
705
645
811
675
232
42
647
835
592
211
64
365
189
153
610
855
881
224
948
321
481
869
800
62
88
395
657
302
329
925
194
978
734
975
171