973
85 96 99 82 38 46 28 3 79 0 7 47 84 54 91 63 77 20 57 40 74 50 55 12 48 9 66 69 26 81 36 49 24 29 4 22 27 94 92 76 75 95 25 98 18 87 86 71 21 73 32 23 72 14 15 2 13
114
498 411 476 405 442 435 437 448 499 462 474 404 486 401 460 482 413 438 426 478 434 475 479 406 403 456 428 433 466 492 424 483 444 467 464 473 491 439 469 425 420 490 430 452 468 470 457 449 465 487 445 431 485 489 459 414 422 415 419 495 458 416 441 407 494 480 427
110
897 878 896 816 858 891 892 894 840 848 884 804 898 866 889 803 818 886 849 895 890 853 871 893 851 839 830 861 806 836 872 844 815 824 809 805 880 888 813 846 885 874 817 825 852 814 826 899 829 845 820 823 875 887 883 877 837 810 882 854 865 828 841 822 868
873
940 995 920 903 965 946 986 908 950 939 906 996 936 982 944 960 956 964 949 941 924 962 942 974 972 927 983 912 979 959 968 930 931 971 929 901 981 910 955 934 952 961 902 911 919 938 958 967 985 989 913 926 921 918 988 984 980
231 226 205 299 216 266 258 255 200 221 285 203 245 291 209 236 237 249 250 222 204 219 261 275 273 210 262 280 253 235 208 238 277 298 223 295 281 230 202 228 272 267 207 278 242 283 252 218 217 256 225 293 274 246 288 227 282 229 284
149
761 736 749 715 781 716 717 767 750 701 762 796 772 784 731 776 773 798 782 719 704 783 721 747 756 712 740 702 753 799 735 714 743 728 786 779 722 787 744 774 792 757 760 741 739 754 765 769 720 778 768 755 718 791 732 723 788 746
136 143 147 164 124 154 141 176 115 140 132 108 138 142 148 195 166 109 119 162 125 134 145 173 169 167 174 116 104 106 160 112 155 161 127 131 163 150 105 126 157 135 165 185 133 144 183
681 649 670 633 698 636 662 661 628 605 671 660 616 620 643 684 631 653 695 665 642 678 651 637 677 693 607 655 691 682 694 666 614 629 638 646 699 615 679 663 692 635 659 669 640 632 622 626 667 674 683 697 601 668 658
802
954
593 585 547 521 540 573 556 557 518 520 506 542 580 584 555 566 577 541 516 530 588 504 570 529 517 569 567 505 549 595 578 533 571 599 534 545 559 525 543 560 563 537 554 596 594 550 589 508 511 591 582 579 510 536 544 509 590 514 531 546 575 532 574 586 512
8
357 341 317 348 392 367 331 391 349 386 361 363 390 324 333 311 380 318 356 364 351 353 343 307 369 366 398 330 352 336 342 312 340 350 327 325 381 393 314 379 394 326 354 339 323 360 388 300 345 389 371 396 309 334 375 346 337 332 370 338 359 313
994
264
548
17
703
709
206
128
915
922
33
676
708
322
833
612
90
801
152
111
564
56
319
932
611
139
347
421
832
377
51
503
418
793
355
39
304
151
471
656
123
689
812
146
168
957
384
507
562
497
621
239
515
100
970
867
52
248
619
254
1
987
710
129
587
180
552
565
724
286
287
831
700
685
268
706
368
916
597
680
159
726
436
488
648
770
863
827
583
764
860
808
838
711
933
745
777
999
196
260
240
608
790
857
172
429
137
947
397
35
259
83
609
748
320
107
30
639
308
212
477
279
16
193
265
613
602
190
461
70
122
797
306
11
34
158
759
197
215
568
864
191
819
362
53
399
383
186
6
937
290
737
581
951
198
60
5
664
378
707
528
551
65
935
634
78
998
690
276
117
527
688
41
502
604
909
241
522
463
270
501
412
156
233
923
182
618
432
519
214
45
870
243
696
493
847
990
181
953
539
19
451
513
59
789
58
257
859
900
372
730
713
376
558
400
297
244
450
440
535
876
997
387
600
408
335
624
652
976
121
188
10
443
843
68
969
328
175
201
945
977
603
170
409
500
455
130
447
598
991
617
315
31
344
623
89
572
526
576
992
907
966
187
220
373
271
654
727
644
842
402
118
43
446
385
305
358
453
523
538
192
785
263
758
423
44
213
928
766
80
771
850
905
103
673
686
627
294
733
641
102
382
606
410
310
484
561
687
251
234
821
472
780
914
993
269
625
179
184
97
247
725
67
650
904
316
374
807
93
729
742
496
763
879
524
752
303
775
113
630
37
963
177
289
178
417
199
862
292
553
917
834
454
943
751
856
795
296
301
120
794
672
101
738
61
705
645
811
675
232
42
647
835
592
211
64
365
189
153
610
855
881
224
948
321
481
869
800
62
88
395
657
302
329
925
194
978
734
975
171