973
77 49 27 3 32 21 26 47 0 79 28 25 29 69 48 57 84 99 2 50 13 66 18 7 85 9 94 81 71 74 86 76 95 55 91 96 92 38 46 98 40 72 4 14 63 15 73 87 22 54 20 36 75 82 23 12 24
114
445 437 482 439 401 489 452 405 413 441 457 456 486 449 427 403 431 442 473 407 483 448 458 428 474 404 422 424 426 491 492 433 498 444 466 487 434 468 478 499 480 459 420 416 485 430 490 425 415 414 435 495 465 475 470 462 494 476 479 411 467 464 419 460 438 406
110
851 852 866 816 898 826 824 822 895 872 853 805 849 887 809 858 868 877 896 840 836 825 803 871 846 839 845 874 817 854 883 841 890 880 892 844 818 885 806 875 884 882 893 810 886 899 865 891 820 837 848 888 813 814 830 894 889 823 861 815 828 804 829 897 878
873
960 959 930 972 941 934 995 903 910 927 956 979 952 902 938 984 962 931 950 988 936 996 944 989 980 913 918 911 965 924 949 921 958 920 940 983 971 967 981 986 961 946 926 908 919 974 985 939 955 968 929 964 982 942 901 912 906
221 207 267 284 204 272 226 218 273 266 222 277 230 200 236 203 245 219 225 285 216 274 281 295 288 252 250 258 280 293 261 238 278 282 210 227 299 202 231 246 253 242 235 237 283 229 209 275 205 256 208 298 217 228 262 291 255 223 249
149
765 799 754 787 760 723 781 761 779 720 702 746 744 718 792 716 704 739 750 783 773 756 728 767 753 719 715 788 731 791 722 772 732 721 782 747 796 755 768 798 778 774 740 784 736 762 786 741 701 769 735 717 743 749 712 757 776 714
142 169 155 116 173 157 136 150 164 176 119 131 161 166 195 144 174 106 165 132 183 145 162 124 109 135 127 167 163 112 138 141 125 104 126 147 143 154 115 134 133 148 105 160 185 140 108
626 679 666 660 665 635 662 646 661 629 631 691 636 692 643 670 655 601 667 651 678 684 681 637 674 668 642 658 607 695 659 677 633 605 620 663 682 614 616 628 683 671 699 693 615 698 632 697 694 649 669 640 622 638 653
802
954
573 516 569 547 585 518 534 586 509 532 541 510 599 566 521 591 543 517 525 582 554 549 542 579 571 546 557 545 529 537 590 531 596 575 584 567 559 577 530 594 578 588 536 560 563 505 504 570 512 533 520 593 540 511 555 556 550 506 574 595 544 514 589 508 580
8
352 342 396 354 331 341 332 359 343 379 334 349 353 380 394 337 340 364 371 300 346 357 398 311 356 348 326 314 333 389 338 345 317 393 366 388 318 369 313 336 350 309 391 361 392 323 360 375 367 327 312 390 339 381 363 351 324 307 370 330 325 386
994
264
548
17
703
709
206
128
915
469
922
33
676
708
322
833
612
90
801
152
111
564
56
319
932
611
139
347
421
832
377
51
503
418
793
355
39
304
151
471
656
123
689
812
146
168
957
384
507
562
497
621
239
515
100
970
867
52
248
619
254
1
987
710
129
587
180
552
565
724
286
287
831
700
685
268
706
368
916
597
680
159
726
436
488
648
770
863
827
583
764
860
808
838
711
933
745
777
999
196
260
240
608
790
857
172
429
137
947
397
35
259
83
609
748
320
107
30
639
308
212
477
279
16
193
265
613
602
190
461
70
122
797
306
11
34
158
759
197
215
568
864
191
819
362
53
399
383
186
6
937
290
737
581
951
198
60
5
664
378
707
528
551
65
935
634
78
998
690
276
117
527
688
41
502
604
909
241
522
463
270
501
412
156
233
923
182
618
432
519
214
45
870
243
696
493
847
990
181
953
539
19
451
513
59
789
58
257
859
900
372
730
713
376
558
400
297
244
450
440
535
876
997
387
600
408
335
624
652
976
121
188
10
443
843
68
969
328
175
201
945
977
603
170
409
500
455
130
447
598
991
617
315
31
344
623
89
572
526
576
992
907
966
187
220
373
271
654
727
644
842
402
118
43
446
385
305
358
453
523
538
192
785
263
758
423
44
213
928
766
80
771
850
905
103
673
686
627
294
733
641
102
382
606
410
310
484
561
687
251
234
821
472
780
914
993
269
625
179
184
97
247
725
67
650
904
316
374
807
93
729
742
496
763
879
524
752
303
775
113
630
37
963
177
289
178
417
199
862
292
553
917
834
454
943
751
856
795
296
301
120
794
672
101
738
61
705
645
811
675
232
42
647
835
592
211
64
365
189
153
610
855
881
224
948
321
481
869
800
62
88
395
657
302
329
925
194
978
734
975
171