955 935 905 972 949 919 996 965 992 979 973 993 907 930 945 967 995 923 987 956 989 994 909 913 926 920 904 962 971 911 927 910 959 916 982 950 990 946 937 985 984 903 969 998 928 976 997 988 986 954 963 980 902 953 942 921 960 936 901 929 908 958 952 915 983 939 938 940 970 944 925 917 975 906 964 977 924 918 951 966 943 947 991 922 933 968 931 934 941 932 974 978 981 914 999 912 961
2 7 19 71 65 86 32 63 97 66 68 5 57 22 59 90 37 98 50 46 0 95 12 27 33 47 87 80 64 36 15 25 43 30 73 24 38 21 82 58 13 42 17 76 39 53 6 99 62 10 18 51 60 81 26 96 92 69 29 41 79 45 75 35 55 78 34 77 85 11 9 31 72 48 20 16 94 88 83 28 84 14 52 56 4 40 44 91 49 89 54 8 3 67 61 23 74
117 100 134 176 196 104 148 145 163 143 179 108 113 135 161 150 153 149 107 175 123 125 165 111 173 105 139 144 122 190 195 172 180 136 167 169 121 187 194 110 171 129 119 168 126 174 181 102 127 114 112 124 177 178 166 186 197 156 191 183 132 192 147 116 160 157 120 115 140 193 164 106 170 103 130 155 109 152 188 146 128 138 154 142 189 182 184 198 141 137 162 185 131 199 118 133
426 450 429 414 444 404 464 405 497 475 489 448 442 439 467 468 406 487 460 486 470 477 437 446 434 433 408 490 427 411 495 456 430 481 419 449 483 469 452 494 441 491 455 423 493 445 443 480 416 407 465 451 478 484 459 432 499 417 457 471 431 488 492 435 403 479 458 482 438 474 466 420 413 412 453 422 401 473 461 485 425 454 440 463 436 472 409 476 447 496 415 410 428 402 462 424 498
828 893 887 829 850 874 889 820 878 805 876 857 894 835 807 812 898 896 830 827 863 844 811 837 869 814 882 895 899 853 813 821 836 832 824 855 848 883 851 864 868 861 817 870 809 871 888 846 806 847 877 808 845 842 800 818 816 852 881 859 803 834 867 849 873 843 838 891 875 854 826 823 822 858 879 841 839 831 866 872 897 804 825 810 860 862 833 885 886 840 815 819 865 884 890 892 880
268 251 245 287 240 222 265 296 267 242 223 234 210 205 263 237 266 204 288 283 221 248 232 273 233 203 200 212 272 299 213 235 282 219 261 202 297 252 280 286 289 262 295 227 256 226 209 241 243 229 206 220 298 208 259 294 264 247 275 285 290 216 228 279 277 258 254 255 236 284 249 215 214 276 217 269 218 257 281 239 293 270 250 291 230 224 225 274 278 246 292 253 231 211 207 244 238
777 789 722 794 770 707 787 718 714 751 719 735 748 746 754 798 745 708 782 734 793 765 733 756 703 772 725 731 730 786 784 755 766 759 781 741 744 761 713 763 775 747 723 738 760 749 720 709 721 705 737 702 778 780 796 776 799 715 779 724 769 768 795 790 767 785 774 728 753 711 717 736 762 757 752 742 716 732 788 743 739 712 704 710 797 750 701 740 791 792 783 771 758 764 729 773
699 636 627 605 658 621 644 679 629 671 670 631 617 649 686 613 680 683 651 672 601 606 668 652 643 625 602 640 647 661 630 638 659 611 653 632 692 645 637 604 693 689 656 664 666 677 662 615 628 641 610 673 678 609 697 603 639 690 694 669 616 674 635 684 614 623 648 667 681 650 657 608 642 698 654 695 696 618 633 634 624 620 626 665 687 622 612 676 607 655 663 660 688 675 691 685 682 646
802
509 532 534 589 598 567 521 586 562 542 535 570 530 531 525 550 573 543 564 526 577 546 563 544 537 552 566 536 579 506 561 581 560 540 549 510 512 580 519 565 529 523 545 541 558 568 592 599 583 551 588 587 516 507 511 594 513 574 514 595 522 596 582 556 508 585 559 593 502 578 533 554 571 576 538 590 569 527 553 584 575 557 517 524 520 597 515 555 504 591 501 503 518 528 539 547 505
360 364 310 325 355 386 319 352 331 333 397 336 315 317 387 394 314 354 304 307 313 345 358 382 302 340 309 395 335 326 384 372 324 371 311 390 381 362 321 344 377 332 396 337 369 389 351 373 399 349 392 347 306 328 327 376 383 338 379 353 398 388 323 322 361 365 375 346 303 393 350 391 312 385 367 339 357 320 305 334 380 341 329 308 348 368 342 330 343 300 370 318 359 356 378 363 366
548
801
421
418
151
957
619
1
700
706
159
726
260
70
158
900
400
600
201
500
572
271
727
316
374
93
856
301
101
948