973
18 3 38 92 85 29 79 96 13 26 91 50 55 99 82 98 32 0 14 81 49 87 4 66 40 25 2 9 94 73 28 46 54 71 74 20 47 76 69 21 27 23 24 22 75 95 72 15 48 12 86 77 84 7 63 57 36
114
491 406 458 464 457 428 482 420 404 401 425 476 444 467 448 470 405 459 433 478 475 490 485 427 415 445 494 434 407 414 430 465 456 431 489 468 441 498 413 486 438 449 460 462 426 416 483 495 424 487 442 435 492 473 439 466 411 422 403 474 437 499 480 452 419 479
110
875 804 816 809 851 861 837 896 844 877 823 810 814 884 813 848 866 805 806 880 895 868 892 872 878 803 852 822 858 894 882 899 883 840 874 898 817 889 825 826 820 888 865 828 846 897 839 893 885 849 841 890 854 871 818 853 836 886 845 824 830 891 887 829
873
986 920 940 981 979 912 934 964 918 974 942 972 919 962 950 956 908 968 927 952 996 980 985 931 989 995 939 983 946 949 913 988 965 982 971 924 958 906 984 967 910 911 929 955 961 903 930 902 926 936 921 938 901 960 959 944 941
222 274 291 219 200 252 218 262 209 238 210 245 231 250 202 246 295 208 272 256 298 253 207 249 216 242 217 258 205 278 282 203 237 288 223 284 228 266 229 280 267 227 226 255 283 236 293 261 235 273 225 221 281 285 204 230 299 277 275
149
781 799 757 739 741 796 791 701 731 773 753 755 767 784 787 728 743 702 786 723 788 750 719 721 762 749 798 715 718 746 720 747 769 740 776 712 792 772 783 716 732 760 774 736 704 765 714 761 717 778 782 756 744 768 735 722 754 779
150 127 105 106 145 173 112 126 174 115 134 141 185 135 143 131 169 132 161 140 138 133 176 124 157 166 155 108 144 163 183 109 125 136 147 119 116 148 164 154 162 160 195 142 165 104 167
666 615 699 629 668 622 658 626 671 642 643 646 662 636 697 667 684 682 637 635 692 695 663 628 674 693 638 649 655 660 669 640 681 691 614 607 632 653 631 616 633 698 683 678 677 651 694 661 670 665 679 620 601 659 605
802
954
543 563 512 589 567 557 530 516 525 578 511 577 595 594 521 575 599 505 586 544 510 536 550 579 509 537 532 580 560 517 518 545 555 556 569 570 533 541 582 547 585 593 546 571 596 542 504 559 534 506 590 573 574 554 529 566 520 531 514 508 584 549 591 588 540
8
363 346 380 352 336 327 307 393 334 367 340 343 366 323 345 324 391 392 381 317 314 353 354 300 356 364 379 360 349 326 369 309 390 386 325 357 351 332 312 396 318 398 333 339 394 348 313 371 389 375 337 331 341 388 338 361 350 311 342 370 330 359
994
264
548
17
703
709
206
128
915
469
922
33
676
708
322
833
612
90
801
152
111
564
56
319
932
611
139
347
421
832
377
51
503
418
793
355
39
304
151
471
656
123
689
812
146
168
957
384
507
562
497
621
239
515
100
970
867
52
248
619
254
1
987
710
129
587
180
552
565
724
286
287
831
700
685
268
706
368
916
597
680
159
726
436
488
648
770
863
827
583
764
860
808
838
711
933
745
777
999
196
260
240
608
790
857
172
429
137
947
397
35
259
83
609
748
320
107
30
639
308
212
477
279
16
193
265
613
602
190
461
70
122
797
306
11
34
158
759
197
215
568
864
191
819
362
53
399
383
186
6
937
290
737
581
951
198
60
5
664
378
707
528
551
65
935
634
78
998
690
276
117
527
688
41
502
604
909
241
522
463
270
501
412
156
233
923
182
618
432
519
214
45
870
243
696
493
847
990
181
953
539
19
451
513
59
789
58
257
859
900
372
730
713
376
558
400
297
244
450
440
535
876
997
387
600
408
335
624
652
976
121
188
10
443
843
68
969
328
175
201
945
977
603
170
409
500
455
130
447
598
991
617
315
31
344
623
89
572
526
576
992
907
966
187
220
373
271
654
727
644
842
402
118
43
446
385
305
358
453
523
538
192
785
263
758
423
44
213
928
766
80
771
850
905
103
673
686
627
294
733
641
102
382
606
410
310
484
561
687
251
234
821
472
780
914
993
269
625
179
184
97
247
725
67
650
904
316
374
807
93
729
742
496
763
879
524
752
303
775
113
630
37
963
177
289
178
417
199
862
292
553
917
834
454
943
751
856
795
296
301
120
794
672
101
738
61
705
645
815
811
675
232
42
647
835
592
211
64
365
189
153
610
855
881
224
948
321
481
869
800
62
88
395
657
302
329
925
194
978
734
975
171