973
85 96 38 40 81 14 79 32 18 75 73 28 7 66 74 99 54 12 26 95 87 0 4 94 36 24 86 9 47 49 82 77 69 27 50 72 84 20 21 23 91 71 98 92 15 2 63 13 22 3 48 25 46 76 57 55 29
114
492 430 426 415 419 439 456 486 405 480 425 478 457 462 441 473 470 428 483 427 401 449 438 437 464 458 491 487 435 495 445 498 413 452 490 424 489 482 404 434 403 444 475 485 422 431 479 476 467 460 459 407 448 468 406 416 494 474 420 465 433 414 442 466 499 411
110
888 851 817 816 828 849 836 818 858 841 826 813 898 883 839 889 806 820 877 882 823 872 865 886 844 891 896 814 871 875 880 848 890 874 824 804 803 852 846 885 830 829 892 861 894 822 897 895 845 854 868 840 884 805 837 866 810 809 878 853 825 899 887 893
873
961 980 913 971 965 982 952 960 995 903 979 946 901 934 921 936 983 962 964 986 910 956 930 996 942 985 938 968 929 924 906 912 958 967 988 927 920 944 974 984 955 941 981 950 939 926 908 989 902 919 911 931 949 918 940 972 959
230 227 209 253 222 277 288 231 267 262 204 207 283 295 223 237 217 202 280 250 219 272 275 298 203 261 258 256 284 255 225 252 281 229 210 285 282 221 266 200 245 293 218 228 205 235 216 236 226 208 238 274 249 273 291 246 278 242 299
149
760 750 774 731 769 796 756 767 720 791 741 717 784 746 747 761 768 728 743 786 783 721 714 722 749 799 772 704 776 735 716 765 779 754 723 755 718 719 781 739 732 787 788 744 740 715 778 782 702 736 798 762 712 701 753 757 773 792
112 136 141 105 155 124 142 164 140 145 125 147 169 131 134 166 127 162 195 115 132 135 108 119 104 143 133 144 138 150 161 163 106 109 126 174 116 167 183 148 173 160 154 165 185 176 157
640 681 677 674 659 668 626 698 665 631 699 628 653 694 670 643 655 682 642 633 684 616 697 635 620 632 614 651 662 661 666 691 658 622 683 693 601 637 607 638 692 660 646 663 605 671 669 615 678 695 667 629 649 636
802
954
529 536 516 520 532 584 590 506 580 574 525 573 567 588 545 594 547 509 560 511 542 540 518 575 510 563 582 593 544 514 531 554 534 556 550 577 566 504 569 521 570 517 589 541 596 537 512 578 549 555 599 579 591 585 543 530 546 586 508 557 571 559 505 595 533
8
398 396 325 309 300 307 338 351 367 334 352 370 342 341 346 392 331 314 326 312 332 357 393 317 333 343 324 318 350 313 380 345 381 379 363 337 389 339 327 359 356 369 330 361 311 340 371 388 375 390 391 336 323 394 353 354 364 386 349 366 348 360
994
264
548
17
703
709
206
128
915
469
922
33
676
708
322
833
612
90
801
152
111
564
56
319
932
611
139
347
421
832
377
679
51
503
418
793
355
39
304
151
471
656
123
689
812
146
168
957
384
507
562
497
621
239
515
100
970
867
52
248
619
254
1
987
710
129
587
180
552
565
724
286
287
831
700
685
268
706
368
916
597
680
159
726
436
488
648
770
863
827
583
764
860
808
838
711
933
745
777
999
196
260
240
608
790
857
172
429
137
947
397
35
259
83
609
748
320
107
30
639
308
212
477
279
16
193
265
613
602
190
461
70
122
797
306
11
34
158
759
197
215
568
864
191
819
362
53
399
383
186
6
937
290
737
581
951
198
60
5
664
378
707
528
551
65
935
634
78
998
690
276
117
527
688
41
502
604
909
241
522
463
270
501
412
156
233
923
182
618
432
519
214
45
870
243
696
493
847
990
181
953
539
19
451
513
59
789
58
257
859
900
372
730
713
376
558
400
297
244
450
440
535
876
997
387
600
408
335
624
652
976
121
188
10
443
843
68
969
328
175
201
945
977
603
170
409
500
455
130
447
598
991
617
315
31
344
623
89
572
526
576
992
907
966
187
220
373
271
654
727
644
842
402
118
43
446
385
305
358
453
523
538
192
785
263
758
423
44
213
928
766
80
771
850
905
103
673
686
627
294
733
641
102
382
606
410
310
484
561
687
251
234
821
472
780
914
993
269
625
179
184
97
247
725
67
650
904
316
374
807
93
729
742
496
763
879
524
752
303
775
113
630
37
963
177
289
178
417
199
862
292
553
917
834
454
943
751
856
795
296
301
120
794
672
101
738
61
705
645
815
811
675
232
42
647
835
592
211
64
365
189
153
610
855
881
224
948
321
481
869
800
62
88
395
657
302
329
925
194
978
734
975
171