973
24 38 3 29 92 63 18 66 2 49 69 25 75 22 23 95 9 0 36 87 54 46 28 27 81 15 40 72 7 21 86 82 20 73 71 91 77 85 84 26 94 57 4 50 99 76 98 79 96 47 13 55 12 14 48 32 74
114
404 462 427 401 478 476 479 459 492 444 438 464 403 483 452 489 495 456 406 442 407 465 416 413 486 457 468 491 420 411 475 498 405 448 445 428 480 482 424 419 474 487 460 449 473 433 430 499 467 425 437 431 422 435 485 414 470 426 458 439 441 466 415 490 494 434
110
871 889 804 848 894 809 877 830 837 888 895 884 868 883 846 898 826 851 844 886 840 841 817 891 814 866 803 824 858 818 874 829 839 820 849 865 805 836 885 861 823 893 828 890 875 896 878 810 887 825 816 892 899 872 806 897 852 813 854 822 882 853 880 845
873
927 982 983 988 941 989 944 930 956 959 965 949 936 934 939 902 910 980 901 926 946 968 913 967 964 919 921 942 995 986 938 955 972 924 961 974 920 971 979 985 911 908 950 981 918 952 903 984 996 960 958 912 931 940 906 929 962
285 299 235 295 255 237 252 221 229 208 226 216 200 203 253 281 277 258 274 228 298 210 272 209 205 250 231 202 249 266 204 236 219 267 256 284 261 245 242 288 227 275 230 225 223 218 283 280 217 291 282 278 238 222 273 293 262 207 246
149
788 743 779 769 778 774 740 781 786 714 772 799 754 715 791 701 750 720 746 721 732 767 783 768 718 760 735 736 773 756 753 716 702 776 765 717 796 755 712 798 757 744 787 722 704 739 747 762 723 741 731 761 782 792 784 749 728
164 138 162 134 183 176 145 173 131 109 160 104 163 144 119 157 174 105 147 141 125 133 127 126 140 115 142 136 116 132 154 161 165 135 166 155 108 167 143 169 124 150 112 195 185 106 148
677 671 631 640 691 620 669 661 697 659 681 678 668 607 642 692 658 662 601 653 646 682 614 616 635 670 683 695 698 629 605 643 651 665 637 636 633 694 655 693 667 674 666 663 628 638 649 660 684 699 615 622 632 626
802
954
573 556 504 595 530 542 516 593 549 599 560 533 563 506 544 555 534 531 546 543 520 537 514 518 532 505 596 545 574 585 579 509 511 557 590 591 550 577 588 547 569 554 536 508 512 571 578 540 510 594 582 525 567 580 589 541 586 570 529 584 517 566 521 559 575
8
341 359 369 398 354 357 318 370 394 348 311 393 336 323 389 375 307 356 361 352 333 331 380 381 342 334 364 346 388 343 326 391 392 379 332 314 324 313 367 337 338 300 351 390 327 340 309 396 371 363 349 353 312 386 366 345 317 360 330 339 325 350
994
264
548
17
703
709
206
128
915
469
922
33
676
708
322
833
612
90
801
152
111
564
56
319
932
611
139
347
719
421
832
377
679
51
503
418
793
355
39
304
151
471
656
123
689
812
146
168
957
384
507
562
497
621
239
515
100
970
867
52
248
619
254
1
987
710
129
587
180
552
565
724
286
287
831
700
685
268
706
368
916
597
680
159
726
436
488
648
770
863
827
583
764
860
808
838
711
933
745
777
999
196
260
240
608
790
857
172
429
137
947
397
35
259
83
609
748
320
107
30
639
308
212
477
279
16
193
265
613
602
190
461
70
122
797
306
11
34
158
759
197
215
568
864
191
819
362
53
399
383
186
6
937
290
737
581
951
198
60
5
664
378
707
528
551
65
935
634
78
998
690
276
117
527
688
41
502
604
909
241
522
463
270
501
412
156
233
923
182
618
432
519
214
45
870
243
696
493
847
990
181
953
539
19
451
513
59
789
58
257
859
900
372
730
713
376
558
400
297
244
450
440
535
876
997
387
600
408
335
624
652
976
121
188
10
443
843
68
969
328
175
201
945
977
603
170
409
500
455
130
447
598
991
617
315
31
344
623
89
572
526
576
992
907
966
187
220
373
271
654
727
644
842
402
118
43
446
385
305
358
453
523
538
192
785
263
758
423
44
213
928
766
80
771
850
905
103
673
686
627
294
733
641
102
382
606
410
310
484
561
687
251
234
821
472
780
914
993
269
625
179
184
97
247
725
67
650
904
316
374
807
93
729
742
496
763
879
524
752
303
775
113
630
37
963
177
289
178
417
199
862
292
553
917
834
454
943
751
856
795
296
301
120
794
672
101
738
61
705
645
815
811
675
232
42
647
835
592
211
64
365
189
153
610
855
881
224
948
321
481
869
800
62
88
395
657
302
329
925
194
978
734
975
171