973
15 63 87 26 4 22 55 18 76 77 84 79 7 74 47 36 73 24 82 21 71 3 69 98 46 38 85 9 49 40 99 54 92 12 14 13 81 25 75 23 32 91 95 94 72 96 86 27 66 50 29 48 57 0 28 20 2
114
485 428 473 494 462 474 442 492 413 466 479 405 498 483 420 422 468 444 425 470 458 437 441 430 434 460 476 439 465 406 495 457 445 416 427 438 424 431 456 414 435 407 426 459 490 415 411 401 480 489 486 403 464 449 499 482 448 404 433 475 419 491 487 452 478 467
110
805 897 858 830 898 820 877 822 839 895 806 889 836 891 893 852 829 823 824 872 844 887 803 896 878 840 886 890 874 866 816 826 841 851 899 871 868 809 837 849 814 880 848 885 818 813 853 817 865 845 884 846 825 882 810 828 892 883 861 888 854 804 894 875
873
984 911 956 902 941 972 996 962 936 989 959 920 985 971 974 986 967 981 938 913 934 964 940 988 955 982 903 960 927 946 983 995 906 958 949 965 944 912 952 968 929 919 980 939 918 930 942 924 926 979 961 931 901 921 910 908 950
210 228 252 273 207 282 250 200 291 202 255 293 284 258 245 267 283 221 272 266 275 277 288 274 278 295 235 225 217 280 203 227 231 285 218 281 223 226 216 236 219 256 222 262 238 208 298 230 237 242 299 209 204 249 229 205 253 246 261
149
743 732 712 784 741 762 757 798 767 721 782 768 787 755 799 788 774 731 704 760 796 747 728 714 773 749 739 772 736 702 765 756 715 722 769 744 781 735 716 786 779 750 720 761 717 718 723 701 754 792 783 740 776 753 791 746
145 124 169 148 185 135 133 108 162 164 154 173 106 176 142 125 161 119 195 144 166 160 167 155 104 140 131 134 112 147 115 157 143 116 163 105 150 132 127 174 165 141 138 109 136 126 183
665 633 667 629 694 614 692 628 631 651 674 681 607 636 670 643 699 683 655 661 660 640 668 677 671 622 659 646 632 658 663 698 684 693 695 682 666 638 649 662 691 616 620 678 669 635 626 601 637 642 697 653 615 605
802
954
575 525 514 531 543 559 574 595 584 533 517 546 534 586 591 508 588 530 549 579 511 542 537 599 505 560 532 593 578 596 506 545 555 516 510 577 547 571 504 521 529 590 569 520 567 540 518 563 550 582 556 512 580 544 557 573 585 541 566 589 570 594 536 554 509
8
317 334 390 323 363 392 354 336 330 380 324 398 349 314 357 342 348 340 389 313 393 333 346 381 360 338 326 325 309 332 379 312 311 388 367 307 341 366 331 370 343 351 356 337 369 391 359 339 371 300 386 352 364 361 353 345 396 318 375 350 394 327
994
264
548
17
703
709
206
128
915
469
922
33
676
708
322
833
612
90
801
152
111
564
56
319
932
611
139
347
719
421
832
377
679
51
503
418
793
355
39
304
151
471
656
123
689
812
146
168
957
384
507
562
497
621
239
515
100
970
867
52
248
619
254
1
987
710
129
587
180
552
565
724
286
287
831
700
685
268
706
368
916
597
680
159
726
436
488
648
770
863
827
583
764
860
808
838
711
933
745
777
999
196
260
240
608
790
857
172
429
137
947
397
35
259
83
609
748
320
107
30
639
308
212
477
279
16
193
265
613
602
190
461
70
122
797
306
11
34
158
759
197
215
568
864
191
819
362
53
399
383
186
6
937
290
737
581
951
198
60
5
664
378
707
528
551
65
935
634
78
998
690
276
117
527
688
41
502
604
909
241
522
463
270
501
412
156
233
923
182
618
432
519
214
45
870
243
696
493
847
990
181
953
539
19
451
513
59
789
58
257
859
900
372
730
713
376
558
400
297
244
450
440
535
876
997
387
600
408
335
624
652
976
121
188
10
443
843
68
969
328
175
201
945
977
603
170
409
500
455
130
447
598
991
617
315
31
344
623
89
572
526
576
992
907
966
187
220
373
271
654
727
644
842
402
118
43
446
385
305
358
453
523
538
192
785
263
758
423
44
213
928
766
80
771
850
905
103
673
686
627
294
733
641
102
382
606
410
310
484
561
687
251
234
821
472
780
914
993
269
625
179
184
97
247
725
67
650
904
316
374
807
93
729
742
496
763
879
524
752
303
775
113
630
37
963
177
289
178
417
199
862
292
553
917
834
454
943
751
856
795
296
301
120
794
672
101
738
61
705
645
815
811
675
232
42
778
647
835
592
211
64
365
189
153
610
855
881
224
948
321
481
869
800
62
88
395
657
302
329
925
194
978
734
975
171