973
55 86 24 76 87 27 14 15 82 92 71 21 99 84 79 12 49 32 73 3 40 81 9 57 2 29 36 46 22 69 98 72 25 95 18 54 0 63 94 26 50 91 38 28 75 4 47 77 20 96 66 48 85 23 13 7 74
114
431 413 458 444 459 433 442 462 401 464 498 492 475 407 445 416 457 449 434 478 474 424 435 489 403 479 495 465 427 487 483 437 452 405 476 415 486 468 404 406 419 467 414 425 456 494 473 441 460 428 490 466 438 420 430 485 411 480 439 448 491 482 499 422 470 426
110
868 874 894 895 813 866 883 882 898 823 887 825 875 817 822 803 877 848 839 878 865 885 890 818 814 884 872 852 846 836 892 893 880 896 820 804 886 844 810 854 824 809 871 805 826 849 806 841 837 889 828 853 891 858 845 861 816 851 830 840 888 897 899 829
873
972 938 967 927 982 929 984 924 930 979 919 902 980 962 960 903 958 926 918 939 949 971 964 989 944 908 950 936 940 981 911 956 942 941 965 934 952 988 906 959 995 901 996 955 920 983 985 931 961 946 910 912 974 921 913 968 986
228 261 210 272 299 291 298 237 277 293 229 202 245 246 256 205 267 208 236 216 284 218 209 295 217 231 249 227 281 230 235 219 226 242 221 285 262 203 273 255 274 252 253 204 225 223 200 258 278 288 275 238 222 280 282 250 207 283 266
149
746 760 774 750 702 723 701 736 765 753 767 781 741 791 712 788 787 721 722 717 757 731 704 761 796 786 798 739 769 772 732 799 743 714 773 755 735 744 762 740 784 792 783 728 776 779 749 754 720 716 715 718 782 756 768
131 127 104 112 135 145 138 195 147 142 119 141 173 136 169 155 126 143 174 160 162 106 132 134 165 124 166 183 157 144 125 167 163 133 108 185 140 116 150 115 154 105 164 148 161 176 109
635 669 663 683 655 693 607 670 695 674 649 660 626 678 642 699 643 659 668 615 698 682 681 658 601 646 667 620 633 662 628 638 616 640 629 637 665 666 636 692 651 661 694 653 697 671 605 691 631 677 614 684 622 632
802
954
532 544 516 589 536 514 543 545 525 549 537 547 541 584 570 556 529 580 504 586 594 534 557 599 596 550 530 517 574 546 588 511 508 578 531 559 509 567 518 579 560 505 566 563 510 591 571 540 533 585 542 555 595 512 573 569 575 582 521 554 520 590 593 506 577
8
354 375 361 370 359 379 390 380 326 341 336 389 332 339 327 386 364 323 338 393 392 381 343 353 363 357 325 313 314 300 345 309 340 352 317 331 388 307 360 349 346 398 337 318 330 333 367 334 396 348 311 366 369 394 342 356 351 312 350 324 391 371
994
264
548
17
703
709
206
128
915
469
922
33
676
708
322
833
612
90
801
152
747
111
564
56
319
932
611
139
347
719
421
832
377
679
51
503
418
793
355
39
304
151
471
656
123
689
812
146
168
957
384
507
562
497
621
239
515
100
970
867
52
248
619
254
1
987
710
129
587
180
552
565
724
286
287
831
700
685
268
706
368
916
597
680
159
726
436
488
648
770
863
827
583
764
860
808
838
711
933
745
777
999
196
260
240
608
790
857
172
429
137
947
397
35
259
83
609
748
320
107
30
639
308
212
477
279
16
193
265
613
602
190
461
70
122
797
306
11
34
158
759
197
215
568
864
191
819
362
53
399
383
186
6
937
290
737
581
951
198
60
5
664
378
707
528
551
65
935
634
78
998
690
276
117
527
688
41
502
604
909
241
522
463
270
501
412
156
233
923
182
618
432
519
214
45
870
243
696
493
847
990
181
953
539
19
451
513
59
789
58
257
859
900
372
730
713
376
558
400
297
244
450
440
535
876
997
387
600
408
335
624
652
976
121
188
10
443
843
68
969
328
175
201
945
977
603
170
409
500
455
130
447
598
991
617
315
31
344
623
89
572
526
576
992
907
966
187
220
373
271
654
727
644
842
402
118
43
446
385
305
358
453
523
538
192
785
263
758
423
44
213
928
766
80
771
850
905
103
673
686
627
294
733
641
102
382
606
410
310
484
561
687
251
234
821
472
780
914
993
269
625
179
184
97
247
725
67
650
904
316
374
807
93
729
742
496
763
879
524
752
303
775
113
630
37
963
177
289
178
417
199
862
292
553
917
834
454
943
751
856
795
296
301
120
794
672
101
738
61
705
645
815
811
675
232
42
778
647
835
592
211
64
365
189
153
610
855
881
224
948
321
481
869
800
62
88
395
657
302
329
925
194
978
734
975
171