973
29 38 48 14 57 85 74 50 9 96 79 13 28 66 20 73 69 27 40 23 72 86 98 2 91 3 46 15 47 81 71 87 36 94 49 92 4 95 75 22 24 0 32 12 84 18 55 26 21 63 99 76 25 7 82 54 77
114
427 406 433 431 487 489 486 473 445 420 483 466 485 464 424 474 459 411 414 465 475 448 438 435 403 434 490 416 480 494 439 407 437 467 456 419 492 428 430 415 458 499 442 413 452 425 426 478 491 462 460 495 470 479 401 476 468 405 498 441 404 422 449 482 457
110
893 889 853 854 886 866 822 872 887 892 849 882 861 836 865 885 805 878 839 826 817 813 899 829 895 804 890 820 898 871 877 845 844 858 848 897 837 818 891 875 884 883 828 874 896 888 824 803 851 841 816 814 809 846 894 852 880 823 830 810 806 825 868 840
873
980 984 988 934 929 952 979 985 955 961 926 971 950 939 913 964 908 902 946 959 986 949 983 942 996 967 940 924 982 901 920 965 968 906 930 921 903 962 972 981 974 956 958 960 995 911 938 944 918 936 931 912 927 919 910 989 941
267 200 223 227 218 208 291 203 230 283 281 236 204 266 255 258 219 295 280 256 216 222 288 209 250 226 275 282 228 262 205 238 217 229 207 246 274 210 253 225 221 285 235 202 252 237 245 249 284 272 293 299 273 298 277 231 261 278 242
149
787 739 788 792 704 786 784 701 783 776 779 767 754 720 728 717 761 781 741 750 721 702 791 740 782 769 796 731 732 735 749 755 736 756 715 716 799 746 744 718 768 753 798 765 772 714 773 762 722 757 743 774 712 723 760
127 125 133 148 176 150 161 144 112 106 147 109 166 165 160 140 154 185 135 143 141 162 115 145 169 119 157 116 105 131 167 132 124 136 174 163 126 164 142 195 183 134 155 108 173 138 104
699 698 640 670 605 620 668 632 638 614 635 684 637 651 601 663 642 677 678 682 649 631 615 683 662 674 655 626 694 628 669 633 697 653 622 691 671 695 607 636 616 661 681 692 667 658 666 643 659 665 646 629 660 693
802
954
575 569 530 521 567 586 557 544 570 525 573 517 594 582 571 589 540 563 584 516 595 514 543 537 574 556 534 560 577 554 518 536 511 599 550 590 529 531 512 508 593 510 545 596 506 505 541 559 585 509 504 546 555 532 549 542 533 580 588 579 566 591 520 578 547
8
350 337 370 371 326 341 357 386 356 369 348 349 346 367 309 313 340 394 317 375 366 359 314 342 364 360 389 381 336 363 353 398 323 307 345 379 351 331 391 325 334 354 311 380 318 312 324 338 361 388 392 390 352 330 333 300 393 339 396 343 332 327
994
264
548
17
703
709
206
128
915
469
922
33
676
708
322
833
612
90
801
152
747
111
564
56
319
932
611
139
347
719
421
832
377
679
51
503
418
793
355
39
304
151
471
656
123
689
812
146
168
957
384
507
562
497
621
239
515
100
444
970
867
52
248
619
254
1
987
710
129
587
180
552
565
724
286
287
831
700
685
268
706
368
916
597
680
159
726
436
488
648
770
863
827
583
764
860
808
838
711
933
745
777
999
196
260
240
608
790
857
172
429
137
947
397
35
259
83
609
748
320
107
30
639
308
212
477
279
16
193
265
613
602
190
461
70
122
797
306
11
34
158
759
197
215
568
864
191
819
362
53
399
383
186
6
937
290
737
581
951
198
60
5
664
378
707
528
551
65
935
634
78
998
690
276
117
527
688
41
502
604
909
241
522
463
270
501
412
156
233
923
182
618
432
519
214
45
870
243
696
493
847
990
181
953
539
19
451
513
59
789
58
257
859
900
372
730
713
376
558
400
297
244
450
440
535
876
997
387
600
408
335
624
652
976
121
188
10
443
843
68
969
328
175
201
945
977
603
170
409
500
455
130
447
598
991
617
315
31
344
623
89
572
526
576
992
907
966
187
220
373
271
654
727
644
842
402
118
43
446
385
305
358
453
523
538
192
785
263
758
423
44
213
928
766
80
771
850
905
103
673
686
627
294
733
641
102
382
606
410
310
484
561
687
251
234
821
472
780
914
993
269
625
179
184
97
247
725
67
650
904
316
374
807
93
729
742
496
763
879
524
752
303
775
113
630
37
963
177
289
178
417
199
862
292
553
917
834
454
943
751
856
795
296
301
120
794
672
101
738
61
705
645
815
811
675
232
42
778
647
835
592
211
64
365
189
153
610
855
881
224
948
321
481
869
800
62
88
395
657
302
329
925
194
978
734
975
171