973
87 36 20 3 27 46 32 95 28 55 92 0 71 98 66 4 94 77 73 54 22 29 12 38 57 72 74 15 96 69 49 79 2 75 48 91 26 14 63 13 84 9 85 23 40 86 18 76 82 50 99 25 24 7 81 21 47
114
491 439 425 485 422 482 407 473 431 401 452 424 486 442 460 426 483 435 489 433 498 405 495 413 494 403 456 427 462 434 415 464 466 468 470 490 437 479 404 459 419 499 416 449 492 414 441 411 406 467 480 420 438 445 474 465 458 478 430 428 457 487 475 448 476
110
844 836 841 824 817 897 823 889 887 884 837 854 830 891 896 846 895 899 882 803 883 845 861 848 893 813 814 890 865 866 851 818 810 885 805 839 877 874 853 888 894 849 820 852 825 878 886 829 806 822 868 858 872 828 816 826 875 880 804 840 898 809 892 871
873
910 988 949 959 931 972 960 980 924 956 919 979 967 958 989 944 950 913 918 982 996 902 921 942 961 962 926 986 939 955 938 936 927 985 908 971 911 901 965 984 930 906 968 983 929 964 946 920 995 940 981 974 912 903 941 952 934
202 219 246 242 227 267 283 203 262 231 217 237 228 291 277 222 205 298 221 274 245 236 210 209 280 273 295 256 258 250 249 204 230 285 282 229 284 225 226 235 208 252 299 293 278 207 238 261 255 253 200 218 281 266 275 216 288 223 272
149
732 787 715 792 761 746 783 749 744 718 773 768 716 772 756 779 753 731 781 765 791 755 741 717 762 796 798 750 702 760 776 714 774 757 754 728 723 720 788 740 782 736 712 786 739 701 784 721 743 722 799 767 735 704 769
124 136 109 104 127 160 195 185 112 115 163 169 105 148 126 143 157 154 134 133 144 132 140 147 145 164 167 161 131 116 141 106 108 119 162 174 150 135 155 125 173 165 183 176 138 166 142
659 662 622 695 683 636 674 699 667 643 694 658 665 668 666 637 681 649 632 620 615 660 653 691 669 616 698 635 651 631 601 661 638 626 682 655 646 697 607 614 629 628 605 677 684 671 670 642 678 693 633 640 692 663
802
954
537 547 559 580 557 586 543 585 544 516 578 533 510 542 579 555 518 589 577 546 521 508 554 525 582 517 574 556 541 575 550 532 531 595 571 534 570 594 560 504 512 590 511 520 567 530 545 591 573 566 593 569 584 596 540 563 536 549 588 509 599 529 506 505 514
8
379 334 331 361 392 346 342 381 375 351 307 325 314 367 313 309 341 359 323 338 336 300 366 327 326 386 357 337 356 348 389 354 394 318 324 312 340 339 343 352 350 360 333 391 393 345 332 396 390 330 364 317 371 380 353 369 363 370 398 311 388
994
264
548
17
703
709
206
128
915
469
922
33
676
708
322
833
612
90
801
152
747
111
564
56
319
932
611
139
347
719
421
832
377
679
51
503
418
793
355
39
304
151
471
656
123
689
812
146
168
957
384
507
562
497
621
239
515
100
444
970
867
52
248
619
254
1
987
710
129
587
180
552
565
724
286
287
831
700
685
268
706
368
916
597
680
159
726
436
488
648
770
863
827
583
764
860
808
838
711
933
745
777
999
196
260
240
608
790
857
172
429
137
947
397
35
259
83
609
748
320
107
30
639
308
212
477
279
16
193
265
613
602
190
461
70
122
797
306
11
34
158
759
197
215
568
864
191
819
362
53
399
383
186
6
937
290
737
581
951
198
60
5
664
378
707
528
551
65
935
634
78
998
690
276
117
527
688
41
502
604
909
241
522
463
270
501
412
156
233
923
182
618
432
519
214
45
870
243
696
493
847
990
181
953
539
19
451
513
59
789
58
257
859
900
372
730
713
376
558
400
297
244
450
440
535
876
997
387
600
408
335
624
652
976
121
188
10
443
843
68
969
328
175
201
945
977
603
170
409
500
455
130
447
598
991
617
315
31
344
623
89
572
526
576
992
907
966
187
220
373
271
654
727
644
842
402
118
43
446
385
305
358
453
523
538
192
785
263
758
423
44
213
928
766
80
771
850
905
103
673
686
627
294
733
641
102
382
606
410
310
484
561
687
251
234
821
349
472
780
914
993
269
625
179
184
97
247
725
67
650
904
316
374
807
93
729
742
496
763
879
524
752
303
775
113
630
37
963
177
289
178
417
199
862
292
553
917
834
454
943
751
856
795
296
301
120
794
672
101
738
61
705
645
815
811
675
232
42
778
647
835
592
211
64
365
189
153
610
855
881
224
948
321
481
869
800
62
88
395
657
302
329
925
194
978
734
975
171