973
86 63 29 48 36 87 94 85 82 32 14 3 13 46 0 71 26 4 76 98 23 95 18 21 81 55 84 75 20 92 22 54 9 49 38 66 24 25 99 79 40 2 72 77 7 69 12 96 73 74 57 91 28 47 50 15 27
114
435 452 495 405 491 476 442 448 480 403 420 416 486 424 492 489 426 434 466 427 490 487 478 482 479 413 498 449 401 474 422 462 411 459 456 428 494 485 438 437 407 406 460 473 483 414 415 425 468 499 445 465 439 404 419 431 464 433 467 475 458 470 430 441 457
110
888 861 806 804 803 878 813 805 820 836 851 897 854 845 886 868 809 849 817 828 880 816 810 890 822 865 891 896 883 837 830 893 887 882 899 814 840 895 853 885 841 872 858 823 844 866 892 898 848 894 874 877 824 826 884 852 818 871 825 889 875 829 839 846
873
931 944 982 964 946 936 939 960 938 906 913 979 921 996 902 981 961 986 974 908 934 927 950 962 958 903 949 919 972 955 941 985 965 910 924 968 983 926 984 989 942 918 988 980 911 952 940 929 971 920 930 959 912 956 901 967 995
258 253 217 204 246 228 249 226 280 200 237 283 205 210 266 284 242 295 277 275 236 274 285 272 256 278 273 207 238 221 216 219 281 291 288 255 250 298 209 299 282 230 202 267 203 218 229 262 261 223 225 227 293 208 245 252 222 235 231
149
783 784 753 799 767 798 743 704 750 749 746 761 791 717 741 781 782 755 774 712 722 788 736 701 757 796 728 786 762 760 714 773 735 702 744 776 754 723 720 740 731 739 787 721 718 716 715 769 772 792 732 765 768 779 756
104 165 106 143 134 163 142 173 167 127 162 105 140 164 112 133 124 161 138 132 147 115 136 150 176 169 185 155 183 108 125 174 145 160 166 116 157 126 144 131 195 154 141 109 119 135 148
640 635 671 667 668 681 660 665 637 678 695 684 698 693 663 631 662 642 605 614 670 697 659 628 633 601 616 629 669 653 691 694 643 622 655 646 677 620 636 692 699 651 626 674 661 638 666 615 683 682 607 632 658 649
802
954
595 582 574 505 588 549 537 593 544 532 509 546 506 536 569 547 589 534 545 567 557 573 579 570 594 530 571 599 550 520 555 577 591 510 541 533 559 512 511 566 584 578 543 542 563 585 560 508 529 556 518 575 596 514 586 521 554 517 580 531 540 525 590 516
8
312 380 317 390 323 325 313 327 366 388 348 371 386 393 381 340 318 300 307 363 343 333 338 332 360 351 379 341 353 392 375 359 357 369 311 330 354 361 352 370 346 342 398 336 324 364 334 314 326 337 345 389 394 396 356 391 367 350 339 309
994
264
548
17
703
709
206
128
915
469
922
33
676
708
322
833
612
90
801
152
747
111
564
56
319
932
611
139
347
719
421
832
377
679
51
503
418
793
355
39
304
151
471
656
123
689
812
146
168
957
384
507
562
497
621
239
515
100
444
970
867
52
248
619
254
1
987
710
129
587
180
552
565
724
286
287
831
700
685
268
706
368
916
597
680
159
726
504
436
488
648
770
863
827
583
764
860
808
838
711
933
745
777
999
196
260
240
608
790
857
172
429
137
947
397
35
259
83
609
748
320
107
30
639
308
212
477
279
16
193
265
613
602
190
461
70
122
797
306
11
34
158
759
197
215
568
864
191
819
362
53
399
383
186
6
937
290
737
581
951
198
60
5
664
378
707
528
551
65
935
634
78
998
690
276
117
527
688
41
502
604
909
241
522
463
270
501
412
156
233
923
182
618
432
519
214
45
870
243
696
493
847
990
181
953
539
19
451
513
59
789
58
257
859
900
372
730
713
376
558
400
297
244
450
440
535
876
331
997
387
600
408
335
624
652
976
121
188
10
443
843
68
969
328
175
201
945
977
603
170
409
500
455
130
447
598
991
617
315
31
344
623
89
572
526
576
992
907
966
187
220
373
271
654
727
644
842
402
118
43
446
385
305
358
453
523
538
192
785
263
758
423
44
213
928
766
80
771
850
905
103
673
686
627
294
733
641
102
382
606
410
310
484
561
687
251
234
821
349
472
780
914
993
269
625
179
184
97
247
725
67
650
904
316
374
807
93
729
742
496
763
879
524
752
303
775
113
630
37
963
177
289
178
417
199
862
292
553
917
834
454
943
751
856
795
296
301
120
794
672
101
738
61
705
645
815
811
675
232
42
778
647
835
592
211
64
365
189
153
610
855
881
224
948
321
481
869
800
62
88
395
657
302
329
925
194
978
734
975
171