973
47 98 77 18 99 23 66 0 63 14 55 12 20 40 13 81 79 75 21 71 2 36 91 25 29 73 4 32 48 15 9 49 86 50 72 95 22 26 38 74 46 69 7 94 24 87 85 82 84 27 57 54 3 28 76 92 96
114
459 483 441 415 466 439 473 492 449 467 460 458 414 457 448 479 430 416 420 498 431 435 428 490 491 486 403 427 476 419 401 478 438 424 404 442 495 474 485 456 470 475 437 406 434 445 462 494 433 411 480 422 499 452 468 482 425 405 489 413 465 464 407 426 487
110
822 853 849 837 896 883 809 810 854 845 895 889 898 888 885 848 858 886 804 872 893 828 814 882 884 861 874 816 851 813 836 868 887 899 844 897 892 829 823 841 894 818 840 875 890 846 824 817 871 839 826 866 880 820 806 877 803 891 878 830 852 865 805 825
873
984 921 959 934 936 965 961 985 983 938 952 944 910 941 980 903 931 974 939 924 920 940 912 913 996 930 918 919 971 967 911 927 949 956 972 950 955 908 902 962 958 968 942 981 988 995 986 960 906 989 926 929 946 901 964 982 979
250 230 281 231 227 299 258 208 275 202 200 262 282 266 273 216 249 272 277 267 245 210 280 204 252 223 246 235 221 284 238 298 291 261 283 285 226 205 236 255 253 274 203 225 237 256 207 288 295 218 229 278 293 222 209 242 217 228 219
149
788 741 718 765 783 796 769 735 754 786 757 755 791 792 714 787 750 736 721 720 781 728 753 799 749 716 701 731 746 715 784 756 723 782 772 704 702 779 798 743 732 773 767 774 776 762 717 761 760 768 712 740 739 744 722
167 176 164 157 125 134 132 115 169 142 119 165 131 144 173 116 135 174 195 148 112 145 166 162 154 161 108 133 105 104 141 140 109 183 185 160 147 124 143 138 163 136 150 106 155 127 126
658 651 660 636 677 694 637 601 698 635 631 642 622 616 693 697 638 678 695 628 661 684 626 699 663 668 669 653 691 632 681 665 646 614 615 607 633 605 643 682 620 629 670 640 666 659 655 667 674 649 671 692 662
802
954
512 544 584 573 508 588 590 542 517 534 514 586 520 530 589 511 593 505 571 591 579 580 521 536 555 595 582 543 545 594 540 569 599 533 510 518 506 577 554 532 525 509 596 529 557 556 560 578 566 550 541 559 546 549 570 531 575 563 574 547 516 537 567 585
8
388 348 338 342 346 300 324 341 367 312 370 327 390 333 353 339 317 396 398 307 369 311 318 393 325 337 375 309 352 323 314 380 326 386 357 364 350 394 366 359 360 334 351 389 354 330 379 313 392 340 361 391 345 381 356 363 336 343 332 371
994
264
548
17
703
709
206
128
915
469
922
33
676
708
322
833
612
90
801
152
747
111
564
56
319
932
611
139
347
719
421
832
377
679
51
503
418
793
355
39
304
151
471
656
123
689
812
146
168
957
384
507
562
497
621
239
515
100
444
970
867
52
248
619
254
1
987
710
129
587
180
552
565
724
286
287
831
700
685
268
706
368
916
597
680
159
726
504
436
488
648
770
863
827
583
764
860
808
838
711
933
745
777
999
196
260
240
608
790
857
172
429
137
947
397
35
259
83
609
748
320
107
30
639
683
308
212
477
279
16
193
265
613
602
190
461
70
122
797
306
11
34
158
759
197
215
568
864
191
819
362
53
399
383
186
6
937
290
737
581
951
198
60
5
664
378
707
528
551
65
935
634
78
998
690
276
117
527
688
41
502
604
909
241
522
463
270
501
412
156
233
923
182
618
432
519
214
45
870
243
696
493
847
990
181
953
539
19
451
513
59
789
58
257
859
900
372
730
713
376
558
400
297
244
450
440
535
876
331
997
387
600
408
335
624
652
976
121
188
10
443
843
68
969
328
175
201
945
977
603
170
409
500
455
130
447
598
991
617
315
31
344
623
89
572
526
576
992
907
966
187
220
373
271
654
727
644
842
402
118
43
446
385
305
358
453
523
538
192
785
263
758
423
44
213
928
766
80
771
850
905
103
673
686
627
294
733
641
102
382
606
410
310
484
561
687
251
234
821
349
472
780
914
993
269
625
179
184
97
247
725
67
650
904
316
374
807
93
729
742
496
763
879
524
752
303
775
113
630
37
963
177
289
178
417
199
862
292
553
917
834
454
943
751
856
795
296
301
120
794
672
101
738
61
705
645
815
811
675
232
42
778
647
835
592
211
64
365
189
153
610
855
881
224
948
321
481
869
800
62
88
395
657
302
329
925
194
978
734
975
171