967 942 981 986 978 969 925 999 926 933 977 947 954 956 918 946 944 911 919 922 936 976 920 982 970 965 930 950 975 910 987 997 905 994 902 953 903 962 937 990 951 916 934 961 971 992 941 972 998 923 924 960 943 959 914 984 909 904 932 983 913 988 955 908 949 912 915 980 938 939 929 991 996 989 931 940 979 945 928 958 927 921 907 974 966 968 952 901 993 963 935 906 995 964 973 917 985
4 43 39 59 33 27 94 54 73 47 86 45 41 38 19 26 89 61 30 64 8 12 50 14 90 79 77 74 3 18 83 69 68 81 31 34 44 49 29 57 13 21 56 96 75 11 95 87 66 46 36 62 80 40 5 32 84 58 97 88 0 91 23 76 17 7 60 98 92 71 63 55 16 48 10 99 78 52 22 82 9 37 53 35 6 65 25 67 15 28 20 42 24 51 85 2 72
182 147 128 191 145 174 138 165 161 169 131 170 180 178 133 176 125 171 153 183 150 122 106 154 141 186 107 119 105 149 110 188 121 118 177 181 136 137 115 134 179 100 130 184 168 127 123 198 157 108 146 142 113 199 172 167 185 197 120 112 166 164 173 194 143 102 139 132 163 155 193 126 114 175 160 103 124 140 117 148 192 189 109 190 135 111 116 152 129 187 144 196 195 162 156 104
426 497 484 446 487 480 490 405 453 450 409 451 481 456 479 495 433 483 410 458 448 496 443 467 472 406 474 465 436 438 441 417 432 491 431 423 424 493 494 470 477 445 452 411 413 422 468 434 455 401 459 447 442 457 492 463 435 440 407 471 473 466 488 482 498 485 449 415 437 408 499 425 478 444 460 404 475 428 402 454 420 476 430 416 414 464 419 462 403 461 469 486 429 439 412 427 489
825 850 894 805 874 837 865 803 822 891 880 835 898 812 808 823 890 826 857 896 831 842 861 895 855 899 871 877 829 809 893 844 824 883 878 843 885 832 868 815 820 818 889 872 849 846 875 859 879 858 851 839 828 869 884 840 881 862 800 886 836 864 866 867 870 847 819 887 863 873 816 806 876 817 860 888 811 845 897 827 854 810 882 838 804 841 821 853 848 830 813 833 814 892 852 807 834
298 252 282 217 209 220 263 287 280 254 285 225 270 247 268 269 213 253 283 290 216 286 275 245 248 224 294 243 299 241 289 234 208 277 240 203 226 232 206 214 295 230 267 293 235 218 237 205 202 249 274 266 233 222 257 278 200 239 296 250 292 255 276 223 229 265 231 246 212 210 204 228 244 258 238 215 264 261 227 272 297 279 273 211 256 259 284 281 221 236 288 291 242 251 207 219 262
784 793 762 777 744 764 723 714 776 778 782 717 754 705 740 749 759 769 737 707 772 712 774 724 730 773 748 725 765 745 792 760 789 786 711 709 704 752 794 734 781 736 768 741 797 766 713 731 756 779 738 795 703 728 708 702 770 747 771 761 732 788 721 757 739 718 735 791 763 716 758 787 729 798 701 742 733 751 783 743 790 719 750 746 710 775 755 722 767 799 753 785 796 720 715 780
659 678 617 691 608 634 686 643 682 609 624 618 610 697 653 626 657 611 638 651 621 637 633 614 661 602 606 641 671 670 672 645 687 693 601 630 660 669 690 679 655 677 692 676 620 695 689 627 674 663 644 683 604 694 685 662 603 639 628 665 699 650 658 666 675 668 673 647 616 688 632 698 613 640 648 636 684 607 664 652 635 646 629 649 654 622 667 631 656 612 642 625 696 615 605 681 680
802
579 553 531 532 520 549 557 578 524 587 502 581 503 593 550 575 523 573 525 535 589 510 577 515 504 565 511 542 554 595 559 509 501 566 522 530 558 569 564 526 552 514 590 551 561 588 574 527 541 570 506 594 505 545 556 517 529 507 537 563 536 567 576 508 598 591 539 521 544 568 582 516 560 555 513 533 540 599 580 512 538 596 583 546 519 586 571 584 518 592 543 528 597 547 534 585 562
330 368 335 328 390 345 341 324 305 347 349 331 360 379 362 384 333 337 307 366 303 380 322 351 356 371 387 321 389 391 358 311 381 397 327 382 314 398 363 367 312 365 375 385 370 361 354 313 300 339 364 326 359 329 325 310 378 308 399 320 319 309 346 386 302 369 396 343 355 395 373 340 317 352 344 304 306 318 377 334 315 383 357 376 323 350 338 392 394 393 342 372 353 332 388 336 348
548
801
421
418
151
957
619
1
700
706
159
726
260
70
158
900
400
600
201
500
623
572
271
727
316
374
93
856
301
101
948