973
3 36 82 47 79 92 25 99 7 4 46 13 57 22 86 50 66 55 14 49 71 29 48 87 74 20 84 81 12 24 0 73 21 85 9 54 94 75 23 72 32 15 91 77 26 95 27 96 76 69 98 38 63 2 40 18
114
467 433 486 439 480 403 405 468 445 435 437 490 434 430 431 498 422 414 487 401 452 404 478 407 483 499 458 413 460 415 456 428 427 482 491 489 464 473 470 465 475 438 494 416 466 459 406 485 441 424 448 479 442 474 476 425 495 426 449 492 419 420 462 411 457
110
806 820 818 858 893 825 828 830 814 899 839 871 851 845 882 837 824 883 890 846 896 884 817 816 891 809 848 854 841 823 887 894 853 866 849 880 829 865 810 892 897 840 836 826 803 877 875 895 886 804 844 889 868 872 885 813 888 861 878 822 898 874 852 805
873
919 908 921 965 936 983 962 939 995 959 920 982 972 946 929 942 967 968 955 926 964 984 912 941 979 927 931 913 985 944 938 971 940 981 988 980 949 906 902 989 974 924 934 910 961 952 996 903 960 901 911 918 958 930 986 950 956
253 242 230 246 262 280 225 291 299 278 258 226 284 235 281 255 216 205 273 217 202 236 298 285 228 245 221 267 210 227 208 222 231 209 283 204 275 277 223 207 272 266 293 219 229 295 274 238 249 282 200 288 256 261 252 203 250 237 218
149
736 769 740 746 787 749 722 739 788 776 782 721 750 743 735 799 796 779 755 731 728 762 756 786 772 761 741 765 715 760 732 701 781 718 773 754 753 723 791 798 757 744 767 792 768 783 716 717 704 774 714 702 720 712 784
185 176 143 134 163 105 112 145 154 166 167 125 119 115 138 161 127 174 162 132 195 160 148 150 109 104 108 144 126 164 155 135 116 169 147 136 157 140 133 142 124 165 173 131 141 106 183
684 643 669 638 642 640 605 629 697 695 601 631 622 662 636 692 699 620 661 653 691 607 646 693 666 616 667 682 694 678 670 633 698 659 671 637 677 681 615 663 628 614 649 651 668 660 665 655 632 658 674 635 626
802
954
555 534 510 559 511 588 512 543 536 520 593 574 573 590 549 542 518 589 531 563 599 575 577 517 594 521 566 530 570 541 557 529 596 595 591 580 506 569 514 586 508 556 532 567 550 545 544 560 546 509 578 533 537 547 505 525 584 554 585 516 582 579 540 571
8
354 325 392 389 341 366 375 361 312 309 334 367 379 380 345 343 318 394 364 313 326 391 357 381 360 386 369 353 323 333 332 350 339 346 342 356 359 396 363 398 337 330 351 311 393 352 307 324 314 336 390 388 300 340 338 371 348 317 370 327
994
264
548
17
703
709
206
128
915
469
922
33
676
708
322
833
612
90
801
152
747
111
564
56
319
932
611
139
347
719
421
832
377
679
51
503
418
793
355
39
304
151
471
656
123
689
812
146
168
957
384
507
562
497
621
239
515
100
444
970
867
52
248
619
254
1
987
710
129
587
180
552
565
724
286
287
831
700
685
268
706
368
916
597
680
159
726
504
436
488
648
770
863
827
583
764
860
808
838
711
933
745
777
999
196
260
240
608
790
857
172
429
137
947
397
35
259
83
609
748
320
107
30
639
683
308
212
477
279
16
193
265
613
602
190
461
70
122
797
306
11
34
158
759
197
215
568
864
191
819
362
53
399
383
186
6
937
290
737
581
951
198
60
5
664
378
707
528
551
65
935
634
78
998
690
276
117
527
688
41
502
604
909
241
522
463
270
501
412
156
233
923
182
618
432
519
214
45
870
243
696
493
847
990
181
953
539
19
451
513
59
789
58
257
859
900
372
730
713
376
558
400
297
244
450
440
535
876
331
997
387
600
408
335
624
652
976
121
188
10
443
843
68
969
328
175
201
945
977
603
170
409
500
455
130
447
598
991
617
315
31
344
623
89
572
526
576
992
907
966
187
220
373
271
654
727
644
842
402
118
43
446
385
305
358
453
523
538
192
785
263
758
423
44
213
928
766
80
771
850
905
103
673
686
627
294
733
641
102
382
28
606
410
310
484
561
687
251
234
821
349
472
780
914
993
269
625
179
184
97
247
725
67
650
904
316
374
807
93
729
742
496
763
879
524
752
303
775
113
630
37
963
177
289
178
417
199
862
292
553
917
834
454
943
751
856
795
296
301
120
794
672
101
738
61
705
645
815
811
675
232
42
778
647
835
592
211
64
365
189
153
610
855
881
224
948
321
481
869
800
62
88
395
657
302
329
925
194
978
734
975
171