973
36 49 25 40 48 3 29 81 4 99 91 92 14 54 46 26 21 73 69 79 57 71 2 82 18 55 20 12 94 27 75 22 9 98 84 50 24 95 86 47 72 87 13 38 85 63 76 66 32 77 74 23 7 96 15 0
114
405 437 413 456 422 470 480 426 458 416 406 430 442 452 459 486 490 474 462 485 433 494 460 457 483 424 489 439 478 466 468 448 476 401 465 475 491 411 428 420 449 434 473 419 445 414 482 425 415 431 467 404 403 435 498 464 492 499 438 479 495 427 441 487 407
110
852 828 885 868 883 899 854 803 825 840 826 890 841 898 820 893 891 872 829 817 897 871 880 851 846 886 844 809 839 866 818 814 836 845 878 895 892 888 853 894 874 805 824 823 877 875 882 889 816 813 861 830 810 804 884 865 858 822 848 896 806 887 849 837
873
936 986 962 983 979 960 956 942 903 981 974 980 988 921 984 931 906 996 926 934 967 918 908 955 930 949 989 968 950 912 939 927 972 959 924 940 985 971 910 961 995 901 965 938 946 958 941 964 920 982 913 902 952 919 944 911 929
267 225 284 273 202 277 204 266 272 249 298 291 256 262 285 221 207 246 223 282 205 250 208 245 228 230 227 218 210 231 258 283 252 274 278 253 280 235 209 219 242 203 275 295 288 238 222 299 217 216 229 226 200 261 255 293 236 281 237
149
735 774 749 744 717 715 740 731 781 728 776 773 792 788 732 760 787 718 721 702 739 754 701 753 746 762 716 772 704 723 786 798 765 768 750 782 714 796 720 712 755 743 779 783 799 722 757 736 761 784 756 741 767 769 791
148 164 195 127 141 115 143 161 166 109 147 116 174 131 138 169 119 136 142 185 167 135 134 155 176 112 157 140 108 126 145 173 163 105 150 154 160 104 183 124 133 144 106 125 165 132 162
698 637 692 670 681 615 699 626 640 665 660 663 629 682 646 622 635 651 677 601 661 693 638 607 636 684 667 642 674 633 628 678 614 632 658 666 631 694 620 655 669 653 695 691 643 616 662 668 605 659 671 649 697
802
954
550 599 518 588 536 530 549 563 520 575 506 586 517 574 531 505 521 546 579 532 525 534 544 593 545 547 566 570 596 595 582 516 571 511 591 508 555 584 573 589 514 510 567 512 569 560 577 543 509 557 529 559 540 542 590 554 533 594 578 580 556 585 537
8
326 333 396 338 380 386 393 389 351 352 348 307 327 350 354 343 398 361 360 366 324 359 337 367 391 345 334 318 314 357 371 309 369 300 356 364 353 311 341 392 346 390 381 313 317 375 394 332 336 363 339 312 342 330 323 340 388 325 379 370
994
264
548
17
703
709
206
128
915
469
922
33
676
708
322
833
612
90
801
152
747
111
564
56
319
932
611
139
347
719
421
832
377
679
51
503
418
793
355
39
304
151
471
656
123
689
812
146
168
957
384
507
562
497
621
239
515
100
444
970
867
52
248
619
254
1
987
710
129
587
180
552
565
724
286
287
831
700
685
268
706
368
916
597
680
159
726
504
436
488
648
770
863
827
583
764
860
808
838
711
933
745
777
999
196
260
240
608
790
857
172
429
137
947
397
35
259
83
609
748
320
107
30
639
683
308
212
477
279
16
193
265
613
602
190
461
70
122
797
306
11
34
158
759
197
215
568
864
191
819
362
53
399
383
186
6
937
290
737
581
951
198
60
5
664
378
707
528
551
65
935
634
78
998
690
276
117
527
688
41
502
604
909
241
522
463
270
501
412
156
233
923
182
618
432
519
214
45
870
243
696
493
847
990
181
953
539
19
451
513
59
789
58
257
859
900
372
730
713
376
558
400
297
244
450
440
535
876
331
997
387
600
408
335
624
652
976
121
188
10
443
843
68
969
328
175
201
945
977
603
170
409
500
455
130
447
598
991
617
315
31
344
623
89
572
526
576
992
907
966
187
220
373
271
654
727
644
842
402
118
43
446
385
305
358
453
523
538
192
785
263
758
423
44
213
928
766
80
771
850
905
103
673
686
627
294
733
641
102
382
28
606
410
310
484
561
687
251
234
821
349
472
780
914
993
269
625
179
184
97
247
725
67
650
904
316
374
807
93
541
729
742
496
763
879
524
752
303
775
113
630
37
963
177
289
178
417
199
862
292
553
917
834
454
943
751
856
795
296
301
120
794
672
101
738
61
705
645
815
811
675
232
42
778
647
835
592
211
64
365
189
153
610
855
881
224
948
321
481
869
800
62
88
395
657
302
329
925
194
978
734
975
171