973
14 38 94 23 48 91 29 81 66 3 0 15 74 27 84 96 2 82 47 25 86 22 75 49 7 32 87 69 46 77 95 85 79 57 24 13 72 21 18 55 71 12 36 26 9 54 99 50 40 20 73 92 76 98 4 63
114
407 491 452 474 460 419 435 433 442 411 499 405 467 482 426 483 478 489 457 448 486 468 414 427 449 479 437 430 456 415 458 473 424 434 404 480 416 420 470 439 406 498 431 459 464 490 438 441 485 476 413 462 428 495 494 403 465 445 425 422 401 475 466 487
110
848 887 893 885 886 813 877 858 866 899 809 841 844 891 836 872 803 817 846 853 882 804 820 898 865 868 889 897 805 826 814 825 884 861 883 851 845 875 806 824 828 818 822 839 840 849 823 854 894 874 892 878 829 895 880 888 896 816 830 810 837 852 871 890
873
944 985 931 927 964 934 912 918 926 903 930 952 989 919 942 979 941 936 950 981 986 968 940 929 967 971 980 958 974 959 984 955 921 996 908 913 972 982 962 965 920 956 988 960 946 949 983 924 961 901 911 939 995 902 906 938 910
226 236 245 278 225 217 205 285 281 261 221 218 258 223 266 237 288 228 277 250 238 230 246 219 273 255 207 274 298 293 291 267 252 222 249 203 235 242 204 272 275 209 253 229 299 282 283 295 284 256 231 208 210 280 200 227 202 262 216
149
783 731 765 782 750 728 781 784 774 761 791 701 792 722 798 741 768 736 735 702 754 749 767 712 721 740 788 769 772 799 746 755 715 717 757 744 716 776 704 714 779 720 796 760 773 756 753 739 743 762 787 732 786 718 723
183 165 150 173 138 195 105 161 127 157 142 144 131 167 115 160 154 134 176 155 106 124 148 140 147 136 163 133 162 185 116 164 125 119 143 141 112 109 145 174 132 166 108 135 169 104 126
671 699 666 601 635 615 698 655 633 605 620 693 614 694 681 678 674 622 670 668 659 662 663 660 691 697 692 669 631 684 651 626 646 638 665 642 636 682 632 658 695 661 629 643 649 653 607 637 677 616 628 640 667
802
954
569 542 570 591 514 517 530 547 525 529 546 575 589 531 509 512 590 518 595 586 508 534 582 505 554 573 516 588 557 577 580 533 599 544 532 510 571 540 578 511 585 545 506 579 594 543 567 584 566 563 520 555 537 593 574 536 556 521 550 560 596 549 559
8
346 351 357 375 360 392 333 312 364 330 394 332 353 327 325 311 359 380 326 393 337 352 338 367 388 370 389 309 379 336 398 361 307 334 340 356 313 343 339 342 314 396 318 381 323 371 363 391 324 317 366 300 341 345 350 354 390 348 369 386
994
264
548
17
703
709
206
128
915
469
922
33
676
708
322
833
612
90
801
152
747
111
564
56
319
932
611
139
347
719
421
832
377
679
51
503
418
793
355
39
304
151
471
656
123
689
812
146
168
957
384
507
562
497
621
239
515
100
444
970
867
52
248
619
254
1
987
710
129
587
180
552
565
724
286
287
831
700
685
268
706
368
916
597
680
159
726
504
436
488
648
770
863
827
583
764
860
808
838
711
933
745
777
999
196
260
240
608
790
857
172
429
137
947
397
35
259
83
609
748
320
107
30
639
683
308
212
477
279
16
193
265
613
602
190
461
70
122
797
306
11
34
158
759
197
215
568
864
191
819
362
53
399
383
186
6
937
290
737
581
951
198
60
5
664
378
707
528
551
65
935
634
78
998
690
276
117
527
688
41
502
604
909
241
522
463
270
501
412
156
233
923
182
618
432
519
214
45
870
243
696
493
847
990
181
953
539
19
451
513
59
789
58
257
859
900
372
730
713
376
558
400
297
244
450
440
535
876
331
997
387
600
408
335
624
652
976
121
188
10
443
843
68
969
328
175
201
945
977
603
170
409
500
455
130
447
598
991
617
315
31
344
623
89
572
526
576
992
492
907
966
187
220
373
271
654
727
644
842
402
118
43
446
385
305
358
453
523
538
192
785
263
758
423
44
213
928
766
80
771
850
905
103
673
686
627
294
733
641
102
382
28
606
410
310
484
561
687
251
234
821
349
472
780
914
993
269
625
179
184
97
247
725
67
650
904
316
374
807
93
541
729
742
496
763
879
524
752
303
775
113
630
37
963
177
289
178
417
199
862
292
553
917
834
454
943
751
856
795
296
301
120
794
672
101
738
61
705
645
815
811
675
232
42
778
647
835
592
211
64
365
189
153
610
855
881
224
948
321
481
869
800
62
88
395
657
302
329
925
194
978
734
975
171