973
0 21 92 38 54 85 63 25 2 18 15 12 87 7 9 13 50 74 40 20 91 75 26 94 36 27 49 95 98 22 4 3 55 48 84 99 76 29 66 86 57 71 96 77 82 32 47 14 69 24 46 81 79 72 23 73
114
411 431 486 485 404 487 424 478 405 442 458 422 433 437 435 426 494 419 427 457 498 434 489 491 430 467 468 460 407 466 495 441 476 499 480 465 415 449 462 414 452 438 464 490 456 413 479 474 420 482 428 425 483 403 475 473 445 439 470 416 448 401 406 459
110
848 813 886 890 899 888 853 893 875 830 844 874 820 880 868 845 810 882 818 852 817 884 816 883 865 861 839 871 824 823 897 805 877 849 809 858 898 814 825 828 896 878 891 804 829 840 846 895 866 826 851 837 885 854 889 887 841 806 836 894 892 872 803 822
873
988 946 979 912 906 908 982 926 985 934 971 972 960 939 952 944 938 981 986 941 903 965 930 989 996 961 940 974 913 918 910 967 968 924 949 942 931 962 959 950 911 902 956 964 901 936 958 984 921 955 983 919 920 995 929 927
274 280 236 246 266 230 217 231 262 250 272 210 235 238 267 299 229 275 277 281 295 209 204 291 219 278 222 261 258 252 255 228 208 282 237 285 207 226 218 242 221 253 249 273 245 227 203 202 288 293 205 216 256 200 284 283 225 298 223
149
781 722 765 739 712 746 767 787 774 717 782 784 783 760 799 796 772 750 776 718 744 714 779 768 704 761 721 740 786 755 757 728 743 756 741 736 798 701 715 791 732 773 716 754 753 723 792 762 788 769 749 735 720 731 702
126 145 105 106 164 134 147 162 143 195 148 174 116 160 109 185 173 132 150 133 144 166 108 167 135 154 127 155 140 141 104 183 165 124 142 136 157 131 112 125 115 119 138 169 161 176 163
671 668 635 677 695 620 661 628 638 663 697 698 665 626 684 681 678 632 693 622 601 674 682 616 643 658 666 629 633 649 660 669 646 637 651 640 691 615 614 692 607 659 662 605 699 636 670 642 631 694 653 655 667
802
954
585 577 545 530 566 584 575 546 569 536 588 563 549 508 554 590 580 589 557 567 550 518 559 521 594 533 537 511 593 582 516 570 543 560 596 571 555 534 506 529 573 579 591 512 595 517 556 532 505 586 510 514 542 540 525 578 531 520 574 544 509 547 599
8
375 393 317 330 340 380 346 339 325 369 313 367 388 379 350 326 381 327 312 341 352 394 370 333 342 386 314 398 364 309 353 361 324 391 307 359 366 354 360 323 392 311 300 390 332 318 357 363 343 334 396 345 389 348 351 337 338 371 356 336
994
264
548
17
703
709
206
128
915
469
922
33
676
708
322
833
612
90
801
152
747
111
564
56
319
932
611
139
347
719
421
832
377
679
51
503
418
793
355
39
304
151
471
656
123
689
812
146
168
957
384
507
562
497
621
239
515
100
444
970
867
52
248
619
254
1
987
710
129
587
180
552
565
724
286
287
831
700
685
268
706
368
916
597
680
159
726
504
436
488
648
770
863
827
583
764
860
808
838
711
933
745
777
999
196
260
240
608
790
857
980
172
429
137
947
397
35
259
83
609
748
320
107
30
639
683
308
212
477
279
16
193
265
613
602
190
461
70
122
797
306
11
34
158
759
197
215
568
864
191
819
362
53
399
383
186
6
937
290
737
581
951
198
60
5
664
378
707
528
551
65
935
634
78
998
690
276
117
527
688
41
502
604
909
241
522
463
270
501
412
156
233
923
182
618
432
519
214
45
870
243
696
493
847
990
181
953
539
19
451
513
59
789
58
257
859
900
372
730
713
376
558
400
297
244
450
440
535
876
331
997
387
600
408
335
624
652
976
121
188
10
443
843
68
969
328
175
201
945
977
603
170
409
500
455
130
447
598
991
617
315
31
344
623
89
572
526
576
992
492
907
966
187
220
373
271
654
727
644
842
402
118
43
446
385
305
358
453
523
538
192
785
263
758
423
44
213
928
766
80
771
850
905
103
673
686
627
294
733
641
102
382
28
606
410
310
484
561
687
251
234
821
349
472
780
914
993
269
625
179
184
97
247
725
67
650
904
316
374
807
93
541
729
742
496
763
879
524
752
303
775
113
630
37
963
177
289
178
417
199
862
292
553
917
834
454
943
751
856
795
296
301
120
794
672
101
738
61
705
645
815
811
675
232
42
778
647
835
592
211
64
365
189
153
610
855
881
224
948
321
481
869
800
62
88
395
657
302
329
925
194
978
734
975
171