973
86 94 71 82 15 14 38 24 21 3 18 49 84 63 2 74 96 99 7 25 4 46 79 57 22 98 54 9 13 92 36 55 81 0 72 85 75 23 40 48 73 87 77 20 91 27 47 69 76 29 32 66 12 50 26 95
114
459 452 490 457 404 413 420 467 489 499 487 445 460 430 476 491 414 448 425 442 426 437 462 456 415 438 483 458 434 494 419 427 495 407 498 480 470 449 466 401 435 428 473 468 479 482 474 475 416 486 406 485 441 422 411 405 478 464 431 465 403 424 439 433
110
848 899 803 854 806 866 845 889 853 878 825 852 818 846 810 836 805 871 868 883 897 826 814 809 817 877 849 816 841 890 861 820 830 851 823 822 892 894 813 837 865 888 882 824 886 844 828 880 804 872 898 895 891 840 829 896 839 887 858 875 893 884 885 874
873
958 962 956 972 952 919 944 985 918 981 979 910 949 934 901 968 913 984 983 921 955 982 924 995 908 931 939 938 936 912 929 902 964 930 965 950 959 960 974 927 906 971 988 967 986 961 941 926 920 946 942 989 996 911 903 940
261 203 275 230 202 284 236 226 238 223 256 285 227 204 222 273 295 237 217 272 229 278 207 209 299 298 205 249 200 216 283 291 208 231 280 218 219 282 242 258 245 255 293 281 235 250 225 277 253 267 288 221 252 266 228 262 210 274 246
149
796 743 783 702 798 786 732 761 791 782 728 767 735 712 749 740 756 779 741 799 746 762 784 715 765 760 774 701 768 750 716 754 704 753 757 723 792 788 773 722 720 714 755 731 772 787 769 776 717 718 744 736 739 781 721
195 116 124 161 169 141 126 183 150 165 108 115 167 154 148 164 166 162 143 112 145 132 127 105 134 147 136 142 157 160 138 144 106 163 173 155 135 131 174 176 140 109 119 104 125 133 185
660 682 635 633 640 632 605 661 601 678 658 693 677 626 655 698 620 651 681 663 615 695 629 643 607 671 692 684 659 642 668 631 616 691 674 637 622 646 614 666 669 653 670 628 697 699 662 694 636 667 638 649
802
954
514 530 510 594 550 529 518 589 582 520 578 593 546 599 596 554 570 569 590 521 563 555 511 584 579 559 575 516 556 595 531 585 532 549 508 557 505 512 545 571 573 509 525 586 577 547 536 566 591 506 534 542 533 588 543 544 567 580 574 540 560 517 537
8
325 334 346 333 381 369 313 318 343 361 394 340 326 359 337 330 398 336 364 360 342 341 332 300 390 317 380 338 352 371 339 353 392 366 393 367 357 379 350 327 312 311 345 375 389 388 307 354 314 396 324 309 363 386 370 391 348 323 356 351
994
264
548
665
17
703
709
206
128
915
469
922
33
676
708
322
833
612
90
801
152
747
111
564
56
319
932
611
139
347
719
421
832
377
679
51
503
418
793
355
39
304
151
471
656
123
689
812
146
168
957
384
507
562
497
621
239
515
100
444
970
867
52
248
619
254
1
987
710
129
587
180
552
565
724
286
287
831
700
685
268
706
368
916
597
680
159
726
504
436
488
648
770
863
827
583
764
860
808
838
711
933
745
777
999
196
260
240
608
790
857
980
172
429
137
947
397
35
259
83
609
748
320
107
30
639
683
308
212
477
279
16
193
265
613
602
190
461
70
122
797
306
11
34
158
759
197
215
568
864
191
819
362
53
399
383
186
6
937
290
737
581
951
198
60
5
664
378
707
528
551
65
935
634
78
998
690
276
117
527
688
41
502
604
909
241
522
463
270
501
412
156
233
923
182
618
432
519
214
45
870
243
696
493
847
990
181
953
539
19
451
513
59
789
58
257
859
900
372
730
713
376
558
400
297
244
450
440
535
876
331
997
387
600
408
335
624
652
976
121
188
10
443
843
68
969
328
175
201
945
977
603
170
409
500
455
130
447
598
991
617
315
31
344
623
89
572
526
576
992
492
907
966
187
220
373
271
654
727
644
842
402
118
43
446
385
305
358
453
523
538
192
785
263
758
423
44
213
928
766
80
771
850
905
103
673
686
627
294
733
641
102
382
28
606
410
310
484
561
687
251
234
821
349
472
780
914
993
269
625
179
184
97
247
725
67
650
904
316
374
807
93
541
729
742
496
763
879
524
752
303
775
113
630
37
963
177
289
178
417
199
862
292
553
917
834
454
943
751
856
795
296
301
120
794
672
101
738
61
705
645
815
811
675
232
42
778
647
835
592
211
64
365
189
153
610
855
881
224
948
321
481
869
800
62
88
395
657
302
329
925
194
978
734
975
171