973
26 73 27 13 96 23 84 71 57 20 94 91 92 14 9 50 47 79 63 54 24 76 72 86 21 22 0 48 46 4 66 98 25 55 85 32 3 7 18 12 69 81 87 77 99 38 36 49 29 82 40 15 74 95 75 2
114
407 478 442 420 439 470 476 430 485 426 438 494 452 489 435 456 427 404 474 424 414 465 460 431 413 483 437 405 406 498 475 422 403 433 499 428 458 468 457 462 441 473 434 480 416 445 448 495 419 401 464 491 486 482 459 487 415 467 411 479 449 490 425 466
110
853 897 814 865 891 820 877 895 861 816 858 890 848 888 837 885 823 854 896 803 830 828 882 899 822 880 824 826 851 892 874 886 887 871 872 829 898 844 805 818 868 836 810 884 893 883 852 839 841 875 878 813 825 845 806 840 866 804 817 846 889 894 809 849
873
958 927 964 911 938 968 989 985 944 942 906 952 962 920 961 984 912 995 941 936 901 946 972 939 908 930 983 956 902 960 919 913 955 979 996 940 903 971 950 931 918 910 934 959 949 967 924 926 982 988 974 921 986 965 981 929
227 285 267 225 245 246 200 261 272 216 210 218 283 277 230 242 217 252 228 255 299 236 219 249 293 258 284 204 238 275 288 203 298 278 226 250 280 282 202 262 281 209 256 221 253 274 291 266 231 295 237 208 207 229 235 223 222 205
149
755 715 704 717 754 753 761 740 720 723 767 768 728 702 769 760 792 716 731 736 788 784 756 786 798 765 787 776 735 746 774 712 714 749 783 773 757 741 722 701 772 762 781 739 718 732 743 744 791 750 796 799 721 779 782
174 173 144 169 163 135 183 155 136 145 131 150 167 164 115 119 165 195 138 157 143 124 125 166 109 160 106 133 127 176 185 108 154 148 141 161 147 104 132 142 105 134 126 116 112 162 140
684 659 646 638 622 635 674 692 615 636 695 661 643 699 677 632 670 651 607 637 667 681 658 629 628 682 669 694 653 642 605 616 631 633 678 691 666 614 662 601 698 693 660 668 663 655 697 649 640 620 671 626
802
954
589 509 545 510 575 511 531 585 556 570 569 537 525 529 505 559 560 550 520 530 540 573 521 557 533 555 514 532 536 517 594 554 518 580 506 584 563 590 574 579 534 596 543 578 595 591 549 593 542 582 544 508 516 571 577 567 586 599 512 546 547 588 566
8
389 360 367 348 396 346 314 394 312 352 380 318 341 359 317 393 350 338 370 364 386 356 361 388 363 392 340 343 351 339 375 391 345 381 300 354 323 324 336 371 379 369 366 313 325 337 330 311 307 332 342 357 327 309 390 398 333 326 353 334
994
264
548
665
17
703
709
206
128
915
469
922
33
676
708
322
833
612
90
801
152
747
111
564
56
319
932
611
139
347
719
421
832
377
679
51
503
418
793
355
39
304
151
471
656
123
689
812
146
168
957
384
507
562
497
621
239
515
100
444
970
867
52
248
619
254
1
987
710
129
587
180
552
565
724
286
287
831
700
685
268
706
368
916
597
680
159
726
504
436
488
648
770
863
827
583
764
860
808
838
711
933
745
777
999
196
260
240
608
790
857
980
172
429
137
947
397
35
259
83
609
748
320
107
30
639
683
308
212
477
279
16
193
265
613
602
190
461
70
122
797
306
11
34
158
759
197
215
568
864
191
819
362
53
399
383
186
6
937
290
737
581
951
198
60
5
664
378
707
528
551
65
935
634
78
998
690
276
117
527
688
41
502
604
909
241
522
463
270
501
412
156
233
923
182
618
432
519
214
45
870
243
696
493
847
990
181
953
539
19
451
513
59
789
58
257
859
900
372
730
713
376
558
400
297
244
450
440
535
876
331
997
387
600
408
335
624
652
976
121
188
10
443
843
68
969
328
175
201
945
977
603
170
409
500
455
130
447
598
991
617
315
31
344
623
89
572
526
576
992
492
907
966
187
220
373
271
654
727
644
842
402
118
43
446
385
305
358
453
523
538
192
785
263
758
423
44
213
928
766
80
771
850
905
103
673
686
627
294
733
641
102
382
28
606
410
310
484
561
687
251
234
821
273
349
472
780
914
993
269
625
179
184
97
247
725
67
650
904
316
374
807
93
541
729
742
496
763
879
524
752
303
775
113
630
37
963
177
289
178
417
199
862
292
553
917
834
454
943
751
856
795
296
301
120
794
672
101
738
61
705
645
815
811
675
232
42
778
647
835
592
211
64
365
189
153
610
855
881
224
948
321
481
869
800
62
88
395
657
302
329
925
194
978
734
975
171