973
75 92 73 82 98 36 91 96 9 47 14 55 57 76 50 12 87 99 18 79 22 25 86 32 85 23 72 48 21 7 15 3 77 54 4 46 69 20 24 0 13 49 2 71 66 74 95 27 26 84 29 40 63 94 38 81
114
419 479 458 428 457 487 480 498 448 424 435 467 433 499 431 466 425 459 452 405 422 449 483 482 473 460 403 486 478 491 437 411 476 401 415 474 426 470 465 414 430 485 434 475 406 468 427 442 439 407 413 464 441 494 456 462 416 438 420 404 445 489 490 495
110
891 878 884 890 823 822 848 889 895 872 852 874 837 899 839 804 877 894 882 861 883 858 841 846 888 849 845 854 803 853 814 886 885 896 826 830 809 829 813 828 824 820 897 817 844 898 851 805 887 866 810 836 806 840 875 871 893 825 865 816 818 892 868 880
873
984 996 913 941 967 981 985 930 929 950 964 959 972 952 936 938 912 968 983 910 924 949 982 942 955 979 965 961 940 960 908 958 956 946 934 962 919 995 986 931 921 971 974 988 901 939 902 927 918 903 911 944 989 920 926 906
281 226 202 252 216 255 229 293 221 225 258 282 236 237 227 267 210 284 242 266 275 208 218 250 272 238 262 231 228 245 200 274 246 235 209 283 288 205 298 295 217 299 291 207 280 219 223 249 278 222 203 285 230 256 277 204 253 261
149
754 784 772 782 702 712 753 792 704 736 791 720 757 760 768 787 717 716 781 767 773 722 731 769 718 799 774 761 721 765 783 779 723 739 749 741 798 732 756 715 750 735 755 701 728 762 788 743 714 744 776 786 740 746
104 126 125 173 185 155 132 124 169 165 142 144 150 163 109 183 154 116 160 108 131 164 115 112 166 195 106 143 167 140 134 133 162 127 147 157 136 135 138 105 161 174 141 148 145 176 119
694 655 682 663 635 636 666 662 671 607 667 669 677 674 651 628 631 699 601 637 638 620 684 692 626 632 646 642 616 658 695 681 615 698 633 605 629 622 640 653 691 659 643 693 697 668 614 661 678 660 649 670
802
954
525 537 547 544 586 584 573 596 508 559 560 506 557 509 566 593 514 574 590 546 542 569 591 518 580 563 531 516 575 599 577 530 555 594 545 536 578 585 567 570 543 579 520 554 540 533 550 512 582 505 517 529 534 521 588 589 511 549 595 532 510 571 556
8
363 327 345 393 332 350 346 371 309 323 375 325 343 353 311 356 367 361 394 396 313 324 370 352 317 388 342 357 398 318 364 330 391 351 314 379 348 390 340 360 369 381 337 341 339 312 366 336 392 300 333 326 307 334 359 389 354 386 380 338
994
264
548
665
17
703
709
206
128
915
469
922
33
676
708
322
833
612
90
801
152
747
111
564
56
319
932
611
139
347
719
421
832
377
679
51
503
418
793
355
39
304
151
471
656
123
689
812
146
168
957
384
507
562
497
621
239
515
100
444
970
867
52
248
619
254
1
987
710
129
587
180
552
565
724
286
287
831
700
685
268
706
368
916
597
680
159
726
504
436
488
648
770
863
827
583
764
860
808
838
711
933
745
777
999
196
260
240
608
790
857
980
172
429
137
947
397
35
259
83
609
748
320
107
30
639
683
308
212
477
279
16
193
265
613
602
190
461
70
122
797
306
11
34
158
759
197
215
568
864
191
819
362
53
399
383
186
6
937
290
737
581
951
198
60
5
664
378
707
528
551
65
935
634
78
998
690
276
117
527
688
41
502
604
909
241
522
463
270
501
412
156
233
923
182
618
432
519
214
45
870
243
696
493
847
990
181
953
539
19
451
513
59
789
58
257
859
900
372
730
713
376
558
400
297
244
450
440
535
876
331
997
387
600
408
335
624
652
976
121
188
10
443
843
68
969
328
175
201
945
977
603
170
409
500
455
130
447
598
991
617
315
31
344
623
89
572
526
576
992
492
907
966
187
220
373
271
654
727
644
842
402
118
43
446
385
305
358
453
523
538
192
785
263
758
423
44
213
928
766
80
771
850
905
103
673
686
627
294
733
641
102
382
28
606
410
310
484
561
687
251
234
821
273
349
472
780
914
993
269
625
179
184
97
247
725
67
650
904
316
374
807
93
541
729
742
496
763
879
524
752
303
775
113
630
37
963
177
289
178
417
199
862
292
553
917
834
454
943
751
856
795
296
301
120
794
672
101
738
61
705
645
815
811
675
232
42
778
647
835
592
211
64
365
189
153
610
855
881
224
948
321
481
869
800
62
88
395
657
302
329
925
194
978
734
975
171
796