973
69 86 38 14 47 46 81 73 36 74 27 20 96 4 15 18 94 12 87 40 55 49 77 66 23 99 79 0 50 32 26 95 54 98 63 13 24 48 91 2 3 72 71 7 9 25 75 92 21 85 76 29 22 82 57 84
114
473 485 486 407 448 442 406 487 459 489 449 456 439 437 490 470 478 479 465 476 426 460 405 458 435 438 466 468 445 467 495 428 422 474 494 424 433 420 430 419 491 434 475 483 427 457 452 462 499 413 404 441 498 431 480 464 482 416 414 403 425 401 415
110
868 893 890 825 837 828 851 826 892 830 839 848 895 861 840 874 816 882 852 898 846 809 858 824 872 844 887 829 822 849 880 814 841 871 817 823 813 865 806 866 803 818 886 899 877 878 896 897 883 885 845 820 804 853 891 875 805 836 889 894 884 854 810 888
873
908 981 979 910 902 942 941 982 965 961 938 918 950 927 962 930 956 934 960 949 984 929 921 946 967 944 903 936 995 989 996 952 985 901 972 919 920 913 964 912 924 940 971 939 958 931 959 906 983 986 968 911 988 955 926 974
238 277 282 255 293 216 236 227 203 266 295 283 284 242 274 249 272 280 231 208 288 209 253 262 226 218 281 256 223 228 219 204 207 275 221 217 291 229 210 237 258 230 202 222 200 205 261 252 246 298 225 299 235 285 245 278 267 250
149
798 787 762 701 774 773 799 750 702 715 776 728 779 723 739 736 755 712 783 735 761 704 722 784 792 765 740 768 756 769 749 754 717 720 744 767 772 788 721 786 714 781 746 760 743 753 791 782 731 732 757 716 741 718
141 116 124 183 131 160 105 167 165 145 132 169 127 164 157 150 173 147 144 135 185 163 148 176 161 140 155 109 115 174 195 154 108 162 104 126 112 134 119 142 133 106 166 125 136 143 138
642 662 691 615 658 697 643 659 629 636 635 605 601 681 646 694 649 660 632 655 633 695 651 698 693 640 614 670 668 661 669 663 628 638 637 677 607 692 682 620 667 631 622 616 653 671 626 684 699 674 678 666
802
954
585 540 516 560 574 554 575 518 536 596 593 531 511 569 555 579 580 578 570 521 559 577 508 510 567 591 571 547 544 590 563 512 517 582 533 506 509 534 589 556 525 545 543 546 520 549 588 542 514 557 566 599 532 529 573 537 586 584 594 530 505 550 595
8
398 332 337 338 357 336 363 356 309 388 366 339 396 341 317 370 326 394 375 379 392 325 342 348 389 393 333 360 307 352 334 345 340 327 314 367 300 330 313 343 354 364 386 311 350 346 323 391 318 371 361 359 324 312 351 390 353 380 369 381
994
264
548
665
17
703
709
206
128
915
469
922
33
676
708
322
833
612
90
801
152
747
111
564
56
319
932
611
139
347
719
421
832
377
679
51
503
418
793
355
39
304
151
471
656
123
689
812
146
168
957
384
507
562
497
621
239
515
100
444
970
867
52
248
619
254
1
987
710
129
587
180
552
565
724
286
287
831
700
685
268
706
368
916
597
680
159
726
504
436
488
648
770
863
827
583
764
860
808
838
711
933
745
777
999
196
260
240
608
790
857
980
172
429
137
947
397
35
259
83
609
748
320
107
30
639
683
308
212
477
279
16
193
265
613
602
190
461
70
122
797
306
11
34
158
759
197
215
568
864
191
819
362
53
399
383
186
6
937
290
737
581
951
198
60
5
664
378
707
528
551
65
935
634
78
998
690
276
117
527
688
41
502
604
909
241
522
463
270
501
412
156
233
923
182
618
432
519
214
45
870
243
696
493
847
990
181
953
539
19
451
513
59
789
58
257
859
900
372
730
713
376
558
400
297
244
450
440
535
876
331
997
387
600
408
335
624
652
976
121
411
188
10
443
843
68
969
328
175
201
945
977
603
170
409
500
455
130
447
598
991
617
315
31
344
623
89
572
526
576
992
492
907
966
187
220
373
271
654
727
644
842
402
118
43
446
385
305
358
453
523
538
192
785
263
758
423
44
213
928
766
80
771
850
905
103
673
686
627
294
733
641
102
382
28
606
410
310
484
561
687
251
234
821
273
349
472
780
914
993
269
625
179
184
97
247
725
67
650
904
316
374
807
93
541
729
742
496
763
879
524
752
303
775
113
630
37
963
177
289
178
417
199
862
292
553
917
834
454
943
751
856
795
296
301
120
794
672
101
738
61
705
645
815
811
675
232
42
778
647
835
592
211
64
365
189
153
610
855
881
224
948
321
481
869
800
62
88
395
657
302
329
925
194
978
734
975
171
796