973
57 76 55 72 23 85 0 29 3 2 32 40 15 12 77 74 99 20 91 26 95 36 92 21 48 25 96 86 98 79 4 81 66 87 27 84 69 38 63 54 75 94 22 47 49 24 71 73 14 18 50 7 82 9 46
114
465 431 486 476 470 483 434 464 406 490 441 419 430 475 424 494 416 427 487 456 460 458 498 491 405 466 489 442 462 414 413 482 425 485 480 439 478 459 468 420 495 467 403 499 422 435 438 415 407 449 401 473 426 474 479 404 433 445 428 452 437 457 448
110
828 817 809 875 878 839 891 826 886 882 803 840 884 846 874 892 837 888 851 822 866 836 877 872 889 849 848 895 894 823 805 810 852 816 899 861 898 890 885 854 858 804 868 883 841 845 818 880 887 853 893 829 844 824 865 813 814 896 897 825 806 820 830 871
873
930 972 988 979 924 941 967 946 968 942 982 965 936 939 985 962 926 950 960 959 912 944 927 940 949 902 906 956 986 961 931 920 938 934 919 995 918 913 911 921 974 903 964 989 901 955 910 952 929 996 981 908 971 958 984 983
293 210 278 299 277 281 267 236 218 255 228 208 284 230 229 266 222 219 252 274 249 298 200 253 203 223 231 246 216 217 282 245 202 242 221 204 295 225 205 272 262 238 256 258 237 285 275 261 209 227 280 283 235 291 226 207 288 250
149
799 740 714 718 749 722 739 762 773 754 760 728 753 765 755 704 783 702 723 767 731 792 788 735 782 744 787 701 712 717 746 769 732 768 743 779 761 786 736 791 750 784 756 776 741 716 781 720 774 715 721 798 772 757
131 124 136 160 133 162 150 132 183 112 147 116 185 163 105 145 169 174 164 195 126 167 157 108 143 127 165 140 148 142 176 104 115 135 144 125 173 106 161 166 119 138 155 109 154 134 141
668 670 635 605 616 662 633 661 681 674 695 614 663 628 649 659 631 601 660 691 615 653 640 698 692 626 637 678 638 666 669 642 622 699 677 693 643 697 629 671 620 694 607 636 682 646 632 658 655 651 667 684
802
954
571 549 591 570 531 516 555 547 594 530 596 520 579 575 544 510 563 595 543 542 599 525 585 588 509 586 512 533 582 536 580 560 521 577 573 567 566 505 529 514 532 590 537 559 508 578 517 554 557 545 589 534 574 540 511 569 506 550 593 518 584 546 556
8
356 351 330 314 388 326 393 375 389 312 334 370 309 342 361 390 350 357 324 354 371 307 343 311 381 325 379 353 337 352 398 317 313 396 366 338 318 392 394 333 391 360 300 341 348 323 332 359 339 363 336 364 380 327 369 346 345 386 340 367
994
264
548
665
17
703
709
206
128
915
469
922
33
676
708
322
833
612
90
801
152
747
111
564
56
319
932
611
139
347
719
421
832
377
679
51
503
418
793
355
39
304
151
471
656
123
689
812
146
168
957
384
507
562
497
621
239
515
100
444
970
867
52
248
619
254
1
987
710
129
587
180
552
565
724
286
287
831
700
685
268
706
368
916
597
680
159
726
504
436
488
648
770
863
827
583
764
860
808
838
711
933
745
777
999
196
260
240
608
790
857
980
172
429
137
947
397
35
259
83
609
748
320
107
30
639
683
308
212
477
279
16
193
265
613
602
190
461
70
122
797
306
11
34
158
759
197
215
568
864
191
819
362
53
399
383
186
6
937
290
737
581
951
198
60
5
664
378
707
528
551
65
935
634
78
998
690
276
117
527
688
41
502
604
909
241
522
463
270
501
13
412
156
233
923
182
618
432
519
214
45
870
243
696
493
847
990
181
953
539
19
451
513
59
789
58
257
859
900
372
730
713
376
558
400
297
244
450
440
535
876
331
997
387
600
408
335
624
652
976
121
411
188
10
443
843
68
969
328
175
201
945
977
603
170
409
500
455
130
447
598
991
617
315
31
344
623
89
572
526
576
992
492
907
966
187
220
373
271
654
727
644
842
402
118
43
446
385
305
358
453
523
538
192
785
263
758
423
44
213
928
766
80
771
850
905
103
673
686
627
294
733
641
102
382
28
606
410
310
484
561
687
251
234
821
273
349
472
780
914
993
269
625
179
184
97
247
725
67
650
904
316
374
807
93
541
729
742
496
763
879
524
752
303
775
113
630
37
963
177
289
178
417
199
862
292
553
917
834
454
943
751
856
795
296
301
120
794
672
101
738
61
705
645
815
811
675
232
42
778
647
835
592
211
64
365
189
153
610
855
881
224
948
321
481
869
800
62
88
395
657
302
329
925
194
978
734
975
171
796