917 951 997 968 983 969 920 934 964 944 943 925 993 992 939 903 950 927 910 921 919 973 986 928 985 902 970 976 965 971 949 988 982 942 984 980 979 918 923 935 937 924 962 909 906 995 966 936 989 908 941 990 963 999 922 981 938 947 954 912 953 977 929 911 931 972 913 959 914 904 987 932 956 915 946 994 952 998 991 901 907 916 945 905 940 961 960 967 996 958 955 978 974 975 926 930
14 98 30 15 85 25 79 61 60 10 83 72 53 55 33 99 43 97 18 49 13 41 91 6 35 95 84 23 17 4 87 51 73 62 22 45 92 56 78 63 76 19 8 94 52 64 77 96 82 36 46 44 90 29 89 40 12 26 24 11 37 86 59 27 38 3 39 34 54 50 74 58 16 47 66 88 0 75 2 21 20 28 68 65 32 80 67 42 69 71 31 81 9 57 5 7 48
168 141 190 137 117 149 188 169 105 150 131 128 111 103 121 110 133 179 165 104 178 197 186 198 112 139 107 183 126 176 129 184 140 106 136 145 118 181 193 162 124 123 196 156 132 173 191 125 153 189 148 192 115 114 166 170 174 172 155 102 119 171 127 185 180 147 122 175 138 160 163 195 187 109 135 142 100 167 113 161 157 154 164 146 134 116 177 108 143 130 199 120 182 144 152 194
444 490 474 439 422 494 419 436 417 472 462 457 484 492 407 489 452 442 405 435 447 446 428 471 464 473 451 403 495 475 416 429 466 483 465 463 432 469 423 411 440 425 496 426 409 402 467 456 414 406 458 449 415 470 412 480 427 479 481 478 434 461 476 453 445 493 450 430 455 498 410 441 437 433 424 448 487 491 420 408 454 499 431 413 485 488 497 438 477 459 460 482 443 401 486 468 404
886 893 881 800 840 897 872 878 843 844 814 887 889 869 832 898 807 849 873 895 876 837 828 874 831 892 833 894 821 846 868 855 818 809 867 815 823 817 870 885 805 830 812 871 811 819 813 880 877 836 863 861 882 884 825 852 822 860 883 839 804 862 888 851 803 816 850 854 826 891 838 890 864 808 835 853 834 879 806 896 865 875 810 824 848 899 842 827 820 857 859 858 841 866 829 845 847
217 241 214 213 210 231 277 235 282 246 296 216 257 240 274 273 218 204 270 272 228 253 262 268 287 266 297 243 295 221 224 279 222 247 267 232 299 291 248 206 298 254 242 276 202 209 234 238 237 233 250 269 284 293 258 208 283 252 220 280 227 281 251 207 229 205 212 219 200 261 255 259 211 239 294 275 203 264 236 249 226 286 292 223 245 288 225 290 256 265 215 230 285 289 263 244 278
764 765 705 737 795 732 722 724 782 760 753 723 725 708 703 755 770 707 730 745 758 772 786 747 710 757 729 793 771 788 763 701 789 714 702 766 799 719 717 713 769 783 775 754 744 751 709 743 716 797 759 741 784 773 778 728 777 790 785 711 798 761 796 794 746 767 720 781 749 721 774 712 715 740 736 792 704 742 756 791 718 750 739 734 776 733 752 779 780 748 762 768 787 738 731 735
601 602 683 674 656 607 628 639 646 627 605 665 686 666 635 654 682 678 655 652 649 691 604 613 648 687 651 661 681 690 668 603 637 663 670 622 692 697 645 606 684 620 617 634 673 672 615 699 658 629 625 685 675 618 641 614 679 609 653 669 624 676 677 611 621 632 640 630 631 642 688 696 644 667 636 610 608 664 633 650 693 671 657 662 612 680 616 647 659 695 626 698 638 694 689 660 643
802
506 526 587 544 539 571 507 540 543 541 568 528 529 560 531 523 580 564 532 588 510 576 503 561 554 546 527 583 524 535 550 574 555 505 592 545 596 557 591 563 511 534 594 585 547 553 538 577 558 589 578 556 512 522 515 502 509 537 565 533 521 582 598 516 579 542 567 520 513 501 536 566 581 593 586 530 599 551 508 562 517 519 597 570 559 549 504 514 525 575 552 569 518 584 595 573 590
388 367 320 303 332 365 314 337 330 370 354 393 327 352 315 304 361 335 375 311 319 333 326 331 307 346 339 324 373 387 302 329 344 318 348 350 358 357 398 309 321 328 325 341 371 334 355 368 381 383 322 347 308 363 338 353 351 362 366 399 356 389 380 378 384 323 342 300 391 372 385 313 395 397 310 340 359 382 305 392 394 349 386 345 390 360 369 377 396 376 364 343 306 312 336 379 317
548
801
421
418
151
957
619
1
700
706
159
726
933
260
70
158
900
400
600
201
500
623
572
271
727
316
374
93
856
301
101
948