973
36 84 38 22 82 79 73 66 7 86 85 50 21 81 25 18 0 32 40 15 24 95 57 4 91 55 23 20 14 46 48 96 49 69 29 87 27 92 26 9 72 98 75 94 3 99 54 12 71 76 74 2 47 63
114
416 406 482 467 439 433 462 489 485 414 415 473 479 407 465 438 470 491 420 435 427 452 487 486 430 495 424 413 449 499 419 441 422 403 466 456 483 480 442 460 437 475 404 474 426 457 425 401 494 459 405 498 476 428 431 490 445 448 458 464 478 468 434
110
818 830 849 880 826 899 891 806 840 804 895 878 875 814 829 871 824 836 898 882 825 858 890 837 894 817 886 866 872 828 884 874 803 844 851 810 868 848 865 896 877 885 854 889 813 809 816 853 888 861 897 893 883 846 820 841 845 852 839 822 805 892 823 887
873
913 965 985 995 967 981 929 938 912 971 968 918 989 949 983 940 946 902 941 910 959 901 960 906 930 956 934 942 952 944 926 924 919 979 936 962 950 920 986 908 958 927 996 955 961 931 972 964 939 984 921 982 988 911 974 903
253 205 288 291 204 280 209 217 267 255 242 245 252 250 219 275 208 225 256 274 203 222 231 235 216 282 281 223 261 200 246 285 266 230 202 218 236 299 249 238 237 272 277 210 284 221 295 262 283 228 258 207 293 227 278 229 298
149
717 739 731 736 740 783 715 716 791 765 720 798 721 786 753 755 704 773 741 746 761 772 792 743 799 757 714 702 762 782 718 767 701 735 749 768 756 779 723 754 722 776 728 787 788 784 760 769 744 774 732 750 781 712
138 126 104 135 150 145 161 119 125 112 164 148 132 157 144 141 195 136 167 185 147 154 106 176 183 133 169 143 160 155 131 115 127 173 108 142 116 134 174 124 163 105 162 166 109 140 165
653 678 607 616 660 632 651 635 697 605 620 667 649 693 663 682 671 677 633 626 659 694 628 691 637 670 655 668 698 692 695 661 662 622 636 614 681 684 601 643 666 629 638 674 631 642 669 658 640 615 699 646
802
954
555 577 595 578 531 567 575 529 532 543 514 542 530 589 588 566 520 570 569 596 506 585 540 556 599 584 525 549 573 508 534 505 590 536 517 563 559 560 574 586 546 550 580 545 557 594 518 533 509 511 554 512 579 571 516 593 521 544 537 510 582 591 547
8
359 334 312 313 352 354 340 370 326 350 327 371 386 351 356 380 336 345 317 333 360 393 367 314 391 338 396 346 366 388 390 361 357 353 398 318 324 375 341 339 392 330 309 394 369 307 300 325 381 311 364 323 363 379 343 342 348 332 337 389
994
264
548
665
17
703
709
206
128
915
469
922
33
676
708
322
833
612
90
801
152
747
111
564
56
319
932
611
139
347
719
421
832
377
679
51
503
418
793
355
39
304
151
471
656
123
689
812
146
168
957
384
507
562
497
621
239
515
100
444
970
867
52
248
619
254
1
987
710
129
587
180
552
565
724
286
287
831
700
685
268
706
368
916
597
680
159
726
504
436
488
648
770
863
827
583
764
860
808
838
711
933
745
777
999
196
260
240
608
790
857
980
172
429
137
947
397
35
259
83
609
748
320
107
30
639
683
308
212
226
477
279
16
193
265
613
602
190
461
70
122
797
306
11
34
158
759
197
215
568
864
191
819
362
53
399
383
186
6
937
290
737
581
951
198
60
5
664
378
707
528
551
65
935
634
78
998
690
276
117
527
688
41
502
604
909
241
522
463
270
501
13
412
156
233
923
182
618
432
519
214
45
870
243
696
493
847
990
181
953
539
19
451
513
59
789
58
257
859
900
372
730
713
376
558
400
297
244
450
440
535
876
331
997
387
600
408
335
624
652
976
121
77
411
188
10
443
843
68
969
328
175
201
945
977
603
170
409
500
455
130
447
598
991
617
315
31
344
623
89
572
526
576
992
492
907
966
187
220
373
271
654
727
644
842
402
118
43
446
385
305
358
453
523
538
192
785
263
758
423
44
213
928
766
80
771
850
905
103
673
686
627
294
733
641
102
382
28
606
410
310
484
561
687
251
234
821
273
349
472
780
914
993
269
625
179
184
97
247
725
67
650
904
316
374
807
93
541
729
742
496
763
879
524
752
303
775
113
630
37
963
177
289
178
417
199
862
292
553
917
834
454
943
751
856
795
296
301
120
794
672
101
738
61
705
645
815
811
675
232
42
778
647
835
592
211
64
365
189
153
610
855
881
224
948
321
481
869
800
62
88
395
657
302
329
925
194
978
734
975
171
796