973
27 94 99 73 4 25 50 29 18 85 98 54 47 72 55 48 87 91 95 84 40 96 66 15 0 79 76 74 22 2 36 92 3 38 9 81 75 71 86 57 12 21 69 23 46 24 49 82 63 7 32 20 14 26
114
465 435 489 494 431 426 452 442 449 433 482 468 424 419 439 407 414 458 422 473 491 475 462 406 415 490 438 460 495 474 467 499 404 434 401 464 448 437 476 441 483 416 456 487 428 478 470 466 430 479 486 413 498 459 427 480 405 420 403 485 445 425 457
110
887 852 806 810 854 828 844 826 858 803 893 837 878 895 886 872 882 892 839 814 897 809 883 825 818 851 885 894 846 817 896 898 840 804 888 848 890 830 889 805 845 899 874 822 824 865 891 884 866 813 820 816 868 861 875 841 829 871 877 853 880 823 849 836
873
919 913 960 940 967 956 974 949 988 902 984 924 910 912 989 903 965 971 920 955 961 946 979 958 983 972 962 950 995 982 906 941 964 985 929 901 938 918 936 930 952 921 959 986 944 939 908 968 926 996 931 934 981 911 942 927
216 258 288 284 209 235 230 200 298 278 207 295 299 255 250 261 205 222 285 210 236 203 267 272 275 229 252 282 228 291 225 242 274 281 246 204 238 221 249 283 227 266 208 223 277 245 218 280 256 293 253 219 262 202 237 217
149
732 792 746 798 735 756 754 723 720 769 750 749 782 722 787 783 781 791 760 731 741 714 786 702 744 767 716 799 776 779 715 772 773 753 740 768 755 762 765 701 736 774 788 717 704 757 784 712 728 718 743 739 761 721
174 115 195 112 166 176 119 150 116 144 109 163 104 145 164 154 105 127 133 155 108 140 106 143 126 138 161 183 135 125 185 132 169 141 148 160 157 142 131 124 136 173 162 147 167 134 165
698 635 693 662 601 643 671 681 674 666 629 646 651 678 669 668 628 667 626 692 649 605 660 631 633 655 677 653 637 691 661 663 642 682 638 615 640 659 699 697 607 614 684 632 694 622 636 670 616 658 695 620
802
954
575 593 588 512 567 599 584 596 550 578 579 533 545 570 554 520 543 516 529 569 549 557 532 585 582 563 559 546 534 536 573 525 571 521 537 580 594 591 518 506 555 574 509 510 514 505 590 556 586 511 577 544 517 566 589 560 531 540 595 530 508 547 542
8
381 388 330 342 350 367 359 313 324 392 369 370 336 317 353 352 393 354 356 379 346 341 345 314 348 380 332 333 351 391 334 364 339 360 337 366 390 311 375 394 361 327 340 363 312 389 343 398 307 357 300 386 371 396 323 318 309 325 338 326
994
264
548
665
17
703
709
206
128
915
469
922
33
676
708
322
833
612
90
801
152
747
111
564
56
319
932
611
139
347
719
421
832
377
679
51
503
418
793
355
39
304
151
471
656
123
231
689
812
146
168
957
384
507
562
497
621
239
515
100
444
970
867
52
248
619
254
1
987
710
129
587
180
552
565
724
286
287
831
700
685
268
706
368
916
597
680
159
726
504
436
488
648
770
863
827
583
764
860
808
838
711
933
745
777
999
196
260
240
608
790
857
980
172
429
137
947
397
35
259
83
609
748
320
107
30
639
683
308
212
226
477
279
16
193
265
613
602
190
461
70
122
797
306
11
34
158
759
197
215
568
864
191
819
362
53
399
383
186
6
937
290
737
581
951
198
60
5
664
378
707
528
551
65
935
634
78
998
690
276
117
527
688
41
502
604
909
241
522
463
270
501
13
412
156
233
923
182
618
432
519
214
45
870
243
696
493
847
990
181
953
539
19
451
513
59
789
58
257
859
900
372
730
713
376
558
400
297
244
450
440
535
876
331
997
387
600
408
335
624
652
976
121
77
411
188
10
443
843
68
969
328
175
201
945
977
603
170
409
500
455
130
447
598
991
617
315
31
344
623
89
572
526
576
992
492
907
966
187
220
373
271
654
727
644
842
402
118
43
446
385
305
358
453
523
538
192
785
263
758
423
44
213
928
766
80
771
850
905
103
673
686
627
294
733
641
102
382
28
606
410
310
484
561
687
251
234
821
273
349
472
780
914
993
269
625
179
184
97
247
725
67
650
904
316
374
807
93
541
729
742
496
763
879
524
752
303
775
113
630
37
963
177
289
178
417
199
862
292
553
917
834
454
943
751
856
795
296
301
120
794
672
101
738
61
705
645
815
811
675
232
42
778
647
835
592
211
64
365
189
153
610
855
881
224
948
321
481
869
800
62
88
395
657
302
329
925
194
978
734
975
171
796