973
99 12 74 32 95 27 40 36 23 96 48 7 81 84 4 9 50 47 85 73 24 3 92 22 14 21 66 94 76 55 49 71 15 98 87 38 29 75 82 79 18 2 57 25 0 54 69 86 63 72 20 91 26 46
114
428 422 433 424 475 431 480 499 498 413 489 439 434 407 437 467 478 405 479 464 404 485 430 468 487 419 486 427 401 420 406 448 414 473 462 460 426 445 452 416 435 494 449 457 441 490 442 456 458 415 482 403 459 465 438 495 466 474 476 470 425 483 491
110
849 840 853 816 880 886 824 836 837 896 889 866 892 871 854 818 877 878 804 851 882 858 825 829 895 874 883 846 887 826 890 823 848 884 822 861 899 813 897 888 809 820 893 885 845 872 810 803 868 844 841 805 891 898 852 806 875 839 894 828 814 865 817 830
873
939 983 952 919 902 911 924 982 910 927 920 946 961 940 941 949 984 913 921 929 996 901 972 956 931 967 934 971 981 942 906 985 926 979 959 986 988 965 903 918 938 944 995 936 964 908 974 960 955 930 912 958 989 968 950 962
208 202 274 228 246 275 281 219 267 225 266 272 218 250 285 203 255 242 207 280 205 252 238 237 298 278 261 230 204 256 288 222 284 216 210 258 245 293 282 200 209 235 283 221 229 299 262 277 236 217 223 227 253 291 295 249
149
767 741 782 715 787 704 716 721 739 743 720 798 762 776 799 786 760 728 783 731 781 714 788 769 792 755 736 750 746 735 784 756 779 722 717 765 761 732 774 740 757 773 749 768 744 718 754 702 701 712 791 753 772 723
138 163 161 169 148 133 132 112 125 109 108 154 195 134 176 142 162 164 131 115 145 143 150 105 124 166 136 167 183 140 127 185 174 116 155 157 165 104 144 147 141 126 160 135 106 119 173
620 684 643 640 633 636 682 670 632 666 637 677 694 662 681 642 678 658 695 601 629 626 628 667 638 649 698 631 693 663 635 697 616 661 692 651 614 607 691 659 653 699 622 646 671 668 655 674 669 605 615 660
802
954
577 521 508 505 547 529 530 557 537 570 520 590 563 549 540 531 532 579 556 543 566 574 596 584 591 555 595 550 517 542 510 512 575 546 509 569 554 534 533 506 582 525 518 580 544 571 588 599 585 511 593 567 545 514 578 559 573 560 586 516 594 589 536
8
359 346 390 338 356 348 353 379 393 341 367 339 323 312 388 343 354 361 363 333 318 324 381 327 351 313 360 352 396 340 317 300 307 342 309 371 389 336 369 311 357 332 398 330 314 366 394 391 364 325 350 375 326 386 370 337 345 334 392
994
264
548
665
17
703
709
206
128
915
469
922
33
676
708
322
833
612
90
801
152
747
111
564
56
319
932
611
139
347
719
421
832
377
679
51
503
418
793
355
39
304
151
471
656
123
231
689
812
146
168
957
384
507
562
497
621
239
515
100
444
970
867
52
248
619
254
1
987
710
129
587
180
552
565
724
286
287
831
700
685
268
706
368
916
597
680
159
726
504
436
488
648
770
863
827
583
764
860
808
838
711
933
745
777
999
196
260
240
608
790
857
980
172
429
137
947
397
35
259
83
609
748
320
107
30
639
683
308
212
226
477
279
16
193
265
613
602
190
461
70
122
797
306
11
34
158
759
197
215
568
864
191
819
362
53
399
383
186
6
937
290
737
581
951
198
60
5
664
378
707
528
551
65
935
634
78
998
690
276
117
527
688
41
502
604
909
241
522
463
270
501
13
412
156
233
923
182
618
432
519
214
45
870
243
696
493
847
990
181
953
539
19
451
513
59
789
58
257
859
900
372
730
713
376
558
400
297
244
450
440
535
876
331
997
387
600
408
335
624
652
976
121
77
411
188
10
443
843
68
969
328
175
201
945
977
603
170
409
500
455
130
447
598
991
617
315
31
344
623
89
572
526
576
992
492
907
966
187
220
373
271
654
727
644
842
402
118
43
446
385
305
358
453
523
538
192
785
263
758
423
44
213
928
766
80
771
850
905
103
673
686
627
294
733
641
102
382
28
606
410
310
484
561
687
251
234
821
273
349
472
780
914
993
269
625
179
184
97
247
725
67
650
904
316
374
807
93
541
729
742
496
763
879
524
752
303
775
113
380
630
37
963
177
289
178
417
199
862
292
553
917
834
454
943
751
856
795
296
301
120
794
672
101
738
61
705
645
815
811
675
232
42
778
647
835
592
211
64
365
189
153
610
855
881
224
948
321
481
869
800
62
88
395
657
302
329
925
194
978
734
975
171
796