973
47 79 72 73 38 69 86 94 55 40 18 2 85 12 96 46 22 75 71 66 26 74 84 95 3 27 92 21 81 49 0 32 25 24 15 20 4 9 54 63 48 50 98 82 99 36 29 87 23 14 91 76 57 7
114
467 478 449 437 470 430 428 466 452 479 434 431 420 490 482 480 473 485 426 495 464 489 425 424 483 475 401 458 491 476 462 414 468 403 460 494 439 459 441 435 438 422 427 487 407 448 474 442 465 413 404 456 433 498 445 486 415 419 416 499 405 457 406
110
866 899 846 844 809 849 825 851 829 841 813 848 880 845 898 854 817 822 804 852 839 889 882 883 803 836 806 810 886 826 893 814 887 816 861 872 840 858 878 830 894 895 884 828 824 823 805 820 888 897 837 885 896 875 877 865 874 871 890 818 868 853 892 891
873
919 942 964 929 926 940 981 985 955 965 946 924 983 918 956 989 967 996 901 995 972 968 939 982 912 958 902 927 934 962 944 908 952 920 906 938 950 931 949 921 979 971 930 941 961 959 936 960 913 986 903 910 974 988 911 984
222 207 282 246 216 258 253 217 228 208 209 203 280 204 238 298 223 249 205 261 267 250 262 272 225 274 284 255 210 275 227 295 277 266 229 230 202 278 299 245 235 218 293 291 285 219 242 200 283 256 237 221 252 288 281 236
149
704 787 760 735 715 750 728 702 739 767 791 788 757 773 744 776 779 769 714 753 731 755 761 717 754 721 792 732 784 781 722 701 718 782 749 740 712 774 741 756 723 783 720 772 798 736 765 762 768 799 716 743 746 786
174 115 119 145 144 164 124 106 169 166 125 132 167 185 162 112 131 105 176 143 108 116 183 135 150 138 127 161 104 136 163 154 155 140 142 148 134 157 165 126 141 195 147 133 173 160 109
620 643 674 622 601 698 666 653 658 649 677 684 692 631 662 655 670 663 616 628 640 642 678 615 697 695 681 693 699 614 646 605 633 661 636 651 626 667 635 682 638 660 671 691 607 632 637 668 629 669 694 659
802
954
514 584 573 559 571 580 556 509 593 560 591 575 536 537 520 510 574 529 525 516 508 589 512 579 511 544 590 599 532 554 518 530 555 505 542 543 577 582 540 569 550 545 521 594 595 563 534 557 547 506 546 517 533 596 586 585 549 566 570 578 531 588
8
388 379 366 330 363 351 352 353 317 323 381 338 350 398 311 334 318 364 360 389 391 396 327 339 390 370 345 341 392 394 324 393 375 309 326 307 342 361 333 346 325 340 359 369 354 386 336 343 313 367 312 356 314 348 300 332 337 357 371
994
264
548
665
17
703
709
206
128
915
469
922
33
676
708
322
833
612
90
801
152
747
111
564
56
319
932
611
139
347
719
421
832
377
679
51
503
418
793
355
39
304
151
471
656
123
231
689
812
146
168
957
384
507
562
497
621
239
515
100
444
970
867
52
248
619
254
1
987
710
129
587
180
552
565
724
286
287
831
700
685
268
706
368
916
597
680
159
726
504
436
488
648
770
863
827
583
764
860
808
838
711
933
745
777
999
196
260
240
608
790
857
980
172
429
137
947
397
35
259
83
609
748
320
107
30
639
683
308
212
226
477
279
16
193
265
613
602
190
461
70
122
797
306
11
34
158
759
197
215
568
864
191
819
362
53
399
383
186
6
937
290
737
581
951
198
60
5
664
378
707
528
551
65
935
634
78
998
690
276
117
527
688
41
502
604
909
241
522
463
270
501
13
412
156
233
923
182
618
432
519
214
45
870
243
696
493
847
990
181
953
539
19
451
513
59
789
58
257
859
900
372
730
713
376
558
400
297
244
450
440
535
876
331
997
387
600
408
335
624
652
976
121
77
411
188
10
443
843
68
969
328
175
201
945
977
603
170
409
500
455
130
447
598
991
617
315
31
344
623
89
572
526
576
992
492
907
966
187
220
373
271
654
727
644
842
402
118
43
446
385
305
358
453
523
538
192
785
263
758
423
44
213
928
766
80
771
850
905
103
673
686
627
294
733
641
102
382
28
606
410
310
484
561
687
251
234
821
273
349
472
780
914
993
269
625
179
184
97
247
725
67
650
904
316
374
807
93
541
729
742
496
763
879
567
524
752
303
775
113
380
630
37
963
177
289
178
417
199
862
292
553
917
834
454
943
751
856
795
296
301
120
794
672
101
738
61
705
645
815
811
675
232
42
778
647
835
592
211
64
365
189
153
610
855
881
224
948
321
481
869
800
62
88
395
657
302
329
925
194
978
734
975
171
796