973
50 99 46 79 24 54 92 47 72 0 86 18 20 87 7 75 9 40 2 38 81 76 48 71 15 25 14 98 66 55 4 69 49 32 26 95 94 21 57 23 27 29 84 96 3 82 22 74 63 85 36 73 12 91
114
419 479 458 424 445 483 414 405 476 490 452 482 428 441 413 462 487 403 449 473 460 494 437 442 498 485 433 426 457 448 480 425 406 438 478 422 456 401 459 464 404 495 475 466 465 470 434 486 468 407 415 420 431 474 427 416 499 489 491 435 430 439 467
110
828 897 872 814 820 848 809 806 895 888 885 882 837 810 822 846 836 839 813 853 891 826 805 890 892 875 884 889 818 874 852 854 883 825 824 817 896 871 866 878 849 880 886 893 851 816 829 887 899 803 844 898 868 841 877 823 804 861 858 894 845 830 840
873
927 913 903 944 986 958 961 929 979 931 906 967 974 912 971 968 902 962 996 984 950 930 955 989 941 936 982 924 934 921 981 960 918 972 942 956 952 901 959 919 946 938 911 920 908 964 985 965 949 926 910 988 939 940 995 983
282 281 245 217 284 229 242 209 274 249 222 252 283 299 202 291 228 267 293 246 227 208 200 204 295 207 219 210 266 237 203 275 255 258 225 288 272 236 238 218 262 223 280 285 278 253 277 230 205 216 221 235 298 256 250 261
149
715 728 765 750 753 723 720 744 788 735 786 798 743 746 731 792 701 768 704 718 799 773 740 791 762 779 772 787 756 739 784 749 702 716 741 717 736 782 761 769 732 760 721 714 776 722 774 754 712 781 757 783 767 755
131 185 125 132 116 174 150 162 195 112 133 155 167 104 148 115 163 147 166 143 157 160 169 165 173 108 126 145 140 134 136 135 144 164 127 106 176 183 105 154 141 109 142 161 124 138 119
661 660 643 658 631 636 635 695 677 637 651 607 632 638 681 670 699 668 629 684 698 614 626 659 663 691 640 669 646 655 615 694 671 674 605 620 662 666 628 642 697 692 667 649 653 622 601 678 693 682 633 616
802
954
510 531 556 505 596 533 589 570 512 575 545 529 532 579 593 506 511 599 577 547 559 584 585 569 594 591 537 557 516 574 571 573 520 595 509 554 534 518 560 578 517 508 549 563 530 546 544 588 582 540 521 590 525 586 536 580 514 555 542 550 543 566
8
389 350 323 375 345 353 396 367 338 342 392 370 360 359 386 348 393 371 364 343 356 336 361 354 317 334 300 330 333 388 381 311 369 312 340 313 341 339 327 309 325 366 307 314 346 318 326 357 352 394 337 379 391 351 390 332 324 398 363
994
264
548
665
17
703
709
206
128
915
469
922
33
676
708
322
833
612
90
801
152
747
111
564
56
319
932
611
139
347
719
421
832
377
679
51
503
418
865
793
355
39
304
151
471
656
123
231
689
812
146
168
957
384
507
562
497
621
239
515
100
444
970
867
52
248
619
254
1
987
710
129
587
180
552
565
724
286
287
831
700
685
268
706
368
916
597
680
159
726
504
436
488
648
770
863
827
583
764
860
808
838
711
933
745
777
999
196
260
240
608
790
857
980
172
429
137
947
397
35
259
83
609
748
320
107
30
639
683
308
212
226
477
279
16
193
265
613
602
190
461
70
122
797
306
11
34
158
759
197
215
568
864
191
819
362
53
399
383
186
6
937
290
737
581
951
198
60
5
664
378
707
528
551
65
935
634
78
998
690
276
117
527
688
41
502
604
909
241
522
463
270
501
13
412
156
233
923
182
618
432
519
214
45
870
243
696
493
847
990
181
953
539
19
451
513
59
789
58
257
859
900
372
730
713
376
558
400
297
244
450
440
535
876
331
997
387
600
408
335
624
652
976
121
77
411
188
10
443
843
68
969
328
175
201
945
977
603
170
409
500
455
130
447
598
991
617
315
31
344
623
89
572
526
576
992
492
907
966
187
220
373
271
654
727
644
842
402
118
43
446
385
305
358
453
523
538
192
785
263
758
423
44
213
928
766
80
771
850
905
103
673
686
627
294
733
641
102
382
28
606
410
310
484
561
687
251
234
821
273
349
472
780
914
993
269
625
179
184
97
247
725
67
650
904
316
374
807
93
541
729
742
496
763
879
567
524
752
303
775
113
380
630
37
963
177
289
178
417
199
862
292
553
917
834
454
943
751
856
795
296
301
120
794
672
101
738
61
705
645
815
811
675
232
42
778
647
835
592
211
64
365
189
153
610
855
881
224
948
321
481
869
800
62
88
395
657
302
329
925
194
978
734
975
171
796