973
87 74 26 27 69 32 50 84 96 71 12 25 76 49 4 3 9 29 20 91 81 63 38 75 95 66 14 94 0 98 48 85 92 86 18 54 2 36 7 21 99 72 22 55 24 79 23 40 73 47 46 57 82 15
114
406 480 404 438 499 498 465 476 434 457 428 403 419 460 420 459 474 489 470 407 405 425 416 482 424 466 486 422 415 435 430 485 442 414 490 437 449 479 458 448 427 433 445 494 475 462 431 478 483 456 468 473 452 467 439 464 413 441 401 426 487 491
110
806 884 893 836 891 803 813 883 851 880 897 887 848 878 899 874 830 871 872 882 804 896 875 892 858 877 866 844 895 854 828 824 809 817 888 837 822 861 885 825 820 886 826 823 816 840 814 841 889 894 898 829 845 852 868 846 810 839 849 890 818 805 853
873
974 960 988 986 995 901 944 939 968 983 979 931 962 934 902 941 936 967 996 965 913 903 918 955 981 946 971 920 911 910 940 989 908 961 930 985 924 929 958 927 949 926 959 906 919 938 952 942 950 982 964 956 984 912 921 972
295 293 229 225 252 236 284 218 283 246 272 245 222 288 274 227 258 221 216 250 209 291 228 237 255 207 285 267 266 282 203 256 210 230 299 242 261 202 223 280 204 249 219 235 275 205 298 281 253 217 208 262 200 277 278 238
149
746 784 743 735 798 769 739 732 701 728 744 712 757 753 783 755 741 772 779 767 723 720 731 762 736 774 715 782 768 786 740 704 773 749 791 702 756 716 776 754 717 718 765 714 722 787 750 792 799 788 781 721 761 760
165 127 141 104 162 115 125 131 150 174 138 161 160 144 124 116 143 135 167 145 142 164 185 173 154 163 133 176 109 108 119 126 136 112 166 155 183 147 157 169 132 195 105 140 106 148 134
674 626 620 663 638 646 649 691 659 684 607 697 695 614 632 666 698 642 671 677 667 660 692 699 637 658 601 629 640 651 662 655 643 622 616 694 693 661 633 631 678 681 628 669 615 670 605 682 636 668 635 653
802
954
573 514 595 577 566 505 578 543 560 582 517 549 508 569 554 529 532 506 512 563 518 540 574 599 556 550 544 571 510 588 579 586 585 537 589 520 509 555 511 525 534 594 521 575 536 593 584 516 559 591 545 590 530 596 557 531 533 542 547 570 580 546
8
369 323 325 309 394 338 342 361 334 333 314 318 340 327 392 326 317 393 370 390 359 356 307 352 341 366 337 371 391 389 367 388 339 353 311 350 357 379 396 381 398 348 354 364 386 336 345 324 343 360 375 363 312 300 332 330 313 351 346
994
264
548
665
17
703
709
206
128
915
469
922
33
676
708
322
833
612
90
801
152
747
111
564
56
319
932
611
139
347
719
421
832
377
679
51
503
418
865
793
355
39
304
151
471
656
123
231
689
812
146
168
957
384
507
562
497
621
239
515
100
444
970
867
52
248
619
254
1
987
710
129
587
180
552
565
724
286
287
831
700
685
268
706
368
916
597
680
159
726
504
436
488
648
770
863
827
583
764
860
808
838
711
933
745
777
999
196
260
240
608
790
857
980
172
429
137
947
397
35
259
83
609
748
320
107
30
639
683
308
212
226
477
279
16
193
265
613
602
190
461
70
122
797
306
11
34
158
759
197
215
568
864
191
819
362
53
399
383
186
6
937
290
737
581
951
198
60
5
664
378
707
528
551
65
935
634
78
998
690
276
117
527
688
41
502
604
909
241
522
463
270
501
13
412
156
233
923
182
618
432
519
214
45
870
243
696
493
847
990
181
953
539
19
451
513
59
789
58
257
859
900
372
730
713
376
558
400
297
244
450
440
535
876
331
997
387
600
408
335
624
652
976
121
77
411
188
10
443
843
68
969
328
175
201
945
977
603
170
409
500
455
130
447
598
495
991
617
315
31
344
623
89
572
526
576
992
492
907
966
187
220
373
271
654
727
644
842
402
118
43
446
385
305
358
453
523
538
192
785
263
758
423
44
213
928
766
80
771
850
905
103
673
686
627
294
733
641
102
382
28
606
410
310
484
561
687
251
234
821
273
349
472
780
914
993
269
625
179
184
97
247
725
67
650
904
316
374
807
93
541
729
742
496
763
879
567
524
752
303
775
113
380
630
37
963
177
289
178
417
199
862
292
553
917
834
454
943
751
856
795
296
301
120
794
672
101
738
61
705
645
815
811
675
232
42
778
647
835
592
211
64
365
189
153
610
855
881
224
948
321
481
869
800
62
88
395
657
302
329
925
194
978
734
975
171
796