973
95 3 46 18 38 99 85 47 98 79 86 36 4 54 92 22 9 49 0 15 7 12 73 82 57 40 20 27 50 69 55 29 76 32 63 72 91 26 84 96 87 81 75 2 14 21 24 94 71 66 48 74 23 25
114
474 422 428 441 424 485 473 467 403 414 449 448 442 456 483 499 458 478 486 439 479 468 475 438 452 490 460 433 445 470 420 431 462 425 406 437 487 426 415 413 480 491 498 482 430 405 457 465 476 416 494 464 435 466 401 427 459 419 404 489 434
110
849 824 892 830 871 853 836 882 874 820 806 875 826 899 852 877 866 818 880 898 887 805 814 816 846 837 886 825 848 890 828 817 851 810 854 822 841 868 878 884 840 845 823 809 804 803 861 888 858 885 896 895 893 894 829 839 844 889 883 813 872 897 891
873
929 956 941 965 902 959 920 944 995 910 912 930 942 931 903 968 908 901 934 918 913 996 924 952 964 946 984 921 962 971 936 981 911 974 979 961 955 958 960 949 986 989 940 906 988 967 972 982 919 938 926 950 985 939 927 983
267 242 252 250 208 223 284 246 217 298 210 237 238 227 203 285 228 236 258 272 253 275 245 278 295 207 262 216 219 256 229 277 288 280 230 255 225 205 209 221 281 235 299 261 283 218 291 204 202 266 282 222 274 249 200 293
149
762 782 715 787 743 739 765 723 735 720 774 788 781 722 736 741 798 767 721 732 760 750 773 716 701 740 702 776 791 772 757 754 799 746 761 755 718 792 756 704 783 744 753 769 786 768 714 712 728 749 717 784 779 731
115 144 162 163 142 173 141 132 176 166 183 127 145 131 154 160 155 138 106 143 125 105 119 161 126 116 150 124 165 164 169 135 185 112 133 108 136 174 147 140 104 167 134 109 148 195 157
640 682 655 698 615 622 694 693 643 674 629 659 636 669 649 692 632 677 614 637 678 668 662 628 642 601 607 653 697 691 635 626 658 667 684 620 663 633 646 670 699 666 660 651 695 605 638 631 671 661 616 681
802
954
560 571 542 521 530 509 518 575 589 569 570 532 593 512 529 595 578 577 520 563 566 544 510 540 531 591 557 555 559 511 549 505 534 550 545 533 594 596 506 508 556 574 584 546 580 586 517 543 585 537 590 536 547 588 573 525 516 582 514 579 554 599
8
318 337 338 313 354 334 346 371 333 366 340 339 330 391 327 341 398 312 352 389 300 345 396 326 394 357 361 369 317 311 360 309 353 359 323 332 307 390 375 370 342 386 351 336 392 388 324 343 379 364 350 367 381 314 393 363 325 348 356
994
264
548
665
17
703
709
206
128
915
469
922
33
676
708
322
833
612
90
801
152
747
111
564
56
319
932
611
139
347
719
421
832
377
679
51
503
418
865
793
355
39
304
151
471
656
123
231
689
812
146
168
957
384
507
562
497
621
239
515
100
444
970
867
52
248
619
254
1
987
710
129
587
180
552
565
724
286
287
831
700
685
268
706
368
916
597
680
159
726
504
436
488
648
770
863
827
583
764
860
808
838
711
933
745
777
999
196
260
240
608
790
857
980
172
429
137
947
397
35
259
83
609
748
320
107
30
639
683
308
212
226
477
279
16
193
265
613
602
190
461
70
122
797
306
11
34
158
759
197
215
568
864
191
819
362
53
399
383
186
6
937
290
737
581
951
198
60
5
664
378
707
528
551
65
935
634
78
998
690
276
117
527
688
41
502
604
909
241
522
463
270
501
13
412
156
233
923
182
618
432
519
214
45
870
243
696
493
847
990
407
181
953
539
19
451
513
59
789
58
257
859
900
372
730
713
376
558
400
297
244
450
440
535
876
331
997
387
600
408
335
624
652
976
121
77
411
188
10
443
843
68
969
328
175
201
945
977
603
170
409
500
455
130
447
598
495
991
617
315
31
344
623
89
572
526
576
992
492
907
966
187
220
373
271
654
727
644
842
402
118
43
446
385
305
358
453
523
538
192
785
263
758
423
44
213
928
766
80
771
850
905
103
673
686
627
294
733
641
102
382
28
606
410
310
484
561
687
251
234
821
273
349
472
780
914
993
269
625
179
184
97
247
725
67
650
904
316
374
807
93
541
729
742
496
763
879
567
524
752
303
775
113
380
630
37
963
177
289
178
417
199
862
292
553
917
834
454
943
751
856
795
296
301
120
794
672
101
738
61
705
645
815
811
675
232
42
778
647
835
592
211
64
365
189
153
610
855
881
224
948
321
481
869
800
62
88
395
657
302
329
925
194
978
734
975
171
796