973
81 54 94 40 32 84 12 92 9 46 76 36 7 66 49 2 48 50 4 14 74 99 47 85 0 87 20 15 75 86 25 91 95 98 72 71 27 24 63 38 18 22 82 23 3 57 69 55 29 96 26 79 73 21
114
476 439 485 420 422 404 448 415 441 467 419 466 452 499 490 430 487 460 431 401 433 470 462 465 435 449 406 486 458 438 427 494 482 414 489 428 478 473 459 474 475 456 403 468 426 479 437 413 416 464 491 480 445 442 457 498 405 483 434 424 425
110
878 839 824 853 804 818 880 852 871 828 849 806 844 841 868 893 897 889 817 846 861 851 874 816 803 882 899 895 822 896 892 805 883 858 894 840 884 845 813 875 810 814 877 825 888 891 820 848 886 823 872 866 854 890 837 887 826 809 898 830 836 885 829
873
942 955 920 961 968 981 965 959 956 934 995 971 949 939 908 983 974 988 913 985 930 910 972 924 979 982 941 950 962 960 996 901 906 931 984 989 911 929 938 958 918 926 946 964 927 952 921 967 919 944 986 936 903 912 940 902
246 237 200 281 236 209 228 299 202 210 208 217 245 218 262 277 267 252 250 230 280 242 275 274 282 221 205 225 291 229 235 293 253 219 204 207 284 256 223 249 285 266 261 298 216 288 278 258 227 255 238 203 272 222 283
149
746
142 135 112 166 119 169 104 124 162 147 109 160 115 157 150 105 133 131 185 106 145 125 173 164 165 132 138 127 176 155 116 163 126 108 183 134 154 143 141 136 167 174 161 195 140 144 148
667 671 629 615 637 658 678 649 659 642 699 694 695 651 681 663 684 698 614 697 601 661 674 620 622 646 655 666 628 638 677 643 607 631 660 670 626 633 616 693 669 662 640 635 653 605 668 632 682 691 692 636
802
954
574 570 578 580 579 589 560 533 549 543 550 520 542 531 566 591 506 573 545 514 582 516 596 534 590 525 575 586 510 509 554 563 511 517 530 559 518 547 584 595 532 594 577 508 569 555 544 546 529 588 537 557 540 521 512 556 505 593 571 599 536 585
8
353 312 352 317 371 311 343 330 366 336 334 351 324 338 318 357 381 345 379 350 354 314 396 398 369 359 364 360 325 361 340 356 309 341 326 394 332 375 327 391 363 300 313 348 390 392 307 386 339 367 388 323 389 393 370 337 346 342 333
994
264
548
665
17
703
709
788 702 716 723 720 755 783 741 787 754 704 786 769 739 731 722 782 721 774 791 712 717 750 773 735 744 776 743 779 740 736 799 762 792 715 767 798 757 760 732 749 756 753 765 781 772 768 761 784 718 728 714 701
206
128
915
469
922
33
676
708
322
833
612
90
801
152
747
111
564
56
319
932
611
139
347
719
421
832
377
679
51
503
418
865
793
355
39
304
151
471
656
123
295
231
689
812
146
168
957
384
507
562
497
621
239
515
100
444
970
867
52
248
619
254
1
987
710
129
587
180
552
565
724
286
287
831
700
685
268
706
368
916
597
680
159
726
504
436
488
648
770
863
827
583
764
860
808
838
711
933
745
777
999
196
260
240
608
790
857
980
172
429
137
947
397
35
259
83
609
748
320
107
30
639
683
308
212
226
477
279
16
193
265
613
602
190
461
70
122
797
306
11
34
158
759
197
215
568
864
191
819
362
53
399
383
186
6
937
290
737
581
951
198
60
5
664
378
707
528
551
65
935
634
78
998
690
276
117
527
688
41
502
604
909
241
522
463
270
501
13
412
156
233
923
182
618
432
519
214
45
870
243
696
493
847
990
407
181
953
539
19
451
513
59
789
58
257
859
900
372
730
713
376
558
400
297
244
450
440
535
876
331
997
387
600
408
335
624
652
976
121
77
411
188
10
443
843
68
969
328
175
201
945
977
603
170
409
500
455
130
447
598
495
991
617
315
31
344
623
89
572
526
576
992
492
907
966
187
220
373
271
654
727
644
842
402
118
43
446
385
305
358
453
523
538
192
785
263
758
423
44
213
928
766
80
771
850
905
103
673
686
627
294
733
641
102
382
28
606
410
310
484
561
687
251
234
821
273
349
472
780
914
993
269
625
179
184
97
247
725
67
650
904
316
374
807
93
541
729
742
496
763
879
567
524
752
303
775
113
380
630
37
963
177
289
178
417
199
862
292
553
917
834
454
943
751
856
795
296
301
120
794
672
101
738
61
705
645
815
811
675
232
42
778
647
835
592
211
64
365
189
153
610
855
881
224
948
321
481
869
800
62
88
395
657
302
329
925
194
978
734
975
171
796