973
92 86 73 7 32 40 75 82 2 74 25 55 3 54 38 0 12 87 46 36 71 14 4 47 27 50 66 85 63 49 29 48 15 91 18 81 24 20 23 95 21 96 9 79 57 76 94 26 22 99 98 69 84 72
114
482 403 458 438 476 459 483 431 470 414 422 439 430 467 426 473 485 475 425 466 424 433 441 479 442 437 420 413 478 457 405 434 427 494 491 460 486 468 480 499 474 489 462 487 452 428 406 448 498 456 415 416 465 435 401 445 464 449 490 419 404
110
822 810 861 849 837 836 890 825 829 885 845 823 858 899 813 844 846 816 805 871 868 818 852 892 814 809 887 839 872 878 894 826 806 848 820 853 895 875 803 854 840 893 817 884 888 880 889 896 882 828 874 897 898 851 877 824 841 891 883 866 804 830 886
873
961 979 941 956 984 936 919 901 955 913 985 929 946 911 967 908 982 903 949 983 950 952 921 924 912 996 920 960 986 910 906 934 988 926 971 940 964 995 918 944 938 972 974 902 989 965 931 981 939 958 968 930 927 962 942 959
266 256 255 237 253 238 200 242 205 222 209 299 223 208 229 280 274 235 207 217 230 203 298 293 258 219 291 245 277 216 225 284 218 236 283 246 272 288 202 282 250 210 221 252 281 285 204 275 262 267 249 227 261 278
149
746
109 138 147 160 131 112 163 161 173 105 134 144 166 132 154 167 124 143 164 174 141 126 135 169 162 195 142 145 116 125 136 140 133 106 127 185 165 157 155 119 176 150 148 104 183 108 115
668 693 667 615 622 694 635 684 616 670 692 699 629 605 607 659 655 633 628 638 677 660 651 661 691 642 631 669 601 614 671 666 658 637 620 663 636 640 643 678 697 632 674 662 681 698 695 649 653 682 626 646
802
954
525 512 569 594 554 577 580 537 529 566 505 517 560 509 518 508 547 531 533 582 574 591 585 506 590 550 549 575 557 534 540 571 570 546 589 543 511 555 593 544 595 586 542 584 599 510 532 559 520 521 530 563 579 556 545 516 578 514 588 536 573 596
8
351 314 386 388 371 339 370 381 337 312 390 317 300 338 353 325 389 324 334 307 333 356 350 327 348 309 330 396 364 311 391 340 323 332 359 342 392 354 394 345 369 343 341 375 379 313 346 360 336 367 398 318 357 393 352 363 361 366 326
994
264
548
665
17
703
709
717 754 720 743 753 760 765 740 788 744 779 767 712 774 781 715 755 722 739 791 721 757 756 798 701 782 704 773 786 761 787 762 731 732 783 772 736 718 784 799 768 749 750 792 714 702 716 735 769 741 776 723 728
206
128
915
469
922
33
676
708
322
833
612
90
801
152
747
111
564
56
319
932
611
139
347
719
421
832
377
679
51
503
418
865
793
355
39
304
151
471
656
123
295
231
689
812
146
168
957
384
507
562
497
621
239
515
100
444
970
867
52
248
619
254
1
987
710
129
587
180
552
565
724
286
287
831
700
685
268
706
368
916
597
680
159
726
504
436
488
648
770
863
827
583
764
860
808
838
711
933
745
777
999
196
260
240
608
790
857
980
172
429
137
947
397
35
259
83
609
748
320
107
30
639
683
308
212
226
477
279
16
193
265
613
602
190
461
70
122
797
306
11
34
158
759
197
215
568
864
191
819
362
53
399
383
186
6
937
290
737
581
951
198
60
5
664
378
707
528
551
65
935
634
78
998
690
276
117
527
688
41
502
604
909
241
522
463
270
501
13
412
156
233
923
182
618
432
519
214
45
870
243
696
493
847
990
407
181
953
539
19
451
513
59
789
58
257
859
900
372
730
713
376
558
400
297
244
450
440
535
876
331
997
387
600
408
335
624
652
976
121
77
411
188
10
443
843
68
969
328
175
201
945
977
603
170
409
500
455
130
447
598
495
991
617
315
31
344
623
89
572
526
576
992
492
907
966
187
220
228
373
271
654
727
644
842
402
118
43
446
385
305
358
453
523
538
192
785
263
758
423
44
213
928
766
80
771
850
905
103
673
686
627
294
733
641
102
382
28
606
410
310
484
561
687
251
234
821
273
349
472
780
914
993
269
625
179
184
97
247
725
67
650
904
316
374
807
93
541
729
742
496
763
879
567
524
752
303
775
113
380
630
37
963
177
289
178
417
199
862
292
553
917
834
454
943
751
856
795
296
301
120
794
672
101
738
61
705
645
815
811
675
232
42
778
647
835
592
211
64
365
189
153
610
855
881
224
948
321
481
869
800
62
88
395
657
302
329
925
194
978
734
975
171
796