904 989 916 990 943 961 934 912 959 944 924 991 969 967 941 942 937 936 928 997 998 986 976 938 956 921 973 920 922 978 946 932 910 968 947 950 964 994 925 972 987 930 966 982 988 945 901 996 984 923 985 905 970 939 902 983 918 993 929 960 951 903 975 980 954 952 979 962 999 949 995 955 940 963 917 981 911 907 915 913 953 926 935 909 965 992 958 908 974 931 906 927 971 914 977 919
56 41 17 80 39 75 10 25 94 43 34 29 42 74 77 68 28 30 63 11 59 47 89 79 27 78 13 8 45 32 6 57 20 91 18 40 96 12 66 87 3 82 98 23 71 7 2 76 81 51 85 21 52 95 16 35 97 19 90 72 99 9 67 37 49 5 0 31 86 69 65 84 33 83 64 62 58 46 92 4 88 26 50 38 14 61 22 24 53 73 44 55 54 60 36 48 15
167 135 191 144 134 125 146 130 126 106 128 190 120 115 194 173 152 150 182 177 178 168 141 147 145 193 181 175 119 103 172 117 195 139 107 164 118 174 185 109 188 171 102 131 187 199 111 108 183 142 176 124 186 189 113 138 165 110 143 162 123 129 105 132 114 137 166 179 116 154 160 163 155 104 157 149 148 184 170 197 136 127 112 196 156 122 153 133 140 192 100 161 169 198 180 121
469 447 499 451 437 481 483 453 444 402 426 468 412 407 416 428 411 414 450 446 464 494 497 438 433 474 442 431 452 415 439 458 440 487 460 484 496 459 454 480 434 420 435 457 429 478 456 409 404 477 471 488 413 489 405 410 423 467 472 419 475 470 476 401 466 455 424 473 485 492 463 403 443 493 422 436 432 445 495 486 425 462 406 482 417 427 465 461 408 498 441 449 448 491 490 479 430
804 872 811 896 894 877 847 850 813 855 858 892 835 853 805 840 864 878 836 887 859 863 806 820 874 885 819 849 814 869 817 808 843 888 812 845 880 830 829 815 842 825 810 821 818 860 816 838 846 844 884 873 871 824 841 891 893 832 837 876 823 807 870 854 828 898 895 826 868 833 839 881 889 852 899 882 822 875 851 848 861 800 867 883 834 886 827 879 857 803 862 831 809 865 866 890 897
285 234 238 254 203 225 267 236 270 228 255 276 208 292 231 232 245 207 265 257 242 224 243 214 227 261 220 273 200 247 213 215 226 246 237 233 299 297 282 296 280 202 272 278 258 235 251 211 206 262 269 229 256 241 250 239 291 294 230 268 295 263 289 284 298 204 275 277 288 210 248 253 283 244 221 293 216 279 266 209 217 286 212 259 240 219 290 287 252 218 274 264 281 222 205 223 249
792 753 729 795 707 712 767 717 799 757 731 780 766 758 737 769 775 754 740 701 750 735 739 770 721 733 732 728 743 772 765 774 785 787 709 748 778 784 714 705 720 711 704 741 703 734 730 797 798 746 736 788 724 764 752 742 790 776 715 751 779 710 713 760 702 744 793 761 755 719 794 771 749 725 722 768 781 759 763 708 716 718 747 777 762 745 791 783 786 782 773 738 723 796 756
685 655 630 683 621 654 696 662 613 672 633 690 642 651 674 616 653 691 660 646 606 684 693 639 622 668 605 656 652 689 676 657 612 697 678 625 650 694 614 607 643 644 663 679 645 615 686 638 671 628 699 695 677 661 604 669 636 603 632 624 627 602 667 647 648 631 611 634 698 641 649 675 665 658 617 680 635 670 673 609 608 681 659 637 629 640 687 626 610 601 620 682 666 618 692 664 688
802
547 577 567 596 533 525 595 566 594 535 501 546 503 534 582 508 517 520 573 537 555 583 552 562 593 569 549 568 571 575 565 512 514 551 523 529 543 579 542 580 510 536 581 504 590 539 570 515 599 528 585 540 545 564 563 513 560 519 557 592 541 530 505 559 521 507 524 544 522 527 586 509 554 518 598 516 578 574 587 550 597 531 576 506 511 553 591 526 589 538 502 584 532 588 558 556 561
315 356 348 314 354 355 338 352 358 327 323 371 305 346 320 365 310 330 394 397 381 391 319 347 392 328 396 332 393 321 390 349 384 362 313 378 325 312 360 376 333 329 372 334 341 340 302 324 304 318 387 336 335 350 322 309 369 370 359 351 388 331 353 339 367 368 398 326 375 311 395 380 308 363 357 379 386 383 303 373 389 307 342 382 343 364 317 344 337 399 306 300 345 385 361 377 366
548
801
421
418
151
957
619
1
700
706
159
726
933
260
70
158
789
900
400
600
201
500
623
572
271
727
316
374
93
856
301
101
948