973
21 98 54 96 48 95 71 50 36 92 25 72 3 0 24 63 66 85 29 23 75 32 79 14 22 46 76 40 12 2 87 20 9 69 91 26 27 7 73 4 38 74 57 84 18 55 49 99 82 15 94 81 86 47
114
483 458 485 441 475 498 438 419 405 491 430 431 414 435 482 445 401 428 480 420 465 459 413 452 470 490 476 457 442 464 499 467 416 403 474 426 486 439 404 448 494 424 449 433 468 489 466 456 462 406 460 425 473 427 478 422 479 434 487 437 415
110
895 841 839 888 858 823 898 851 880 829 848 813 805 844 861 840 820 836 884 897 889 837 887 822 875 882 894 825 866 877 885 893 899 809 871 817 818 830 845 890 891 806 810 874 892 896 853 824 816 803 852 872 868 883 804 814 849 854 846 828 826 878
873
960 988 924 940 938 912 965 967 950 918 908 949 955 931 930 939 979 968 913 989 995 946 962 936 929 983 906 956 952 996 927 959 921 941 964 982 981 971 901 920 944 974 902 903 985 986 910 942 911 926 934 961 919 958 984 972
261 255 218 221 204 225 238 272 275 202 291 250 262 245 298 282 278 280 283 246 222 217 227 277 258 256 223 274 285 229 230 281 203 266 249 299 207 267 284 200 210 205 219 288 293 216 236 252 237 242 209 235 253 208
149
746
142 148 126 160 132 164 174 144 185 112 183 173 136 176 108 161 104 119 141 145 147 124 109 138 105 125 163 166 134 115 131 116 162 169 133 150 165 140 155 143 157 127 154 135 106 167 195
674 638 643 668 698 607 655 635 632 670 620 662 633 658 693 615 661 649 682 660 691 629 628 671 622 637 642 677 651 684 699 626 695 646 605 631 640 666 636 697 663 616 669 614 681 653 692 659 678 667 694 601
802
954
525 520 555 588 578 534 574 577 595 518 569 573 556 509 521 560 554 512 537 536 584 508 566 532 599 545 579 580 596 530 505 557 540 570 533 550 594 590 575 571 559 563 591 589 506 549 529 517 514 543 593 531 586 516 511 546 510 582 542 544 585 547
8
333 367 313 375 340 389 332 393 356 300 341 354 338 366 379 314 312 394 398 309 323 346 360 363 364 351 343 357 370 318 307 353 381 391 339 371 337 388 317 392 325 390 348 359 336 369 350 396 324 330 345 352 342 334 327 361 326 311 386
994
264
548
665
17
703
709
755 792 762 731 712 781 788 721 772 765 714 783 715 782 773 732 779 749 767 739 750 757 756 736 740 735 786 768 702 784 776 753 728 741 718 791 717 760 744 754 723 716 769 799 798 774 701 743 722 761 720 704 787
206
128
915
469
922
33
676
708
322
833
612
90
801
152
747
111
564
56
319
932
611
139
347
719
421
832
377
679
51
503
418
865
793
355
39
304
151
471
656
123
295
231
689
812
146
168
957
384
507
562
497
621
239
515
100
444
970
867
52
248
619
254
1
987
710
129
587
180
552
565
724
286
287
831
700
685
268
706
368
916
597
680
159
726
504
436
488
648
770
863
827
583
764
860
808
838
711
933
745
777
999
196
260
240
608
790
857
980
172
429
137
947
397
35
259
83
609
748
320
107
30
639
683
308
212
226
477
279
16
193
265
613
602
190
461
70
122
797
306
11
34
158
759
197
215
568
864
191
819
362
53
399
383
186
6
937
290
737
581
951
198
60
5
664
378
707
528
551
65
935
634
78
998
690
276
117
527
688
41
502
604
909
241
522
463
270
501
13
412
156
233
923
182
618
432
519
214
45
870
243
696
493
847
990
407
181
953
539
19
451
513
59
789
58
257
859
900
372
730
713
376
558
400
297
244
450
440
535
876
331
997
387
600
408
335
624
652
976
121
77
411
188
10
443
843
68
969
328
175
201
945
977
603
170
409
500
455
130
447
598
495
991
617
315
31
344
623
89
572
526
576
992
492
907
966
187
220
228
373
271
654
727
644
842
402
118
43
446
385
305
358
453
523
538
192
785
263
758
423
44
213
928
766
80
771
850
905
103
673
686
627
294
733
641
102
382
28
606
410
310
484
561
687
251
234
821
273
349
472
780
914
993
269
625
179
184
97
247
725
67
650
904
316
374
807
93
541
729
742
496
763
879
567
524
752
303
775
113
380
630
37
963
177
289
178
417
199
862
292
553
917
834
454
943
751
856
795
296
301
120
794
672
101
738
61
705
645
815
886
811
675
232
42
778
647
835
592
211
64
365
189
153
610
855
881
224
948
321
481
869
800
62
88
395
657
302
329
925
194
978
734
975
171
796