973
96 14 86 79 36 26 27 7 81 94 15 87 24 95 21 57 71 23 84 72 85 55 92 32 4 49 12 50 2 98 82 74 0 22 9 73 18 63 66 99 76 54 3 47 69 46 25 20 38 91 29 40 48 75
114
439 465 414 458 406 470 483 445 431 420 485 489 462 476 480 456 428 441 433 466 459 499 403 486 467 457 490 448 460 419 404 430 427 464 438 478 416 473 449 434 422 494 405 474 482 475 415 479 442 401 424 413 491 487 498 468 452 435 425 426 437
110
883 866 897 825 888 895 820 853 892 844 872 806 871 836 854 887 818 851 841 896 858 840 809 814 839 878 804 890 845 826 816 868 803 823 861 810 846 875 849 891 899 848 824 817 852 822 877 829 898 813 828 885 894 830 874 882 837 805 884 889 880 893
873
931 955 934 971 967 939 960 918 913 949 968 927 959 956 924 989 930 926 908 942 972 961 981 962 921 946 988 985 950 919 938 940 964 995 984 986 910 996 912 920 983 902 944 982 911 958 901 936 929 941 979 965 903 952 974 906
262 258 222 299 242 225 275 217 229 207 293 204 291 245 230 256 277 249 253 267 223 219 284 282 285 255 203 216 208 227 298 250 261 210 278 209 221 237 205 283 288 252 200 274 281 280 218 238 272 236 246 235 266
149
746
136 132 174 116 143 169 195 166 145 138 106 147 112 109 150 134 160 119 135 127 115 140 133 165 141 176 164 108 185 124 142 173 144 131 162 148 161 157 104 167 105 126 163 155 125 183 154
607 697 681 628 614 655 660 662 666 631 684 659 642 643 670 615 699 632 694 693 671 601 616 629 677 646 678 636 661 649 640 698 622 651 667 674 663 653 691 658 695 605 626 692 635 637 638 669 633 668 620 682
802
954
594 579 563 560 555 505 557 530 506 580 589 516 584 536 508 566 545 573 575 544 586 509 554 540 511 532 571 582 546 585 569 525 510 529 517 533 531 543 578 518 590 520 559 547 574 577 549 596 591 550 595 514 521 534 542 537 588 512 570 599 593 556
8
392 314 356 313 389 336 359 340 381 326 323 352 327 391 364 371 361 318 341 338 367 393 307 354 343 348 396 388 390 309 345 324 333 312 360 366 330 398 325 353 357 311 350 334 337 375 351 317 300 386 394 369 342 370 346 363 332 339 379
994
264
548
665
17
703
709
781 782 701 784 741 760 791 757 743 702 744 718 721 783 716 761 736 779 704 754 712 768 753 720 732 798 749 731 755 776 750 792 767 765 788 717 714 774 728 762 786 715 735 723 756 799 787 722 739 769 773 772 740
206
128
915
469
922
33
676
708
322
833
612
90
801
152
747
111
564
56
319
932
611
139
347
719
202
421
832
377
679
51
503
418
865
793
355
39
304
151
471
656
123
295
231
689
812
146
168
957
384
507
562
497
621
239
515
100
444
970
867
52
248
619
254
1
987
710
129
587
180
552
565
724
286
287
831
700
685
268
706
368
916
597
680
159
726
504
436
488
648
770
863
827
583
764
860
808
838
711
933
745
777
999
196
260
240
608
790
857
980
172
429
137
947
397
35
259
83
609
748
320
107
30
639
683
308
212
226
477
279
16
193
265
613
602
190
461
70
122
797
306
11
34
158
759
197
215
568
864
191
819
362
53
399
383
186
6
937
290
737
581
951
198
60
5
664
378
707
528
551
65
935
634
78
998
690
276
117
527
688
41
502
604
909
241
522
463
270
501
13
412
156
233
923
182
618
432
519
214
45
870
243
696
493
847
990
407
181
953
539
19
451
513
59
789
58
257
859
900
372
730
713
376
558
400
297
244
450
440
535
876
331
997
387
600
408
335
624
652
976
121
77
411
188
10
443
843
68
969
328
175
201
945
977
603
170
409
500
455
130
447
598
495
991
617
315
31
344
623
89
572
526
576
992
492
907
966
187
220
228
373
271
654
727
644
842
402
118
43
446
385
305
358
453
523
538
192
785
263
758
423
44
213
928
766
80
771
850
905
103
673
686
627
294
733
641
102
382
28
606
410
310
484
561
687
251
234
821
273
349
472
780
914
993
269
625
179
184
97
247
725
67
650
904
316
374
807
93
541
729
742
496
763
879
567
524
752
303
775
113
380
630
37
963
177
289
178
417
199
862
292
553
917
834
454
943
751
856
795
296
301
120
794
672
101
738
61
705
645
815
886
811
675
232
42
778
647
835
592
211
64
365
189
153
610
855
881
224
948
321
481
869
800
62
88
395
657
302
329
925
194
978
734
975
171
796