973
2 15 92 87 24 27 99 12 72 18 46 22 25 14 4 38 47 63 79 73 69 81 75 0 40 74 91 98 86 95 36 55 94 76 32 85 82 49 21 3 23 48 26 84 96 54 66 50 9 29 20 71 7 57
114
490 426 441 459 498 415 475 419 434 487 431 442 478 438 403 448 456 414 428 491 439 473 405 427 464 462 416 404 476 433 474 452 424 480 449 470 435 458 486 422 494 460 489 430 483 420 485 437 401 413 468 425 466 457 467 445 465 406 479 482 499
110
858 841 805 851 878 823 845 893 825 884 846 874 820 889 854 868 824 829 844 849 853 848 899 809 895 866 816 880 852 890 894 896 872 839 822 891 826 804 898 836 877 885 810 888 803 887 840 882 817 814 861 892 837 897 806 813 883 871 828 830 818 875
873
950 956 952 921 964 927 931 938 929 913 908 942 924 920 986 941 911 940 989 936 919 958 972 934 946 944 918 968 955 965 961 982 974 949 901 984 996 988 983 906 910 902 926 960 967 985 995 912 939 981 930 903 971 979 962 959
266 237 209 299 218 210 284 261 238 250 285 208 282 275 298 252 255 207 283 272 245 242 205 278 253 229 262 267 288 274 204 281 236 258 200 225 256 222 217 219 246 227 291 235 223 230 293 221 249 203 216 277 280
149
746
144 119 136 125 183 108 154 140 147 106 169 124 134 132 195 133 166 176 174 138 142 164 141 162 116 173 109 104 165 161 112 145 105 135 163 115 143 167 126 127 150 185 160 157 131 148 155
699 692 667 607 697 682 651 662 655 660 629 640 620 663 646 695 691 631 653 637 626 632 616 622 615 633 681 677 694 605 674 666 661 628 671 649 636 614 670 668 693 678 659 669 684 698 643 658 635 601 638
802
954
517 534 532 578 563 556 574 596 557 594 543 542 590 588 508 554 570 555 514 525 575 536 516 599 585 509 546 521 531 586 510 512 545 569 593 579 566 520 580 529 589 591 584 559 511 540 533 571 550 577 506 544 537 549 505 530 518 560 573 582 547 595
8
336 371 343 394 325 351 391 360 341 390 356 339 350 333 334 388 352 340 398 327 313 354 300 386 337 345 346 311 366 318 364 369 314 396 393 338 324 381 367 348 342 307 332 359 312 361 370 379 389 309 330 357 317 353 363 326 323 375 392
994
264
548
665
17
703
709
736 762 784 781 767 788 750 756 716 749 715 732 717 783 760 772 798 773 740 712 779 741 723 754 792 702 765 743 744 774 768 714 753 739 731 721 761 786 782 769 799 728 755 787 735 791 704 776 720 718 722 757 701
206
128
915
469
922
33
676
708
322
833
612
90
801
152
747
111
564
56
319
932
611
139
347
719
202
421
832
377
679
51
503
418
865
793
355
39
304
151
471
656
123
295
231
689
812
146
168
957
384
507
562
497
621
239
515
100
444
970
867
52
248
619
254
1
987
710
129
587
180
552
565
724
286
287
831
700
685
268
706
368
916
597
680
159
726
504
436
488
648
770
863
827
583
764
860
808
838
711
933
745
777
999
196
260
240
608
790
857
980
172
429
137
947
397
35
259
83
609
748
320
107
30
639
683
308
212
226
477
279
16
193
265
613
602
190
461
70
122
797
306
11
34
158
759
197
215
568
864
191
819
362
53
399
383
186
6
937
290
737
581
951
198
60
5
664
378
707
528
551
65
935
634
78
998
690
276
117
527
688
41
502
604
909
241
522
463
270
501
13
412
156
233
923
182
618
432
519
214
45
870
243
696
493
847
990
407
181
953
539
19
451
513
59
789
58
257
859
900
372
730
713
376
558
400
297
244
450
440
535
876
331
997
387
600
408
335
624
652
976
121
77
411
188
10
443
843
68
969
328
175
201
945
977
603
170
409
500
455
130
447
598
495
991
617
315
31
344
623
89
572
526
576
992
492
907
966
187
220
228
373
271
654
727
644
842
402
118
43
446
385
305
358
453
523
538
192
785
263
758
423
44
213
928
766
80
771
850
905
103
673
686
627
294
733
641
102
382
28
606
410
310
484
561
687
251
234
821
273
349
472
780
914
993
269
625
179
184
97
247
725
67
650
904
316
374
807
93
541
729
742
496
763
879
567
524
752
303
775
113
380
630
37
963
177
289
178
417
199
862
292
553
642
917
834
454
943
751
856
795
296
301
120
794
672
101
738
61
705
645
815
886
811
675
232
42
778
647
835
592
211
64
365
189
153
610
855
881
224
948
321
481
869
800
62
88
395
657
302
329
925
194
978
734
975
171
796