973
23 57 7 40 50 3 38 12 20 96 94 18 25 69 91 14 82 86 81 71 84 73 63 85 79 75 98 29 2 74 26 76 95 66 9 87 15 55 47 0 92 32 27 4 46 24 99 22 21 54 72 49 36 48
114
445 415 498 480 430 486 425 459 487 416 478 476 427 464 424 468 499 491 452 405 465 456 433 404 413 414 474 470 428 441 420 482 483 490 458 403 434 406 431 448 435 437 475 439 473 401 494 467 449 466 460 479 419 457 426 462 485 442 422 489 438
110
830 875 878 840 872 868 853 837 848 858 894 829 806 803 880 804 852 874 854 845 820 866 887 822 823 805 851 810 844 898 890 871 885 825 899 896 897 814 849 892 891 828 809 818 877 817 816 882 883 884 836 813 824 861 839 846 826 889 888 893 895 841
873
984 936 903 941 996 985 974 930 902 938 958 901 979 983 988 989 926 959 921 982 971 906 934 956 931 955 950 944 952 972 965 995 981 964 910 924 968 919 908 912 913 929 961 911 986 967 940 949 920 960 918 946 927 962 939 942
298 277 283 246 274 221 275 267 205 255 280 245 253 278 230 223 258 262 208 288 284 225 217 285 209 238 256 249 203 281 236 210 266 222 216 242 218 219 200 252 291 235 204 272 293 229 282 207 227 250 299 237 261
149
746
164 150 104 135 140 127 157 185 134 163 116 145 105 141 169 176 173 138 165 155 115 124 143 131 167 144 147 161 166 108 119 126 162 160 183 112 154 132 195 106 148 125 136 109 133 142 174
667 638 616 660 670 669 637 632 628 655 633 663 693 684 691 615 614 699 651 629 620 698 681 631 640 659 622 643 626 668 635 677 671 695 692 662 646 666 678 649 653 636 682 661 674 601 658 697 607 694
802
954
569 580 573 509 516 593 546 566 547 584 544 578 575 550 588 532 577 571 517 545 591 536 534 579 525 574 505 508 554 529 514 589 595 506 559 586 549 542 599 563 555 556 520 518 596 510 582 540 570 590 585 530 521 531 543 557 560 537 533 594 512 511
8
307 370 391 300 364 360 350 363 338 366 326 396 388 386 353 323 345 340 369 325 337 336 324 371 314 342 389 343 317 348 356 327 333 379 354 312 330 398 367 390 309 311 352 332 334 357 361 346 393 339 351 341 394 318 313 381 375 359 392
994
264
548
665
17
703
709
739 756 716 714 740 720 788 723 712 704 774 728 743 702 701 768 749 776 761 786 762 744 760 736 715 784 732 783 798 791 772 721 787 757 792 769 765 767 781 755 741 731 799 735 754 782 718 750 773 717 722 753 779
206
128
915
469
922
33
676
708
322
833
612
90
801
152
747
111
564
56
319
932
611
139
347
719
202
421
832
377
679
51
503
418
865
793
355
39
304
151
471
656
123
295
231
689
812
146
168
957
384
507
562
497
621
239
515
100
444
970
867
52
248
619
254
1
987
710
129
587
180
552
565
724
286
287
831
700
685
268
706
368
916
597
680
159
726
504
436
488
648
770
863
827
583
764
860
808
838
711
933
745
777
999
196
260
240
608
790
857
980
172
429
137
947
397
35
259
83
609
748
320
107
30
639
683
308
212
226
477
279
16
193
265
613
602
190
461
70
122
797
306
11
34
158
759
197
215
568
864
191
819
362
53
399
383
186
6
937
290
737
581
951
198
60
5
664
378
707
528
551
65
935
634
78
998
690
276
117
527
688
41
502
604
909
241
522
463
270
501
13
412
156
233
923
182
618
432
519
214
45
870
243
696
493
847
990
407
181
953
539
19
451
513
59
789
58
257
859
900
372
730
713
376
558
400
297
244
450
440
535
876
331
997
387
600
408
335
624
652
976
121
77
411
188
10
443
843
68
969
328
175
201
945
977
603
170
409
500
455
130
447
598
495
991
617
315
31
344
623
89
572
526
576
992
492
907
966
187
220
228
373
271
654
727
644
842
402
118
43
446
385
305
358
453
523
538
192
785
263
758
423
44
213
928
766
80
771
850
905
103
673
686
627
294
733
641
102
382
28
606
410
310
484
561
687
251
234
821
273
349
472
780
914
993
269
625
179
184
97
247
725
67
650
904
316
374
807
93
541
605
729
742
496
763
879
567
524
752
303
775
113
380
630
37
963
177
289
178
417
199
862
292
553
642
917
834
454
943
751
856
795
296
301
120
794
672
101
738
61
705
645
815
886
811
675
232
42
778
647
835
592
211
64
365
189
153
610
855
881
224
948
321
481
869
800
62
88
395
657
302
329
925
194
978
734
975
171
796