973
40 50 47 22 9 87 25 94 21 23 54 2 81 48 3 99 4 74 20 18 79 96 92 36 24 86 76 14 73 75 7 85 32 15 91 12 84 55 63 38 66 72 95 98 0 49 29 69 82 46 57 71 26 27
114
428 426 445 449 483 468 456 459 466 401 406 434 415 430 476 460 491 439 470 462 458 452 465 475 437 427 424 494 441 489 473 467 479 487 448 413 498 480 486 490 499 403 405 482 422 457 420 416 435 478 485 414 404 431 433 425 442 464 474 419 438
110
853 894 824 805 871 896 846 887 880 866 828 820 893 848 813 872 890 884 844 882 877 889 816 818 874 851 852 885 878 839 891 804 836 837 841 814 822 888 817 840 875 806 861 895 897 898 830 899 849 854 883 826 845 803 858 825 868 823 829 892 810 809
873
939 911 924 934 967 968 927 918 949 986 995 985 972 983 981 908 931 906 984 929 940 960 901 979 944 950 903 988 920 996 961 938 971 974 958 962 959 941 946 952 921 955 982 913 936 989 919 964 926 910 902 930 942 956 965 912
275 217 258 207 225 281 249 293 283 218 255 299 210 266 262 245 282 280 205 221 284 274 236 238 291 252 229 216 250 285 209 253 208 261 256 222 223 200 246 235 298 242 288 219 272 204 237 230 278 227 277 267 203
149
746
142 106 138 136 143 140 176 154 155 145 125 163 148 126 115 127 164 144 162 135 161 112 167 134 133 166 108 173 119 183 174 132 165 131 105 147 124 150 185 160 169 195 157 141 109 116 104
667 668 615 682 633 678 643 666 614 636 692 658 635 671 693 629 622 684 628 699 653 620 698 626 637 695 655 697 601 638 616 661 674 649 669 640 659 694 607 660 651 662 631 691 632 670 681 663 677 646
802
954
571 508 517 570 599 579 520 514 563 534 529 533 586 509 530 559 556 545 543 569 560 511 594 582 537 506 540 547 574 516 525 536 596 573 593 591 554 550 544 590 577 505 521 510 518 542 580 595 575 532 566 578 588 557 585 546 512 584 549 531 555 589
8
375 360 367 348 379 381 307 391 334 318 345 392 338 339 356 314 325 300 369 351 354 323 364 324 370 361 337 341 313 359 340 371 389 394 346 343 353 350 326 366 327 388 309 311 352 342 332 386 363 393 398 390 317 312 396 330 336 357
994
264
548
665
17
703
709
783 732 781 774 784 750 756 765 761 701 739 755 714 762 712 760 768 736 773 792 749 741 776 753 757 788 772 702 799 728 754 721 723 715 743 735 722 779 740 782 731 717 767 718 769 791 704 744 798 787 716 720 786
206
128
915
469
922
33
676
708
322
833
612
90
801
152
747
111
564
56
319
932
611
139
347
719
202
421
832
377
679
51
503
418
865
793
355
39
304
151
471
656
123
295
231
689
812
146
168
957
384
507
562
497
621
239
515
100
444
970
867
52
248
619
254
1
987
710
129
587
180
552
565
724
286
287
831
700
685
268
706
368
916
597
680
159
726
504
436
488
648
770
863
827
583
764
860
808
838
711
933
745
777
999
196
260
240
608
790
857
980
172
429
137
947
397
35
259
83
609
748
320
107
30
639
683
308
212
226
477
279
16
193
265
613
602
190
461
70
122
797
306
11
34
158
759
197
215
568
864
191
819
362
53
399
383
186
6
937
290
737
581
951
198
60
5
664
378
707
528
551
65
935
634
78
998
690
276
117
527
688
41
502
604
909
241
522
463
270
501
13
412
156
233
923
182
618
432
519
214
45
870
243
696
493
847
990
407
181
953
539
19
451
513
59
789
58
257
859
900
372
730
713
376
558
400
297
244
450
440
535
876
331
997
387
600
408
335
624
652
976
121
77
411
188
10
443
843
68
969
328
175
201
945
977
603
170
409
500
455
130
447
598
495
991
617
315
31
344
623
89
572
526
576
992
333
492
907
966
187
220
228
373
271
654
727
644
842
402
118
43
446
385
305
358
453
523
538
192
785
263
758
423
44
213
928
766
80
771
850
905
103
673
686
627
294
733
641
102
382
28
606
410
310
484
561
687
251
234
821
273
349
472
780
914
993
269
625
179
184
97
247
725
67
650
904
316
374
807
93
541
605
729
742
496
763
879
567
524
752
303
775
113
380
630
37
963
177
289
178
417
199
862
292
553
642
917
834
454
943
751
856
795
296
301
120
794
672
101
738
61
705
645
815
886
811
675
232
42
778
647
835
592
211
64
365
189
153
610
855
881
224
948
321
481
869
800
62
88
395
657
302
329
925
194
978
734
975
171
796