973
38 25 18 72 73 91 9 14 63 7 46 86 82 24 81 76 23 69 2 22 32 71 29 40 85 48 15 12 87 99 74 47 27 21 3 79 75 98 4 57 50 66 0 20 84 92 36 96 55 26 54 49 94 95
114
438
110
877 880 824 849 820 868 889 851 895 823 818 875 816 884 813 853 848 896 854 887 806 885 803 874 878 892 894 872 899 871 893 825 846 837 829 804 883 891 882 858 852 830 822 839 861 814 809 845 840 897 817 888 898 841 810 844 805 826 866 890 828 836
873
979 944 930 962 961 939 919 926 996 972 906 938 921 960 929 986 903 942 983 934 913 995 902 984 940 936 967 982 989 964 985 901 910 981 958 974 988 920 911 955 912 968 949 946 950 931 971 965 924 941 918 908 927 959 956 952
281 266 249 223 246 227 209 203 253 238 252 280 298 291 237 225 288 207 245 256 272 278 230 222 277 200 216 210 235 274 261 236 205 299 229 284 242 282 283 293 250 258 204 262 267 208 275 255 285 217 219 221 218
149
746
124 142 140 145 133 161 148 126 127 136 112 183 106 195 165 154 160 157 150 135 105 141 163 147 166 109 108 155 164 119 162 169 104 176 167 185 131 174 115 144 116 138 173 143 125 134 132
663 684 659 666 629 660 626 636 694 643 635 616 601 632 661 699 669 631 698 622 640 637 667 646 653 695 662 691 615 607 655 692 651 620 677 670 633 682 678 658 614 668 693 697 681 674 628 638 649 671
802
954
482 422 449 467 458 414 464 499 487 415 475 419 416 426 494 460 434 427 420 478 452 435 430 466 465 486 474 470 448 413 468 425 401 457 462 485 489 476 479 459 405 498 480 441 433 491 483 428 404 456 445 406 442 490 439 424 473 437 403 431
549 580 582 510 591 509 506 555 532 560 511 508 525 593 589 505 573 594 534 543 590 563 520 517 521 584 569 556 542 550 585 547 544 554 599 574 512 596 536 514 571 531 570 595 530 529 588 537 559 578 518 546 557 586 533 516 579 545 540 577 566
8
348 317 339 381 326 366 375 342 371 359 332 393 311 363 361 309 345 334 391 392 343 353 357 386 337 388 390 314 346 394 369 351 338 370 325 352 330 396 354 356 336 312 323 360 327 367 307 340 324 300 379 341 350 364 318 398 389 313
994
264
548
665
17
703
709
755 762 760 731 743 715 792 786 741 769 712 761 783 704 714 773 787 772 750 739 767 784 717 757 756 765 701 774 768 753 776 754 721 728 791 722 782 720 788 749 781 799 736 740 718 702 735 716 779 723 732 798 744
206
128
915
469
922
33
676
708
322
833
612
90
801
152
747
111
564
56
319
932
611
139
347
719
202
421
832
377
679
51
503
418
865
793
355
39
304
151
471
656
123
295
231
689
812
146
168
957
384
507
562
497
621
239
515
100
444
970
867
52
248
619
254
1
987
710
129
587
180
552
565
724
286
287
831
700
685
268
706
368
916
597
680
159
726
504
436
488
648
770
863
827
583
764
860
808
838
711
933
745
777
999
196
260
240
608
790
857
980
172
429
137
947
397
35
259
83
609
748
320
107
30
639
683
308
212
226
477
279
16
193
265
613
602
190
461
70
122
797
306
11
34
158
759
197
215
568
864
191
819
362
53
399
383
186
6
937
290
737
581
951
198
60
5
664
378
707
528
551
65
935
634
78
998
690
276
117
527
688
41
502
604
909
241
522
463
270
501
13
412
156
233
923
182
618
432
519
214
45
870
243
696
493
847
990
407
181
953
539
19
451
513
59
789
58
257
859
900
372
730
713
376
575
558
400
297
244
450
440
535
876
331
997
387
600
408
335
624
652
976
121
77
411
188
10
443
843
68
969
328
175
201
945
977
603
170
409
500
455
130
447
598
495
991
617
315
31
344
623
89
572
526
576
992
333
492
907
966
187
220
228
373
271
654
727
644
842
402
118
43
446
385
305
358
453
523
538
192
785
263
758
423
44
213
928
766
80
771
850
905
103
673
686
627
294
733
641
102
382
28
606
410
310
484
561
687
251
234
821
273
349
472
780
914
993
269
625
179
184
97
247
725
67
650
904
316
374
807
93
541
605
729
742
496
763
879
567
524
752
303
775
113
380
630
37
963
177
289
178
417
199
862
292
553
642
917
834
454
943
751
856
795
296
301
120
794
672
101
738
61
705
645
815
886
811
675
232
42
778
647
835
592
211
64
365
189
153
610
855
881
224
948
321
481
869
800
62
88
395
657
302
329
925
194
978
734
975
171
796