973
84 9 75 55 14 76 2 38 99 63 29 18 26 27 85 81 24 50 21 22 0 98 4 66 91 95 86 23 40 73 71 32 15 54 12 20 36 25 82 69 47 46 94 79 57 3 92 49 48 96 7 87 74 72
114
438
110
889 830 899 829 895 818 893 828 824 823 825 846 883 836 897 866 848 841 880 817 839 806 840 809 888 877 884 816 845 837 875 891 882 805 852 885 890 853 898 858 878 896 810 894 844 861 820 874 803 826 872 892 849 854 851 814 813 887 868 804 871 822
873
952 930 913 941 911 924 946 901 968 983 927 919 908 986 906 920 955 910 912 981 949 950 944 988 903 985 979 902 926 956 958 921 918 964 989 982 965 972 996 942 938 931 936 967 961 995 962 934 984 974 939 959 971 960 940 929
221 230 284 246 298 280 208 288 275 283 258 293 253 256 204 237 222 267 223 205 225 242 218 291 274 203 238 216 245 200 285 266 217 219 255 299 250 207 229 282 261 235 262 272 227 209 210 277 249 236 252 278 281
149
746
112 106 148 155 183 127 119 173 145 131 165 108 185 154 144 157 164 195 176 116 104 138 140 147 169 143 166 161 174 109 126 167 135 133 160 162 132 124 142 105 115 150 136 125 134 141 163
678 646 622 635 615 607 693 667 666 631 643 697 695 638 626 668 640 628 692 658 682 655 671 601 660 653 698 699 632 681 663 661 616 649 659 691 674 669 636 614 670 677 651 662 637 633 629 684 620 694
802
954
431 462 468 486 475 464 403 401 405 482 428 424 427 480 439 487 478 476 457 474 433 437 485 470 425 459 441 456 419 415 473 494 448 404 442 445 422 458 414 434 498 413 435 467 490 466 465 483 460 430 406 499 452 426 491 479 489 416 420
531 582 547 573 566 555 594 536 593 599 550 591 518 512 544 516 569 546 530 529 559 595 532 540 588 579 510 584 545 543 578 517 570 521 514 585 520 574 533 549 509 542 505 506 537 577 571 563 586 534 525 596 508 511 556 590 589 554 560 557 580
8
398 330 332 324 392 311 375 361 338 367 394 389 357 381 342 313 390 326 359 360 354 339 369 352 364 334 386 396 327 336 337 309 388 353 391 346 345 323 300 366 379 325 363 370 341 318 371 307 348 340 314 393 312 317 351 350 343 356
994
264
548
665
17
703
709
761 756 779 701 754 757 741 788 718 769 731 717 791 798 784 743 750 716 723 749 720 776 715 753 722 787 721 781 736 772 786 792 783 799 760 728 744 755 774 767 712 704 714 773 762 765 732 735 782 768 739 740 702
206
128
915
469
922
33
676
708
322
833
612
90
801
152
747
111
564
56
319
932
611
139
347
719
202
421
832
377
679
51
503
418
865
793
355
39
304
151
471
656
123
295
231
689
812
146
168
957
384
507
562
497
621
239
515
100
444
970
867
52
248
619
254
1
987
710
129
587
180
552
565
724
286
287
831
700
685
268
706
368
916
597
680
159
726
504
436
488
648
770
863
827
583
764
860
808
838
711
933
745
777
999
196
260
240
608
790
857
980
172
429
137
947
397
35
259
83
609
748
320
107
30
639
683
308
212
226
477
279
16
193
265
613
602
190
461
70
122
797
306
11
34
158
759
197
215
568
864
191
819
362
53
399
383
186
6
937
290
737
581
951
198
60
5
664
378
707
528
551
65
935
634
78
998
690
276
117
527
688
41
502
604
909
241
522
463
270
501
13
412
156
233
923
182
618
432
519
214
45
870
243
696
493
847
990
407
181
953
539
19
451
513
59
789
58
257
859
900
372
730
713
376
575
558
400
297
244
450
440
535
876
331
997
387
600
408
335
624
652
976
121
77
411
188
10
443
843
68
969
328
175
201
945
977
603
170
409
500
455
130
447
598
495
991
617
315
31
344
623
89
572
526
576
992
333
492
907
966
187
220
228
373
271
654
727
644
842
402
118
43
446
385
305
358
453
523
538
192
785
263
758
423
44
213
928
766
80
771
850
905
103
673
686
627
449
294
733
641
102
382
28
606
410
310
484
561
687
251
234
821
273
349
472
780
914
993
269
625
179
184
97
247
725
67
650
904
316
374
807
93
541
605
729
742
496
763
879
567
524
752
303
775
113
380
630
37
963
177
289
178
417
199
862
292
553
642
917
834
454
943
751
856
795
296
301
120
794
672
101
738
61
705
645
815
886
811
675
232
42
778
647
835
592
211
64
365
189
153
610
855
881
224
948
321
481
869
800
62
88
395
657
302
329
925
194
978
734
975
171
796