973
29 79 32 38 86 81 49 98 23 50 69 18 25 76 20 63 55 14 73 54 36 15 82 26 95 4 9 21 40 2 3 47 22 92 94 0 71 85 72 91 99 75 27 87 74 96 57 24 7 66 12 48 46
114
438
110
836 845 853 875 813 892 871 893 846 849 887 823 891 884 878 895 820 804 805 841 837 822 806 874 852 848 894 851 858 803 809 814 896 888 839 828 816 861 854 883 866 825 829 880 890 818 830 824 840 885 897 898 817 810 899 844 889 868 826 877 872 882
873
950 918 979 960 901 955 996 983 984 988 985 982 934 995 952 919 942 930 927 913 986 936 967 912 962 958 938 902 906 959 961 926 981 921 946 910 940 941 965 944 911 972 964 939 989 929 924 968 949 974 903 908 971 956 931 920
298 256 249 219 282 246 277 223 284 210 280 207 245 291 204 283 288 278 261 238 267 242 272 235 205 200 266 293 258 209 229 255 208 222 225 236 216 221 230 274 218 281 237 285 253 299 252 203 227 275 217 250 262
149
746
150 145 115 138 195 166 160 154 116 165 176 125 174 131 162 144 136 167 185 155 108 126 183 164 112 134 163 161 135 157 132 169 140 109 119 104 147 106 124 133 173 142 127 141 105 148 143
651 662 674 633 667 671 626 663 682 620 631 646 658 666 615 670 699 629 693 660 653 669 640 636 698 697 622 643 637 668 655 695 661 694 649 601 677 632 616 691 681 635 607 628 638 659 678 684 692 614
802
954
482 426 428 419 498 487 420 431 414 468 405 473 439 459 422 457 448 466 433 489 416 462 404 470 499 403 490 424 475 401 415 480 456 474 485 486 465 430 434 441 452 478 442 479 445 467 437 464 476 425 427 491 435 460 494 406 413 483 458
514 516 557 508 540 569 521 570 555 534 566 574 511 525 518 588 596 589 546 595 590 560 537 544 536 579 582 591 584 545 573 529 547 554 533 510 556 585 577 578 506 563 549 542 559 571 550 532 593 543 586 594 580 531 530 509 512 599 505 520 517
8
357 367 390 343 354 398 318 351 323 338 337 392 336 327 352 363 342 326 345 332 311 341 381 366 313 309 369 324 394 389 391 307 361 353 312 379 350 396 388 348 339 314 334 364 360 356 371 386 359 370 346 375 317 325 300 393 340 330
994
264
548
665
17
703
709
720 728 744 787 714 762 750 755 721 732 776 741 702 753 798 761 799 760 740 774 792 718 715 743 767 783 781 701 717 768 784 754 739 788 772 791 779 756 722 731 769 786 736 704 757 712 773 749 716 735 723 765 782
206
128
915
469
922
33
676
708
322
833
612
90
801
152
747
111
564
56
319
932
611
139
347
719
202
421
832
377
679
51
503
418
865
793
355
39
304
151
471
656
123
295
231
689
812
146
168
957
384
507
562
497
621
239
515
100
444
970
867
52
248
619
254
1
987
710
129
587
180
552
565
724
286
287
831
700
685
268
706
368
916
597
680
159
726
504
436
488
648
770
863
827
583
764
860
808
838
711
933
745
777
999
196
260
240
608
790
857
980
172
429
137
947
397
35
259
83
609
748
320
107
30
639
683
308
212
226
477
279
16
193
265
613
602
190
461
70
122
797
306
11
34
158
759
197
215
568
864
191
819
362
53
399
383
186
6
937
290
737
581
951
198
84
60
5
664
378
707
528
551
65
935
634
78
998
690
276
117
527
688
41
502
604
909
241
522
463
270
501
13
412
156
233
923
182
618
432
519
214
45
870
243
696
493
847
990
407
181
953
539
19
451
513
59
789
58
257
859
900
372
730
713
376
575
558
400
297
244
450
440
535
876
331
997
387
600
408
335
624
652
976
121
77
411
188
10
443
843
68
969
328
175
201
945
977
603
170
409
500
455
130
447
598
495
991
617
315
31
344
623
89
572
526
576
992
333
492
907
966
187
220
228
373
271
654
727
644
842
402
118
43
446
385
305
358
453
523
538
192
785
263
758
423
44
213
928
766
80
771
850
905
103
673
686
627
449
294
733
641
102
382
28
606
410
310
484
561
687
251
234
821
273
349
472
780
914
993
269
625
179
184
97
247
725
67
650
904
316
374
807
93
541
605
729
742
496
763
879
567
524
752
303
775
113
380
630
37
963
177
289
178
417
199
862
292
553
642
917
834
454
943
751
856
795
296
301
120
794
672
101
738
61
705
645
815
886
811
675
232
42
778
647
835
592
211
64
365
189
153
610
855
881
224
948
321
481
869
800
62
88
395
657
302
329
925
194
978
734
975
171
796