973
55 48 95 99 69 72 27 24 21 81 57 9 71 23 82 18 46 92 87 85 86 40 20 50 7 98 3 76 75 12 63 74 73 29 91 49 15 38 66 94 96 79 32 14 25 22 36 26 0 54 2 47 4
114
438
110
852 816 845 892 824 804 883 814 817 803 840 874 846 823 899 893 810 854 884 848 866 837 841 896 822 849 858 813 820 861 805 806 894 844 895 829 890 889 825 836 891 875 898 880 878 888 839 887 897 868 809 828 853 882 818 851 830 872 885 877 826 871
873
962 946 968 920 921 989 913 955 996 910 995 965 986 982 903 981 971 936 930 950 926 985 929 967 949 918 901 944 972 902 983 911 939 919 956 952 908 988 960 984 934 927 912 941 942 961 906 964 938 974 958 959 931 940 979 924
267 285 284 288 237 253 252 230 208 209 219 272 299 298 275 249 207 200 204 238 235 210 258 229 280 205 266 262 222 277 274 218 225 250 227 261 283 217 281 236 293 221 246 282 245 278 256 216 291 223 255 242 203
149
746
104 183 135 195 115 163 112 167 145 106 174 150 160 148 166 108 161 164 154 147 144 173 131 138 165 124 134 116 155 126 136 140 157 143 141 133 162 105 132 169 119 127 176 125 109 185 142
643 669 636 626 693 681 631 691 640 677 682 666 607 663 667 635 629 646 662 697 653 601 628 674 668 637 632 694 620 661 622 649 655 660 633 638 699 695 616 671 615 659 678 684 658 651 614 692 670 698
802
954
426 464 483 401 445 473 448 474 485 434 431 422 414 437 487 419 476 403 480 468 462 456 404 452 424 430 413 459 416 494 479 457 486 439 478 467 433 425 460 499 420 498 458 466 406 470 405 427 465 489 442 490 482 491 415 441 475 435 428
571 595 550 520 536 584 543 555 545 530 566 590 547 532 518 563 588 512 582 525 573 560 514 516 534 586 574 537 509 554 529 533 549 577 542 570 596 559 521 585 505 599 591 544 511 594 569 540 580 556 531 546 593 510 578 517 557 579 589 506 508
8
324 330 318 392 314 394 353 327 364 367 337 340 325 393 326 307 366 332 390 361 379 336 369 389 342 348 350 386 352 339 357 363 351 375 323 343 346 356 371 338 396 334 345 354 388 313 391 300 381 312 309 341 370 359 311 317 360 398
994
264
548
665
17
703
709
739 773 779 762 765 761 701 774 782 757 772 783 760 743 735 784 754 753 723 756 714 786 769 720 791 787 732 768 741 702 750 704 717 792 744 776 718 749 799 722 767 788 715 721 712 781 755 736 740 728 731 798
206
128
915
469
922
33
676
708
322
833
612
90
801
152
747
111
564
56
319
932
611
139
347
719
202
421
832
377
679
51
503
418
865
793
355
39
304
151
471
656
123
295
231
689
812
146
168
957
384
507
562
497
621
239
515
100
444
970
867
52
248
619
254
1
987
710
129
587
180
552
565
724
286
287
831
700
685
268
706
716
368
916
597
680
159
726
504
436
488
648
770
863
827
583
764
860
808
838
711
933
745
777
999
196
260
240
608
790
857
980
172
429
137
947
397
35
259
83
609
748
320
107
30
639
683
308
212
226
477
279
16
193
265
613
602
190
461
70
122
797
306
11
34
158
759
197
215
568
864
191
819
362
53
399
383
186
6
937
290
737
581
951
198
84
60
5
664
378
707
528
551
65
935
634
78
998
690
276
117
527
688
41
502
604
909
241
522
463
270
501
13
412
156
233
923
182
618
432
519
214
45
870
243
696
493
847
990
407
181
953
539
19
451
513
59
789
58
257
859
900
372
730
713
376
575
558
400
297
244
450
440
535
876
331
997
387
600
408
335
624
652
976
121
77
411
188
10
443
843
68
969
328
175
201
945
977
603
170
409
500
455
130
447
598
495
991
617
315
31
344
623
89
572
526
576
992
333
492
907
966
187
220
228
373
271
654
727
644
842
402
118
43
446
385
305
358
453
523
538
192
785
263
758
423
44
213
928
766
80
771
850
905
103
673
686
627
449
294
733
641
102
382
28
606
410
310
484
561
687
251
234
821
273
349
472
780
914
993
269
625
179
184
97
247
725
67
650
904
316
374
807
93
541
605
729
742
496
763
879
567
524
752
303
775
113
380
630
37
963
177
289
178
417
199
862
292
553
642
917
834
454
943
751
856
795
296
301
120
794
672
101
738
61
705
645
815
886
811
675
232
42
778
647
835
592
211
64
365
189
153
610
855
881
224
948
321
481
869
800
62
88
395
657
302
329
925
194
978
734
975
171
796