913 972 901 954 958 953 990 976 991 999 962 934 973 903 964 969 922 987 970 943 910 949 959 971 961 981 947 955 939 952 920 967 944 995 974 996 966 914 963 982 979 942 915 940 945 938 968 904 909 977 956 941 924 988 929 926 918 907 932 930 986 905 998 921 978 950 923 951 994 946 912 980 928 983 965 925 985 902 919 937 931 975 935 989 993 908 936 984 997 906 917 916 927 911 960 992
73 34 71 27 24 28 16 58 23 85 57 45 22 38 78 46 18 15 25 8 82 41 67 42 43 36 19 35 97 79 90 64 2 62 4 76 21 9 68 39 49 6 32 47 11 53 87 3 20 88 59 61 74 63 95 12 13 40 86 83 29 17 80 31 54 33 66 98 94 55 65 51 91 26 84 60 7 50 69 96 56 14 99 81 0 30 10 92 44 75 52 72 48 77 89 37
111 169 112 143 187 148 106 196 188 100 125 184 161 118 152 119 157 154 144 104 172 126 183 117 131 123 162 170 167 142 116 120 181 186 153 136 109 102 145 110 149 193 164 130 121 199 128 129 198 191 189 177 194 147 163 156 108 137 135 195 122 139 150 178 115 113 192 175 180 160 165 166 173 176 105 197 185 138 171 127 107 168 155 114 146 132 190 179 182 124 141 140 103 174 133 134
414 495 407 431 491 488 406 402 410 472 460 486 471 424 427 434 433 447 494 496 404 498 458 405 473 475 489 476 474 416 479 490 436 487 417 462 465 425 446 426 401 412 438 411 459 429 470 464 443 492 461 450 463 455 485 452 453 444 423 499 482 408 409 451 441 483 442 448 430 469 422 478 468 403 428 481 484 439 449 467 454 415 435 457 432 493 437 477 419 445 440 456 413 497 480 466 420
898 824 846 882 895 883 823 896 804 841 828 818 888 870 860 890 873 885 880 826 819 893 827 813 839 843 822 865 859 855 836 840 816 815 862 830 891 807 808 845 806 863 892 809 833 879 872 803 889 848 851 868 850 874 867 834 812 886 884 877 871 811 852 842 814 805 853 837 887 854 810 899 869 844 876 866 861 800 878 858 847 875 831 817 825 821 849 881 835 838 894 832 820 829 897 864 857
294 244 253 266 264 257 221 291 231 227 296 280 210 248 281 268 225 235 237 211 249 286 222 230 233 229 267 275 250 251 226 207 265 246 263 206 297 298 295 274 209 217 232 299 278 224 292 272 215 216 234 293 283 285 219 277 284 238 269 208 262 245 252 258 212 273 200 205 287 220 290 276 236 239 213 223 279 228 204 202 255 247 214 218 203 270 288 282 243 256 259 241 242 240 289 261 254
729 750 773 757 738 795 793 744 725 763 753 794 759 705 799 756 777 783 709 772 786 775 770 749 704 742 778 723 787 796 708 784 781 779 780 734 762 739 782 792 733 791 714 732 736 712 716 785 776 717 710 721 761 765 722 790 751 715 788 754 769 741 720 730 740 758 713 718 748 711 735 755 766 702 737 731 703 767 747 745 760 746 719 768 724 771 797 743 764 752 728 798 774 707 701
607 673 663 649 690 694 693 659 618 645 614 635 671 695 696 624 652 669 648 641 685 647 609 697 640 681 644 686 672 689 677 633 643 674 637 698 660 613 632 678 658 631 602 612 634 628 657 646 691 666 617 621 665 604 692 662 664 629 670 616 625 675 606 608 687 699 650 627 683 636 667 638 610 653 639 688 668 615 682 603 680 626 642 676 655 611 622 684 630 601 605 620 656 651 661 679 654
802
517 535 593 531 576 565 524 550 563 549 577 516 511 583 599 503 510 506 586 540 558 596 590 555 557 542 547 515 580 566 502 520 564 582 598 552 568 554 523 559 525 529 538 587 543 501 527 579 589 571 537 530 581 591 592 551 560 575 512 536 521 595 556 562 569 545 584 574 573 561 594 567 578 553 532 514 588 509 522 544 533 507 505 513 518 504 508 528 539 597 534 541 585 526 519 546 570
327 324 331 363 395 389 302 332 385 315 393 306 318 319 362 367 339 305 328 337 372 307 333 326 346 396 370 392 357 383 308 365 379 321 368 348 352 359 373 378 338 381 323 345 350 394 399 361 390 314 391 376 330 356 336 388 375 342 300 317 335 320 371 311 343 347 387 398 322 384 303 364 310 313 309 380 369 397 340 334 386 304 341 358 344 312 353 325 355 377 366 351 329 382 349 360 354
548
801
421
418
151
957
619
1
700
706
159
726
933
260
70
158
5
789
900
400
600
201
500
623
572
271
727
316
374
93
856
301
101
948