973
9 63 57 79 47 54 66 0 71 23 22 94 15 50 12 48 87 55 74 72 40 20 91 76 75 2 99 32 96 27 85 46 3 36 4 49 26 29 95 82 38 24 7 81 18 25 86 21 98 92 14 73 69
114
438
110
894 861 871 882 820 897 837 866 848 816 849 804 880 826 814 878 852 844 809 898 895 823 884 845 899 889 851 846 872 803 892 891 853 841 888 858 810 868 828 817 818 839 805 887 890 875 824 893 885 825 829 840 874 883 830 877 813 836 822 896 854 806
873
956 984 919 918 985 958 912 936 962 968 910 941 949 972 903 901 996 961 983 981 934 952 924 989 929 946 965 979 971 921 927 939 955 964 988 982 944 974 938 908 930 902 920 940 986 967 950 913 960 911 942 926 931 959 906 995
229 208 219 261 217 282 230 258 200 207 236 272 288 274 227 293 298 278 256 222 280 237 266 277 249 225 275 250 255 253 262 252 218 299 203 209 245 267 285 246 221 204 238 291 283 235 242 216 205 281 284 210
149
746
167 124 150 141 157 112 119 145 108 195 133 160 166 116 135 105 162 134 147 185 106 109 104 126 161 125 115 174 132 142 169 183 155 138 173 144 136 165 176 163 131 143 154 140 148 127 164
653 615 697 693 667 628 659 692 671 669 691 622 695 632 637 633 651 636 662 678 677 616 614 682 655 620 666 698 658 663 670 629 649 646 601 607 668 694 640 699 626 684 638 635 631 643 681 661 674 660
802
954
414 404 405 465 459 460 474 479 431 482 456 476 458 442 441 406 485 467 462 466 415 486 470 498 468 478 480 464 430 439 433 487 445 427 425 490 426 452 419 401 435 416 437 422 434 424 499 448 420 428 494 491 483 475 403 489 413 457 473
584 520 589 547 577 530 596 590 518 595 514 531 536 574 566 559 573 591 571 516 554 563 580 586 578 546 533 550 560 593 509 537 543 579 556 529 506 544 510 512 599 508 570 588 557 594 585 542 545 582 505 534 540 549 521 532 517 555 525 511 569
8
375 393 390 370 360 330 361 363 357 379 318 312 351 327 369 346 386 314 311 381 396 354 341 317 394 392 337 313 324 326 339 371 364 348 391 300 336 359 307 353 389 334 356 350 338 343 366 342 345 352 340 309 325 398 388 323 367 332
994
264
548
665
17
703
709
781 755 786 744 701 704 782 720 741 762 791 717 787 799 760 743 765 773 767 728 732 772 712 740 757 714 792 754 774 783 756 723 798 715 779 735 749 761 739 718 788 750 702 776 722 731 721 784 753 736 769 768
206
128
915
469
922
33
676
708
322
833
612
90
801
152
223
747
111
564
56
319
932
611
139
347
719
202
421
832
377
679
51
503
418
865
793
355
39
304
151
471
656
123
295
231
689
812
146
168
957
384
507
562
497
621
239
515
100
444
970
867
52
248
619
254
1
987
710
129
587
180
552
565
724
286
287
831
700
685
268
706
716
368
916
597
680
159
726
504
436
488
648
770
863
827
583
764
860
808
838
711
933
745
777
999
196
260
240
608
790
857
980
172
429
137
947
397
35
259
83
609
748
320
107
30
639
683
308
212
226
477
279
16
193
265
613
602
190
461
70
122
797
306
11
34
158
759
197
215
568
864
191
819
362
53
399
383
186
6
937
290
737
581
951
198
84
60
5
664
378
707
528
551
65
935
634
78
998
690
276
117
527
688
41
502
604
909
241
522
463
270
501
13
412
156
233
923
182
618
432
519
214
45
870
243
696
493
847
990
407
181
953
539
19
451
513
59
789
58
257
859
900
372
730
713
376
575
558
400
297
244
450
440
535
876
331
997
387
600
408
335
624
652
976
121
77
411
188
10
443
843
68
969
328
175
201
945
977
603
170
409
500
455
130
447
598
495
991
617
315
31
344
623
89
572
526
576
992
333
492
907
966
187
220
228
373
271
654
727
644
842
402
118
43
446
385
305
358
453
523
538
192
785
263
758
423
44
213
928
766
80
771
850
905
103
673
686
627
449
294
733
641
102
382
28
606
410
310
484
561
687
251
234
821
273
349
472
780
914
993
269
625
179
184
97
247
725
67
650
904
316
374
807
93
541
605
729
742
496
763
879
567
524
752
303
775
113
380
630
37
963
177
289
178
417
199
862
292
553
642
917
834
454
943
751
856
795
296
301
120
794
672
101
738
61
705
645
815
886
811
675
232
42
778
647
835
592
211
64
365
189
153
610
855
881
224
948
321
481
869
800
62
88
395
657
302
329
925
194
978
734
975
171
796