973
98 3 99 92 4 49 71 23 15 54 38 46 7 18 12 87 66 96 50 36 94 48 29 76 85 74 20 75 73 91 40 95 21 9 0 24 32 25 26 81 57 63 47 79 22 86 82 72 55 2 14 27
114
438
110
828 806 891 866 868 824 848 894 816 896 823 885 853 893 889 839 810 880 887 877 804 872 878 805 817 883 899 837 871 892 809 826 803 844 851 840 814 845 813 895 858 890 874 884 898 841 849 882 852 888 829 836 875 818 825 820 822 854 897 861 830 846
873
906 920 979 903 981 911 989 961 974 985 995 996 908 982 944 949 988 901 942 950 939 959 940 934 965 962 956 967 931 926 910 918 952 941 924 946 955 913 936 964 960 912 958 972 968 902 983 930 986 927 938 921 919 971 929 984
225 229 245 210 281 266 255 236 208 219 299 275 256 261 274 203 283 272 285 250 235 293 282 277 249 280 253 267 246 205 227 298 284 230 252 288 291 258 204 200 238 242 216 217 237 218 207 221 262 278 222 209
149
746
116 163 160 141 104 183 154 136 147 176 108 143 112 165 140 148 185 131 138 135 155 105 157 164 109 125 150 134 142 167 124 133 173 119 162 161 127 145 195 115 132 126 166 174 169 106 144
655 666 669 698 633 692 695 651 607 628 662 663 691 615 646 632 631 684 601 667 677 668 637 659 626 694 658 693 661 674 670 635 620 629 649 643 697 640 653 678 699 671 622 682 616 636 681 638 660 614
802
954
442 459 483 437 422 480 498 490 420 430 403 464 473 456 460 466 468 494 482 476 465 491 413 419 426 489 486 479 433 415 457 431 475 485 428 470 478 406 414 462 487 448 427 435 405 416 401 445 404 452 467 434 441 439 425 424 474 499 458
584 595 566 559 509 534 599 573 537 591 593 571 517 570 563 574 578 542 536 560 557 545 547 577 511 594 544 580 554 508 543 546 521 506 533 510 549 518 586 596 532 582 516 525 531 555 589 530 514 550 569 579 588 590 520 512 505 540 529 556 585
8
364 300 370 318 363 352 339 338 371 356 323 351 350 311 366 369 391 343 389 357 390 393 367 375 346 360 337 354 394 330 381 340 312 317 314 327 342 324 388 336 353 345 398 334 386 348 326 392 309 307 379 313 361 341 325 396 332 359
994
264
548
665
17
703
709
776 704 735 702 783 767 757 781 712 761 722 772 760 791 754 765 755 715 768 718 799 744 720 786 792 717 741 728 787 740 750 756 721 782 736 773 769 779 732 739 762 749 743 774 788 714 753 723 784 731 798 701
206
128
915
469
922
33
676
708
322
833
612
90
801
152
223
747
111
564
56
319
932
611
139
347
719
202
421
832
377
679
51
503
418
865
793
355
39
304
151
471
656
123
295
231
689
812
146
168
957
384
507
562
497
621
239
515
100
444
970
867
52
248
619
254
1
987
710
129
587
180
552
565
724
286
287
831
700
685
268
706
716
368
916
597
680
159
726
504
436
488
648
770
863
827
583
764
860
808
838
711
933
745
777
999
196
260
240
608
790
857
980
172
429
137
947
397
35
259
83
609
748
320
107
30
639
683
308
212
226
477
279
16
193
265
613
602
190
461
70
122
797
306
11
34
158
759
197
215
568
864
191
819
362
53
399
383
186
6
937
290
737
581
951
198
84
60
5
664
378
707
528
551
65
935
634
78
998
690
276
117
527
688
41
502
604
909
241
522
463
270
501
13
412
156
233
923
182
618
432
519
214
45
870
243
696
493
847
990
407
181
953
539
19
451
513
59
789
58
257
859
900
372
730
713
376
575
558
400
297
244
450
440
535
876
331
997
387
600
408
335
624
652
976
121
77
411
188
10
443
843
68
969
328
175
201
945
977
603
170
69
409
500
455
130
447
598
495
991
617
315
31
344
623
89
572
526
576
992
333
492
907
966
187
220
228
373
271
654
727
644
842
402
118
43
446
385
305
358
453
523
538
192
785
263
758
423
44
213
928
766
80
771
850
905
103
673
686
627
449
294
733
641
102
382
28
606
410
310
484
561
687
251
234
821
273
349
472
780
914
993
269
625
179
184
97
247
725
67
650
904
316
374
807
93
541
605
729
742
496
763
879
567
524
752
303
775
113
380
630
37
963
177
289
178
417
199
862
292
553
642
917
834
454
943
751
856
795
296
301
120
794
672
101
738
61
705
645
815
886
811
675
232
42
778
647
835
592
211
64
365
189
153
610
855
881
224
948
321
481
869
800
62
88
395
657
302
329
925
194
978
734
975
171
796