973
94 23 87 74 96 25 32 92 3 98 54 48 7 2 95 79 50 71 72 86 46 57 15 27 55 26 14 81 20 0 49 21 85 24 76 75 91 40 4 82 18 63 99 36 38 66 22 29 47 9 12 73
114
438
110
878 874 820 816 828 868 841 866 813 830 824 814 851 845 804 854 889 899 882 836 872 888 846 884 897 803 871 839 849 885 892 806 809 810 890 877 893 894 822 817 896 829 861 823 853 875 837 826 887 895 805 825 840 883 852 844 880 898 858 818 848 891
873
986 918 971 929 949 995 983 950 939 944 974 926 927 906 934 985 955 952 984 919 962 956 936 972 982 931 988 901 961 959 902 938 940 903 921 912 924 964 989 920 913 967 911 981 946 908 941 930 960 965 979 958 996 968 942 910
203 261 262 278 249 266 267 284 219 208 207 285 293 236 280 237 209 242 229 274 204 245 256 221 282 217 253 246 277 288 225 205 281 291 238 275 298 283 235 222 230 250 299 227 216 272 210 258 255 252 200 218
149
746
169 141 163 119 138 183 176 145 154 125 116 162 164 108 104 148 165 105 160 161 126 195 142 155 140 174 131 133 185 144 112 106 109 166 124 157 173 135 150 127 132 115 147 136 143 167 134
698 691 653 662 636 693 666 670 671 684 668 694 646 663 601 637 678 632 616 658 638 643 692 635 697 669 620 614 699 622 682 659 615 633 667 651 681 677 626 655 695 674 607 661 629 628 660 640 649 631
802
954
419 456 427 413 435 487 406 424 470 439 462 464 473 482 452 480 491 485 442 448 498 468 457 459 475 434 474 415 490 414 476 465 404 494 437 441 499 431 405 478 483 420 460 416 466 403 445 426 401 433 479 430 489 428 486 458 467 425 422
594 573 540 525 543 514 578 508 545 546 569 532 521 529 593 595 518 549 585 590 509 511 574 599 520 570 588 566 563 554 536 555 533 582 542 596 591 579 544 516 506 510 556 560 580 517 559 571 557 505 577 531 530 584 512 547 586 589 550 534 537
8
314 366 394 343 340 396 389 364 388 375 317 348 390 337 339 326 311 342 346 341 313 352 312 386 398 392 327 350 332 334 330 363 359 336 371 300 370 307 325 318 323 393 338 369 353 356 391 367 361 345 324 354 379 360 357 351 381
994
264
548
665
17
703
709
767 741 774 782 768 783 721 769 798 744 776 718 791 787 715 754 753 755 731 760 792 740 717 732 761 765 784 743 702 756 723 757 799 712 720 722 704 781 728 788 762 714 736 786 701 750 773 772 749 735 739 779
206
128
915
469
922
33
676
708
322
833
612
90
801
152
223
747
111
564
56
319
932
611
139
347
719
202
421
832
377
679
51
503
418
865
793
355
39
304
151
471
656
123
295
231
689
812
146
168
957
384
507
562
497
621
239
515
100
444
970
867
52
248
619
254
1
987
710
129
587
180
552
565
724
286
287
831
700
685
268
706
716
368
916
597
680
159
726
504
436
488
648
770
863
827
583
764
860
808
838
711
933
745
777
999
196
260
240
608
790
857
980
172
429
137
947
397
35
259
83
609
748
320
107
30
639
683
308
212
226
477
279
16
193
265
613
602
190
461
70
122
797
306
11
34
158
759
197
215
568
864
191
819
362
53
399
383
186
6
937
290
737
581
951
198
84
60
5
664
378
707
528
551
65
935
634
78
998
690
276
117
527
688
41
502
604
909
241
522
463
270
501
13
412
156
233
923
182
618
432
519
214
45
870
243
696
493
847
990
407
181
953
539
19
451
513
59
789
58
257
859
900
372
730
713
376
575
558
400
297
244
450
440
535
876
331
997
387
600
408
335
624
652
976
121
77
411
188
10
443
843
68
969
328
175
201
945
977
603
170
69
409
500
455
130
447
598
495
991
617
315
31
344
623
89
572
526
576
992
333
492
907
966
187
220
228
373
271
654
727
644
842
309
402
118
43
446
385
305
358
453
523
538
192
785
263
758
423
44
213
928
766
80
771
850
905
103
673
686
627
449
294
733
641
102
382
28
606
410
310
484
561
687
251
234
821
273
349
472
780
914
993
269
625
179
184
97
247
725
67
650
904
316
374
807
93
541
605
729
742
496
763
879
567
524
752
303
775
113
380
630
37
963
177
289
178
417
199
862
292
553
642
917
834
454
943
751
856
795
296
301
120
794
672
101
738
61
705
645
815
886
811
675
232
42
778
647
835
592
211
64
365
189
153
610
855
881
224
948
321
481
869
800
62
88
395
657
302
329
925
194
978
734
975
171
796