973
3 54 0 4 74 9 36 85 7 50 86 12 72 73 55 38 24 71 99 29 25 20 46 76 26 96 82 79 27 94 98 18 40 2 81 14 48 21 57 87 95 32 23 75 91 47 15 92 63 66 49 22
114
438
110
845 830 806 820 858 844 803 885 817 852 836 846 891 868 892 804 813 837 824 805 895 823 810 875 818 816 829 888 854 809 814 882 887 853 884 841 839 893 872 883 898 848 871 889 866 849 894 861 874 880 897 851 878 896 877 840 828 826 825 822 890 899
873
956 927 986 959 952 982 908 926 984 964 988 944 930 968 960 955 958 950 906 902 921 971 942 901 912 961 989 996 918 940 985 979 938 972 939 920 931 962 941 903 929 981 995 910 949 919 924 936 967 983 913 965 934 911 974
274 221 222 285 291 219 278 281 217 200 204 272 277 283 207 255 235 275 245 236 210 250 249 252 267 262 208 238 284 209 216 225 237 242 293 229 230 246 299 227 205 203 280 266 218 258 253 288 282 261 298 256
149
746
134 133 145 176 126 174 183 127 125 106 157 162 166 185 112 105 132 144 136 163 109 167 142 135 169 104 119 148 173 160 147 143 124 161 155 108 131 195 140 141 115 154 138 164 150 165 116
635 622 693 614 626 697 684 663 681 628 692 660 640 677 616 661 601 638 649 699 631 674 632 637 668 682 691 662 669 698 643 633 695 651 653 655 607 646 666 670 620 659 615 694 671 658 667 629 636 678
802
954
478 483 424 499 414 456 405 470 459 422 482 479 419 460 498 468 489 445 404 452 439 401 464 466 480 427 490 491 434 458 430 437 406 467 403 486 415 465 441 431 433 474 428 442 425 448 494 462 475 426 420 457 485 487 473 476 416 413 435
577 582 586 547 518 560 509 520 584 514 536 531 546 555 569 521 508 549 588 510 517 559 573 534 566 532 578 540 591 589 533 580 594 506 556 571 563 545 585 512 557 542 596 599 579 574 543 590 529 516 544 570 595 511 593 525 537 505 550 530 554
8
375 346 351 341 371 314 352 361 386 318 342 343 300 393 359 324 360 357 364 326 339 332 330 367 392 396 336 381 327 325 337 334 323 311 369 313 350 307 340 389 390 366 398 379 354 356 312 338 391 317 353 348 394 345 363 388 370
994
264
548
665
17
703
709
788 783 743 776 762 754 712 721 749 704 755 782 732 750 798 787 792 740 731 715 786 717 768 773 756 779 723 720 702 774 784 718 799 735 728 765 739 757 761 741 791 714 753 772 781 722 736 767 769 701 760 744
206
128
915
469
922
33
676
708
322
833
612
90
801
152
223
747
111
564
56
319
932
611
139
347
719
202
421
832
377
679
51
503
418
865
793
355
39
304
151
471
656
123
295
231
689
812
146
168
957
384
507
562
497
621
239
515
100
444
970
867
52
248
619
254
1
987
710
129
587
180
552
565
724
286
287
831
700
685
268
706
716
368
916
597
680
159
726
504
436
488
648
770
863
827
583
764
860
808
838
711
933
745
777
999
196
260
240
608
790
857
980
172
429
137
947
397
35
259
83
609
748
320
107
30
639
683
308
212
226
477
279
16
193
265
613
602
190
461
70
122
797
306
11
34
158
759
197
215
568
864
191
819
362
53
399
383
186
6
937
290
737
581
951
198
84
60
5
664
378
707
528
551
65
935
634
78
998
690
276
117
527
688
41
502
604
909
241
522
463
270
501
13
412
156
233
923
182
618
432
519
214
45
870
243
696
493
847
990
407
181
953
539
19
451
513
59
789
58
257
859
900
372
730
713
376
575
558
400
297
244
450
440
535
876
946
331
997
387
600
408
335
624
652
976
121
77
411
188
10
443
843
68
969
328
175
201
945
977
603
170
69
409
500
455
130
447
598
495
991
617
315
31
344
623
89
572
526
576
992
333
492
907
966
187
220
228
373
271
654
727
644
842
309
402
118
43
446
385
305
358
453
523
538
192
785
263
758
423
44
213
928
766
80
771
850
905
103
673
686
627
449
294
733
641
102
382
28
606
410
310
484
561
687
251
234
821
273
349
472
780
914
993
269
625
179
184
97
247
725
67
650
904
316
374
807
93
541
605
729
742
496
763
879
567
524
752
303
775
113
380
630
37
963
177
289
178
417
199
862
292
553
642
917
834
454
943
751
856
795
296
301
120
794
672
101
738
61
705
645
815
886
811
675
232
42
778
647
835
592
211
64
365
189
153
610
855
881
224
948
321
481
869
800
62
88
395
657
302
329
925
194
978
734
975
171
796