973
20 54 12 82 74 95 0 7 73 71 86 63 46 94 47 79 55 23 99 21 76 50 66 36 9 98 92 75 18 57 49 29 27 38 14 4 2 87 72 91 26 24 81 96 32 22 15 48 85 25 3 40
114
438
110
816 858 844 814 889 897 840 805 893 820 818 877 803 885 846 852 866 894 822 813 841 882 875 878 825 890 891 861 823 874 824 883 849 868 853 839 884 817 898 804 809 888 895 848 806 872 892 851 826 871 845 896 880 829 837 854 836 828 887 830 810 899
873
930 913 941 958 920 949 996 962 965 906 967 952 910 961 908 971 989 942 960 979 974 918 902 983 955 912 968 931 927 981 936 995 964 985 940 926 972 911 901 944 959 950 956 934 939 921 938 929 986 903 984 924 919 982 988
280 208 261 282 267 299 230 298 236 205 256 274 221 272 225 227 242 252 253 219 204 200 278 222 217 284 266 238 283 275 210 237 207 246 245 277 293 203 285 255 216 262 291 229 249 258 235 218 281 250 209 288
149
746
145 173 109 105 136 183 174 112 134 124 119 116 165 144 162 160 166 155 143 161 135 147 148 167 108 150 133 169 106 138 132 164 131 195 185 142 141 126 176 104 140 163 127 157 125 115 154
669 614 635 633 674 666 684 616 655 670 668 646 638 651 663 607 667 626 698 692 671 694 622 699 677 636 643 678 615 695 693 620 662 661 632 649 631 660 640 653 682 659 697 637 601 628 691 629 658 681
802
954
442 478 476 439 426 413 458 474 425 424 485 406 479 431 499 460 452 437 490 404 468 498 456 433 465 405 435 489 475 403 467 480 428 427 457 441 414 462 445 464 448 494 419 491 430 415 422 486 420 473 434 483 466 487 470 459 416 482 401
599 534 511 533 560 530 544 586 580 514 518 510 517 546 595 593 509 582 566 536 573 577 556 529 589 532 545 554 557 571 543 578 531 590 537 549 512 588 516 594 540 591 584 570 550 563 596 585 569 508 574 505 525 579 542 520 547 506 559 521
8
393 388 392 369 326 332 359 366 391 350 386 341 324 345 313 356 318 348 360 317 330 314 346 334 361 364 394 370 323 352 325 343 336 327 337 357 375 379 311 340 367 307 389 353 312 338 371 396 339 381 351 363 390 342 398 354
994
264
548
665
17
703
709
744 717 720 715 760 743 714 779 762 723 783 756 701 722 799 750 776 765 732 755 702 754 787 767 704 753 781 741 735 740 798 792 712 739 774 736 731 788 772 768 757 721 773 749 761 782 769 784 718 791 786 728
206
128
915
469
922
33
676
708
322
833
612
90
801
152
223
747
111
564
56
319
932
611
139
347
719
202
421
832
377
679
51
503
418
865
793
355
39
304
151
471
656
123
295
231
689
812
146
168
957
384
507
562
497
621
239
515
100
444
970
867
52
248
619
254
1
987
710
129
587
180
552
565
724
286
287
831
700
685
268
706
716
368
916
597
680
159
726
504
436
488
648
770
863
827
583
764
860
808
838
711
933
745
777
999
196
260
240
608
790
857
980
172
429
137
947
397
35
259
83
609
748
320
107
30
639
683
308
212
226
477
279
16
193
265
613
602
190
461
70
122
797
306
11
34
158
759
197
215
568
864
191
819
362
53
399
383
186
6
937
290
737
581
951
198
84
60
5
664
378
707
528
551
65
935
634
78
998
690
276
117
527
688
41
502
604
909
241
522
463
270
501
13
412
156
233
923
182
618
432
519
214
45
870
243
696
493
847
990
407
555
181
953
539
19
451
513
59
789
58
257
859
900
372
730
713
376
575
558
400
297
244
450
440
535
876
946
331
997
387
600
408
335
624
652
976
121
77
411
188
10
443
843
68
969
328
175
201
945
977
603
170
69
409
500
455
130
447
598
495
991
617
315
31
344
623
89
572
526
576
992
333
492
907
966
187
220
228
373
271
654
727
644
842
309
402
118
43
446
385
305
358
453
523
538
192
785
263
758
423
44
213
928
766
80
771
850
905
103
673
686
627
449
294
733
641
102
382
28
606
410
310
484
561
687
251
234
821
273
349
472
780
914
993
269
625
179
184
97
247
725
67
650
904
316
374
807
93
541
605
729
742
496
763
879
567
524
752
303
775
113
300
380
630
37
963
177
289
178
417
199
862
292
553
642
917
834
454
943
751
856
795
296
301
120
794
672
101
738
61
705
645
815
886
811
675
232
42
778
647
835
592
211
64
365
189
153
610
855
881
224
948
321
481
869
800
62
88
395
657
302
329
925
194
978
734
975
171
796