973
50 82 79 87 98 85 57 7 4 22 25 23 47 91 96 72 12 21 29 40 76 55 38 73 92 63 24 94 66 18 71 9 86 81 36 32 48 15 74 20 99 26 3 0 14 54 46 49 95 27 75 2
114
438
110
899 892 805 818 880 836 882 828 804 853 858 871 866 817 854 875 824 809 849 885 874 816 897 891 898 895 877 822 851 883 889 825 844 830 890 878 868 803 872 840 861 829 894 823 837 848 839 884 896 852 814 841 806 813 826 820 846 893 887 810 845 888
873
955 989 903 911 965 908 901 924 918 929 971 912 949 981 967 902 964 944 961 950 926 959 906 956 936 983 941 952 910 988 972 984 921 985 996 913 927 938 960 940 974 958 942 986 931 962 934 979 930 919 968 995 982 939 920
291 225 238 275 299 253 216 285 283 237 284 221 281 208 255 219 252 203 245 288 222 277 227 266 256 282 200 210 242 246 261 267 280 249 298 258 230 207 293 262 229 217 218 278 274 235 250 204 205 272 209 236
149
746
140 106 148 147 134 161 155 108 119 104 164 174 138 127 169 115 125 166 109 126 136 133 135 165 195 145 150 157 124 105 160 131 112 167 173 183 142 144 162 163 143 132 116 185 141 176 154
643 668 655 616 659 633 628 638 649 661 615 626 678 622 636 697 658 666 695 620 651 629 653 632 671 635 637 669 692 631 660 614 601 667 663 677 674 698 691 699 646 662 694 640 670 693 681 607 684
802
954
419 458 425 420 442 474 448 465 468 428 445 482 473 466 404 414 405 441 457 489 403 427 491 470 415 401 476 499 479 467 424 498 487 431 494 430 486 406 434 483 437 460 422 464 462 435 485 426 475 456 452 478 433 439 480 490 413 416 459
554 517 573 585 566 571 582 584 514 534 543 550 560 547 529 512 589 556 532 557 579 593 591 520 542 559 578 509 549 536 508 580 563 586 506 577 545 594 525 569 546 596 530 599 511 518 544 537 574 505 516 533 595 510 588 590 540 570 531 521
8
391 394 386 370 359 313 342 346 388 363 327 367 364 398 350 393 332 343 330 341 371 340 379 356 312 314 369 325 352 324 339 366 389 396 361 326 354 360 317 337 336 338 357 345 323 311 348 390 307 351 381 318 392 334 353 375
994
264
548
665
17
703
709
788 760 722 784 712 774 787 762 769 782 768 783 798 718 767 743 735 732 704 749 728 756 779 731 781 720 753 765 755 741 740 721 791 717 750 773 799 701 776 761 786 754 723 702 772 739 736 792 757 744 714 715
206
128
915
469
922
33
676
708
322
833
612
90
801
152
223
747
111
564
56
319
932
611
139
347
719
202
421
832
377
679
51
503
418
865
793
355
39
304
151
471
656
123
295
231
689
812
146
168
957
384
507
562
497
621
239
515
100
444
970
867
52
248
619
254
1
987
710
129
587
180
552
565
724
286
287
831
700
685
268
706
716
368
916
597
680
159
726
504
436
488
648
770
863
827
583
764
860
808
838
711
933
745
777
999
196
260
240
608
790
857
980
172
429
137
947
397
35
259
83
609
748
320
107
30
639
683
308
212
226
477
279
16
193
265
613
602
190
461
70
122
797
306
11
34
158
759
197
215
568
864
191
819
362
53
399
383
186
6
937
290
737
581
951
198
84
60
5
664
378
707
528
551
65
935
634
78
998
690
276
117
527
688
41
502
604
909
241
522
463
270
501
13
412
156
233
923
182
618
432
519
214
45
870
243
696
493
847
990
407
555
181
953
539
19
451
513
59
789
58
257
859
900
372
730
713
376
575
558
400
297
244
450
440
535
876
946
331
997
387
600
408
335
624
652
976
121
77
411
188
10
443
843
68
969
328
175
201
945
977
603
170
69
409
500
455
130
447
598
495
991
617
315
31
344
623
89
572
526
576
992
333
492
907
966
187
220
228
373
271
654
727
644
842
309
402
118
43
446
385
305
358
453
523
538
192
785
263
758
423
44
213
928
766
80
771
850
905
103
673
686
627
449
294
733
641
102
382
28
606
410
310
484
561
687
251
234
821
273
349
472
780
914
993
269
625
179
184
97
247
725
67
650
904
316
374
807
93
541
605
729
742
496
682
763
879
567
524
752
303
775
113
300
380
630
37
963
177
289
178
417
199
862
292
553
642
917
834
454
943
751
856
795
296
301
120
794
672
101
738
61
705
645
815
886
811
675
232
42
778
647
835
592
211
64
365
189
153
610
855
881
224
948
321
481
869
800
62
88
395
657
302
329
925
194
978
734
975
171
796