973
55 99 98 3 82 86 75 74 91 92 96 63 25 36 29 32 38 18 26 9 50 71 14 79 12 15 27 73 94 57 2 23 49 4 21 0 40 72 47 24 66 20 95 85 81 54 76 46 7 22 87
114
438
110
898 896 852 851 825 849 868 830 844 805 829 813 877 822 871 809 804 824 880 826 840 889 841 893 820 861 814 858 846 854 817 897 885 895 818 887 837 884 836 848 894 823 845 874 839 853 875 899 878 803 892 890 882 872 888 866 883 810 816 806 828 891
873
918 949 965 959 981 968 956 919 958 929 960 913 941 964 984 982 971 908 961 910 903 924 950 985 972 983 940 921 934 944 902 955 939 988 931 979 930 926 974 962 942 989 927 920 995 912 906 938 952 901 986 911 936 967 996
229 280 258 208 288 284 225 261 245 274 277 267 222 278 253 207 200 255 283 285 237 219 266 238 298 249 291 256 203 204 275 210 252 281 282 221 262 218 216 209 272 236 230 242 227 250 205 235 217 299 293 246
149
746
174 105 165 166 142 116 157 119 126 183 141 150 140 176 109 145 138 131 185 112 144 104 147 127 134 160 195 162 161 143 164 169 154 115 108 125 132 173 135 136 167 163 155 133 106 148 124
651 667 666 663 628 638 659 684 636 697 601 635 643 615 678 616 622 671 660 658 649 670 694 669 699 692 695 653 693 629 661 640 681 614 691 633 674 655 677 698 626 620 662 631 637 646 632 607 668
802
954
405 491 406 490 427 404 434 487 439 425 415 448 479 478 499 467 480 494 420 403 489 413 486 426 458 428 430 476 445 475 482 414 437 498 474 442 473 433 422 460 431 419 485 464 401 465 424 462 457 456 470 441 483 466 452 435 468 459 416
545 512 516 586 537 536 505 566 584 585 547 556 571 533 563 577 573 559 506 544 531 594 589 532 582 569 521 578 596 520 591 593 595 529 560 599 579 509 517 550 525 574 511 549 554 510 534 540 514 546 588 542 580 508 570 590 557 518 543 530
8
341 352 359 325 390 340 386 381 351 327 367 353 366 398 348 337 318 364 375 323 307 394 361 343 314 389 345 324 354 393 379 396 330 360 388 334 356 392 391 312 332 371 336 326 370 357 369 311 363 346 342 339 317 313 350 338
994
264
548
665
17
703
709
714 744 723 741 728 702 722 781 767 721 701 792 799 757 712 715 787 750 773 718 776 739 772 755 762 732 736 756 779 782 761 740 784 760 749 774 791 735 768 765 717 783 788 753 720 786 754 769 731 704 743 798
206
128
915
469
922
33
676
708
322
833
612
90
801
152
223
747
111
564
56
319
932
611
139
347
719
202
421
832
377
679
51
503
418
865
793
355
39
304
151
471
656
123
295
231
689
812
146
168
957
384
507
562
497
621
239
515
100
444
970
867
52
248
619
254
1
987
710
129
587
180
552
565
724
286
287
831
700
685
268
706
716
368
916
597
680
159
726
504
436
488
648
770
863
827
583
764
860
808
838
711
933
745
777
999
196
260
240
608
790
857
980
172
429
137
947
397
35
259
83
609
748
320
107
30
639
683
308
212
226
477
279
16
193
265
613
602
190
461
70
122
797
306
11
34
158
759
197
215
568
864
191
819
362
53
399
383
186
6
937
290
737
581
951
198
84
60
5
664
378
707
528
551
65
935
634
78
998
690
276
117
527
688
41
502
604
909
241
522
463
270
501
13
412
156
233
923
182
618
432
519
214
45
870
243
696
493
847
990
407
555
181
953
539
19
451
513
59
789
58
257
859
900
372
730
713
376
575
558
400
297
244
450
440
535
876
946
331
997
387
600
408
335
624
652
976
121
77
411
188
10
443
843
68
969
328
175
201
945
977
603
170
69
409
500
455
130
447
598
495
991
617
315
31
344
623
89
572
526
576
992
333
492
907
966
187
220
228
373
271
654
727
644
842
309
402
118
43
446
385
305
358
453
523
538
192
785
263
48
758
423
44
213
928
766
80
771
850
905
103
673
686
627
449
294
733
641
102
382
28
606
410
310
484
561
687
251
234
821
273
349
472
780
914
993
269
625
179
184
97
247
725
67
650
904
316
374
807
93
541
605
729
742
496
682
763
879
567
524
752
303
775
113
300
380
630
37
963
177
289
178
417
199
862
292
553
642
917
834
454
943
751
856
795
296
301
120
794
672
101
738
61
705
645
815
886
811
675
232
42
778
647
835
592
211
64
365
189
153
610
855
881
224
948
321
481
869
800
62
88
395
657
302
329
925
194
978
734
975
171
796