973
72 98 82 99 55 76 25 36 2 21 20 50 85 15 46 12 38 4 47 86 74 26 75 9 79 23 71 14 29 87 40 73 49 27 81 92 7 63 0 91 95 22 24 94 57 3 32 54 18 66 96
114
438
110
844 803 813 854 868 897 826 891 840 874 898 896 877 872 845 880 823 878 861 828 893 882 816 851 805 866 804 841 830 809 820 883 890 888 822 849 853 814 885 824 817 892 848 837 858 852 871 806 818 836 887 829 875 825 846 895 899 894 884 889 839
873
906 940 956 918 986 950 961 941 985 979 968 908 926 982 996 972 952 919 984 988 959 911 924 962 931 910 934 964 955 936 912 913 929 967 971 958 989 938 965 939 902 995 942 960 974 983 901 921 949 920 903 981 930 927 944
291 262 258 256 274 210 236 221 237 218 235 205 219 277 288 283 204 293 217 242 275 245 216 230 207 278 267 282 284 246 200 252 229 250 253 261 238 272 298 222 249 209 255 208 203 227 266 285 225 299 280 281
149
746
141 133 157 119 109 150 106 116 147 185 131 195 166 154 176 143 167 173 124 144 164 115 142 140 148 127 138 155 132 161 174 136 112 105 145 104 183 108 165 162 126 125 169 135 134 160 163
653 616 662 694 659 667 607 677 658 651 693 681 674 636 628 622 638 661 626 692 601 669 655 668 633 671 615 660 620 691 649 635 632 666 640 678 684 697 663 699 646 629 631 614 695 670 698 643 637
802
954
479 405 420 460 482 441 433 476 414 468 428 426 470 464 401 459 406 434 466 439 452 485 457 427 424 490 445 467 456 498 430 425 403 478 462 448 474 442 483 413 487 431 416 422 475 491 435 419 465 415 480 437 486 489 499 404 458 494 473
525 557 594 595 596 514 532 569 586 593 540 521 582 554 508 533 530 591 578 570 559 579 512 547 534 506 580 531 556 517 588 571 560 537 518 546 543 563 566 584 509 511 510 590 585 589 520 550 577 599 545 516 549 544 574 529 536 573 542 505
8
326 338 371 317 363 311 375 369 332 364 313 370 348 330 343 391 314 379 334 352 389 324 381 340 392 398 327 353 354 323 346 342 359 350 356 396 386 337 394 388 341 361 357 367 318 307 390 345 336 312 360 393 339 351 366 325
994
264
548
665
17
703
709
783 786 735 732 701 782 776 781 704 769 767 773 720 715 755 788 791 750 761 765 774 772 718 714 756 717 721 739 757 744 779 754 731 736 762 798 722 799 740 753 723 741 702 792 760 749 743 787 728 768 712 784
206
128
915
469
922
33
676
708
322
833
612
90
801
152
223
747
111
564
56
319
932
611
139
347
719
202
421
832
377
679
51
503
418
865
793
355
39
304
151
471
656
123
295
231
689
812
146
168
957
384
507
562
497
621
239
515
810
100
444
970
867
52
248
619
254
1
987
710
129
587
180
552
565
724
286
287
831
700
685
268
706
716
368
916
597
680
159
726
504
436
488
648
770
863
827
583
764
860
808
838
711
933
745
777
999
196
260
240
608
790
857
980
172
429
137
947
397
35
259
83
609
748
320
107
30
639
683
308
212
226
477
279
16
193
265
613
602
190
461
70
122
797
306
11
34
158
759
197
215
568
864
191
819
362
53
399
383
186
6
937
290
737
581
951
198
84
60
5
664
378
707
528
551
65
935
634
78
998
690
276
117
527
688
41
502
604
909
241
522
463
270
501
13
412
156
233
923
182
618
432
519
214
45
870
243
696
493
847
990
407
555
181
953
539
19
451
513
59
789
58
257
859
900
372
730
713
376
575
558
400
297
244
450
440
535
876
946
331
997
387
600
408
335
624
652
976
121
77
411
188
10
443
843
68
969
328
175
201
945
977
603
170
69
409
500
455
130
447
598
495
991
617
315
31
344
623
89
572
526
576
992
333
492
907
966
187
220
228
373
271
654
727
644
842
309
402
118
43
446
385
305
358
453
523
538
192
785
263
48
758
423
44
213
928
766
80
771
850
905
103
673
686
627
449
294
733
641
102
382
28
606
410
310
484
561
687
251
234
821
273
349
472
780
914
993
269
625
179
184
97
247
725
67
650
904
316
374
807
93
541
605
729
742
496
682
763
879
567
524
752
303
775
113
300
380
630
37
963
177
289
178
417
199
862
292
553
642
917
834
454
943
751
856
795
296
301
120
794
672
101
738
61
705
645
815
886
811
675
232
42
778
647
835
592
211
64
365
189
153
610
855
881
224
948
321
481
869
800
62
88
395
657
302
329
925
194
978
734
975
171
796