973
36 23 96 55 12 81 24 27 98 57 74 75 9 20 63 73 4 50 21 99 79 14 66 87 3 38 85 49 0 82 29 91 32 54 86 72 22 7 46 18 76 94 92 71 2 40 47 26 15 95 25
114
438
110
851 899 828 803 826 806 888 892 839 884 874 849 809 814 836 823 848 890 894 853 878 893 837 868 852 846 896 854 813 829 889 820 875 883 818 840 858 898 845 866 825 882 841 895 804 877 891 887 817 871 824 872 844 861 830 816 885 880 805 897 822
873
995 901 971 924 958 968 949 902 927 965 942 926 906 972 913 959 934 921 983 988 985 939 955 940 982 936 961 910 920 930 956 964 929 981 989 979 960 950 918 967 996 903 912 986 941 931 974 908 919 911 938 962 952 984 944
277 229 207 253 299 281 261 221 222 255 266 204 245 293 256 250 285 288 238 272 275 267 216 219 200 237 283 227 203 217 262 278 274 235 208 282 249 205 230 236 258 242 284 210 225 252 280 246 218 291 298 209
149
746
174 142 132 116 144 147 176 141 106 173 135 136 160 108 133 119 126 140 124 148 115 162 164 145 185 134 161 183 125 167 169 165 154 166 131 150 155 104 105 163 143 157 112 109 127 195 138
607 658 637 678 697 628 659 666 631 670 615 636 662 660 693 677 674 616 653 663 638 667 632 633 692 643 699 684 668 651 620 629 694 681 649 646 635 695 661 691 698 622 671 601 669 626 655 614 640
802
954
475 498 465 403 459 476 437 462 460 473 480 490 499 464 479 478 466 427 433 401 470 442 430 431 424 489 458 494 487 414 420 452 439 416 467 441 474 422 428 486 435 425 445 405 415 485 434 406 413 483 491 456 457 482 426 419 404 448 468
560 532 580 537 534 517 549 591 506 588 596 573 550 533 599 557 525 554 593 595 547 529 570 521 518 589 577 544 585 530 508 536 559 505 578 514 563 520 574 512 586 545 546 582 584 540 543 569 590 509 531 510 511 579 516 594 542 556 566 571
8
311 390 337 307 345 369 361 324 339 379 314 336 360 351 370 357 341 364 343 348 391 327 330 325 350 398 346 317 356 312 363 353 393 367 334 323 338 340 388 389 318 386 354 326 352 394 332 366 371 381 375 392 342 396 359
994
264
548
665
17
703
709
773 721 781 701 753 765 756 798 718 760 728 786 768 717 784 722 788 749 744 776 741 732 736 704 779 754 714 723 739 772 720 702 743 750 799 762 740 761 783 755 782 767 774 731 791 757 735 712 792 715 769 787
206
128
915
469
313
922
33
676
708
322
833
612
90
801
152
223
747
111
564
56
319
932
611
139
347
719
202
421
832
377
679
51
503
418
865
793
355
39
304
151
471
656
123
295
231
689
812
146
168
957
384
507
562
497
621
239
515
810
100
444
970
867
52
248
619
254
1
987
710
129
587
180
552
565
724
286
287
831
700
685
268
706
716
368
916
597
680
159
726
504
436
488
648
770
863
827
583
764
860
808
838
711
933
745
777
999
196
260
240
608
790
857
980
172
429
137
947
397
35
259
83
609
748
320
107
30
639
683
308
212
226
477
279
16
193
265
613
602
190
461
70
122
797
306
11
34
158
759
197
215
568
864
191
819
362
53
399
383
186
6
937
290
737
581
951
198
84
60
5
664
378
707
528
551
65
935
634
78
998
690
276
117
527
688
41
502
604
909
241
522
463
270
501
13
412
156
233
923
182
618
432
519
214
45
870
243
696
493
847
990
407
555
181
953
539
19
451
513
59
789
58
257
859
900
372
730
713
376
575
558
400
297
244
450
440
535
876
946
331
997
387
600
408
335
624
652
976
121
77
411
188
10
443
843
68
969
328
175
201
945
977
603
170
69
409
500
455
130
447
598
495
991
617
315
31
344
623
89
572
526
576
992
333
492
907
966
187
220
228
373
271
654
727
644
842
309
402
118
43
446
385
305
358
453
523
538
192
785
263
48
758
423
44
213
928
766
80
771
850
905
103
673
686
627
449
294
733
641
102
382
28
606
410
310
484
561
687
251
234
821
273
349
472
780
914
993
269
625
179
184
97
247
725
67
650
904
316
374
807
93
541
605
729
742
496
682
763
879
567
524
752
303
775
113
300
380
630
37
963
177
289
178
417
199
862
292
553
642
917
834
454
943
751
856
795
296
301
120
794
672
101
738
61
705
645
815
886
811
675
232
42
778
647
835
592
211
64
365
189
153
610
855
881
224
948
321
481
869
800
62
88
395
657
302
329
925
194
978
734
975
171
796