955 982 952 998 979 939 973 997 915 966 950 980 989 927 931 912 953 984 938 935 974 908 969 918 922 940 970 999 963 976 992 968 959 914 906 934 993 945 947 924 921 978 967 907 965 977 981 961 920 943 919 971 902 932 994 987 942 923 960 929 996 909 946 951 911 905 916 913 983 910 944 962 995 941 991 990 903 949 937 917 972 954 988 975 986 901 985 936 964 925 904 958 930 928 926 956
17 96 58 26 53 85 60 94 49 40 27 67 56 20 8 15 74 19 23 33 24 55 79 80 95 50 39 75 89 22 69 48 66 42 97 65 64 25 4 32 51 28 12 43 63 9 82 92 46 90 84 16 30 91 2 14 47 37 72 41 57 38 21 68 99 31 98 13 62 36 44 61 86 45 3 35 7 0 29 77 78 73 76 71 88 87 18 6 83 10 34 59 11 54 52 81
148 153 103 156 157 122 163 185 114 106 166 197 102 142 118 117 191 137 169 162 128 132 199 193 160 109 107 104 136 127 133 171 183 149 126 179 178 147 138 186 146 116 168 173 143 172 120 125 194 187 115 135 144 190 182 130 112 145 121 167 192 105 134 123 198 176 196 141 184 161 110 165 139 155 100 108 113 129 164 174 131 175 154 180 188 124 181 152 170 177 140 119 195 111 150
469 442 479 436 445 457 415 417 462 485 480 477 484 426 411 465 461 493 489 471 425 431 459 458 440 402 499 492 420 405 428 474 404 433 453 467 423 435 498 449 438 429 470 464 437 466 495 476 486 441 419 401 483 452 494 422 454 460 496 451 490 414 424 408 432 450 406 407 413 456 475 478 455 446 448 468 410 473 443 481 427 434 403 447 439 497 487 409 430 463 488 482 491 412 472 444 416
860 817 894 859 811 893 855 876 883 889 880 895 828 823 886 835 853 822 867 878 881 862 863 820 814 803 838 825 829 898 899 857 845 840 869 896 827 816 813 877 819 884 868 843 871 866 826 849 865 891 850 809 830 854 807 824 831 872 848 837 810 852 800 842 888 861 864 882 836 892 808 897 832 879 858 839 804 834 821 818 887 805 890 844 815 874 851 846 885 873 806 847 812 833 870 875 841
219 265 252 283 269 257 242 277 207 290 231 244 218 239 234 297 293 205 255 217 230 232 268 238 245 256 264 202 221 209 227 270 288 278 275 222 296 274 203 291 289 216 253 261 262 241 246 272 243 223 279 200 229 214 212 247 273 204 226 285 286 294 215 208 259 211 220 295 236 287 249 263 266 225 276 284 213 299 258 280 292 224 282 281 206 298 210 235 240 250 267 237 228 251 233 248 254
761 780 766 719 779 770 795 722 714 720 721 793 713 777 711 733 729 771 702 781 791 758 756 746 704 796 705 755 752 717 708 773 725 745 759 782 786 715 788 739 765 741 736 785 732 783 750 784 774 709 718 769 768 762 767 760 735 710 712 724 787 798 797 757 744 703 751 701 790 738 775 754 740 764 748 778 776 753 763 794 716 749 734 747 707 723 731 728 743 792 730 799 742 737 772
691 689 606 609 698 673 638 627 659 681 611 642 641 676 694 615 671 656 629 653 683 647 658 645 688 617 616 662 661 675 626 699 677 660 643 621 605 607 608 614 644 648 693 680 602 686 672 674 666 669 620 639 690 610 668 636 664 651 654 650 628 649 622 679 695 604 637 667 652 630 678 631 697 696 634 665 640 624 657 670 692 663 625 612 613 684 632 687 603 646 635 685 618 633 655 682 601
802
530 534 579 525 599 550 549 513 510 588 520 597 551 552 502 541 587 503 508 532 514 557 540 504 589 563 512 582 560 507 559 554 558 561 531 535 585 546 506 516 529 577 578 527 526 536 580 593 565 522 537 555 542 591 505 509 519 590 524 576 543 573 544 515 592 556 575 571 521 528 518 511 581 539 564 553 566 547 538 533 501 583 568 594 523 596 567 584 562 545 586 517 574 595 598 570 569
344 365 313 389 322 302 303 392 369 366 343 354 304 308 393 300 307 371 339 378 326 352 341 395 357 329 305 360 391 364 368 372 325 383 353 396 349 335 338 340 348 356 376 321 334 386 382 337 387 362 331 377 385 361 381 390 373 320 333 312 323 397 388 347 318 327 310 332 345 398 328 370 311 330 342 355 375 359 315 319 346 399 358 367 317 380 379 350 309 351 314 336 363 384 306 394 324
548
801
421
418
151
957
619
1
700
706
159
726
933
260
70
158
5
789
900
400
600
201
500
623
572
271
727
316
374
93
856
301
101
189
948