973
36 40 22 32 99 20 23 92 46 57 21 24 95 3 94 71 91 29 7 54 85 86 4 98 81 14 82 26 12 2 74 63 72 79 50 18 75 76 9 25 55 0 49 15 96 38 27 87 73 66
114
438
110
841 878 830 891 872 858 814 822 875 848 803 809 805 816 887 839 898 877 818 837 885 852 871 845 836 820 884 853 829 897 846 861 895 896 851 890 823 868 826 825 882 883 813 854 899 804 894 824 828 888 880 849 866 892 806 817 844 893 889 840 874
873
955 918 920 901 903 981 971 983 931 927 930 956 921 912 958 934 936 985 989 960 972 913 929 974 939 995 968 949 942 950 940 908 988 965 962 902 959 906 952 984 967 924 944 938 979 941 982 961 964 911 910 986 996 926 919
277 203 218 205 246 227 258 285 278 275 253 236 281 250 222 272 252 216 288 235 299 207 262 298 256 293 242 200 209 221 249 230 267 280 219 274 291 245 210 284 266 255 282 217 237 229 283 208 225 261 204 238
149
746
154 157 106 134 143 165 150 147 176 108 160 138 195 164 112 109 119 183 142 155 167 136 115 127 135 131 124 133 145 185 173 125 141 148 104 132 169 116 162 163 140 166 144 161 126 174 105
615 616 659 674 629 649 678 607 651 677 661 697 698 635 667 666 637 660 669 638 681 692 655 671 646 631 694 693 636 622 662 670 614 699 663 628 626 658 695 640 653 691 620 684 601 633 632 668 643
802
954
448 420 442 427 465 476 456 428 404 499 431 498 490 460 415 403 459 457 435 434 419 482 422 458 486 487 452 401 478 445 433 467 424 414 430 425 462 489 439 491 494 474 426 479 464 416 468 466 475 405 441 485 437 480 413 470 473 483 406
566 512 509 578 531 508 533 516 563 542 514 595 550 579 529 569 588 520 537 570 547 511 556 580 534 594 593 543 571 559 599 582 544 546 545 525 560 536 530 574 521 584 573 554 510 591 518 590 532 586 517 589 549 505 585 577 506 596 540 557
8
357 360 359 386 392 337 367 390 393 340 379 353 330 361 342 354 389 339 371 363 356 311 375 307 350 343 338 318 332 351 381 396 314 334 317 327 391 364 323 346 352 326 394 345 336 325 312 398 341 324 370 366 348 388 369
994
264
548
665
17
703
709
736 791 701 776 787 753 723 720 765 717 773 761 740 798 755 704 702 779 767 772 744 743 731 757 712 749 760 762 783 756 728 739 754 769 714 782 788 799 722 732 750 721 792 715 784 781 768 786 718 774 735 741
206
128
915
469
313
922
33
676
708
322
833
612
90
801
152
223
747
111
564
56
319
932
611
139
347
719
202
421
832
377
679
51
503
418
865
793
355
39
304
151
471
656
123
295
231
689
812
146
168
957
384
507
562
497
621
239
515
810
100
444
970
867
52
248
619
254
1
987
710
129
587
180
552
565
724
286
287
831
700
685
268
706
716
368
916
597
680
159
726
504
436
488
648
770
863
827
583
764
860
808
838
711
933
745
777
999
196
260
240
608
790
857
980
172
429
137
947
397
35
259
83
609
748
320
107
30
639
683
308
212
226
477
279
16
193
47
265
613
602
190
461
70
122
797
306
11
34
158
759
197
215
568
864
191
819
362
53
399
383
186
6
937
290
737
581
951
198
84
60
5
664
378
707
528
551
65
935
634
78
998
690
276
117
527
688
41
502
604
909
241
522
463
270
501
13
412
156
233
923
182
618
432
519
214
45
870
243
696
493
847
990
407
555
181
953
539
19
451
513
59
789
58
257
859
900
372
730
713
376
575
558
400
297
244
450
440
535
876
946
331
997
387
600
408
335
624
652
976
121
77
411
188
10
443
843
68
969
328
175
201
945
977
603
170
69
409
500
455
130
447
598
495
991
617
315
31
344
623
89
572
526
576
992
333
492
907
966
187
220
228
373
271
654
727
644
842
309
402
118
43
446
385
305
358
453
523
538
192
785
263
48
758
423
44
213
928
766
80
771
850
905
103
673
686
627
449
294
733
641
102
382
28
606
410
310
484
561
687
251
234
821
273
349
472
780
914
993
269
625
179
184
97
247
725
67
650
904
316
374
807
93
541
605
729
742
496
682
763
879
567
524
752
303
775
113
300
380
630
37
963
177
289
178
417
199
862
292
553
642
917
834
454
943
751
856
795
296
301
120
794
672
101
738
61
705
645
815
886
811
675
232
42
778
647
835
592
211
64
365
189
153
610
855
881
224
948
321
481
869
800
62
88
395
657
302
329
925
194
978
734
975
171
796