973
54 76 75 50 73 0 14 24 26 82 4 46 85 86 27 9 81 32 36 63 7 22 99 57 2 91 74 95 38 71 66 12 94 29 87 3 98 92 25 21 79 72 49 18 23 40 55 15 20 96
114
438
110
896 887 836 891 866 803 849 840 841 805 852 890 813 818 889 823 844 814 825 824 882 806 826 894 893 883 888 878 895 884 898 868 874 845 858 877 822 899 871 885 846 804 816 829 837 853 892 851 817 854 872 830 839 897 809 861 848 828 880 820 875
873
913 944 972 985 910 939 929 903 926 930 989 974 927 906 934 955 968 965 952 921 902 908 958 983 960 986 950 901 962 938 959 919 931 941 949 924 967 942 984 982 956 988 961 918 996 979 920 981 911 940 912 971 995 936 964
299 274 250 261 203 225 245 235 227 293 236 237 209 281 216 246 205 288 255 210 282 258 208 219 204 200 280 207 249 262 266 253 284 238 275 291 222 285 252 283 298 256 242 230 278 267 218 217 272 229 277 221
149
746
115 157 138 144 133 136 161 148 176 174 150 160 145 173 132 167 134 195 163 125 112 108 147 143 166 126 109 183 116 119 104 106 155 141 169 127 135 124 142 140 131 164 165 162 185 154 105
638 668 636 659 695 699 646 655 671 694 607 678 632 681 614 626 637 692 658 629 693 697 631 667 633 620 661 662 640 684 635 698 643 622 666 601 674 691 616 663 660 677 669 615 653 670 628 649
802
954
422 441 430 424 439 420 428 442 466 468 487 406 459 457 489 460 403 458 479 414 462 465 437 419 486 416 480 415 491 456 433 452 490 427 413 405 445 435 482 431 498 485 425 470 499 434 467 474 478 426 476 404 401 475 483 464 494 448 473
570 544 521 517 525 547 529 588 594 536 534 560 533 537 530 542 580 585 589 550 586 557 520 554 593 573 582 508 509 511 505 595 546 559 571 516 563 514 510 591 545 512 578 543 584 569 532 579 531 574 518 556 540 577 506 566 590 596 599 549
8
345 369 390 350 332 370 381 317 364 330 371 351 314 311 357 360 325 337 375 353 324 336 396 334 343 339 327 359 342 394 389 346 391 388 393 392 356 361 386 379 341 318 366 348 398 363 312 352 340 323 367 307 354 326 338
994
264
548
665
17
703
709
651
743 740 715 756 779 782 701 741 792 714 728 744 783 754 731 772 736 739 712 762 769 721 732 765 791 784 718 773 760 702 723 755 799 788 720 767 735 753 757 768 781 774 786 749 776 704 750 798 722 761 787 717
206
128
915
469
313
922
33
676
708
322
833
612
90
801
152
223
747
111
564
56
319
932
611
139
347
719
202
421
832
377
679
51
503
418
865
793
355
39
304
151
471
656
123
295
231
689
812
146
168
957
384
507
562
497
621
239
515
810
100
444
970
867
52
248
619
254
1
987
710
129
587
180
552
565
724
286
287
831
700
685
268
706
716
368
916
597
680
159
726
504
436
488
648
770
863
827
583
764
860
808
838
711
933
745
777
999
196
260
240
608
790
857
980
172
429
137
947
397
35
259
83
609
748
320
107
30
639
683
308
212
226
477
279
16
193
47
265
613
602
190
461
70
122
797
306
11
34
158
759
197
215
568
864
191
819
362
53
399
383
186
6
937
290
737
581
951
198
84
60
5
664
378
707
528
551
65
935
634
78
998
690
276
117
527
688
41
502
604
909
241
522
463
270
501
13
412
156
233
923
182
618
432
519
214
45
870
243
696
493
847
990
407
555
181
953
539
19
451
513
59
789
58
257
859
900
372
730
713
376
575
558
400
297
244
450
440
535
876
946
331
997
387
600
408
335
624
652
976
121
77
411
188
10
443
843
68
969
328
175
201
945
977
603
170
69
409
500
455
130
447
598
495
991
617
315
31
344
623
89
572
526
576
992
333
492
907
966
187
220
228
373
271
654
727
644
842
309
402
118
43
446
385
305
358
453
523
538
192
785
263
48
758
423
44
213
928
766
80
771
850
905
103
673
686
627
449
294
733
641
102
382
28
606
410
310
484
561
687
251
234
821
273
349
472
780
914
993
269
625
179
184
97
247
725
67
650
904
316
374
807
93
541
605
729
742
496
682
763
879
567
524
752
303
775
113
300
380
630
37
963
177
289
178
417
199
862
292
553
642
917
834
454
943
751
856
795
296
301
120
794
672
101
738
61
705
645
815
886
811
675
232
42
778
647
835
592
211
64
365
189
153
610
855
881
224
948
321
481
869
800
62
88
395
657
302
329
925
194
978
734
975
171
796