973
86 96 73 23 54 82 66 2 0 91 4 81 72 15 87 20 46 57 9 3 76 99 18 50 63 21 98 94 75 49 32 29 40 26 7 24 14 79 92 36 85 55 71 22 12 74 95 25 38 27
114
438
110
839 890 892 891 889 874 899 814 846 818 844 824 806 848 877 830 826 813 816 805 817 822 866 825 894 828 852 880 893 854 898 895 803 896 837 868 861 840 804 878 853 851 858 872 883 888 849 882 836 841 829 885 871 845 887 884 820 809 897 823 875
873
952 908 930 911 906 903 985 920 964 988 960 984 929 913 934 941 921 983 918 938 989 979 961 919 936 965 982 996 974 901 912 950 942 955 995 956 910 944 939 968 949 902 986 924 958 931 962 940 972 926 971 959 967 981 927
250 280 258 237 235 238 210 222 227 216 266 256 229 293 274 272 278 209 282 284 208 245 281 298 253 225 204 275 236 252 242 218 291 203 249 283 207 277 285 205 246 299 255 261 221 217 230 262 219 288 200
149
746
131 150 167 148 176 108 132 163 106 141 119 133 166 115 109 116 126 142 183 174 124 140 147 135 169 164 165 161 145 160 185 195 154 138 104 155 112 127 157 136 143 125 173 134 162 144 105
662 666 692 653 678 655 677 640 670 667 629 620 658 659 607 626 699 646 693 694 632 601 637 668 638 649 691 615 635 663 660 684 697 661 622 674 698 636 671 616 695 614 681 628 631 643 669 633
802
954
413 405 433 445 458 486 424 473 435 456 475 494 485 452 427 479 437 439 404 467 419 466 422 430 470 464 482 406 414 468 460 459 480 476 462 441 448 465 499 415 498 401 442 490 489 434 491 483 403 431 457 425 426 428 478 420 474 416 487
588 510 516 545 591 518 593 570 559 566 550 521 557 586 590 505 579 506 531 573 537 595 511 544 554 514 578 556 530 596 585 560 549 520 594 525 546 577 540 599 580 547 589 584 542 543 534 532 509 563 582 512 569 533 536 529 571 508 517 574
8
323 326 342 366 352 337 324 381 364 361 360 353 398 311 396 330 325 334 348 336 346 375 386 340 388 351 391 327 390 318 393 341 394 343 369 356 370 359 345 389 392 314 363 307 339 379 317 354 350 338 332 371 367 312 357
994
264
548
665
17
703
709
651
782 732 739 720 776 768 743 754 753 755 718 783 779 712 740 736 781 786 788 756 704 773 792 791 774 731 787 772 784 701 798 750 799 735 702 717 715 761 767 762 760 722 765 728 714 749 723 757 741 744 769 721
206
128
915
469
313
922
33
676
708
322
833
612
90
801
152
223
747
111
564
56
319
932
611
139
347
719
202
421
832
377
679
51
503
418
865
793
355
39
304
151
471
656
123
295
231
689
812
146
168
957
384
507
562
497
621
239
515
810
100
444
970
867
52
248
619
254
1
987
710
129
587
180
552
565
724
286
287
831
700
685
268
706
716
368
916
597
680
159
726
504
436
488
648
770
863
827
583
764
860
808
838
711
933
745
777
999
196
260
240
608
790
857
980
172
429
137
947
397
35
259
83
609
748
320
107
30
639
683
308
212
226
477
279
16
193
47
265
613
602
190
461
70
122
797
306
11
34
158
759
197
215
568
864
191
819
362
53
399
383
186
6
937
290
737
581
951
198
84
60
5
664
378
707
528
551
65
935
634
78
998
690
276
117
527
688
41
502
604
909
241
522
463
270
501
13
412
156
233
923
182
618
432
519
214
45
870
243
696
493
847
990
407
555
181
953
539
19
451
513
59
789
58
257
859
900
372
730
713
376
575
558
400
297
244
450
440
535
876
946
331
997
387
600
408
335
624
652
976
121
77
411
188
10
443
843
267
68
969
328
175
201
945
977
603
170
69
409
500
455
130
447
598
495
991
617
315
31
344
623
89
572
526
576
992
333
492
907
966
187
220
228
373
271
654
727
644
842
309
402
118
43
446
385
305
358
453
523
538
192
785
263
48
758
423
44
213
928
766
80
771
850
905
103
673
686
627
449
294
733
641
102
382
28
606
410
310
484
561
687
251
234
821
273
349
472
780
914
993
269
625
179
184
97
247
725
67
650
904
316
374
807
93
541
605
729
742
496
682
763
879
567
524
752
303
775
113
300
380
630
37
963
177
289
178
417
199
862
292
553
642
917
834
454
943
751
856
795
296
301
120
794
672
101
738
61
705
645
815
886
811
675
232
42
778
647
835
592
211
64
365
189
153
610
855
881
224
948
321
481
869
800
62
88
395
657
302
329
925
194
978
734
975
171
796