973
4 98 24 38 23 21 85 99 22 72 86 50 91 96 46 57 92 7 32 73 12 74 82 40 3 18 49 95 36 14 15 26 79 25 66 29 87 0 20 75 76 27 94 55 71 2 9 63 54 81
114
438
110
872 844 877 871 818 839 885 849 898 861 817 896 837 830 899 840 866 853 884 893 803 854 804 883 841 814 874 895 820 836 846 816 878 890 852 829 848 868 880 805 822 882 858 826 888 845 824 875 887 828 891 823 897 892 889 851 806 894 825 813 809
873
944 983 910 926 961 927 940 913 981 902 959 936 906 934 952 903 984 919 988 918 929 965 972 930 958 974 901 968 950 920 967 931 962 956 911 921 964 949 938 989 941 971 979 995 986 982 960 912 955 939 985 996 908 924 942
284 219 238 274 227 208 272 216 293 298 209 283 205 275 278 277 246 288 229 210 282 236 230 280 291 258 285 262 204 237 299 203 218 261 225 242 221 245 255 207 256 249 217 252 266 250 235 222 253 200 281
149
746
176 150 141 119 115 131 185 136 161 142 162 160 112 133 166 145 109 163 124 134 195 169 144 132 174 140 165 183 138 155 167 164 147 104 126 154 116 125 106 105 157 143 148 127 135 173 108
669 691 693 643 622 601 698 637 649 640 615 659 626 674 694 653 667 695 671 697 607 614 678 646 662 677 635 661 633 629 628 660 636 670 632 684 699 681 663 638 631 655 668 692 658 666 620
802
954
468 465 419 414 442 416 475 430 439 441 424 483 433 460 435 498 499 462 448 452 486 464 406 476 425 405 445 422 427 479 415 428 474 459 491 467 434 466 431 494 404 473 403 485 490 457 456 480 458 487 426 482 470 478 489 437 413 420 401
511 596 566 588 510 542 574 547 569 531 521 544 582 530 545 593 537 532 505 573 540 514 563 595 585 516 570 536 525 512 577 534 579 584 594 586 549 599 554 508 591 578 520 543 518 580 560 506 590 571 556 546 533 517 509 589 557 559 529 550
8
354 311 379 393 332 348 346 386 336 363 342 371 357 339 396 312 314 334 381 352 370 326 351 337 391 366 327 394 359 323 341 360 367 353 338 389 330 392 361 317 375 369 324 390 343 325 345 318 388 350 307 398 364 356 340
994
264
548
665
17
703
709
651
744 769 774 701 714 741 735 761 722 781 765 776 740 792 718 757 773 749 779 754 753 720 731 728 712 743 736 756 768 760 732 787 772 721 723 782 798 784 783 702 791 767 755 739 762 786 788 717 704 799 750 715
206
128
915
469
313
922
33
676
708
322
833
612
90
801
152
223
747
111
564
56
319
932
611
139
347
719
202
421
832
377
679
51
503
418
865
793
355
39
304
151
471
656
123
295
231
689
812
146
168
957
384
507
562
497
621
239
515
810
100
444
970
867
52
248
619
254
1
987
710
129
587
180
552
565
724
286
287
831
700
685
268
706
716
368
916
597
680
159
726
504
436
488
648
770
863
827
583
764
860
808
838
711
933
745
777
999
196
260
240
608
790
857
980
172
429
137
947
397
35
259
83
609
748
320
107
30
639
683
308
212
226
477
279
16
193
47
265
613
602
190
461
70
122
797
306
11
34
158
759
197
215
568
864
191
819
362
53
399
383
186
6
937
290
737
581
951
198
84
60
5
664
378
707
528
551
65
935
634
78
998
690
276
117
527
688
41
502
604
909
241
522
463
270
501
13
412
156
233
923
182
618
432
519
214
45
870
243
696
493
847
990
407
555
181
953
539
19
451
513
59
789
58
257
859
900
372
730
713
376
575
558
400
297
244
450
440
535
876
946
331
997
387
600
408
335
624
652
976
121
77
411
188
10
443
843
267
68
969
328
175
201
945
977
603
170
69
409
500
455
130
447
598
616
495
991
617
315
31
344
623
89
572
526
576
992
333
492
907
966
187
220
228
373
271
654
727
644
842
309
402
118
43
446
385
305
358
453
523
538
192
785
263
48
758
423
44
213
928
766
80
771
850
905
103
673
686
627
449
294
733
641
102
382
28
606
410
310
484
561
687
251
234
821
273
349
472
780
914
993
269
625
179
184
97
247
725
67
650
904
316
374
807
93
541
605
729
742
496
682
763
879
567
524
752
303
775
113
300
380
630
37
963
177
289
178
417
199
862
292
553
642
917
834
454
943
751
856
795
296
301
120
794
672
101
738
61
705
645
815
886
811
675
232
42
778
647
835
592
211
64
365
189
153
610
855
881
224
948
321
481
869
800
62
88
395
657
302
329
925
194
978
734
975
171
796