973
73 96 63 79 22 32 23 15 2 40 55 0 18 57 87 12 21 91 3 66 92 7 20 14 27 81 72 9 94 85 86 36 49 74 54 46 75 26 50 95 76 25 71 99 24 4 82 98 29 38
114
438
110
818 840 877 871 896 846 866 894 851 849 824 844 822 830 848 899 836 816 805 861 841 884 814 852 813 891 809 868 878 882 892 845 889 858 854 826 825 888 837 853 897 874 883 839 828 804 872 887 806 893 880 898 820 823 895 885 890 803 817 875 829
873
972 974 929 918 930 968 949 931 985 927 902 950 959 941 936 986 906 982 942 926 952 964 984 995 956 921 961 913 996 967 912 989 988 955 910 908 958 981 919 979 920 983 944 934 903 940 962 971 938 939 924 965 960 911 901
216 246 283 285 274 299 266 238 272 291 275 221 262 278 245 229 209 235 255 219 293 237 280 217 236 230 242 218 281 250 261 205 284 203 256 298 249 227 253 225 210 207 208 204 222 252 200 288 282 258 277
149
746
109 162 136 138 124 169 126 112 148 183 105 119 125 144 154 134 147 150 135 108 104 142 145 157 143 141 116 155 132 185 115 140 173 164 174 127 133 165 195 161 160 131 163 106 167 166
670 699 626 658 695 693 661 631 632 629 643 691 678 655 666 649 692 662 601 653 614 646 615 635 638 620 677 681 697 628 640 667 668 622 633 694 674 636 684 637 607 663 671 659 660 669 698
802
954
490 498 458 433 420 434 445 480 482 478 473 483 459 467 452 435 403 460 401 466 406 456 416 457 422 489 419 441 491 465 405 475 494 427 462 499 476 486 442 404 430 439 485 437 468 448 425 474 470 431 487 428 414 426 479 464 415 413 424
508 571 588 509 511 599 505 547 556 512 566 506 530 554 578 533 518 545 573 549 517 534 532 557 560 540 550 593 537 594 514 559 525 586 546 543 529 516 579 584 536 585 590 563 531 595 520 589 569 570 544 582 574 510 521 577 591 542 596 580
8
314 346 394 389 326 370 332 339 324 337 330 390 350 363 351 348 327 312 307 353 386 366 393 343 336 391 379 354 357 323 334 364 311 340 361 398 338 341 318 360 345 342 371 392 388 375 396 317 369 359 367 356 352 325 381
994
264
548
665
17
703
709
651
768 783 728 714 769 750 735 702 791 757 798 732 744 776 779 761 781 755 753 712 749 741 736 704 784 743 731 754 767 722 756 782 773 762 723 760 739 720 718 788 721 787 772 774 740 799 715 786 792 701 717 765
206
128
915
469
313
922
33
676
708
322
833
612
90
801
152
223
747
111
564
56
319
932
611
139
347
719
202
421
832
377
679
51
503
418
865
793
355
39
304
151
471
656
123
295
231
689
812
146
168
957
384
507
562
497
621
239
515
810
100
444
970
867
52
248
619
254
1
987
710
129
587
180
552
565
724
286
287
831
700
685
268
706
716
368
916
597
680
159
726
504
436
488
648
770
863
827
583
764
860
808
838
711
933
745
777
999
196
260
240
608
790
857
980
172
429
137
947
397
35
259
83
609
748
320
107
30
639
683
308
212
226
477
279
16
193
47
265
613
602
190
461
70
122
797
306
11
34
158
759
197
215
568
864
191
819
362
53
399
383
186
6
937
290
737
581
951
198
84
60
5
664
378
707
528
551
65
935
634
78
998
690
276
117
527
688
41
502
604
909
241
522
463
270
501
13
412
156
233
923
182
618
432
519
214
45
870
243
696
493
847
990
407
555
181
953
539
19
451
513
59
789
58
257
859
900
372
730
713
376
575
558
400
297
244
450
440
535
876
946
331
997
387
600
408
335
624
652
976
121
77
411
188
10
443
843
267
68
969
328
175
201
945
977
603
170
69
409
500
455
130
447
598
616
495
991
617
315
31
344
623
89
572
526
576
992
333
492
907
966
187
220
228
373
271
654
727
644
842
309
402
118
43
446
385
305
358
453
523
538
192
785
263
48
758
423
44
213
928
766
80
771
850
905
103
673
686
627
449
294
733
641
102
382
28
606
410
310
484
561
687
251
234
821
273
349
472
780
914
993
269
625
179
184
97
247
725
67
650
904
316
374
807
93
541
605
729
742
496
682
763
879
567
524
752
303
775
113
300
380
630
176
37
963
177
289
178
417
199
862
292
553
642
917
834
454
943
751
856
795
296
301
120
794
672
101
738
61
705
645
815
886
811
675
232
42
778
647
835
592
211
64
365
189
153
610
855
881
224
948
321
481
869
800
62
88
395
657
302
329
925
194
978
734
975
171
796