973
75 82 57 22 55 23 25 79 26 50 36 3 76 40 18 95 4 92 29 49 14 20 81 7 24 0 2 86 15 38 74 54 21 91 96 72 9 99 85 66 73 98 46 94 71 32 12 87 63 27
114
438
110
888 851 825 813 852 861 837 899 806 884 890 887 853 841 872 889 839 866 878 836 829 803 895 818 894 896 893 830 828 822 871 805 898 845 885 809 868 849 817 883 880 875 892 877 814 823 826 846 816 824 854 840 882 858 897 844 874 891 804 848 820
873
929 926 927 906 961 960 944 959 901 962 956 921 986 982 968 949 939 995 984 919 908 936 974 979 996 955 989 942 934 918 981 965 971 920 941 938 988 913 903 912 902 940 967 911 910 985 964 930 972 958 952 931 950 983 924
203 216 252 225 246 258 245 298 207 249 299 230 288 208 221 293 219 218 291 281 261 256 229 238 280 200 282 217 274 250 283 266 272 284 222 204 278 236 285 262 277 253 227 209 255 242 210 237 205 275 235
149
746
169 119 126 162 167 115 125 105 166 124 185 161 141 144 140 148 150 173 147 116 106 109 133 155 143 135 165 154 145 160 131 104 127 157 164 195 142 174 132 134 112 138 163 108 183
697 636 638 628 668 692 631 694 670 661 653 615 643 658 666 691 640 629 669 667 637 601 655 659 677 695 649 632 662 660 698 620 635 671 693 626 607 684 633 614 622 646 678 674 681 663 699
802
954
405 466 406 435 442 452 482 401 434 424 475 456 470 491 419 425 483 404 467 433 486 431 489 428 427 465 458 474 430 403 457 464 479 498 445 414 415 476 487 485 437 441 462 478 480 422 494 499 459 448 490 468 439 413 460 473 420 426 416
508 593 546 559 578 512 586 520 537 599 588 573 590 509 511 554 540 532 556 596 517 550 506 544 545 542 510 577 560 516 589 566 531 585 514 521 525 580 533 543 534 582 569 574 579 570 571 536 529 505 595 557 549 547 518 530 591 563 584 594
8
330 350 386 351 366 388 354 342 389 353 312 375 364 339 370 367 311 325 379 393 394 337 396 357 317 363 356 340 392 318 390 307 338 336 334 341 345 369 360 348 327 323 361 391 324 332 371 352 359 381 314 343 346 326 398
994
264
548
665
17
703
709
651
788 767 784 773 732 783 736 743 715 750 712 722 741 717 756 782 762 714 776 757 779 753 740 765 791 799 728 754 781 760 704 761 735 749 769 768 774 702 755 731 792 798 772 786 744 723 720 739 718 787 721 701
206
128
915
469
313
922
33
676
708
322
833
612
90
801
152
223
747
111
564
56
319
932
611
139
347
719
202
421
832
377
679
51
503
418
865
793
355
39
304
151
471
656
123
295
231
689
812
146
168
957
384
507
562
497
621
239
515
810
100
444
970
867
52
248
619
254
1
987
710
129
587
180
552
565
724
286
287
831
700
685
268
706
716
368
916
597
680
159
726
504
436
488
648
770
863
827
583
764
860
808
838
711
933
745
777
999
196
260
240
608
790
857
980
172
429
137
947
397
35
259
83
609
748
320
107
30
639
683
308
212
226
477
279
16
193
47
265
613
602
190
461
70
122
797
306
11
34
158
759
197
215
568
864
191
819
362
53
399
383
186
6
937
290
737
581
951
198
84
60
5
664
378
707
528
551
65
935
634
78
998
690
276
117
527
688
41
502
604
909
241
522
463
270
501
13
412
156
233
923
182
618
432
519
214
45
870
243
696
493
847
990
407
555
181
953
539
19
451
513
59
789
58
257
859
900
372
730
713
376
575
558
400
297
244
450
440
535
876
946
331
997
387
600
408
335
624
652
976
121
77
411
188
10
443
843
267
68
969
328
175
201
945
977
603
170
69
409
500
455
130
447
598
616
495
991
617
315
31
344
623
89
572
526
576
992
333
492
907
966
187
220
228
373
271
654
727
644
842
309
402
118
43
446
385
305
358
453
523
136
538
192
785
263
48
758
423
44
213
928
766
80
771
850
905
103
673
686
627
449
294
733
641
102
382
28
606
410
310
484
561
687
251
234
821
273
349
472
780
914
993
269
625
179
184
97
247
725
67
650
904
316
374
807
93
541
605
729
742
496
682
763
879
567
524
752
303
775
113
300
380
630
176
37
963
177
289
178
417
199
862
292
553
642
917
834
454
943
751
856
795
296
301
120
794
672
101
738
61
705
645
815
886
811
675
232
42
778
647
835
592
211
64
365
189
153
610
855
881
224
948
321
481
869
800
62
88
395
657
302
329
925
194
978
734
975
171
796