973
82 81 27 95 87 94 4 96 57 66 85 22 63 75 55 40 0 3 18 21 76 12 7 71 15 54 72 29 2 79 26 20 14 50 25 92 99 38 86 36 73 9 74 46 24 49 32 23 98
114
438
110
866 893 895 825 851 829 877 878 853 803 840 861 841 892 891 845 824 882 823 822 804 858 874 871 816 897 817 889 809 852 884 844 813 814 837 839 854 836 890 899 818 875 848 896 828 898 846 880 868 883 806 820 830 894 888 885 826 872 805 849 887
873
986 941 918 964 985 961 911 972 944 903 912 938 939 989 936 940 927 955 995 908 950 965 926 956 910 934 920 971 968 959 996 913 958 929 988 901 942 984 902 979 949 982 906 919 962 983 930 960 924 981 931 952 921 967 974
252 281 288 216 299 255 261 272 245 217 298 274 205 208 222 249 207 242 209 227 250 282 237 204 262 277 203 280 218 275 238 291 253 219 278 225 258 256 246 236 266 235 229 210 283 284 285 221 230 293 200
149
746
140 166 162 157 143 163 133 148 174 150 125 144 106 147 104 183 134 105 195 173 131 155 108 126 185 138 119 132 135 145 167 127 141 116 164 169 142 112 115 161 109 124 160 154 165
692 661 626 659 615 655 633 628 691 632 635 646 649 671 607 698 640 668 697 684 693 674 638 669 601 636 660 622 677 681 670 666 663 653 614 695 699 637 643 678 694 629 631 662 667 620 658
802
954
498 486 428 445 482 442 416 474 473 441 439 434 480 414 460 422 478 403 458 464 433 491 437 483 467 401 468 426 470 452 457 405 466 456 424 459 435 413 404 425 476 406 479 431 420 419 475 485 462 448 490 494 489 487 499 465 415 430 427
585 514 569 543 511 517 534 554 560 591 590 505 518 509 530 599 544 508 586 532 556 588 549 550 573 540 566 506 525 516 594 584 531 580 559 533 520 546 596 510 593 529 577 589 512 557 582 536 595 545 571 542 578 579 537 563 574 521 547 570
8
393 389 307 371 396 327 318 341 326 359 332 346 352 324 339 342 370 381 391 325 379 312 367 388 337 340 366 330 314 343 323 345 398 375 386 360 392 357 390 338 353 363 334 354 356 348 317 350 361 351 311 394 369 336 364
994
264
548
665
17
703
709
651
765 753 721 720 799 723 768 798 773 728 743 755 701 757 786 781 714 739 791 760 736 762 722 750 792 744 784 712 756 782 717 769 731 715 732 718 783 735 787 702 776 761 779 754 740 788 741 772 749 774 704 767
206
128
915
469
313
922
33
676
708
322
833
612
90
801
152
223
747
111
564
56
319
932
611
139
347
719
202
421
832
377
679
51
503
418
865
793
355
39
304
151
471
656
123
295
231
689
812
146
168
957
384
507
562
497
621
239
515
810
100
444
970
867
91
52
248
619
254
1
987
710
129
587
180
552
565
724
286
287
831
700
685
268
706
716
368
916
597
680
159
726
504
436
488
648
770
863
827
583
764
860
808
838
711
933
745
777
999
196
260
240
608
790
857
980
172
429
137
947
397
35
259
83
609
748
320
107
30
639
683
308
212
226
477
279
16
193
47
265
613
602
190
461
70
122
797
306
11
34
158
759
197
215
568
864
191
819
362
53
399
383
186
6
937
290
737
581
951
198
84
60
5
664
378
707
528
551
65
935
634
78
998
690
276
117
527
688
41
502
604
909
241
522
463
270
501
13
412
156
233
923
182
618
432
519
214
45
870
243
696
493
847
990
407
555
181
953
539
19
451
513
59
789
58
257
859
900
372
730
713
376
575
558
400
297
244
450
440
535
876
946
331
997
387
600
408
335
624
652
976
121
77
411
188
10
443
843
267
68
969
328
175
201
945
977
603
170
69
409
500
455
130
447
598
616
495
991
617
315
31
344
623
89
572
526
576
992
333
492
907
966
187
220
228
373
271
654
727
644
842
309
402
118
43
446
385
305
358
453
523
136
538
192
785
263
48
758
423
44
213
928
766
80
771
850
905
103
673
686
627
449
294
733
641
102
382
28
606
410
310
484
561
687
251
234
821
273
349
472
780
914
993
269
625
179
184
97
247
725
67
650
904
316
374
807
93
541
605
729
742
496
682
763
879
567
524
752
303
775
113
300
380
630
176
37
963
177
289
178
417
199
862
292
553
642
917
834
454
943
751
856
795
296
301
120
794
672
101
738
61
705
645
815
886
811
675
232
42
778
647
835
592
211
64
365
189
153
610
855
881
224
948
321
481
869
800
62
88
395
657
302
329
925
194
978
734
975
171
796