973
57 74 92 96 24 27 75 99 81 49 22 50 7 3 36 23 71 95 32 72 82 63 54 86 4 98 66 55 21 2 46 87 79 40 15 85 25 12 20 26 38 73 29 18 9 94 0 14 76
114
438
110
837 803 836 814 805 851 806 868 877 874 846 892 861 854 897 848 884 820 893 823 822 891 809 818 882 841 887 826 858 839 880 804 866 898 889 875 845 896 828 878 830 872 888 844 840 871 853 824 852 825 813 849 883 885 894 816 890 895 829 817 899
873
902 961 901 942 931 941 952 930 913 981 971 911 974 908 983 960 926 988 986 979 910 927 906 912 921 996 920 972 984 919 929 967 950 982 964 949 956 939 940 968 934 903 959 965 995 989 918 958 944 962 955 985 938 924 936
246 253 277 266 281 252 210 282 285 261 238 203 256 249 225 205 204 262 245 278 229 230 218 236 242 291 209 250 217 258 274 221 293 216 284 272 207 235 288 275 298 255 237 299 227 208 283 219 200 280 222
149
746
104 126 169 157 173 132 164 147 133 116 124 165 134 142 143 183 161 160 112 141 150 108 162 127 163 195 109 119 131 145 138 174 135 105 166 115 144 154 125 185 148 167 140 106 155
633 626 694 607 693 655 620 667 653 643 677 691 659 649 658 668 622 674 699 632 692 663 629 631 671 678 698 684 662 628 638 615 635 695 636 670 666 601 646 614 681 637 661 669 697 640 660
802
954
466 431 473 435 425 464 462 486 468 424 494 441 406 458 456 433 401 485 467 430 405 499 439 404 490 474 480 475 457 437 476 413 434 465 414 478 428 483 460 415 419 498 442 416 422 491 459 482 487 470 479 489 427 452 403 426 420 445 448
543 593 595 530 560 554 512 514 550 571 556 549 508 594 588 533 531 579 591 517 529 590 574 509 580 566 547 542 573 585 582 569 511 518 521 516 559 525 586 589 546 563 599 584 540 505 570 510 520 545 532 536 577 534 537 557 596 578 506 544
8
379 330 340 307 339 359 363 354 371 357 390 398 318 325 346 327 343 337 375 326 314 394 348 393 332 388 391 392 353 366 369 334 338 324 350 342 367 317 311 336 364 361 341 396 323 352 351 312 386 360 345 356 389 370 381
994
264
548
665
17
703
709
651
704 773 735 756 784 774 720 755 769 782 728 760 731 788 757 739 750 702 744 701 783 754 799 753 717 765 768 723 791 776 767 718 743 798 732 714 779 721 722 712 762 740 787 786 772 749 715 761 741 736 781
206
128
915
469
313
922
33
676
708
322
833
612
90
801
152
223
747
111
564
56
319
932
611
139
347
719
202
421
832
377
679
51
503
418
865
793
355
39
304
151
471
656
123
295
231
689
812
146
168
957
384
507
562
497
621
239
515
810
100
444
970
867
91
52
248
619
254
1
987
710
129
587
180
552
565
724
286
287
831
700
685
268
706
716
368
916
597
680
159
726
504
436
488
648
770
863
827
583
764
860
808
838
711
933
745
777
999
196
260
240
608
790
857
980
172
429
137
947
397
35
259
83
609
748
320
107
30
639
683
308
212
226
477
279
16
193
47
265
613
602
190
461
70
122
797
306
11
34
158
759
197
215
568
864
191
819
362
53
399
383
186
6
937
290
737
581
951
198
84
60
5
664
378
707
528
551
65
935
634
792
78
998
690
276
117
527
688
41
502
604
909
241
522
463
270
501
13
412
156
233
923
182
618
432
519
214
45
870
243
696
493
847
990
407
555
181
953
539
19
451
513
59
789
58
257
859
900
372
730
713
376
575
558
400
297
244
450
440
535
876
946
331
997
387
600
408
335
624
652
976
121
77
411
188
10
443
843
267
68
969
328
175
201
945
977
603
170
69
409
500
455
130
447
598
616
495
991
617
315
31
344
623
89
572
526
576
992
333
492
907
966
187
220
228
373
271
654
727
644
842
309
402
118
43
446
385
305
358
453
523
136
538
192
785
263
48
758
423
44
213
928
766
80
771
850
905
103
673
686
627
449
294
733
641
102
382
28
606
410
310
484
561
687
251
234
821
273
349
472
780
914
993
269
625
179
184
97
247
725
67
650
904
316
374
807
93
541
605
729
742
496
682
763
879
567
524
752
303
775
113
300
380
630
176
37
963
177
289
178
417
199
862
292
553
642
917
834
454
943
751
856
795
296
301
120
794
672
101
738
61
705
645
815
886
811
675
232
42
778
647
835
592
211
64
365
189
153
610
855
881
224
948
321
481
869
800
62
88
395
657
302
329
925
194
978
734
975
171
796