973
82 94 74 7 0 57 92 55 26 22 38 81 75 12 25 95 66 27 29 23 79 86 24 98 72 76 2 32 18 49 63 15 9 21 50 99 73 3 87 54 14 40 85 46 20 36 71 96 4
114
438
110
840 896 852 854 853 887 849 889 804 872 845 858 895 888 844 841 861 890 837 892 880 851 878 894 829 877 846 891 826 885 884 883 825 809 806 866 828 836 897 830 823 882 813 874 848 805 839 868 824 818 814 899 816 875 898 822 871 817 803 820
873
924 968 986 926 931 950 981 964 927 962 959 940 944 906 910 941 930 989 929 958 920 996 956 921 919 942 967 995 984 965 938 982 936 901 974 903 985 971 949 983 934 911 952 908 960 913 955 972 979 918 961 939 902 988 912
216 229 293 245 255 283 277 252 200 242 238 285 218 281 235 208 205 298 222 253 236 291 299 272 237 275 274 217 250 262 204 278 256 210 209 219 225 280 249 227 258 207 284 230 221 203 261 288 282 266 246
149
746
145 131 148 166 174 112 162 165 124 105 167 108 154 147 134 169 195 142 126 119 115 144 138 127 109 164 135 106 143 155 173 185 132 161 150 163 116 133 140 125 183 160 157 141 104
632 693 668 694 699 695 628 669 614 677 622 607 636 646 635 658 637 670 638 620 662 661 678 674 643 692 629 626 631 640 659 633 649 655 667 697 601 681 660 691 666 615 663 698 671 653 684
802
954
457 498 467 459 487 490 458 473 441 445 426 431 470 437 485 405 428 427 499 413 456 478 448 464 465 404 452 416 435 424 462 494 460 414 482 479 406 419 442 401 483 466 420 430 439 476 422 433 468 474 415 475 480 489 486 425 491 403 434
556 569 536 580 511 520 546 531 532 557 537 586 508 514 579 563 584 530 547 550 571 599 529 517 591 506 525 590 594 560 512 577 533 510 549 543 573 578 559 589 595 593 588 554 521 509 542 596 516 518 505 574 570 585 534 545 544 540 566 582
8
363 398 336 393 350 359 394 366 332 339 396 314 343 379 361 341 330 352 340 307 317 354 360 386 375 369 342 370 325 334 391 326 351 337 392 327 388 324 390 356 389 338 323 346 312 345 371 381 364 357 348 318 311 353 367
994
264
548
665
17
703
709
651
722 743 731 704 768 749 750 781 755 739 767 762 799 741 744 786 721 720 757 712 702 753 776 765 740 718 791 783 717 735 756 754 723 788 760 761 782 732 736 787 798 779 772 769 715 701 728 774 714 773 784
206
128
915
469
313
922
33
676
708
322
833
612
90
801
152
223
747
111
564
56
319
932
611
139
347
719
202
421
832
377
679
51
503
418
865
793
355
39
304
151
471
656
123
295
231
689
812
146
168
957
384
507
562
497
621
239
515
810
100
444
970
867
91
52
248
619
254
1
987
710
129
587
180
552
565
724
286
287
831
700
685
268
706
716
368
916
597
680
159
726
504
436
488
648
770
863
827
583
764
860
808
838
711
933
745
777
999
893
196
260
240
608
790
857
980
172
429
137
947
397
35
259
83
609
748
320
107
30
639
683
308
212
226
477
279
16
193
47
265
613
602
190
461
70
122
797
306
11
34
158
759
197
215
568
864
191
819
362
53
399
383
186
6
937
290
737
581
951
198
84
60
5
664
378
707
528
551
65
935
634
792
78
998
690
276
117
527
688
41
502
604
909
241
522
463
270
501
13
412
156
233
923
182
618
432
519
214
45
870
243
696
493
847
990
407
555
181
953
539
19
451
513
59
789
58
257
859
900
372
730
713
376
575
558
400
297
244
450
440
535
876
946
331
997
387
600
408
335
624
652
976
121
77
411
188
10
443
843
267
68
969
328
175
201
945
977
603
170
69
409
500
455
130
447
598
616
495
991
617
315
31
344
623
89
572
526
576
992
333
492
907
966
187
220
228
373
271
654
727
644
842
309
402
118
43
446
385
305
358
453
523
136
538
192
785
263
48
758
423
44
213
928
766
80
771
850
905
103
673
686
627
449
294
733
641
102
382
28
606
410
310
484
561
687
251
234
821
273
349
472
780
914
993
269
625
179
184
97
247
725
67
650
904
316
374
807
93
541
605
729
742
496
682
763
879
567
524
752
303
775
113
300
380
630
176
37
963
177
289
178
417
199
862
292
553
642
917
834
454
943
751
856
795
296
301
120
794
672
101
738
61
705
645
815
886
811
675
232
42
778
647
835
592
211
64
365
189
153
610
855
881
224
948
321
481
869
800
62
88
395
657
302
329
925
194
978
734
975
171
796