973
18 55 94 22 74 95 0 87 38 26 85 96 4 3 9 76 40 20 54 27 82 81 50 15 66 57 71 29 23 79 36 14 24 21 98 73 12 92 32 63 49 86 75 72 46 2 7 99 25
114
438
110
858 851 814 852 898 823 861 878 803 889 899 871 839 882 836 822 875 872 841 896 890 840 883 818 874 806 895 830 884 892 849 805 897 820 880 887 853 826 824 885 894 804 846 845 837 866 828 848 891 868 817 877 829 888 825 809 844 813 854 816
873
968 972 927 984 955 911 912 949 967 929 901 979 983 938 971 908 926 940 941 964 985 934 939 918 988 942 913 950 962 989 952 961 965 995 944 956 931 902 921 982 959 919 924 920 996 981 936 906 960 903 974 910 986 930 958
266 252 236 253 225 219 205 262 298 210 204 275 280 237 229 227 238 218 278 272 255 216 207 246 261 282 281 274 291 250 217 258 235 245 293 242 203 256 222 277 230 288 209 249 200 284 283 208 299 285 221
149
746
108 161 169 150 132 131 115 142 145 127 160 105 106 166 134 185 133 174 140 155 147 141 148 165 126 173 183 164 138 195 135 154 112 157 125 124 109 167 104 143 119 116 163 162 144
670
802
954
460 425 489 499 437 476 430 480 405 414 487 478 401 431 462 428 475 485 406 445 404 474 458 490 416 486 452 456 482 479 457 442 439 420 424 413 459 419 433 491 498 465 464 441 466 426 470 427 403 448 494 467 468 415 422 435 473 483 434
534 521 525 579 580 559 509 518 596 517 566 590 593 545 563 543 549 595 530 512 511 505 588 544 514 556 586 536 510 594 569 571 508 560 532 577 550 585 531 573 591 589 578 547 570 520 540 542 533 537 516 506 557 554 574 582 529 584 599 546
8
366 393 323 341 345 386 371 392 330 348 307 342 391 351 311 350 398 379 325 337 390 324 360 367 363 334 318 317 327 343 312 364 353 326 346 369 339 396 357 389 352 338 388 361 332 375 314 394 359 381 354 370 340 356 336
994
264
548
665
17
703
709
651
717 753 761 740 760 750 787 741 799 721 701 731 722 720 783 774 798 736 723 718 739 704 791 768 781 769 757 743 756 784 744 779 786 728 767 762 732 714 782 749 702 754 765 712 788 715 755 772 773 735 776
206
128
915
469
313
922
33
607 626 635 622 633 662 601 663 629 649 677 628 631 614 615 655 659 646 684 667 671 658 668 620 636 678 669 653 661 637 643 640 632 691 666 681 697 692 660 693 674 698 699 694 695 638
676
708
322
833
612
90
801
152
223
747
111
564
56
319
932
611
139
347
719
202
421
832
377
679
51
503
418
865
793
355
39
304
151
471
656
123
295
231
689
812
146
168
957
384
507
562
497
621
239
515
810
100
444
970
867
91
52
248
619
254
1
987
710
129
587
180
552
565
724
286
287
831
700
685
268
706
716
368
916
597
680
159
726
504
436
488
648
770
863
827
583
764
860
808
838
711
933
745
777
999
893
196
260
240
608
790
857
980
172
429
137
947
397
35
259
83
609
748
320
107
30
639
683
308
212
226
477
279
16
193
47
265
613
602
190
461
70
122
797
306
11
34
158
759
197
215
568
864
191
819
362
53
399
383
186
6
937
290
737
581
951
198
84
60
5
664
378
707
528
551
65
935
634
792
78
998
690
276
117
527
688
41
502
604
909
241
522
463
270
501
13
412
156
233
923
182
618
432
519
214
45
870
243
696
493
847
990
407
555
181
953
539
19
451
513
59
789
58
257
859
900
372
730
713
376
575
558
400
297
244
450
440
535
876
946
331
997
387
600
408
335
624
652
976
121
77
411
188
10
443
843
267
68
969
328
175
201
945
977
603
170
69
409
500
455
130
447
598
616
495
991
617
315
31
344
623
89
572
526
576
992
333
492
907
966
187
220
228
373
271
654
727
644
842
309
402
118
43
446
385
305
358
453
523
136
538
192
785
263
48
758
423
44
213
928
766
80
771
850
905
103
673
686
627
449
294
733
641
102
382
28
606
410
310
484
561
687
251
234
821
273
349
472
780
914
993
269
625
179
184
97
247
725
67
650
904
316
374
807
93
541
605
729
742
496
682
763
879
567
524
752
303
775
113
300
380
630
176
37
963
177
289
178
417
199
862
292
553
642
917
834
454
943
751
856
795
296
301
120
794
672
101
738
61
705
645
815
886
811
675
232
42
778
647
835
592
211
64
365
189
153
610
855
881
224
948
321
481
869
800
62
88
395
657
302
329
925
194
978
734
975
171
796