985 923 998 992 961 986 946 991 971 979 928 968 911 915 917 902 951 993 981 954 929 932 980 907 958 927 962 977 965 966 913 956 938 941 996 934 959 984 982 940 987 909 904 924 988 936 978 922 944 989 921 953 919 935 972 920 908 975 994 997 937 945 901 942 912 983 973 963 960 918 910 990 976 931 906 967 999 943 969 949 947 930 955 903 970 974 925 905 916 950 926 995 964 952 914 939
84 14 99 81 30 3 85 53 40 22 39 50 36 20 54 94 10 6 29 0 32 44 73 83 72 60 19 26 62 56 69 80 47 8 17 18 68 67 9 92 71 59 42 21 33 90 64 15 87 74 7 46 97 43 89 2 76 49 34 65 58 23 16 57 88 48 24 38 45 61 86 55 52 77 66 91 98 27 11 28 31 37 25 12 35 51 4 13 75 95 82 79 96 41 78 63
144 117 162 108 124 164 160 147 180 138 105 121 122 174 123 178 133 155 107 134 148 139 109 153 157 182 190 179 199 177 140 186 142 111 166 114 191 136 198 127 125 181 116 100 152 171 168 197 172 130 173 131 129 192 113 137 128 150 145 112 175 184 187 106 120 176 156 115 141 119 194 195 188 170 104 126 102 149 118 185 196 165 169 103 110 132 135 193 163 143 146 161 183 167 154
471 453 464 424 417 488 435 481 403 426 470 404 455 413 429 484 437 451 487 401 441 483 486 463 448 454 416 466 480 479 473 449 402 430 438 432 443 439 469 408 475 457 497 440 420 498 431 412 425 428 477 415 414 406 489 478 490 442 450 444 499 409 467 492 493 423 465 452 474 460 472 427 405 434 445 407 446 433 495 462 468 496 482 410 494 459 411 422 458 476 456 419 461 436 491 485 447
824 870 864 873 806 821 807 815 818 854 863 833 894 840 813 875 881 892 804 866 861 880 834 876 837 852 896 827 810 844 848 850 832 808 838 843 841 805 812 872 826 884 817 886 899 888 889 895 862 809 879 823 874 882 871 828 859 869 898 857 853 835 860 842 831 849 836 855 877 820 825 847 814 822 839 891 811 800 865 858 851 887 830 829 846 803 868 890 816 867 883 878 845 897 885 819 893
228 261 240 254 286 235 280 220 205 209 263 266 202 292 211 262 225 213 230 269 223 281 259 231 274 246 248 221 250 210 253 289 298 288 291 241 285 222 295 244 227 203 277 249 296 293 236 245 229 247 218 255 239 204 238 226 216 237 267 276 252 273 270 297 279 243 265 214 275 208 258 272 283 282 233 234 299 287 215 294 232 264 284 251 217 212 206 207 219 200 278 242 257 268 290 224 256
711 762 794 769 773 757 719 718 722 779 703 710 729 797 752 735 738 721 712 707 759 737 743 776 795 745 774 767 734 702 753 785 764 720 772 716 766 708 768 754 717 701 787 750 744 771 705 763 775 796 749 765 790 748 725 742 723 799 783 715 780 758 770 781 730 733 724 792 798 732 784 704 746 788 756 778 751 731 761 709 739 782 728 755 740 747 793 760 786 714 713 741 777 791 736
617 674 653 684 613 683 648 632 644 669 631 658 654 602 698 605 697 686 673 642 611 625 621 667 670 603 622 685 694 624 652 615 641 650 668 659 671 636 649 616 638 618 626 664 689 662 635 679 661 666 691 645 614 610 633 690 612 665 634 609 656 606 680 681 663 608 696 657 637 699 695 639 601 692 678 693 677 604 688 682 647 629 646 620 687 643 607 676 672 651 628 640 675 655 627 660 630
802
584 563 527 583 509 539 506 502 520 596 594 581 570 501 598 554 504 557 547 575 532 593 579 510 531 551 525 511 599 512 589 588 586 569 560 553 573 530 552 591 590 518 524 564 535 522 580 526 576 587 508 523 565 545 515 534 516 541 549 578 568 597 543 514 559 550 585 561 582 521 542 544 546 566 567 574 517 533 595 519 507 556 577 562 538 505 529 571 537 558 513 540 503 536 528 555
331 399 389 318 340 393 365 312 395 350 322 320 359 313 351 362 366 335 398 306 333 328 326 380 317 338 325 388 334 300 361 357 379 352 354 314 327 311 348 302 324 305 363 367 344 360 323 307 330 390 373 346 384 377 397 336 349 339 370 382 319 332 371 356 337 308 378 391 369 396 376 383 329 310 315 321 394 342 364 368 343 353 345 381 386 392 341 385 309 304 358 387 347 372 375 355 303
548
801
421
418
151
957
619
1
700
706
159
726
933
260
70
158
5
789
900
400
600
201
500
623
572
271
727
316
374
93
856
301
101
592
189
948