973
98 82 38 24 74 66 96 0 40 95 54 14 9 86 57 72 94 71 63 50 23 49 46 79 4 73 12 27 25 3 85 99 7 22 15 76 29 20 26 21 75 92 36 32 87 55 81 18 2
114
438
110
848 877 829 809 826 825 894 830 896 806 816 814 875 837 897 883 866 804 845 813 872 871 861 858 844 840 805 822 853 828 839 882 890 888 899 854 836 846 884 868 818 851 880 874 824 895 849 803 885 878 892 891 817 841 823 889 852 898 820 887
873
955 972 958 968 942 983 927 906 984 919 981 931 996 952 982 902 926 950 949 956 921 959 938 934 988 986 985 962 924 911 995 941 944 918 920 979 965 929 940 974 903 901 910 912 939 908 961 913 967 930 936 989 960 964 971
225 246 204 205 262 255 280 288 222 210 281 253 245 284 236 249 285 299 227 230 283 216 293 235 261 238 274 291 208 237 209 203 275 298 282 218 217 258 242 250 219 272 278 207 256 252 221 277 229 266 200
149
746
127 108 119 173 135 155 116 157 185 126 148 174 150 161 141 166 144 147 112 143 164 125 109 162 145 154 160 104 140 106 133 131 167 115 169 183 105 124 134 165 163 142 138 132 195
670
802
954
445 464 430 483 468 448 494 465 487 457 456 404 426 401 490 406 485 482 414 439 499 467 479 466 433 435 425 441 480 476 434 452 442 405 491 486 427 475 416 474 424 431 422 473 428 459 419 458 413 478 470 437 498 415 489 462 420 460 403
549 589 511 577 571 591 596 573 547 579 550 566 580 514 542 554 506 516 584 563 531 556 508 509 570 537 582 559 585 534 544 590 532 546 545 521 530 512 525 517 529 574 569 593 543 588 510 586 533 536 505 518 557 594 540 578 520 560 599 595
8
370 317 381 336 353 337 360 379 312 391 314 375 392 398 351 326 354 345 327 325 311 334 350 386 369 332 307 371 318 357 330 366 359 342 348 389 324 343 340 390 367 364 338 341 352 363 356 323 393 361 346 388 394 339 396
994
264
548
665
17
703
709
651
781 732 718 722 714 776 720 753 717 704 740 782 728 784 760 772 739 755 773 798 723 762 786 731 788 769 791 741 756 799 736 743 757 715 761 721 701 749 768 744 702 779 783 754 767 787 765 712 774 735
206
128
915
469
313
922
33
671 669 632 640 678 643 655 698 626 694 697 695 601 667 692 622 677 614 620 635 661 699 629 646 660 691 653 637 668 636 658 674 662 663 638 659 649 693 631 633 681 628 666 607 684 615
676
708
322
833
612
90
801
152
223
747
111
564
56
319
932
611
139
347
719
202
421
832
377
679
51
503
418
865
793
355
39
304
151
471
656
123
295
231
689
812
146
168
957
384
507
562
497
621
239
515
810
100
444
970
867
91
52
248
619
254
1
987
710
129
587
180
552
565
724
286
287
831
700
685
268
706
716
368
916
597
680
159
726
504
436
488
648
770
863
827
583
764
860
808
838
711
933
745
777
999
893
196
260
240
608
790
857
980
172
429
137
947
397
35
259
83
609
748
320
107
30
639
683
308
212
226
477
279
16
193
47
265
613
602
190
461
70
122
797
306
11
34
158
759
197
215
568
864
191
750
819
362
53
399
383
186
6
937
290
737
581
951
198
84
60
5
664
378
707
528
551
65
935
634
792
78
998
690
276
117
527
688
41
502
604
909
241
522
463
270
501
13
412
156
233
923
182
618
432
519
214
45
870
243
696
493
847
990
407
555
181
953
539
19
451
513
59
789
58
257
859
900
372
730
713
376
575
558
400
297
244
450
440
535
876
946
331
997
387
600
408
335
624
652
976
121
77
411
188
10
443
843
267
68
969
328
175
201
945
977
603
170
69
409
500
455
130
447
598
616
495
991
617
315
31
344
623
89
572
526
576
992
333
492
907
966
187
220
228
373
271
654
727
644
842
309
402
118
43
446
385
305
358
453
523
136
538
192
785
263
48
758
423
44
213
928
766
80
771
850
905
103
673
686
627
449
294
733
641
102
382
28
606
410
310
484
561
687
251
234
821
273
349
472
780
914
993
269
625
179
184
97
247
725
67
650
904
316
374
807
93
541
605
729
742
496
682
763
879
567
524
752
303
775
113
300
380
630
176
37
963
177
289
178
417
199
862
292
553
642
917
834
454
943
751
856
795
296
301
120
794
672
101
738
61
705
645
815
886
811
675
232
42
778
647
835
592
211
64
365
189
153
610
855
881
224
948
321
481
869
800
62
88
395
657
302
329
925
194
978
734
975
171
796