973
54 12 72 99 94 23 26 0 18 92 9 55 3 81 85 71 21 15 95 27 76 96 82 86 98 75 66 36 57 79 49 38 50 20 25 2 73 24 87 4 40 46 32 22 14 74 7 63 29
114
438
110
845 816 829 820 874 890 853 894 887 885 840 861 823 882 836 858 846 825 871 839 828 814 888 813 877 824 830 892 804 837 809 875 852 896 849 848 841 880 897 889 872 851 899 805 884 854 818 822 806 844 826 817 866 891 898 803 878 883 868
873
962 956 921 919 936 986 941 967 911 901 989 902 938 984 979 924 944 961 996 972 912 910 920 985 929 918 939 974 995 958 903 965 964 968 983 926 927 959 906 913 952 950 949 960 981 982 940 988 908 942 934 930 955 971 931
266 288 200 256 258 274 282 291 285 238 225 207 203 272 210 245 249 275 208 219 280 217 204 277 221 237 242 284 293 283 281 216 253 278 298 299 262 235 261 255 230 246 229 227 252 250 218 222 209 236 205
149
746
126 135 147 162 195 141 169 138 155 133 145 166 161 160 154 105 104 150 116 115 131 167 140 144 183 112 108 119 163 109 174 157 142 185 132 173 134 143 124 125 164 127 165 106 148
670
802
954
427 466 445 428 486 425 465 416 473 475 419 479 456 459 433 483 491 413 498 448 468 404 406 452 437 478 441 482 434 476 430 485 401 435 420 414 480 464 494 457 422 460 470 442 439 403 467 490 424 489 499 431 487 462 474 415 458 426 405
525 599 594 537 505 557 570 559 544 509 582 547 516 530 550 540 521 579 534 518 514 533 574 593 578 549 580 520 508 595 517 577 591 584 543 546 563 571 589 536 532 585 510 531 596 554 573 545 590 569 529 588 511 512 560 586 566 506 556 542
8
364 339 390 330 354 324 366 359 337 318 363 307 381 360 388 317 375 326 338 351 341 396 353 334 357 370 367 386 398 352 314 356 391 350 323 394 345 369 379 346 332 371 392 325 348 389 327 336 393 361 343 340 342 312 311
994
264
548
665
17
703
709
651
895
728 755 741 735 723 799 772 786 756 739 783 765 704 744 776 768 722 715 732 774 740 757 714 781 762 717 736 782 702 754 712 788 721 798 791 787 701 761 773 779 769 784 718 760 743 753 767 731 749 720
206
128
915
469
313
922
33
635 658 614 636 681 693 697 646 631 638 628 620 678 622 655 699 662 694 671 677 674 629 615 659 601 661 666 692 649 695 667 607 660 669 653 698 640 633 663 691 643 626 637 684 632 668
676
708
322
833
612
90
801
152
223
747
111
564
56
319
932
611
139
347
719
202
421
832
377
679
51
503
418
865
793
355
39
304
151
471
656
123
295
231
689
812
146
168
957
384
507
562
497
621
239
515
810
100
444
970
867
91
52
248
619
254
1
987
710
129
587
180
552
565
724
286
287
831
700
685
268
706
716
368
916
597
680
159
726
504
436
488
648
770
863
827
583
764
860
808
838
711
933
745
777
999
893
196
260
240
608
790
857
980
172
429
137
947
397
35
259
83
609
748
320
107
30
639
683
308
212
226
477
279
16
193
47
265
613
602
190
461
70
122
797
306
11
34
158
759
197
215
568
864
191
750
819
362
53
399
383
186
6
937
290
737
581
951
198
84
60
5
664
378
707
528
551
65
935
634
792
78
998
690
276
117
527
688
41
502
604
909
241
522
463
270
501
13
412
156
233
923
182
618
432
519
214
45
870
243
696
493
847
990
407
555
181
953
539
19
451
513
59
789
58
257
859
900
372
730
713
376
575
558
400
297
244
450
440
535
876
946
331
997
387
600
408
335
624
652
976
121
77
411
188
10
443
843
267
68
969
328
175
201
945
977
603
170
69
409
500
455
130
447
598
616
495
991
617
315
31
344
623
89
572
526
576
992
333
492
907
966
187
220
228
373
271
654
727
644
842
309
402
118
43
446
385
305
358
453
523
136
538
192
785
263
48
758
423
44
213
928
766
80
771
850
905
103
673
686
627
449
294
733
641
102
382
28
606
410
310
484
561
687
251
234
821
273
349
472
780
914
993
269
625
179
184
97
247
725
67
650
904
316
374
807
93
541
605
729
742
496
682
763
879
567
524
752
303
775
113
300
380
630
176
37
963
177
289
178
417
199
862
292
553
642
917
834
454
943
751
856
795
296
301
120
794
672
101
738
61
705
645
815
886
811
675
232
42
778
647
835
592
211
64
365
189
153
610
855
881
224
948
321
481
869
800
62
88
395
657
302
329
925
194
978
734
975
171
796