973
55 85 2 81 46 23 24 15 92 38 57 63 4 22 40 76 74 79 66 75 94 71 32 26 99 3 14 12 87 54 82 25 95 0 29 27 98 9 36 7 49 86 96 21 20 50 73 18 72
114
438
110
889 883 830 837 897 858 816 877 844 874 846 851 820 836 861 852 899 809 803 805 853 817 823 882 894 826 885 872 880 892 804 878 839 891 818 806 868 849 896 884 829 890 845 841 866 828 848 825 824 898 814 822 840 813 871 887 854 875 888
873
967 961 952 984 949 995 974 920 903 940 989 927 962 938 959 918 919 988 936 911 965 929 913 939 924 956 902 901 985 972 971 968 930 950 906 958 979 941 931 982 912 921 986 955 981 964 908 942 983 926 960 934 996 944
217 208 203 238 216 237 230 274 221 291 235 299 200 284 209 282 283 227 261 205 204 258 275 298 222 249 266 207 236 245 255 225 281 250 210 277 242 262 278 272 252 246 256 285 219 218 288 253 293 280 229
149
746
160 148 131 161 165 109 132 119 162 133 106 138 164 104 195 140 105 174 108 125 142 167 157 127 116 115 143 166 135 124 169 145 144 147 154 163 155 173 150 134 141 126 112 183 185
670
802
954
470 499 476 467 430 474 483 489 478 433 435 480 485 401 428 406 422 468 416 424 458 462 403 445 414 437 494 434 466 452 498 465 464 486 425 442 441 431 427 459 487 460 420 479 426 448 456 457 419 404 482 490 439 405 473 413 491 475 415
536 546 577 596 585 549 589 590 537 517 579 534 560 591 557 584 512 505 529 514 543 595 588 566 586 563 506 593 554 540 511 556 580 599 516 509 570 510 573 578 542 544 594 559 518 531 532 508 545 520 574 550 569 525 582 547 533 571 530 521
8
351 360 394 379 354 327 375 369 342 371 390 357 359 381 323 388 314 364 324 348 389 318 337 311 361 340 341 386 398 356 366 367 391 307 326 325 363 350 330 343 317 346 345 392 353 332 339 396 336 352 338 334 312 393 370
994
264
548
665
17
703
709
651
895
757 736 732 728 714 765 773 776 722 749 756 753 779 786 754 702 717 721 769 781 712 772 715 731 799 739 723 774 788 783 743 744 720 760 741 787 768 761 740 784 762 767 735 701 798 704 755 791 718 782
206
128
915
469
313
922
33
607 660 633 697 669 658 653 684 668 638 671 615 632 614 678 626 640 659 636 667 601 692 698 661 628 677 674 699 629 691 635 693 622 620 695 694 643 666 646 649 681 655 662 637 663 631
676
708
322
833
612
90
801
152
223
747
111
564
56
319
932
611
139
347
719
202
421
832
377
679
51
503
418
865
793
355
39
304
151
471
656
123
295
231
689
812
146
168
957
384
507
562
497
621
239
515
810
100
444
970
867
91
52
248
619
254
1
987
710
129
587
180
552
565
724
286
287
831
700
685
268
706
716
368
916
597
680
159
726
504
436
488
648
770
863
827
583
764
860
808
838
711
933
745
777
999
893
196
260
240
608
790
857
980
172
429
137
947
397
35
259
83
609
748
320
107
30
639
683
308
212
226
477
279
16
193
47
265
613
602
190
461
70
122
797
306
11
34
158
759
197
215
568
864
191
750
819
362
53
399
383
186
6
937
290
737
581
951
198
84
60
5
664
378
707
528
551
65
935
634
792
78
998
690
276
117
527
688
41
502
604
909
241
522
463
270
501
13
412
156
233
923
182
618
432
519
214
45
870
243
696
493
847
990
407
555
181
953
539
19
451
513
59
789
58
257
859
900
372
730
713
376
575
558
400
297
244
450
440
535
876
946
331
997
387
600
408
335
624
652
976
121
77
411
188
10
443
843
267
68
969
328
175
201
945
977
603
170
69
409
500
455
130
447
598
616
495
991
617
315
31
344
623
89
572
526
576
992
333
492
907
966
187
220
228
373
271
654
727
644
842
309
402
118
43
446
385
305
358
453
523
136
538
192
785
263
48
758
423
44
213
928
766
80
771
850
905
103
673
686
627
449
294
733
641
102
382
28
606
410
310
484
561
687
251
234
821
273
349
472
780
914
993
269
625
179
184
97
247
725
67
650
904
910
316
374
807
93
541
605
729
742
496
682
763
879
567
524
752
303
775
113
300
380
630
176
37
963
177
289
178
417
199
862
292
553
642
917
834
454
943
751
856
795
296
301
120
794
672
101
738
61
705
645
815
886
811
675
232
42
778
647
835
592
211
64
365
189
153
610
855
881
224
948
321
481
869
800
62
88
395
657
302
329
925
194
978
734
975
171
796