973
63 12 76 79 86 50 94 57 2 15 87 20 26 32 3 29 71 95 66 0 27 96 25 73 72 4 81 75 99 46 55 49 82 92 18 24 40 74 9 38 85 7 54 98 14 22 21 36 23
114
438
110
878 892 880 882 877 858 868 897 830 884 806 823 840 871 805 844 898 813 824 816 804 829 836 866 848 826 841 851 891 849 852 885 894 899 875 890 825 817 889 818 845 814 846 820 887 828 853 888 839 837 809 854 883 803 896 874 861 872 822
873
926 988 979 944 930 959 913 906 918 960 936 901 996 949 934 952 981 971 912 908 942 983 995 902 956 939 962 940 984 929 989 964 955 911 931 967 968 927 903 950 974 986 919 924 938 921 961 941 920 965 982 985 972 958
284 283 225 246 245 236 298 230 208 299 278 253 261 242 203 288 258 222 252 207 285 217 281 277 210 282 205 219 237 216 275 221 227 200 280 293 218 274 204 272 249 262 291 250 256 229 255 209 235 266 238
149
746
131 105 140 119 142 127 155 164 108 147 165 166 135 132 195 185 106 116 160 144 138 133 163 143 125 167 104 173 162 124 150 145 174 115 157 161 141 112 148 154 109 126 134 183 169
670
802
954
434 480 464 474 441 458 442 468 491 452 425 459 401 499 487 428 486 473 427 448 437 457 482 476 462 403 445 415 470 498 467 466 483 420 439 460 430 431 479 456 478 413 426 435 489 406 404 494 490 414 424 419 405 416 485 475 422 465 433
595 594 531 529 569 585 509 537 510 563 508 586 544 557 540 584 550 543 589 582 514 574 532 547 559 556 579 549 542 545 560 588 580 525 533 511 518 571 505 546 570 536 590 520 593 517 596 577 506 512 573 530 554 566 578 591 599 516 534 521
8
381 348 367 389 326 386 345 396 366 353 392 390 354 361 307 356 323 324 332 369 325 346 398 357 364 379 360 317 338 394 342 339 370 343 311 330 337 312 391 336 388 341 352 334 327 318 375 393 371 363 314 359 350 351 340
994
264
548
665
17
703
709
651
895
769 714 731 718 768 787 774 762 704 799 779 735 788 757 783 756 741 781 798 728 791 722 765 720 767 755 772 749 723 732 715 701 784 736 744 740 776 721 712 761 760 753 717 782 702 773 786 743 739
206
128
915
469
313
922
33
677 631 671 626 668 643 658 629 646 666 615 601 667 620 692 697 663 661 660 637 632 638 640 681 649 655 669 653 607 628 691 693 678 614 684 699 636 635 698 659 695 622 662 694 674 633
676
708
322
833
612
90
801
152
223
747
111
564
56
319
932
611
139
347
719
202
421
832
377
679
51
503
418
865
793
355
39
304
151
471
656
123
295
231
689
812
146
168
957
384
507
562
497
621
239
515
810
100
444
970
867
91
52
248
619
254
1
987
710
129
587
180
552
565
724
286
287
831
700
685
268
706
716
368
916
597
680
159
726
504
436
488
648
770
863
827
583
764
860
808
838
711
933
745
777
999
893
196
260
240
608
790
857
980
172
429
137
947
397
35
259
83
609
748
320
107
30
639
683
308
212
226
477
279
16
193
47
265
613
602
190
461
70
122
797
306
11
34
158
759
197
215
568
864
191
754
750
819
362
53
399
383
186
6
937
290
737
581
951
198
84
60
5
664
378
707
528
551
65
935
634
792
78
998
690
276
117
527
688
41
502
604
909
241
522
463
270
501
13
412
156
233
923
182
618
432
519
214
45
870
243
696
493
847
990
407
555
181
953
539
19
451
513
59
789
58
257
859
900
372
730
713
376
575
558
400
297
244
450
440
535
876
946
331
997
387
600
408
335
624
652
976
121
77
411
188
10
443
843
267
68
969
328
175
201
945
977
603
170
69
409
500
455
130
447
598
616
495
991
617
315
31
344
623
89
572
526
576
992
333
492
907
966
187
220
228
373
271
654
727
644
842
309
402
118
43
446
385
305
358
453
523
136
538
192
785
263
48
758
423
44
213
928
766
80
771
850
905
103
673
686
627
449
294
733
641
102
382
28
606
410
310
484
561
687
251
234
821
273
349
472
780
914
993
269
625
179
184
97
247
725
67
650
904
910
316
374
807
93
541
605
729
742
496
682
763
879
567
524
752
303
775
113
300
380
630
176
37
963
177
289
178
417
199
862
292
553
642
917
834
454
943
751
856
795
296
301
120
794
672
101
738
61
705
645
815
886
811
675
232
42
778
647
835
592
211
64
365
189
153
610
855
881
224
948
321
481
869
800
62
88
395
657
302
329
925
194
978
734
975
171
796