973
7 49 0 38 82 9 63 71 57 73 20 18 23 2 27 3 75 15 86 54 99 14 21 36 95 40 87 25 66 26 72 24 22 55 81 98 85 79 50 4 32 74 76 94 12 46 29 92 96
114
438
110
845 884 820 824 878 823 875 830 817 880 868 888 814 846 892 853 804 825 851 822 837 899 828 818 805 839 891 806 813 896 849 858 890 826 872 854 803 894 852 898 844 829 885 882 841 816 840 889 848 861 883 866 874 877 836 897 871 809 887
873
941 913 927 982 949 959 940 968 918 996 956 929 974 934 944 920 988 984 938 995 955 912 942 911 950 906 921 960 903 983 952 962 930 985 919 902 961 901 981 972 939 924 958 936 926 989 908 971 931 967 986 964 979 965
237 293 217 283 282 280 205 246 266 275 252 299 281 207 262 218 208 219 285 261 221 272 209 255 236 274 288 210 235 225 245 278 256 238 277 242 284 230 258 229 227 253 291 203 204 298 216 249 250 200 222
149
746
169 160 109 106 142 185 132 183 164 135 116 166 165 167 143 141 134 138 157 161 140 125 150 133 104 173 195 162 147 174 145 144 105 163 148 108 112 119 154 115 131 127 124 155 126
670
802
954
459 465 403 464 486 433 491 498 406 422 405 458 457 434 452 435 479 487 460 476 437 456 448 478 468 420 442 470 430 473 431 416 426 439 489 445 494 467 475 425 419 415 474 480 441 485 499 490 483 427 424 404 462 482 428 401 466 413 414
595 588 531 533 577 573 571 566 529 579 591 521 532 563 574 580 546 570 596 549 534 547 525 593 512 594 599 505 559 509 543 584 514 560 586 511 545 537 589 569 536 578 544 556 557 508 518 517 550 554 585 542 510 582 516 530 540 506 590 520
8
346 327 379 345 388 325 367 371 314 330 323 352 396 360 348 359 354 361 381 341 398 350 324 370 356 340 375 326 342 366 339 334 369 357 353 312 392 343 364 351 390 391 363 393 338 394 317 386 307 389 318 336 332 311
994
264
548
665
17
703
709
651
895
757 728 765 779 753 776 743 787 782 718 755 799 788 760 773 735 720 721 715 762 786 784 783 749 704 736 761 781 767 731 712 769 714 722 717 774 791 701 756 744 723 798 702 732 741 768 740 772 739
206
128
915
469
313
922
33
626 620 655 631 660 607 661 635 697 658 629 671 636 668 678 637 699 674 663 615 695 681 640 614 662 649 643 622 633 692 694 601 628 677 693 669 691 698 653 659 632 684 666 638 646 667
676
708
322
833
612
90
801
152
223
747
111
564
56
319
932
611
139
347
719
202
421
832
377
679
51
503
418
865
793
355
39
304
151
471
656
123
295
231
689
812
146
168
957
384
507
562
497
621
239
515
810
100
444
970
867
91
52
248
619
254
1
987
710
129
587
180
552
565
724
286
287
831
700
685
268
706
716
368
916
597
680
159
726
504
436
488
648
770
863
827
583
764
860
808
838
711
933
745
777
999
893
196
260
240
608
790
857
980
172
429
137
947
397
35
259
83
609
748
320
107
30
639
683
308
212
226
477
279
16
193
47
265
613
602
190
461
70
122
797
306
11
34
158
759
197
215
568
864
191
754
750
819
362
53
399
383
186
6
937
290
737
581
951
198
84
60
5
664
378
707
528
551
65
935
634
792
78
998
690
276
117
527
688
41
502
604
909
241
522
463
270
501
13
412
156
233
923
182
618
432
519
214
45
870
243
696
493
847
990
407
555
181
953
539
19
451
513
59
789
58
257
859
900
372
730
713
376
575
558
400
297
244
450
440
535
876
946
331
997
387
600
408
335
624
652
976
121
77
411
188
10
443
843
267
68
969
328
175
201
945
977
603
170
69
409
500
455
130
447
598
616
495
991
617
315
31
344
623
89
572
526
576
992
333
492
907
966
187
220
228
373
271
654
727
644
842
309
402
118
43
446
385
305
358
453
523
136
538
192
785
263
48
758
423
44
213
928
766
80
771
850
905
103
673
686
627
449
294
733
641
102
382
28
606
410
310
484
561
687
251
234
821
273
349
472
780
914
993
269
625
179
184
97
247
725
67
650
904
910
316
374
807
93
541
605
729
742
496
682
763
879
567
524
752
303
775
113
300
380
630
176
37
963
177
289
178
417
199
862
292
553
642
917
834
454
943
751
856
795
296
301
120
794
672
337
101
738
61
705
645
815
886
811
675
232
42
778
647
835
592
211
64
365
189
153
610
855
881
224
948
321
481
869
800
62
88
395
657
302
329
925
194
978
734
975
171
796