973
98 22 32 81 21 23 12 87 82 71 9 4 94 20 66 55 26 24 76 27 15 99 74 96 40 95 46 85 36 49 50 14 92 79 72 86 57 0 3 75 73 63 38 7 54 18 25 29 2
114
438
110
818 824 866 890 889 846 822 848 839 882 803 891 888 816 880 852 892 836 828 897 841 840 853 887 871 804 858 825 830 884 878 894 826 898 877 896 817 844 845 868 899 872 885 874 883 875 851 823 829 813 849 854 805 809 820 837 806 861
873
959 989 964 930 949 965 984 995 941 972 920 903 962 996 968 921 971 960 952 936 940 985 908 982 918 931 934 912 988 902 929 901 939 950 906 955 956 981 974 942 958 911 913 944 924 979 938 986 961 983 926 919 927 967
245 278 298 210 256 222 274 253 277 216 284 262 252 204 229 281 219 200 225 221 291 218 250 249 299 237 203 282 255 217 230 242 205 285 208 227 288 280 209 283 207 261 246 238 272 235 275 293 236 258 266
149
746
125 116 157 165 147 108 169 161 148 132 174 127 115 150 185 138 144 131 142 173 104 164 145 195 163 126 119 124 112 167 143 133 134 135 162 166 183 141 154 140 155 105 106 109 160
670
802
954
406 416 487 428 470 476 465 490 426 427 494 425 414 489 437 464 491 483 498 442 457 458 420 478 434 433 441 468 403 439 448 413 466 431 456 419 485 467 475 405 479 460 422 474 452 430 415 462 401 499 480 482 473 435 424 459 445 486 404
585 545 596 546 534 574 518 577 589 573 586 508 570 531 559 516 505 509 554 556 557 579 588 571 517 563 547 521 582 530 543 590 540 512 599 525 549 506 520 560 529 584 510 536 537 511 544 533 514 594 578 595 569 566 580 593 591 542 532 550
8
343 393 363 340 323 352 371 359 381 346 360 324 390 330 317 312 375 361 357 307 332 364 386 327 314 341 379 326 396 388 366 398 351 334 394 339 369 392 311 370 325 356 318 389 348 391 336 338 353 345 350 354 342 367
994
264
548
665
17
703
709
651
895
776 722 786 712 782 723 774 736 787 756 718 753 784 779 717 720 739 735 701 798 767 768 715 741 760 788 721 791 731 757 743 749 702 728 783 799 714 744 772 781 740 765 762 769 761 732 704 773 755
206
128
915
469
313
922
33
674 638 677 628 660 614 636 671 640 658 691 635 668 662 694 655 667 629 649 692 695 643 622 698 631 615 693 620 601 699 633 678 681 669 646 663 653 637 632 626 659 684 661 666 607 697
676
708
322
833
612
90
801
152
223
747
111
564
56
319
932
611
139
347
719
202
421
832
377
679
51
503
418
865
793
355
39
304
151
471
656
123
295
231
689
812
146
168
957
384
507
562
497
621
239
515
810
100
444
970
867
91
52
248
619
254
1
987
710
129
587
180
552
565
724
286
287
831
700
685
268
706
716
368
916
597
680
159
726
504
436
488
648
770
863
827
583
764
860
808
838
711
933
745
777
999
893
196
260
240
608
790
857
980
172
429
137
947
397
35
814
259
83
609
748
320
107
30
639
683
308
212
226
477
279
16
193
47
265
613
602
190
461
70
122
797
306
11
34
158
759
197
215
568
864
191
754
750
819
362
53
399
383
186
6
937
290
737
581
951
198
84
60
5
664
378
707
528
551
65
935
634
792
78
998
690
276
117
527
688
41
502
604
909
241
522
463
270
501
13
412
156
233
923
182
618
432
519
214
45
870
243
696
493
847
990
407
555
181
953
539
19
451
513
59
789
58
257
859
900
372
730
713
376
575
558
400
297
244
450
440
535
876
946
331
997
387
600
408
335
624
652
976
121
77
411
188
10
443
843
267
68
969
328
175
201
945
977
603
170
69
409
500
455
130
447
598
616
495
991
617
315
31
344
623
89
572
526
576
992
333
492
907
966
187
220
228
373
271
654
727
644
842
309
402
118
43
446
385
305
358
453
523
136
538
192
785
263
48
758
423
44
213
928
766
80
771
850
905
103
673
686
627
449
294
733
641
102
382
28
606
410
310
484
561
687
251
234
821
273
349
472
780
914
993
269
625
179
184
97
247
725
67
650
904
910
316
374
807
93
541
605
729
742
496
682
763
879
567
524
752
303
775
113
300
380
630
176
37
963
177
289
178
417
199
862
292
553
642
917
834
454
943
751
856
795
296
301
120
794
672
337
101
738
61
705
645
815
886
811
675
232
42
778
647
835
592
211
64
365
189
153
610
855
881
224
948
321
481
869
800
62
88
395
657
302
329
925
194
978
734
975
171
796