973
4 7 57 85 75 18 87 46 3 86 32 20 73 63 0 76 29 40 92 98 9 72 26 96 66 50 23 54 82 14 24 22 38 49 71 79 12 74 95 27 21 25 36 94 55 2 15 99 81
114
438
110
899 817 875 861 882 825 840 871 809 806 848 829 852 822 820 874 889 846 837 849 854 894 804 836 824 858 890 872 851 887 841 805 818 844 888 813 883 868 816 839 884 828 877 826 845 891 898 803 892 830 866 878 885 896 880 823 853 897
873
949 911 941 931 903 985 901 961 902 962 939 908 919 918 988 955 940 965 964 944 996 938 912 921 930 971 920 924 942 906 934 952 984 989 986 936 982 929 960 958 913 959 972 950 956 926 974 995 967 968 983 927 981 979
288 235 208 299 250 253 266 221 291 209 275 282 230 246 227 258 205 272 222 277 293 207 210 217 218 256 249 280 283 237 274 219 236 242 204 278 261 298 229 255 285 245 200 252 203 281 238 262 216 284 225
149
746
145 161 167 127 165 173 106 126 142 155 119 125 141 112 115 148 131 104 144 174 147 183 124 160 140 195 134 157 185 116 133 150 132 105 166 138 135 163 162 143 169 109 108 154
670
802
954
473 468 420 458 474 476 406 431 428 419 490 466 430 404 475 437 498 478 483 426 487 470 434 499 424 480 485 482 448 416 413 467 486 433 427 465 441 462 439 445 403 494 489 405 401 491 452 414 457 479 415 456 460 425 464 442 459 435 422
593 594 517 506 518 579 547 521 588 570 505 569 545 514 530 571 543 599 591 508 529 578 590 585 537 586 512 563 577 516 554 557 559 580 520 533 573 596 560 566 511 536 531 510 509 595 584 546 550 549 556 534 574 540 525 544 542 589 582 532
8
367 312 369 339 370 353 307 396 359 350 338 392 326 398 389 336 393 375 346 332 360 330 323 391 388 345 381 340 318 390 341 371 325 342 363 379 356 317 364 386 366 361 334 394 348 314 324 357 352 354 311 343 351 327
994
264
548
665
17
703
709
651
895
761 787 736 717 784 776 762 756 788 799 702 757 741 774 704 786 781 798 715 712 718 783 714 731 768 755 722 767 791 723 753 728 749 779 720 782 760 765 732 735 744 769 739 773 743 701 721 772 740
206
128
915
469
313
922
33
631 660 640 632 681 653 699 638 692 659 628 643 695 674 620 614 678 667 629 649 691 626 633 662 669 607 635 622 677 668 684 697 637 698 646 694 601 661 666 636 655 671 663 615 693 658
676
708
322
833
612
90
801
152
223
747
111
564
56
319
932
611
139
347
719
202
421
832
377
679
51
503
418
865
793
355
39
304
151
471
656
123
295
231
689
812
146
168
957
384
507
562
497
621
239
515
810
100
444
970
867
91
52
248
619
254
1
987
710
129
587
180
552
565
724
286
287
831
700
685
268
706
716
368
916
597
680
159
726
504
436
488
648
770
863
827
583
764
860
808
838
711
933
745
777
999
893
196
260
240
608
790
857
980
172
429
137
947
397
35
814
259
83
609
748
320
107
30
639
683
308
212
226
477
279
164
16
193
47
265
613
602
190
461
70
122
797
306
11
34
158
759
197
215
568
864
191
754
750
819
362
53
399
383
186
6
937
290
737
581
951
198
84
60
5
664
378
707
528
551
65
935
634
792
78
998
690
276
117
527
688
41
502
604
909
241
522
463
270
501
13
412
156
233
923
182
618
432
519
214
45
870
243
696
493
847
990
407
555
181
953
539
19
451
513
59
789
58
257
859
900
372
730
713
376
575
558
400
297
244
450
440
535
876
946
331
997
387
600
408
335
624
652
976
121
77
411
188
10
443
843
267
68
969
328
175
201
945
977
603
170
69
409
500
455
130
447
598
616
495
991
617
315
31
344
623
89
572
526
576
992
333
492
907
966
187
220
228
373
271
654
727
644
842
309
402
118
43
446
385
305
358
453
523
136
538
192
785
263
48
758
423
44
213
928
766
80
771
850
905
103
673
686
627
449
294
733
641
102
382
28
606
410
310
484
561
687
251
234
821
273
349
472
780
914
993
269
625
179
184
97
247
725
67
650
904
910
316
374
807
93
541
605
729
742
496
682
763
879
567
524
752
303
775
113
300
380
630
176
37
963
177
289
178
417
199
862
292
553
642
917
834
454
943
751
856
795
296
301
120
794
672
337
101
738
61
705
645
815
886
811
675
232
42
778
647
835
592
211
64
365
189
153
610
855
881
224
948
321
481
869
800
62
88
395
657
302
329
925
194
978
734
975
171
796