973
92 46 82 38 21 50 99 3 76 57 72 66 0 71 12 54 9 49 7 79 18 2 4 15 87 74 20 73 24 86 32 95 96 81 25 22 27 36 94 40 14 29 63 85 98 55 75 23 26
114
438
110
822 885 880 872 887 817 806 874 890 892 861 829 804 898 818 830 884 820 871 882 836 839 899 854 844 816 896 824 858 883 841 875 848 853 891 809 868 840 866 837 878 888 825 889 852 846 897 803 805 826 851 828 823 849 845 813 894 877
873
912 940 931 929 965 938 979 902 981 949 988 967 986 995 972 908 924 960 968 942 927 906 952 901 919 989 964 913 958 920 939 982 944 930 983 962 934 956 911 941 903 985 996 950 959 926 961 936 955 974 984 921 971 918
285 246 253 218 203 238 275 249 204 229 209 280 262 216 272 278 282 217 252 258 274 298 236 291 235 221 266 245 277 299 210 242 293 283 208 222 230 205 237 288 255 281 219 261 250 200 225 284 227 207 256
149
746
147 161 115 124 154 138 140 144 143 165 148 157 131 155 126 162 132 195 135 105 160 125 116 169 174 141 133 119 109 183 142 163 185 173 150 134 112 145 104 167 127 166 106 108
670
802
954
479 416 448 459 465 457 434 483 456 422 405 439 403 452 475 442 415 428 464 487 441 433 462 401 474 490 406 424 485 482 413 460 480 491 425 478 435 486 473 419 470 427 466 404 445 458 426 498 494 499 437 414 468 489 430 476 431 467 420
595 590 566 569 509 577 546 588 518 529 530 532 534 563 544 559 582 512 593 599 585 570 542 578 510 591 514 545 589 506 537 574 573 556 596 586 521 584 533 547 531 594 517 557 516 580 520 579 571 508 543 505 549 511 536 540 525 560 554 550
8
360 388 325 386 350 357 348 312 317 353 332 370 345 351 369 324 389 364 371 361 326 396 379 375 390 393 392 341 307 318 363 354 311 346 352 356 336 342 339 327 314 334 366 391 343 367 323 330 359 394 381 398 338 340
994
264
548
665
17
703
709
651
895
753 723 704 760 735 755 787 776 736 712 774 756 722 732 701 768 739 765 798 781 767 769 784 757 799 740 743 718 773 749 779 731 744 783 721 717 720 782 728 788 715 772 761 791 786 714 702 762
206
128
915
469
313
922
33
663 674 649 681 646 635 658 666 668 622 614 684 636 669 643 695 693 632 659 698 628 677 655 626 637 697 699 662 629 640 653 691 633 601 660 607 620 638 678 631 615 671 661 667 694 692
676
708
322
833
612
90
801
152
223
747
111
564
56
319
932
611
139
347
719
202
421
832
377
679
51
503
418
865
793
355
39
304
151
471
656
123
295
231
689
812
146
168
957
384
507
562
497
621
239
515
810
100
444
970
867
91
52
248
619
254
1
987
710
129
587
180
552
565
724
286
287
831
700
685
268
706
716
368
916
597
680
159
726
504
436
488
648
770
863
827
583
764
860
808
838
711
933
745
777
999
893
196
260
240
608
790
857
980
172
429
137
947
397
35
814
259
83
609
748
320
107
30
639
683
308
212
226
477
279
164
16
193
47
265
613
602
190
461
70
122
797
306
11
34
158
759
197
215
568
864
191
754
750
819
362
53
399
383
186
6
937
290
737
581
951
198
84
60
5
664
378
707
528
551
65
935
634
792
78
998
690
276
117
527
688
41
502
604
909
241
522
463
270
501
13
412
156
233
923
182
618
432
519
214
45
870
243
696
493
847
990
407
555
181
953
539
19
451
513
59
789
58
257
859
900
372
730
713
376
575
558
400
297
244
450
440
535
876
946
331
997
387
600
408
335
624
652
976
121
77
411
188
10
443
843
267
68
969
328
175
201
945
977
603
170
69
409
500
455
130
447
598
616
495
991
741
617
315
31
344
623
89
572
526
576
992
333
492
907
966
187
220
228
373
271
654
727
644
842
309
402
118
43
446
385
305
358
453
523
136
538
192
785
263
48
758
423
44
213
928
766
80
771
850
905
103
673
686
627
449
294
733
641
102
382
28
606
410
310
484
561
687
251
234
821
273
349
472
780
914
993
269
625
179
184
97
247
725
67
650
904
910
316
374
807
93
541
605
729
742
496
682
763
879
567
524
752
303
775
113
300
380
630
176
37
963
177
289
178
417
199
862
292
553
642
917
834
454
943
751
856
795
296
301
120
794
672
337
101
738
61
705
645
815
886
811
675
232
42
778
647
835
592
211
64
365
189
153
610
855
881
224
948
321
481
869
800
62
88
395
657
302
329
925
194
978
734
975
171
796