973
29 87 74 0 86 7 63 55 18 2 32 85 54 73 40 25 76 38 27 96 82 95 81 75 24 99 4 79 9 98 50 49 21 72 94 23 20 14 26 71 46 66 22 92 15 57 3 36 12
114
438
110
878 846 899 889 836 887 816 853 888 803 818 844 877 804 875 822 820 866 892 868 824 851 830 883 871 826 874 828 839 849 894 884 823 872 898 829 891 841 858 845 880 817 896 854 852 885 890 825 806 897 848 837 813 805 861 809 882
873
934 921 981 924 984 918 995 968 942 952 985 919 955 989 903 982 964 913 974 967 931 929 941 939 962 986 920 901 996 972 912 961 965 908 930 988 958 979 956 983 936 911 938 940 971 902 960 949 959 944 926 950 927 906
207 217 229 282 293 284 274 219 245 205 209 221 204 218 236 253 283 280 262 256 203 275 298 250 227 285 230 258 249 200 216 210 242 246 299 237 266 255 252 278 222 281 291 261 277 208 235 225 238 288 272
149
746
185 157 143 108 173 119 161 165 166 195 127 104 167 174 144 148 105 125 150 131 160 142 145 154 132 133 115 109 126 183 141 138 163 147 162 124 116 140 134 112 135 106 155 169
670
802
954
494 452 406 464 442 420 468 422 486 414 439 401 491 403 487 430 416 415 476 404 441 433 479 413 475 459 482 434 485 437 426 457 465 478 489 424 474 460 435 462 445 480 498 473 458 470 490 405 419 483 448 425 428 427 499 431 467 466 456
584 573 599 586 554 547 536 534 595 514 512 570 532 529 559 580 544 533 566 508 545 537 560 516 549 546 571 591 520 511 530 557 588 577 593 578 589 521 569 579 596 563 510 556 518 585 550 590 525 574 505 543 594 509 531 582 517 542 540 506
8
392 330 323 354 381 353 360 364 352 390 325 343 326 340 332 371 366 356 389 391 338 339 317 324 327 363 393 367 314 312 336 307 361 345 359 379 351 346 350 311 398 357 375 386 341 334 369 342 396 318 370 388 394 348
994
264
548
665
17
703
709
651
895
749 776 723 731 784 712 720 788 787 717 755 798 735 768 761 774 740 715 767 769 782 736 765 757 786 722 743 702 791 773 739 721 781 783 704 762 718 701 799 732 714 744 756 728 779 772 760 753
206
128
915
469
313
922
33
636 669 663 646 615 637 614 684 694 635 628 626 643 622 668 655 638 659 631 699 633 640 677 693 601 691 678 632 698 671 692 666 649 681 629 695 607 620 662 661 667 674 660 653 658 697
676
708
322
833
612
90
801
152
223
747
111
564
56
319
932
611
139
347
719
202
421
832
377
679
51
503
418
865
793
355
39
304
151
471
656
123
295
231
689
812
146
168
957
384
507
562
497
621
239
515
810
100
444
970
867
91
52
248
619
254
1
987
710
129
587
180
552
565
724
286
287
831
700
685
268
706
716
368
916
597
680
159
726
504
436
488
648
770
863
827
583
764
860
808
838
711
933
745
777
999
893
196
260
240
608
790
857
980
172
429
137
947
397
35
814
259
83
609
748
320
107
30
639
683
308
212
226
477
279
164
16
193
47
265
613
602
190
461
70
122
797
306
11
34
158
759
197
215
568
864
191
754
750
819
362
53
399
383
186
6
937
290
737
581
951
198
84
60
5
664
378
707
528
551
65
935
634
792
78
998
690
276
117
527
688
41
502
604
909
241
522
463
270
501
13
412
156
233
923
182
618
432
519
214
45
870
243
696
493
847
990
407
555
181
953
539
19
451
513
59
789
58
257
859
900
372
730
840
713
376
575
558
400
297
244
450
440
535
876
946
331
997
387
600
408
335
624
652
976
121
77
411
188
10
443
843
267
68
969
328
175
201
945
977
603
170
69
409
500
455
130
447
598
616
495
991
741
617
315
31
344
623
89
572
526
576
992
333
492
907
966
187
220
228
373
271
654
727
644
842
309
402
118
43
446
385
305
358
453
523
136
538
192
785
263
48
758
423
44
213
928
766
80
771
850
905
103
673
686
627
449
294
733
641
102
382
28
606
410
310
484
561
687
251
234
821
273
349
472
780
914
993
269
625
179
184
97
247
725
67
650
904
910
316
374
807
93
541
605
729
742
496
682
763
879
567
524
752
303
775
113
300
380
630
176
37
963
177
289
178
417
199
862
292
553
642
917
834
454
943
751
856
795
296
301
120
794
672
337
101
738
61
705
645
815
886
811
675
232
42
778
647
835
592
211
64
365
189
153
610
855
881
224
948
321
481
869
800
62
88
395
657
302
329
925
194
978
734
975
171
796