973
9 55 98 7 76 46 73 94 36 15 50 57 29 63 38 96 3 18 23 32 2 74 99 4 54 82 92 0 71 26 49 22 75 14 12 87 24 81 25 72 40 66 79 95 20 21 85 27 86
114
438
110
818 851 882 866 852 844 837 861 889 891 854 875 858 825 805 896 874 853 841 846 872 878 887 894 883 898 877 813 826 830 899 820 888 845 871 803 824 868 839 897 806 885 817 884 849 823 836 880 822 809 829 804 828 816 892 890 848
873
979 913 985 988 901 968 941 942 950 931 974 906 996 934 981 903 952 995 939 960 955 908 924 982 949 926 961 986 964 911 912 944 930 958 902 962 921 918 919 989 938 967 971 972 983 940 929 965 927 984 959 956 920 936
298 205 275 278 200 282 236 225 218 207 217 283 274 281 258 219 266 256 277 249 285 246 272 209 245 252 288 204 261 222 229 210 208 230 280 237 255 242 284 221 291 227 253 203 299 293 216 235 250 238 262
149
746
163 185 174 125 124 131 106 109 167 166 112 132 155 104 183 138 169 195 115 147 134 148 141 173 116 144 161 162 135 165 127 140 154 119 108 160 157 150 143 145 105 126 142 133
670
802
954
439 426 430 499 428 476 401 406 427 462 480 478 473 422 467 405 475 456 482 458 415 491 441 465 403 414 487 442 474 437 486 468 498 459 464 494 466 431 416 425 404 448 433 479 457 483 445 489 490 434 424 485 470 452 413 420 419 435 460
577 559 594 557 547 569 543 530 508 509 533 532 599 566 536 534 514 505 590 511 529 517 591 560 573 589 520 584 578 542 506 579 574 586 588 563 545 549 537 546 512 550 521 531 540 596 525 556 510 571 582 570 554 516 544 518 580 593 595
8
357 334 353 312 330 326 324 396 370 359 375 398 351 342 338 381 352 392 388 307 341 390 356 394 350 317 343 389 371 379 318 369 391 367 366 360 340 327 336 323 361 346 348 364 325 314 393 386 354 311 345 339 332 363
994
264
548
665
17
703
709
651
895
765 757 760 717 767 774 784 739 755 714 704 768 773 702 799 772 782 762 756 744 776 753 735 718 732 723 701 728 712 743 761 715 787 721 781 788 791 786 749 731 722 798 736 783 779 720 769 740
206
128
915
469
313
922
33
640 643 693 659 615 671 601 620 633 674 658 636 655 635 678 660 691 695 661 632 607 629 663 698 668 622 626 614 694 662 667 697 666 628 638 649 669 653 692 637 699 646 681 631 677 684
676
708
322
833
612
90
801
152
223
747
111
564
56
319
932
611
139
347
719
202
421
832
377
679
51
503
418
865
793
355
39
304
151
471
656
123
295
231
689
812
146
168
957
384
507
562
497
621
239
515
810
100
444
970
867
91
52
248
619
254
1
987
585
710
129
587
180
552
565
724
286
287
831
700
685
268
706
716
368
916
597
680
159
726
504
436
488
648
770
863
827
583
764
860
808
838
711
933
745
777
999
893
196
260
240
608
790
857
980
172
429
137
947
397
35
814
259
83
609
748
320
107
30
639
683
308
212
226
477
279
164
16
193
47
265
613
602
190
461
70
122
797
306
11
34
158
759
197
215
568
864
191
754
750
819
362
53
399
383
186
6
937
290
737
581
951
198
84
60
5
664
378
707
528
551
65
935
634
792
78
998
690
276
117
527
688
41
502
604
909
241
522
463
270
501
13
412
156
233
923
182
618
432
519
214
45
870
243
696
493
847
990
407
555
181
953
539
19
451
513
59
789
58
257
859
900
372
730
840
713
376
575
558
400
297
244
450
440
535
876
946
331
997
387
600
408
335
624
652
976
121
77
411
188
10
443
843
267
68
969
328
175
201
945
977
603
170
69
409
500
455
130
447
598
616
495
991
741
617
315
31
344
623
89
572
526
576
992
333
492
907
966
187
220
228
373
271
654
727
644
842
309
402
118
43
446
385
305
358
453
523
136
538
192
785
263
48
758
423
44
213
928
766
80
771
850
905
103
673
686
627
449
294
733
641
102
382
28
606
410
310
484
561
687
251
234
821
273
349
472
780
914
993
269
625
179
184
97
247
725
67
650
904
910
316
374
807
93
541
605
729
742
496
682
763
879
567
524
752
303
775
113
300
380
630
176
37
963
177
289
178
417
199
862
292
553
642
917
834
454
943
751
856
795
296
301
120
794
672
337
101
738
61
705
645
815
886
811
675
232
42
778
647
835
592
211
64
365
189
153
610
855
881
224
948
321
481
869
800
62
88
395
657
302
329
925
194
978
734
975
171
796