902 955 991 977 947 990 937 983 974 915 920 976 905 946 938 907 930 953 954 961 909 973 963 958 943 942 931 934 967 904 982 940 984 987 913 928 997 971 906 960 968 919 917 979 945 916 950 941 998 965 939 921 929 989 994 944 932 927 911 926 970 925 980 995 910 949 985 966 959 936 914 972 918 988 992 912 978 956 952 923 951 964 986 922 975 924 999 993 901 935 996 981 962 908 903 969
4 23 42 87 51 91 65 41 11 95 17 90 14 85 61 49 92 29 99 57 36 52 56 31 22 20 86 68 28 80 18 6 19 12 77 39 37 35 79 94 38 84 96 81 82 60 10 27 89 98 43 66 45 74 13 55 25 97 53 72 71 62 9 24 48 64 8 59 26 69 2 78 54 33 58 46 76 44 50 16 67 75 47 32 15 73 34 7 3 30 40 21 63 83 0 88
100 148 183 154 191 176 197 146 128 140 160 172 104 102 131 162 175 115 135 105 188 185 130 136 108 123 187 196 122 177 163 106 139 167 171 193 125 194 173 110 120 165 114 142 178 133 198 157 192 174 179 182 181 195 145 129 138 111 121 127 156 109 147 119 186 132 180 170 116 124 190 152 117 169 184 141 164 199 134 137 166 143 118 107 155 168 149 161 103 153 113 112 126 144 150
488 472 423 465 438 422 459 430 403 484 431 409 425 452 457 449 420 460 429 446 476 483 416 440 456 408 406 477 415 482 473 448 461 436 413 441 404 499 432 411 485 490 454 464 493 474 427 498 468 458 467 434 451 412 407 439 443 496 428 470 447 450 426 492 437 469 444 402 494 479 471 401 481 462 489 424 480 475 410 478 442 463 487 433 445 453 486 466 491 417 435 495 414 405 419 455 497
858 890 807 838 820 870 834 808 855 878 887 886 800 884 822 835 823 875 864 821 882 896 863 866 804 848 857 893 877 826 813 873 825 814 892 818 842 895 883 830 871 811 853 862 847 829 869 881 868 889 860 815 898 809 897 806 861 854 824 850 894 845 805 865 839 867 832 851 899 836 816 817 876 846 828 840 827 812 880 843 852 888 833 803 879 859 819 831 885 849 872 837 891 841 844 874 810
230 219 214 292 240 229 222 232 286 228 275 258 221 283 213 295 211 269 266 290 210 239 238 289 216 272 217 246 285 202 277 294 264 268 259 208 220 218 265 242 215 299 273 253 296 293 250 288 261 280 263 270 297 243 298 248 291 247 282 207 236 281 204 206 249 237 241 203 279 274 245 235 251 231 276 200 226 234 278 267 284 252 224 212 262 223 209 244 227 287 257 255 225 205 233 256 254
705 776 780 794 707 750 756 793 709 748 781 782 777 718 744 788 761 778 799 741 717 762 712 746 703 745 783 737 786 710 752 716 753 723 779 769 708 759 720 701 758 765 721 785 766 771 729 714 731 760 770 796 725 795 754 768 702 757 764 732 751 724 787 743 749 738 715 773 735 784 755 772 791 747 798 797 763 736 767 728 742 790 733 792 734 711 774 719 730 739 704 775 722 713 740
652 628 666 681 661 644 662 680 604 602 647 692 694 651 603 641 645 627 695 638 611 612 674 613 675 683 622 606 690 635 677 669 633 643 670 691 698 679 686 636 688 660 648 632 667 693 640 654 614 624 663 629 657 653 618 650 697 616 685 608 646 637 625 601 684 617 671 682 634 676 626 673 687 668 607 639 699 658 649 696 689 664 655 656 665 672 642 678 605 620 609 659 621 631 630 615
802
549 531 541 522 543 564 560 568 561 590 542 503 573 565 554 534 579 588 552 546 547 528 532 584 566 544 538 575 581 569 537 540 580 589 591 567 599 505 553 586 555 562 535 593 545 595 501 577 520 551 533 508 513 510 570 585 557 507 563 578 558 536 574 518 504 539 516 512 583 521 515 556 523 530 582 511 529 559 517 524 587 519 598 576 597 596 506 514 502 526 509 594 527 571 525 550
397 359 366 328 308 339 347 383 367 330 346 321 378 337 306 312 322 317 386 335 349 351 326 329 300 332 371 302 311 353 391 387 385 358 399 305 396 327 318 319 362 388 363 395 357 373 375 393 344 355 350 389 314 352 345 340 310 338 369 372 370 313 336 307 398 331 356 379 361 364 341 315 382 333 390 394 325 368 377 324 354 342 323 384 320 392 360 348 343 334 304 376 381 365 380 309 303
548
801
421
418
151
957
619
1
700
706
159
726
933
260
70
158
5
789
900
400
600
201
500
623
572
271
727
316
374
93
856
301
101
592
189
610
948