973
3 85 55 27 40 57 94 50 79 14 2 96 9 76 66 87 26 98 24 12 82 54 18 92 0 25 81 72 32 71 4 46 21 7 38 63 23 99 49 15 22 75 29 36 74 73 86 20 95
114
438
110
888 820 878 836 846 899 874 829 853 817 813 861 806 837 882 858 826 891 816 805 849 804 868 848 894 890 822 875 896 897 851 883 872 885 809 892 854 845 830 877 828 818 889 852 824 825 898 803 839 880 823 871 866 887 844 884
873
903 967 911 989 930 918 996 940 995 901 981 929 941 931 908 979 902 942 955 956 984 913 924 985 936 982 912 950 934 959 921 920 965 961 944 971 939 974 958 964 988 986 960 968 949 926 927 906 919 952 983 962 972 938
207 216 299 203 261 293 238 275 262 225 230 280 209 255 298 249 245 229 272 278 277 282 210 281 266 200 288 256 204 253 222 237 274 246 227 291 205 221 284 242 217 258 283 252 236 218 250 235 208 219 285
149
746
141 160 109 126 148 131 132 162 167 124 106 133 144 185 145 112 173 161 195 155 125 163 127 154 105 108 166 169 119 165 140 116 104 150 183 115 135 142 174 157 147 134 138 143
670
802
954
460 435 483 419 437 465 439 405 476 430 448 458 413 415 494 459 464 424 420 473 498 487 499 427 478 467 422 452 416 404 468 490 470 425 433 403 442 474 406 466 482 441 457 431 401 485 426 456 489 480 428 445 486 491 475 479 414 462 434
573 543 520 521 556 599 506 580 549 596 546 540 505 531 574 518 530 578 579 511 560 570 542 566 529 595 588 534 544 563 532 517 509 557 536 554 550 590 537 582 516 569 589 525 577 533 512 559 584 594 510 547 591 545 593 514 508 586 571
8
351 398 330 343 389 392 326 388 381 396 364 394 391 359 360 312 361 393 353 307 314 352 356 339 342 357 350 375 338 367 390 332 370 379 311 323 371 324 334 327 345 325 386 318 340 317 363 354 346 366 348 336 341 369
994
264
548
665
17
703
709
651
895
776 761 702 798 762 784 760 768 774 753 740 728 714 720 772 723 782 743 765 736 731 767 788 755 701 732 781 715 773 783 735 779 721 739 756 791 718 787 717 704 799 769 722 744 712 786 757 749
206
128
915
469
313
922
33
626 646 633 671 678 614 667 640 661 691 607 699 658 622 692 666 697 628 669 677 631 674 694 649 637 636 660 695 629 698 601 632 638 668 620 655 662 681 615 659 693 663 684 643 653 635
676
708
322
833
612
90
801
152
223
747
111
564
56
319
932
611
139
347
719
202
421
832
377
679
51
503
418
865
793
355
39
304
151
471
656
123
295
231
689
812
146
168
957
384
507
562
497
621
239
515
810
100
444
970
867
91
52
248
619
254
1
987
585
710
129
587
180
552
565
724
286
287
831
700
685
268
706
716
368
916
597
680
159
726
504
436
488
648
770
863
827
583
764
860
808
838
711
933
745
777
999
893
196
260
240
608
790
857
980
172
429
137
947
397
35
814
259
83
609
748
320
107
30
639
683
308
212
226
477
279
164
16
193
47
265
613
602
190
461
70
122
797
306
11
34
158
759
197
215
568
864
191
754
750
819
362
53
399
383
186
6
937
290
737
581
951
198
84
60
5
664
378
707
528
551
65
935
634
792
78
998
690
276
117
527
688
841
41
502
604
909
241
522
463
270
501
13
412
156
233
923
182
618
432
519
214
45
870
243
696
493
847
990
407
555
181
953
539
19
451
513
59
789
58
257
859
900
372
730
840
713
376
575
558
400
297
244
450
440
535
876
946
331
997
387
600
408
335
624
652
976
121
77
411
188
10
443
843
267
68
969
328
175
201
945
977
603
170
69
409
500
455
130
447
598
616
495
991
741
617
315
31
344
623
89
572
526
576
992
333
492
907
966
187
220
228
373
271
654
727
644
842
309
402
118
43
446
385
305
358
453
523
136
538
192
785
263
48
758
423
44
213
928
766
80
771
850
905
103
673
686
627
449
294
733
641
102
382
28
606
410
310
484
561
687
251
234
821
273
349
472
780
914
993
269
625
179
184
97
247
725
67
650
904
910
316
374
807
93
541
605
729
742
496
682
763
879
567
524
752
303
775
113
300
380
630
176
37
963
177
289
178
417
199
862
292
553
642
917
834
454
943
751
856
795
296
301
120
794
672
337
101
738
61
705
645
815
886
811
675
232
42
778
647
835
592
211
64
365
189
153
610
855
881
224
948
321
481
869
800
62
88
395
657
302
329
925
194
978
734
975
171
796