973
18 22 98 73 79 49 2 75 32 95 99 55 40 12 7 82 63 76 96 15 36 9 21 81 0 74 57 26 3 4 85 29 50 27 94 92 54 87 38 72 20 23 24 46 71 66 25 14 86
114
438
110
899 824 880 884 822 896 858 854 861 804 852 839 892 889 882 845 890 813 872 849 836 820 829 897 837 874 885 887 806 871 891 823 844 828 894 875 848 817 888 878 868 877 826 851 866 853 805 809 816 883 818 803 846 825 898 830
873
941 938 982 944 962 952 942 903 996 950 921 985 911 939 908 902 913 995 924 989 959 906 956 934 971 912 983 964 979 930 974 920 967 958 929 984 955 919 931 981 960 901 926 986 961 988 940 936 918 972 968 965 949 927
284 236 242 272 210 258 250 207 225 222 278 283 256 217 252 216 288 229 285 245 277 221 275 253 203 204 237 249 281 255 219 227 238 280 298 282 246 235 266 299 262 230 291 293 200 274 208 261 218 205
149
746
174 143 160 116 173 150 115 112 148 127 132 126 165 166 141 147 106 109 125 140 131 167 133 104 105 169 124 142 154 162 163 135 134 195 145 161 119 155 183 157 108 185 138 144
670
802
954
452 404 405 439 498 462 425 466 428 433 486 401 476 464 474 494 414 467 415 490 442 480 413 468 427 437 482 403 422 420 448 479 459 430 487 499 457 416 465 434 431 426 473 489 445 424 458 406 441 435 491 456 475 485 460 470 478 419 483
550 511 512 505 596 566 525 542 571 549 516 536 540 521 546 508 573 506 514 559 533 543 578 532 560 554 518 509 595 537 579 510 557 590 582 591 589 588 544 593 520 594 517 556 577 599 545 569 534 547 530 586 570 584 529 563 531 574 580
8
396 388 370 379 324 361 356 391 332 363 364 359 341 354 351 357 353 311 389 323 346 340 327 348 318 375 342 312 343 330 339 381 366 398 336 386 345 317 371 392 360 390 314 334 350 326 352 394 369 307 338 367 325 393
994
264
548
665
17
703
709
651
895
717 761 774 772 786 735 740 731 702 756 765 769 799 776 749 728 722 753 791 744 721 755 712 782 732 781 788 704 784 760 701 762 779 743 715 736 718 739 787 757 783 767 768 714 773 723 798 720
206
128
915
469
313
922
33
699 601 631 661 628 632 658 655 693 698 635 697 684 660 678 671 637 668 677 695 614 659 646 667 669 640 674 626 691 615 663 643 636 633 607 620 662 692 681 666 629 638 649 622 653 694
676
708
322
833
612
90
801
152
223
747
111
564
56
319
932
611
139
347
719
202
421
832
377
679
51
503
418
865
793
355
39
304
151
471
656
123
295
231
689
812
146
168
957
384
507
562
497
621
239
515
810
100
444
970
867
91
52
248
619
254
1
987
585
710
129
587
180
552
565
724
286
287
831
700
685
268
706
716
368
916
597
680
159
726
504
436
488
648
770
863
827
583
764
860
808
838
711
933
745
777
999
893
196
260
240
608
790
857
980
172
429
137
947
397
35
814
259
83
609
748
320
107
30
639
683
308
212
226
477
279
164
16
193
47
265
613
602
190
461
70
122
797
306
11
209
34
158
759
197
215
568
864
191
754
750
819
362
53
399
383
186
6
937
290
737
581
951
198
84
60
5
664
378
707
528
551
65
935
634
792
78
998
690
276
117
527
688
841
41
502
604
909
241
522
463
270
501
13
412
156
233
923
182
618
432
519
214
45
870
243
696
493
847
990
407
555
181
953
539
19
451
513
59
789
58
257
859
900
372
730
840
713
376
575
558
400
297
244
450
440
535
876
946
331
997
387
600
408
335
624
652
976
121
77
411
188
10
443
843
267
68
969
328
175
201
945
977
603
170
69
409
500
455
130
447
598
616
495
991
741
617
315
31
344
623
89
572
526
576
992
333
492
907
966
187
220
228
373
271
654
727
644
842
309
402
118
43
446
385
305
358
453
523
136
538
192
785
263
48
758
423
44
213
928
766
80
771
850
905
103
673
686
627
449
294
733
641
102
382
28
606
410
310
484
561
687
251
234
821
273
349
472
780
914
993
269
625
179
184
97
247
725
67
650
904
910
316
374
807
93
541
605
729
742
496
682
763
879
567
524
752
303
775
113
300
380
630
176
37
963
177
289
178
417
199
862
292
553
642
917
834
454
943
751
856
795
296
301
120
794
672
337
101
738
61
705
645
815
886
811
675
232
42
778
647
835
592
211
64
365
189
153
610
855
881
224
948
321
481
869
800
62
88
395
657
302
329
925
194
978
734
975
171
796