973
3 4 57 36 9 40 71 74 15 20 95 96 75 49 7 87 98 63 0 92 72 2 32 66 22 55 85 27 21 82 73 25 81 29 99 76 86 26 24 23 79 12 50 46 38 18 54 14
114
438
110
887 871 829 894 839 817 889 844 891 898 836 897 816 858 805 825 885 852 837 882 880 877 868 854 888 899 803 823 890 872 874 804 826 806 845 892 883 828 849 848 851 853 820 824 861 846 866 830 818 896 813 884 878 822 809 875
873
995 989 984 919 920 944 927 956 921 985 929 941 972 912 931 936 950 942 924 962 955 981 974 913 908 958 926 982 986 965 918 903 967 988 979 911 938 940 902 983 949 930 959 996 971 901 939 906 964 968 934 952 961 960
219 277 283 298 210 293 281 218 237 291 258 299 238 216 282 200 230 253 266 204 235 280 205 208 261 272 275 255 207 246 221 252 284 288 227 242 203 245 256 229 274 249 250 262 217 278 222 285 225 236
149
746
174 138 126 162 167 157 142 160 140 143 166 106 108 150 144 173 124 105 134 147 161 195 131 165 185 112 127 133 115 125 135 169 155 116 119 183 109 145 154 141 163 104 148 132
670
802
954
490 452 489 458 445 401 460 468 456 448 491 439 486 470 424 427 419 416 426 403 405 466 428 476 465 415 487 406 431 483 478 425 480 435 433 479 494 485 420 414 482 430 475 442 473 457 422 467 434 498 441 437 474 459 464 413 404 462 499
595 505 536 534 574 560 508 517 520 512 580 514 557 559 582 546 563 521 591 550 549 531 525 545 596 537 556 542 577 540 588 573 543 593 516 599 529 571 578 569 506 532 509 533 554 586 530 547 518 579 584 589 510 566 594 590 544 570 511
8
340 341 324 332 396 357 398 370 359 381 348 327 353 394 318 330 360 375 314 356 390 367 379 336 351 366 393 361 339 345 392 312 352 325 389 364 342 350 391 371 363 317 388 343 354 323 326 346 386 311 338 307 369 334
994
264
548
665
17
703
709
651
895
721 739 791 761 720 799 769 743 735 786 718 768 772 712 776 779 722 798 782 765 732 731 762 755 717 704 784 788 767 781 757 740 774 760 715 714 773 749 744 702 753 723 736 701 787 783 756 728
206
128
915
469
313
922
33
637 607 655 684 646 649 653 663 667 668 677 615 699 638 631 643 632 661 698 614 636 659 674 666 640 620 693 635 658 660 622 633 692 671 669 691 601 626 662 681 678 629 628 695 694 697
676
708
322
833
612
90
801
152
223
747
111
564
56
319
932
611
139
347
719
202
421
832
377
679
51
503
418
865
793
355
39
304
151
471
656
123
295
231
689
812
146
168
957
384
507
562
497
621
239
515
810
100
444
970
867
91
52
248
619
254
1
987
585
710
129
587
180
552
565
724
286
287
831
700
685
268
706
716
368
916
597
680
159
726
504
436
488
648
770
863
827
583
764
860
808
838
711
933
745
777
999
893
196
260
240
608
790
857
980
172
429
137
947
397
35
814
259
83
609
748
320
107
30
639
683
308
212
226
477
279
164
16
193
47
265
613
602
190
461
70
122
797
306
11
209
34
158
759
197
215
568
864
191
754
750
819
362
53
399
383
186
6
937
290
737
581
951
198
84
60
5
664
378
707
528
551
65
935
634
792
78
998
690
276
117
527
688
841
41
502
604
909
241
522
463
270
501
13
412
156
233
923
182
618
432
519
214
45
870
243
696
493
847
990
407
555
181
953
539
19
451
513
59
789
58
257
859
900
372
730
840
713
376
575
558
400
297
244
450
440
535
876
946
331
997
387
600
408
335
624
652
94
976
121
77
411
188
10
443
843
267
68
969
328
175
201
945
977
603
170
69
409
500
455
130
447
598
616
495
991
741
617
315
31
344
623
89
572
526
576
992
333
492
907
966
187
220
228
373
271
654
727
644
842
309
402
118
43
446
385
305
358
453
523
136
538
192
785
263
48
758
423
44
213
928
766
80
771
850
905
103
673
686
627
449
294
733
641
102
382
28
606
410
310
484
561
687
251
234
821
273
349
472
780
914
993
269
625
179
184
97
247
725
67
650
904
910
316
374
807
93
541
605
729
742
496
682
763
879
567
524
752
303
775
113
300
380
630
176
37
963
177
289
178
417
199
862
292
553
642
917
834
454
943
751
856
795
296
301
120
794
672
337
101
738
61
705
645
815
886
811
675
232
42
778
647
835
592
211
64
365
189
153
610
855
881
224
948
321
481
869
800
62
88
395
657
302
329
925
194
978
734
975
171
796