973
4 79 81 95 85 7 25 76 57 18 55 29 2 9 40 74 50 82 14 36 38 99 46 98 32 86 21 71 24 54 23 87 72 27 12 73 63 22 75 92 15 20 0 3 26 49 96 66
114
438
110
854 888 839 805 816 889 866 868 849 878 809 803 818 846 828 829 894 813 885 836 892 822 824 848 874 806 877 872 804 891 837 817 861 884 826 887 825 880 852 820 883 830 844 875 882 871 853 898 845 823 858 851 896 890 899 897
873
941 985 962 921 918 965 944 971 982 930 919 968 903 986 940 964 920 981 913 979 938 960 961 995 989 972 955 974 958 908 983 950 911 931 988 942 936 959 906 956 949 934 939 924 952 927 996 926 912 902 984 929 967 901
208 291 293 283 255 285 205 246 203 280 277 258 242 207 227 218 299 262 229 298 275 236 281 266 210 222 200 235 250 216 219 225 288 261 204 245 278 272 256 249 274 238 253 221 237 282 284 217 252
149
746
185 150 112 165 127 145 166 148 104 155 125 143 115 169 131 195 138 167 144 154 106 142 116 109 141 162 183 160 126 173 135 174 105 134 140 133 161 108 119 132 124 157 163 147
670
802
954
448 490 498 437 482 464 452 459 427 478 422 479 404 433 420 499 489 415 473 467 460 476 434 442 419 468 480 426 424 491 405 475 430 406 403 474 439 441 457 413 470 435 414 466 465 486 425 458 462 483 445 487 401 431 416 456 494 485 428
578 547 556 571 595 586 591 569 512 531 588 540 590 510 566 563 508 577 599 580 543 525 546 550 557 582 517 537 574 505 536 518 589 594 509 573 532 545 514 533 560 584 570 511 520 579 534 596 542 554 530 529 559 593 549 544 521 506 516
8
342 317 336 364 327 326 346 348 341 323 338 332 386 345 375 394 369 314 363 356 352 398 393 318 391 366 343 360 390 339 379 330 307 371 381 325 367 357 354 312 351 324 396 350 359 334 361 370 340 392 389 388 311 353
994
264
548
665
17
703
709
651
895
720 712 779 715 756 769 784 718 739 743 736 760 744 755 774 717 749 772 781 782 762 791 735 702 731 776 753 704 787 721 767 773 788 701 786 768 740 722 761 765 799 783 728 714 723 798 732 757
206
128
915
469
313
922
33
692 698 626 668 669 636 666 615 671 601 640 646 637 659 674 643 663 697 667 677 662 661 658 632 684 653 681 629 649 655 660 693 695 614 691 607 628 635 638 699 620 622 633 694 631 678
676
708
322
833
612
90
801
152
223
747
111
564
56
230
319
932
611
139
347
719
202
421
832
377
679
51
503
418
865
793
355
39
304
151
471
656
123
295
231
689
812
146
168
957
384
507
562
497
621
239
515
810
100
444
970
867
91
52
248
619
254
1
987
585
710
129
587
180
552
565
724
286
287
831
700
685
268
706
716
368
916
597
680
159
726
504
436
488
648
770
863
827
583
764
860
808
838
711
933
745
777
999
893
196
260
240
608
790
857
980
172
429
137
947
397
35
814
259
83
609
748
320
107
30
639
683
308
212
226
477
279
164
16
193
47
265
613
602
190
461
70
122
797
306
11
209
34
158
759
197
215
568
864
191
754
750
819
362
53
399
383
186
6
937
290
737
581
951
198
84
60
5
664
378
707
528
551
65
935
634
792
78
998
690
276
117
527
688
841
41
502
604
909
241
522
463
270
501
13
412
156
233
923
182
618
432
519
214
45
870
243
696
493
847
990
407
555
181
953
539
19
451
513
59
789
58
257
859
900
372
730
840
713
376
575
558
400
297
244
450
440
535
876
946
331
997
387
600
408
335
624
652
94
976
121
77
411
188
10
443
843
267
68
969
328
175
201
945
977
603
170
69
409
500
455
130
447
598
616
495
991
741
617
315
31
344
623
89
572
526
576
992
333
492
907
966
187
220
228
373
271
654
727
644
842
309
402
118
43
446
385
305
358
453
523
136
538
192
785
263
48
758
423
44
213
928
766
80
771
850
905
103
673
686
627
449
294
733
641
102
382
28
606
410
310
484
561
687
251
234
821
273
349
472
780
914
993
269
625
179
184
97
247
725
67
650
904
910
316
374
807
93
541
605
729
742
496
682
763
879
567
524
752
303
775
113
300
380
630
176
37
963
177
289
178
417
199
862
292
553
642
917
834
454
943
751
856
795
296
301
120
794
672
337
101
738
61
705
645
815
886
811
675
232
42
778
647
835
592
211
64
365
189
153
610
855
881
224
948
321
481
869
800
62
88
395
657
302
329
925
194
978
734
975
171
796