973
26 0 85 24 75 40 98 55 49 92 15 95 81 14 66 50 38 54 32 96 72 4 18 46 63 73 36 82 99 27 79 7 9 71 2 25 22 29 3 21 76 57 86 87 20 74 12
114
438
110
824 872 854 883 858 887 889 871 853 825 890 844 897 826 817 813 806 849 848 861 866 804 829 898 894 818 877 839 836 892 885 880 896 899 874 816 823 822 878 828 837 805 882 868 875 830 809 852 891 888 851 884 803 845 820 846
873
983 931 934 971 942 982 952 967 979 930 995 902 927 956 984 921 919 912 918 955 908 936 924 961 960 920 958 911 996 940 901 968 986 913 964 950 965 989 972 929 988 944 974 949 962 959 939 926 906 981 985 938 903 941
284 229 285 278 238 242 219 237 253 266 250 274 221 291 252 217 203 293 272 275 218 283 245 256 207 249 255 288 216 280 281 235 227 208 261 262 236 298 258 222 277 200 205 225 246 282 204 299 210
149
746
108 109 124 155 104 116 135 131 145 148 160 157 169 174 195 166 150 154 183 163 106 134 119 162 165 127 185 115 147 161 112 132 167 138 142 105 141 144 143 126 173 140 125 133
670
802
954
460 478 456 482 467 466 458 498 480 404 401 439 422 403 479 489 416 459 462 457 414 441 424 464 452 435 419 434 420 406 474 486 426 428 487 433 413 431 430 468 499 465 483 445 437 475 425 473 491 494 490 442 448 427 485 476 405 415 470
545 511 560 586 531 596 573 554 508 591 590 563 547 520 584 533 580 578 509 518 521 542 536 510 532 506 593 546 544 574 557 588 579 559 549 534 570 556 516 599 569 514 537 525 566 512 543 595 530 577 571 589 540 529 505 594 582 517 550
8
354 330 357 361 334 323 369 391 367 356 379 353 363 392 307 390 340 364 326 346 360 342 351 371 396 359 339 317 341 393 336 386 324 394 327 389 398 311 345 325 348 352 338 318 375 332 388 350 370 314 381 343 312 366
994
264
548
665
17
703
709
651
895
783 744 723 762 756 714 753 736 743 757 782 788 740 761 773 776 704 786 731 755 702 779 799 767 760 732 787 722 768 728 720 749 798 784 721 772 715 781 735 774 717 739 712 765 718 769 701 791
206
128
915
469
313
922
33
635 640 668 695 633 626 614 615 671 662 601 674 666 669 620 658 691 659 660 636 699 684 681 622 655 667 653 697 698 693 663 643 678 677 661 628 646 631 694 632 637 638 607 649 629 692
676
708
322
833
612
90
801
152
223
747
111
564
56
230
319
932
611
139
347
719
202
421
832
377
679
51
503
418
865
793
355
39
304
151
471
656
123
295
231
689
812
146
168
957
384
507
562
497
621
239
515
810
100
444
970
867
91
52
248
619
254
1
987
585
710
129
587
180
552
565
724
286
287
831
700
685
268
706
716
368
916
597
680
159
726
504
436
488
648
770
863
827
583
764
860
808
838
711
933
745
777
999
893
196
260
240
608
790
857
980
172
429
137
947
397
35
814
259
83
609
748
320
107
30
639
683
308
212
226
477
279
164
16
193
47
265
613
602
190
461
70
122
797
306
11
209
34
158
759
197
215
568
864
191
754
750
819
362
53
399
383
186
6
937
290
737
581
951
198
84
60
5
664
378
707
528
551
65
935
634
792
78
998
690
276
117
527
688
841
41
502
604
909
241
522
463
270
501
13
412
156
233
923
182
618
432
519
214
45
870
243
696
493
847
990
407
555
181
953
539
19
451
513
59
789
58
257
859
900
372
730
840
713
376
575
558
400
297
244
450
440
535
876
946
331
997
387
600
408
335
624
652
94
976
121
77
411
188
10
443
843
267
68
969
328
175
201
945
977
603
170
69
409
500
455
130
447
598
616
495
991
741
617
315
31
344
623
89
572
526
576
992
333
492
907
966
187
220
228
373
271
654
727
644
842
309
402
118
43
446
385
305
358
453
523
136
538
192
785
263
48
758
423
44
213
928
766
80
771
850
905
103
673
686
627
449
294
733
641
102
382
28
606
410
310
484
561
687
251
234
821
273
349
472
780
914
993
23
269
625
179
184
97
247
725
67
650
904
910
316
374
807
93
541
605
729
742
496
682
763
879
567
524
752
303
775
113
300
380
630
176
37
963
177
289
178
417
199
862
292
553
642
917
834
454
943
751
856
795
296
301
120
794
672
337
101
738
61
705
645
815
886
811
675
232
42
778
647
835
592
211
64
365
189
153
610
855
881
224
948
321
481
869
800
62
88
395
657
302
329
925
194
978
734
975
171
796