973
99 22 4 71 87 15 14 66 82 40 98 18 36 54 25 9 46 75 73 57 49 32 63 74 95 81 96 7 12 92 24 21 50 55 0 2 26 85 72 27 3 79 20 29 38 76
114
438
110
803 848 816 898 858 880 891 885 826 889 829 809 868 890 823 818 836 806 878 820 884 861 883 839 892 888 846 852 894 817 877 875 899 866 872 849 871 824 853 897 825 887 896 854 837 830 804 851 844 845 813 874 805 822 828 882
873
936 901 989 930 918 974 949 903 964 940 995 971 968 960 913 959 981 927 962 906 902 986 983 938 996 988 920 955 982 965 979 941 958 972 942 950 967 934 984 961 908 921 919 944 911 912 926 956 924 931 985 929 939 952
207 280 291 204 275 277 222 281 246 293 235 216 284 221 272 249 200 250 261 278 258 283 285 253 245 298 237 218 242 219 266 262 227 288 282 210 208 229 225 274 236 217 205 299 252 255 256 203 238
149
746
106 115 169 112 119 143 138 141 195 124 163 140 155 126 165 127 160 131 142 144 162 154 166 104 135 133 174 173 109 147 105 145 150 125 183 157 161 134 185 167 116 132 148 108
670
802
954
458 479 490 430 428 467 499 456 459 464 445 439 415 433 498 478 466 483 419 416 406 474 482 457 462 480 452 422 442 494 426 486 473 460 425 431 441 427 437 489 448 420 403 470 413 424 405 465 491 468 475 404 435 414 476 485 487 401 434
511 542 543 570 590 557 591 571 544 569 559 566 563 589 530 516 556 582 580 573 560 550 588 525 594 518 533 545 529 521 514 599 593 512 531 506 520 554 577 534 596 547 508 595 537 584 578 579 574 540 532 586 549 505 510 509 517 546 536
8
334 360 375 357 369 370 323 339 330 338 342 336 332 379 318 389 391 392 366 346 341 324 314 312 307 386 394 371 325 317 327 390 354 356 350 396 311 361 345 359 381 388 398 353 364 351 343 348 363 393 326 340 367 352
994
264
548
665
17
703
709
651
895
776 784 701 740 743 765 728 786 712 767 787 783 791 704 799 702 722 755 744 798 718 714 739 732 736 731 762 768 774 781 721 723 720 735 769 715 772 760 773 756 757 717 779 753 788 782 761 749
206
128
915
469
313
922
33
661 633 674 691 601 698 666 635 658 655 684 678 607 697 692 649 694 659 662 693 660 677 653 615 622 626 614 637 646 695 667 681 663 629 636 628 699 638 640 668 643 671 669 632 620 631
676
708
322
833
612
90
801
152
223
747
111
564
56
230
319
932
611
139
347
719
202
421
832
377
679
51
503
418
865
793
355
39
304
151
471
656
123
295
231
689
812
146
168
957
384
507
562
497
621
239
515
810
100
444
970
867
91
52
248
619
254
1
987
585
710
129
587
180
552
565
724
286
287
831
700
685
268
706
716
368
916
597
680
159
726
504
436
488
648
770
863
827
583
764
860
86
808
838
711
933
745
777
999
893
196
260
240
608
790
857
980
172
429
137
947
397
35
814
259
83
609
748
320
107
30
639
683
308
212
226
477
279
164
16
193
47
265
613
602
190
461
70
122
797
306
11
209
34
158
759
197
215
568
864
191
754
750
819
362
53
399
383
186
6
937
290
737
581
951
198
84
60
5
664
378
707
528
551
65
935
634
792
78
998
690
276
117
527
688
841
41
502
604
909
241
522
463
270
501
13
412
156
233
923
182
618
432
519
214
45
870
243
696
493
847
990
407
555
181
953
539
19
451
513
59
789
58
257
859
900
372
730
840
713
376
575
558
400
297
244
450
440
535
876
946
331
997
387
600
408
335
624
652
94
976
121
77
411
188
10
443
843
267
68
969
328
175
201
945
977
603
170
69
409
500
455
130
447
598
616
495
991
741
617
315
31
344
623
89
572
526
576
992
333
492
907
966
187
220
228
373
271
654
727
644
842
309
402
118
43
446
385
305
358
453
523
136
538
192
785
263
48
758
423
44
213
928
766
80
771
850
905
103
673
686
627
449
294
733
641
102
382
28
606
410
310
484
561
687
251
234
821
273
349
472
780
914
993
23
269
625
179
184
97
247
725
67
650
904
910
316
374
807
93
541
605
729
742
496
682
763
879
567
524
752
303
775
113
300
380
630
176
37
963
177
289
178
417
199
862
292
553
642
917
834
454
943
751
856
795
296
301
120
794
672
337
101
738
61
705
645
815
886
811
675
232
42
778
647
835
592
211
64
365
189
153
610
855
881
224
948
321
481
869
800
62
88
395
657
302
329
925
194
978
734
975
171
796