973
82 2 50 26 3 81 9 25 66 49 63 74 72 75 36 95 27 73 21 32 98 76 38 4 29 7 92 22 20 55 54 24 71 99 12 46 0 96 14 85 40 57 79 15 18 87
114
438
110
824 897 825 898 818 889 882 851 883 866 887 880 899 871 817 844 877 891 813 826 822 875 845 854 805 872 846 806 885 890 849 884 858 861 829 888 803 830 804 892 809 820 896 837 848 836 823 894 874 878 839 853 828 816 868 852
873
955 934 983 930 950 962 903 964 921 972 924 927 989 965 985 971 979 931 967 920 929 911 912 939 919 968 901 938 960 944 906 913 936 926 986 958 981 984 940 982 974 988 902 959 956 996 908 949 952 995 918 941 961
229 252 200 210 205 283 246 285 217 204 291 235 272 255 284 280 227 262 278 208 222 218 299 207 236 242 277 256 249 293 281 203 219 250 275 266 237 225 288 221 253 216 274 258 261 282 238 245 298
149
746
145 125 160 132 141 104 169 134 127 126 183 142 174 157 144 116 124 135 161 140 148 166 108 131 133 143 155 112 162 138 195 173 105 119 150 185 115 167 154 165 163 106 147 109
670
802
954
439 431 427 404 479 464 426 491 442 420 441 428 401 470 415 430 465 406 487 413 456 482 437 478 483 433 480 467 434 414 486 466 494 403 475 476 473 452 448 422 424 485 498 474 458 416 435 405 490 460 419 459 499 462 425 468 445 489 457
589 533 560 571 569 593 546 554 511 542 584 577 529 517 588 514 509 520 540 510 550 532 579 506 570 582 547 596 594 566 525 591 578 508 505 595 573 537 544 586 521 563 557 580 512 543 536 599 518 531 549 559 590 556 534 530 545 516 574
8
359 381 379 325 364 356 375 307 326 353 390 345 352 370 369 391 327 317 350 323 334 342 367 392 398 396 354 386 341 332 388 360 351 361 363 348 357 340 311 312 336 330 338 393 346 389 318 343 394 366 324 314 371 339
994
264
548
665
17
703
709
651
895
761 782 772 749 787 786 704 743 731 783 791 799 773 721 768 732 740 736 769 712 788 765 784 718 714 702 753 735 701 781 760 715 798 774 728 767 757 756 722 739 717 723 720 755 744 776 762 779
206
128
915
469
313
922
33
633 655 649 691 660 681 684 658 637 632 662 629 669 653 631 646 674 640 693 635 622 667 698 615 694 663 614 636 659 697 668 643 607 692 699 677 671 695 620 601 626 628 638 661 678 666
676
708
322
833
612
90
801
152
223
747
111
564
56
230
319
932
611
139
347
719
202
421
832
377
679
51
503
418
865
793
355
39
304
151
471
656
123
295
231
689
812
146
168
957
384
507
562
497
621
239
515
810
100
444
970
867
91
52
248
619
254
1
987
585
710
129
587
180
552
565
724
286
287
831
700
685
268
706
716
368
916
597
680
159
726
504
436
488
648
770
863
827
583
764
860
86
808
838
711
933
745
777
999
893
196
260
240
608
790
857
980
172
429
137
947
397
35
814
259
83
609
748
320
107
30
639
683
308
212
226
477
279
164
16
193
47
265
613
602
190
461
70
122
797
306
11
209
34
158
759
197
215
568
864
191
754
750
819
362
53
399
383
186
6
937
290
737
581
951
198
84
60
5
664
378
707
528
551
65
935
634
792
78
998
690
276
117
527
688
841
41
502
604
909
241
522
463
270
501
13
412
156
233
923
182
618
432
519
214
45
870
243
696
493
847
990
407
555
181
953
539
19
451
513
59
789
58
257
942
859
900
372
730
840
713
376
575
558
400
297
244
450
440
535
876
946
331
997
387
600
408
335
624
652
94
976
121
77
411
188
10
443
843
267
68
969
328
175
201
945
977
603
170
69
409
500
455
130
447
598
616
495
991
741
617
315
31
344
623
89
572
526
576
992
333
492
907
966
187
220
228
373
271
654
727
644
842
309
402
118
43
446
385
305
358
453
523
136
538
192
785
263
48
758
423
44
213
928
766
80
771
850
905
103
673
686
627
449
294
733
641
102
382
28
606
410
310
484
561
687
251
234
821
273
349
472
780
914
993
23
269
625
179
184
97
247
725
67
650
904
910
316
374
807
93
541
605
729
742
496
682
763
879
567
524
752
303
775
113
300
380
630
176
37
963
177
289
178
417
199
862
292
553
642
917
834
454
943
751
856
795
296
301
120
794
672
337
101
738
61
705
645
815
886
811
675
232
42
778
647
835
592
211
64
365
189
153
610
855
881
224
948
321
481
869
800
62
88
395
657
302
329
925
194
978
734
975
171
796