973
14 92 54 63 22 36 40 4 3 7 24 29 66 21 76 85 9 75 49 55 81 0 26 57 15 98 82 2 25 87 74 96 18 20 46 72 32 12 95 27 73 79 99 38 50
114
438
110
846 884 868 898 817 822 818 854 824 858 851 880 891 874 853 872 897 888 894 882 892 804 829 844 830 820 836 803 877 826 813 875 848 889 887 866 852 823 806 837 871 883 839 809 878 805 828 861 845 885 890 896 816 849 825 899
873
968 940 936 918 929 979 930 924 956 965 938 927 964 931 974 955 941 906 934 986 903 984 901 919 982 920 996 972 949 983 926 952 913 985 961 981 995 967 960 971 911 989 912 958 939 988 908 902 950 944 959 921 962
221 253 293 284 282 235 299 261 277 238 227 208 262 203 258 285 249 225 256 252 266 283 298 205 236 216 291 288 218 250 237 275 274 245 278 222 207 210 219 272 255 246 204 281 217 200 229 280 242
149
746
185 195 124 119 126 173 183 116 147 106 157 160 104 161 140 135 163 144 162 145 109 134 115 131 165 105 112 154 138 127 174 167 132 169 141 148 133 155 108 150 143 125 142 166
670
802
954
445 498 419 414 428 437 435 413 416 483 490 480 452 487 489 473 468 434 457 465 427 479 476 439 482 459 494 464 475 430 415 448 470 458 426 422 420 403 425 401 404 467 424 499 431 456 441 433 466 478 474 406 486 460 442 491 485 405 462
559 534 510 518 512 580 543 516 532 557 542 591 506 566 547 529 545 599 536 533 569 596 560 530 508 537 540 509 594 570 556 578 511 595 525 579 577 574 586 584 588 589 520 582 544 571 593 505 554 573 546 563 531 521 514 550 549 517 590
8
386 392 317 388 311 353 338 390 359 341 348 351 312 356 340 393 394 336 318 354 391 375 345 314 323 360 370 379 367 334 389 346 366 364 332 371 330 350 327 343 352 363 361 369 357 307 324 339 396 342 381 398 326 325
994
264
548
665
71
17
703
709
651
895
722 784 702 781 701 717 715 732 704 718 799 749 756 744 788 714 791 728 723 720 761 721 743 772 757 739 736 783 786 760 735 765 798 776 774 762 782 773 712 753 768 767 787 740 769 755 731
206
128
915
469
313
922
33
667 655 638 660 607 677 601 681 628 631 669 640 692 699 659 691 661 674 635 653 697 629 668 695 666 658 614 678 620 626 636 643 622 637 646 684 698 633 671 663 632 662 649 615 693 694
676
708
322
833
612
90
801
152
223
747
111
564
56
230
319
932
611
139
347
719
202
421
832
377
679
51
503
418
865
793
355
39
304
151
471
656
123
295
231
689
812
146
168
957
384
507
562
497
621
239
515
810
100
444
970
867
91
52
248
619
254
1
987
585
710
129
587
180
552
565
724
286
287
831
700
685
268
706
716
368
916
597
680
159
726
504
436
488
648
770
863
827
583
764
860
86
808
838
711
933
745
777
999
893
196
260
240
608
790
857
980
172
429
137
947
397
35
814
259
83
609
748
320
107
30
639
683
308
212
226
477
279
164
16
193
47
265
613
602
190
461
70
122
797
306
11
209
34
158
759
197
215
568
864
191
754
750
819
362
53
399
383
186
6
937
290
737
581
951
198
84
60
5
664
378
707
528
551
65
935
634
792
78
998
690
276
117
527
688
841
41
502
604
909
241
522
463
270
501
13
412
156
233
923
182
618
432
519
214
45
870
243
696
493
847
990
407
555
181
953
539
19
451
513
59
789
58
257
942
859
900
372
730
840
713
376
575
558
400
297
244
450
440
535
876
946
331
997
387
600
408
335
624
652
94
976
121
77
411
188
10
443
843
267
68
969
328
175
201
945
977
603
170
69
409
500
455
130
447
598
616
495
779
991
741
617
315
31
344
623
89
572
526
576
992
333
492
907
966
187
220
228
373
271
654
727
644
842
309
402
118
43
446
385
305
358
453
523
136
538
192
785
263
48
758
423
44
213
928
766
80
771
850
905
103
673
686
627
449
294
733
641
102
382
28
606
410
310
484
561
687
251
234
821
273
349
472
780
914
993
23
269
625
179
184
97
247
725
67
650
904
910
316
374
807
93
541
605
729
742
496
682
763
879
567
524
752
303
775
113
300
380
630
176
37
963
177
289
178
417
199
862
292
553
642
917
834
454
943
751
856
795
296
301
120
794
672
337
101
738
61
705
645
815
886
811
675
232
42
778
647
835
592
211
64
365
189
153
610
855
881
224
948
321
481
869
800
62
88
395
657
302
329
925
194
978
734
975
171
796