973
22 32 38 75 21 57 96 63 46 25 2 14 3 9 12 74 98 20 85 50 82 15 54 7 4 24 18 55 87 72 79 49 26 27 40 73 92 0 29 76 95 99 36 81 66
114
438
110
845 806 830 899 872 871 868 889 836 851 846 880 890 816 853 844 825 891 884 885 803 883 878 824 866 809 818 823 896 877 875 817 849 894 892 887 839 828 837 874 882 898 813 822 826 829 897 805 852 854 804 888 858 848 861 820
873
964 988 974 967 986 971 940 908 926 989 927 930 936 959 920 996 949 968 901 931 906 952 903 919 981 960 929 961 982 979 912 965 911 985 913 902 983 944 950 956 958 934 941 984 972 962 995 939 924 921 918 938 955
280 249 225 237 227 278 293 283 284 217 210 281 221 258 298 229 203 207 236 250 208 266 288 282 274 235 219 272 245 256 218 204 275 285 246 253 242 238 277 291 299 222 261 216 200 205 255 252 262
149
746
165 160 145 133 166 141 163 106 132 124 173 144 157 150 116 108 147 112 183 185 167 109 142 134 119 174 126 131 138 154 125 143 169 161 140 148 115 135 127 104 105 195 162 155
670
802
954
416 470 459 473 486 420 474 475 483 434 458 405 430 456 460 435 457 478 468 499 487 462 485 480 467 498 445 419 431 414 425 465 476 433 452 479 426 427 489 401 441 466 437 424 413 494 482 404 415 428 448 422 490 439 406 491 442 403 464
531 545 593 521 577 590 534 573 510 582 595 533 571 588 530 594 591 511 517 556 536 508 563 529 544 586 543 512 520 549 569 518 532 505 566 579 554 580 550 542 506 540 525 584 560 537 516 546 574 589 570 509 514 578 557 599 547 559 596
8
356 338 352 375 398 393 326 345 342 359 353 327 314 340 351 311 334 336 318 357 330 323 366 307 364 325 317 348 386 341 369 332 371 339 343 392 396 361 389 381 367 394 363 391 370 346 390 350 324 379 354 360 388
994
264
548
665
71
17
703
709
651
895
744 787 701 760 717 786 765 776 743 735 702 753 772 769 768 757 732 767 715 704 781 774 749 722 755 740 736 798 721 762 791 799 728 731 788 714 723 784 773 718 783 756 720 761 739 782 712
206
128
915
469
313
922
33
635 633 643 693 660 677 646 620 662 667 678 655 692 658 699 615 674 631 653 669 668 628 659 697 663 684 614 681 636 694 698 607 637 622 629 638 601 626 649 691 632 671 666 640 695 661
676
708
322
833
612
90
801
152
223
747
111
564
56
230
319
932
611
139
347
719
202
421
832
377
679
51
503
418
865
793
355
39
304
151
471
656
123
295
231
689
812
146
168
957
384
507
562
497
621
239
515
810
100
444
970
867
91
52
248
619
254
1
987
585
710
129
587
180
552
565
724
286
287
831
700
685
268
706
716
368
916
597
680
159
726
504
436
488
648
770
863
827
583
764
860
86
808
838
711
933
745
777
999
893
196
260
240
608
790
857
980
172
429
137
947
397
35
814
259
83
609
748
320
107
30
639
683
308
212
226
477
279
164
16
193
47
265
613
602
190
461
70
122
797
306
11
209
34
158
759
197
215
568
864
191
754
750
819
362
53
399
383
186
6
937
290
737
581
951
198
84
60
5
664
378
707
528
551
65
935
634
792
78
998
690
276
117
527
688
841
41
502
604
909
241
522
463
270
501
13
412
156
233
923
182
618
432
519
214
45
870
243
696
493
847
990
407
555
181
953
539
19
451
513
59
789
58
257
942
859
900
372
730
840
713
376
575
558
400
297
244
450
440
535
876
946
331
997
387
600
408
335
624
652
94
976
121
77
411
188
10
443
843
267
68
969
328
175
201
945
977
603
170
69
409
500
455
130
447
598
616
495
779
991
741
617
315
31
344
623
89
572
526
576
992
333
492
907
966
187
220
228
373
271
654
727
644
842
309
402
118
43
446
385
305
358
453
523
136
538
192
785
263
48
758
423
44
213
928
766
80
771
850
905
103
673
686
627
449
294
733
641
102
382
28
606
410
310
484
561
687
251
234
821
273
349
472
780
914
993
23
269
625
179
184
97
247
725
67
650
904
910
316
374
807
93
541
605
729
742
496
682
763
879
567
524
752
303
775
113
300
380
630
176
37
963
177
289
178
417
199
862
292
553
642
917
834
454
943
751
856
795
296
301
120
312
794
672
337
101
738
61
705
645
815
886
811
675
232
42
778
647
835
592
211
64
365
189
153
610
855
881
224
948
321
481
869
800
62
88
395
657
302
329
925
194
978
734
975
171
796