956 979 902 923 978 987 941 985 911 981 964 975 966 906 928 974 943 916 993 930 918 926 996 997 968 917 903 951 953 925 932 947 905 936 949 962 914 961 909 920 982 994 924 986 913 939 929 955 946 989 935 995 999 958 952 919 973 950 969 959 934 901 944 945 965 980 998 972 904 990 910 915 967 992 942 960 940 971 988 954 912 983 931 963 991 976 927 938 922 907 977 937 921 984 908
49 58 26 88 37 56 60 57 10 2 65 97 66 30 89 8 39 94 13 25 41 95 85 81 67 29 92 31 53 80 45 28 15 64 20 51 17 22 24 68 9 14 40 0 69 19 3 42 77 27 82 7 48 12 62 86 59 32 16 6 90 73 98 54 33 50 99 46 76 4 44 55 91 96 11 52 74 43 21 18 83 79 38 34 47 75 71 23 84 61 63 35 36 87 72 78
123 118 155 164 168 195 192 167 105 166 173 110 128 171 174 119 130 165 181 199 138 184 196 149 179 111 107 153 146 131 177 144 157 161 132 190 116 172 108 188 139 170 127 194 152 180 162 160 103 140 112 176 137 187 169 136 193 125 150 185 186 126 102 163 121 182 183 100 147 178 115 145 124 117 198 156 104 133 120 113 114 175 191 141 142 148 109 135 143 197 129 134 122 106 154
479 433 415 427 431 467 437 442 413 477 464 439 497 490 483 440 435 486 459 436 429 419 417 455 461 493 473 468 416 424 428 496 425 412 476 465 491 408 445 456 460 411 494 423 463 499 487 480 448 447 466 420 481 457 410 489 450 422 470 438 498 482 409 402 453 407 471 454 472 401 404 434 430 475 488 403 451 406 443 446 414 449 432 478 426 492 444 452 484 441 474 405 485 462 495 458 469
871 892 872 824 836 810 891 832 865 828 811 846 845 898 834 830 812 867 833 818 858 884 835 895 805 882 826 809 889 861 853 894 869 814 862 849 825 844 887 851 800 823 863 888 873 827 899 866 819 848 857 852 816 808 864 874 806 820 893 855 877 804 850 842 896 815 897 807 854 879 803 870 841 840 860 876 878 847 813 822 859 831 868 886 881 885 821 837 829 839 883 875 890 880 843 838 817
213 278 245 286 255 236 299 289 254 274 220 217 237 296 239 251 250 253 265 212 283 291 232 276 203 202 200 267 293 248 290 266 263 280 211 210 231 288 285 224 297 233 238 298 243 294 223 247 226 218 282 275 257 227 244 241 279 221 277 216 234 205 281 287 272 295 209 228 284 258 273 256 270 262 249 292 242 230 235 208 204 206 261 264 219 214 252 246 207 269 259 222 240 268 215 225 229
701 708 799 737 731 796 744 778 757 738 753 723 797 728 749 779 787 734 798 747 773 769 754 711 740 767 793 791 790 719 703 751 722 729 764 742 720 772 745 732 760 785 775 776 781 715 759 713 721 739 724 746 768 783 763 771 748 710 702 777 795 716 766 784 752 730 762 735 794 761 704 714 718 756 707 717 750 741 780 743 725 765 755 709 788 712 782 705 786 736 733 758 792 770 774
653 617 630 673 635 685 670 644 680 676 603 681 665 643 616 667 612 641 608 654 684 692 695 664 693 661 652 634 698 682 618 689 659 614 679 694 699 672 609 613 646 668 632 611 627 662 649 604 686 696 660 645 658 601 688 657 633 656 637 602 666 677 622 648 663 624 605 671 638 674 669 697 640 628 607 690 629 625 639 675 621 647 615 606 626 636 678 631 642 650 655 683 687 620 651 691
802
588 502 554 527 589 579 568 524 530 526 560 514 577 570 516 573 508 563 529 585 559 557 569 599 550 512 519 543 546 552 584 576 566 564 583 555 558 537 515 506 513 523 556 586 521 534 531 501 510 553 571 567 545 541 551 504 518 535 594 582 562 587 561 520 581 538 539 517 533 575 595 590 549 574 540 532 509 580 522 565 536 503 578 507 528 596 511 505 547 597 598 544 542 591 593 525
385 355 309 373 377 338 300 352 343 332 335 319 336 345 320 369 339 392 311 321 351 353 340 334 368 346 313 354 390 366 389 306 312 393 333 314 328 367 383 322 349 386 317 397 394 318 370 329 382 305 359 357 378 360 331 372 330 310 326 379 308 380 325 341 324 327 304 391 395 375 337 387 364 361 307 302 348 323 399 396 347 363 388 362 398 356 376 350 365 342 371 303 315 344 381 358 384
548
801
421
418
151
957
970
619
1
700
706
159
726
933
260
70
158
5
789
900
400
600
201
500
623
572
271
727
316
374
93
856
301
101
592
189
610
948