973
20 76 57 38 36 4 25 49 74 95 96 14 50 15 7 46 27 3 73 82 9 85 66 79 81 75 26 22 21 24 55 98 12 18 63 32 40 92 72 99 54 0 2 87 29
114
438
110
809 836 883 877 824 804 818 896 816 830 884 891 837 806 829 844 846 839 805 828 897 825 845 813 861 868 848 822 874 872 820 899 885 852 854 882 888 889 871 858 851 898 892 853 817 866 803 887 894 880 890 875 878 849 823 826
873
988 920 972 929 924 968 986 936 985 974 921 964 939 903 959 919 956 908 918 983 996 938 967 958 931 934 911 955 944 912 926 971 960 950 927 979 940 962 981 941 901 965 930 902 989 961 949 906 952 984 913 995 982
256 235 238 277 218 217 255 227 203 245 222 274 272 205 275 204 293 208 299 280 236 288 207 246 258 219 266 229 283 261 298 278 216 252 253 210 249 221 250 281 291 200 242 285 225 237 262 282 284
149
746
133 155 109 148 134 143 183 167 112 157 124 132 165 105 195 141 150 144 108 104 154 142 185 166 174 173 169 116 125 119 126 135 160 147 145 131 115 138 140 106 161 127 162 163
670
802
954
457 441 478 479 460 458 483 437 465 490 434 470 499 425 476 431 422 426 475 416 404 486 474 487 430 420 427 467 401 498 419 448 413 445 428 405 464 459 462 452 489 403 466 414 442 485 480 494 456 473 433 406 415 435 424 468 491 439 482
599 543 510 574 529 596 520 571 554 542 518 578 517 512 560 516 525 557 584 556 546 589 544 569 521 547 582 580 579 559 595 536 550 549 505 573 537 570 588 506 514 577 534 540 593 545 509 594 532 591 511 566 533 563 590 586 530 508 531
8
363 348 314 375 350 361 398 346 369 353 332 370 359 388 356 323 367 334 366 352 381 318 389 351 341 390 342 326 327 339 396 357 325 307 394 324 340 345 386 371 392 379 393 336 330 360 354 338 343 311 317 364
994
264
548
665
71
17
703
709
651
895
772 755 736 761 704 783 781 739 721 735 749 731 782 760 773 723 720 702 714 769 715 762 788 732 799 756 740 774 743 791 765 757 728 722 768 784 717 798 718 767 744 701 787 786 776 753 712
206
128
915
469
313
922
33
655 694 663 632 667 692 626 607 640 698 693 633 668 660 653 615 677 684 691 681 669 662 614 674 659 678 636 601 643 699 628 646 649 695 661 631 622 697 671 629 635 620 637 658 666 638
676
708
322
833
612
90
801
152
223
747
111
564
56
230
319
932
611
139
347
719
202
421
832
377
679
51
503
418
865
793
355
39
304
151
471
656
123
295
231
689
812
146
168
957
384
507
562
497
621
239
515
810
100
444
970
867
91
52
248
619
254
1
987
585
710
129
587
180
552
565
724
286
287
831
700
685
268
706
716
368
391
916
597
680
159
726
504
436
488
648
770
863
827
583
764
860
86
808
838
711
933
745
777
999
893
196
260
240
608
790
857
980
172
429
137
947
397
35
814
259
83
609
748
320
107
30
639
683
308
212
226
477
279
164
16
193
47
265
613
602
190
461
70
122
797
306
11
209
34
158
759
197
215
568
864
191
754
750
819
362
53
399
383
186
6
937
290
737
581
951
198
84
60
5
664
378
707
528
551
65
935
634
792
78
998
690
276
117
527
688
841
41
502
604
909
241
522
463
270
501
13
412
156
233
923
182
618
432
519
214
45
870
243
696
493
847
990
407
555
181
953
539
19
451
513
59
789
58
257
942
859
900
372
730
840
713
376
575
558
400
297
244
450
440
535
876
946
331
997
387
600
408
335
624
652
94
976
121
77
411
188
10
443
843
267
68
969
328
175
201
945
977
603
170
69
409
500
455
130
447
598
616
495
779
991
741
617
315
31
344
623
89
572
526
576
992
333
492
907
966
187
220
228
373
271
654
727
644
842
309
402
118
43
446
385
305
358
453
523
136
538
192
785
263
48
758
423
44
213
928
766
80
771
850
905
103
673
686
627
449
294
733
641
102
382
28
606
410
310
484
561
687
251
234
821
273
349
472
780
914
993
23
269
625
179
184
97
247
725
67
650
904
910
316
374
807
93
541
605
729
742
496
682
763
879
567
524
752
303
775
113
300
380
630
176
37
963
177
289
178
417
199
862
292
553
642
917
834
454
943
751
856
795
296
301
120
312
794
672
337
101
738
61
705
645
815
886
811
675
232
42
778
647
835
592
211
64
365
189
153
610
855
881
224
948
321
481
869
800
62
88
395
657
302
329
925
194
978
734
975
171
796