973
82 3 87 96 36 15 81 95 29 2 79 20 24 54 73 12 25 27 22 7 98 46 75 4 99 57 72 9 76 55 85 14 92 66 0 63 21 40 49 50 38 18 32 26 74
114
438
110
878 816 839 872 836 824 898 897 844 805 858 861 804 854 880 896 890 813 884 892 823 874 846 845 809 889 829 803 894 848 883 868 882 820 877 826 822 875 852 871 817 849 837 887 888 853 866 818 885 828 851 806 830 899 891
873
903 941 924 960 950 961 984 929 996 938 952 913 901 918 979 955 983 911 958 927 926 939 934 921 962 919 981 965 906 956 920 930 985 986 944 988 912 908 940 967 971 968 902 964 974 931 989 936 972 959 995 982 949
218 217 219 282 246 208 278 225 227 262 210 200 291 242 255 266 221 258 204 203 245 253 261 256 277 235 237 216 229 236 280 285 252 283 299 238 250 275 298 205 281 249 288 207 274 293 222 284 272
149
746
115 160 148 112 132 135 133 161 138 143 125 162 173 157 145 134 155 126 131 183 105 195 108 167 163 109 150 166 144 140 127 174 124 165 106 104 116 169 141 142 119 154 185 147
670
802
954
482 425 473 428 491 422 414 405 427 404 441 413 462 499 457 475 487 401 459 420 430 483 437 433 479 452 468 486 465 403 476 445 489 434 485 424 470 442 416 494 406 439 448 480 435 474 431 426 478 415 456 458 464 490 419 498 467 466 460
556 534 546 573 518 571 599 594 566 570 595 590 574 580 579 560 517 536 586 589 542 593 582 554 588 521 510 508 559 505 563 529 511 543 569 550 509 578 557 514 516 525 549 596 545 533 532 540 591 520 584 512 506 544 537 547 531 530 577
8
390 366 361 340 341 324 356 360 318 338 394 342 332 364 323 348 353 346 392 311 325 307 367 386 371 345 369 363 317 389 375 370 350 359 381 388 354 336 326 379 357 314 330 398 327 334 352 339 343 393 351 396
994
264
548
665
71
17
703
709
651
895
722 712 739 731 735 774 762 768 783 755 753 723 720 788 791 787 704 760 702 717 769 786 718 732 701 740 749 765 756 715 757 744 772 798 721 736 799 728 767 743 782 776 781 714 773 761 784
206
128
915
469
313
922
33
629 628 632 615 638 667 653 661 649 697 658 695 699 646 674 660 668 614 636 633 692 693 677 659 698 635 684 637 663 601 626 662 631 640 607 681 669 666 655 622 620 643 671 691 694 678
676
708
322
833
612
90
801
152
223
747
111
564
56
230
319
932
611
139
347
719
202
421
832
377
679
51
503
418
865
793
355
39
304
151
471
656
123
295
231
689
812
146
168
957
384
507
562
497
621
239
515
810
100
444
970
867
91
52
248
619
254
1
987
585
710
129
587
180
552
565
724
286
287
831
700
685
268
706
716
368
391
916
597
680
159
726
504
436
488
648
770
863
827
583
764
860
86
808
838
711
933
745
777
999
893
196
260
240
608
790
857
980
172
429
137
947
397
35
814
259
83
609
748
320
107
30
639
683
308
212
226
477
279
164
16
193
47
265
613
602
190
461
70
122
797
306
11
209
34
158
759
197
215
568
864
191
754
750
819
362
53
399
383
186
6
937
290
737
581
951
198
84
60
5
664
378
707
528
551
65
935
634
792
78
998
690
276
117
527
688
841
41
502
604
909
241
522
463
270
501
13
412
156
233
923
182
618
432
519
214
45
870
243
696
493
847
990
407
555
181
953
539
19
451
513
59
789
58
257
942
859
900
372
730
840
713
376
575
558
400
297
244
450
440
535
876
946
331
997
387
600
408
335
624
652
94
976
121
77
411
188
10
443
843
267
68
969
328
175
201
945
977
603
170
69
409
500
455
130
447
598
616
495
779
991
741
617
315
31
344
623
89
572
526
576
992
333
492
907
966
187
220
228
373
271
654
727
644
842
309
402
118
43
446
385
305
358
453
523
136
538
192
785
263
48
758
423
44
213
928
766
80
771
850
905
103
673
686
627
449
294
733
641
102
382
28
606
410
310
484
561
687
251
234
821
273
349
472
825
780
914
993
23
269
625
179
184
97
247
725
67
650
904
910
316
374
807
93
541
605
729
742
496
682
763
879
567
524
752
303
775
113
300
380
630
176
37
963
177
289
178
417
199
862
292
553
642
917
834
454
943
751
856
795
296
301
120
312
794
672
337
101
738
61
705
645
815
886
811
675
232
42
778
647
835
592
211
64
365
189
153
610
855
881
224
948
321
481
869
800
62
88
395
657
302
329
925
194
978
734
975
171
796