973
25 95 4 38 98 22 46 57 72 12 0 3 2 7 87 74 99 14 63 32 9 75 29 15 20 66 96 36 55 92 76 27 40 26 21 18 49 79 50 81 82 54 24 73
114
438
110
874 861 888 851 839 852 858 892 805 828 846 845 803 836 866 816 885 897 806 854 868 837 804 899 844 889 894 826 880 884 896 890 822 875 883 824 898 820 809 853 882 872 849 817 871 818 887 848 823 891 877 813 878 829 830
873
911 962 940 934 988 939 965 931 996 908 958 989 929 950 901 924 972 986 913 955 903 961 944 912 930 921 919 995 918 968 967 985 983 959 984 920 956 926 971 982 938 979 974 927 936 952 981 964 960 906 902 949 941
222 262 249 274 203 208 280 237 275 258 288 255 278 283 227 250 218 281 225 217 235 210 253 204 245 277 299 252 216 261 207 246 298 238 284 221 282 272 229 236 242 205 291 200 293 285 219 266 256
149
746
135 143 126 160 155 185 167 161 131 174 115 119 166 157 104 150 183 134 116 127 106 132 148 144 140 109 162 125 112 169 195 142 147 105 138 124 141 165 163 145 154 173 133 108
670
802
954
406 487 468 460 428 433 483 442 498 403 437 474 491 427 480 452 473 462 490 459 439 478 404 425 475 448 426 482 486 466 476 479 413 422 456 499 419 434 485 470 431 445 435 416 467 401 414 494 405 457 458 424 465 430 464 415 420 489 441
554 588 584 537 506 531 590 570 563 545 532 549 525 559 530 516 577 546 569 582 511 509 540 574 505 518 512 547 544 571 593 557 521 586 517 599 510 573 508 550 514 589 533 560 542 556 596 543 566 580 594 520 595 578 534 579 591 536 529
8
381 343 386 371 340 364 351 393 334 336 311 323 369 367 354 379 326 352 366 324 396 370 325 392 360 389 353 318 350 394 348 317 327 330 359 363 361 338 375 307 345 339 357 390 398 388 356 314 346 341 342 332
994
264
548
665
71
17
703
709
651
895
736 773 783 799 761 749 756 765 717 722 721 791 768 728 784 788 740 772 732 753 723 739 757 704 776 714 786 774 769 760 767 744 720 755 798 782 787 718 702 701 731 715 762 712 781 743 735
206
128
915
469
313
922
33
614 697 635 671 601 637 629 660 684 622 691 678 615 631 698 646 661 692 636 662 668 638 620 640 699 677 649 693 667 607 663 643 659 674 655 626 681 666 628 632 633 658 694 695 669 653
676
708
322
833
612
90
801
152
223
747
111
564
56
230
319
932
611
139
347
719
202
421
832
377
679
51
503
418
865
793
355
39
304
151
471
656
123
295
231
689
812
146
168
957
384
507
562
497
621
239
515
810
100
444
970
867
91
52
248
619
254
1
987
585
710
129
587
180
552
565
724
286
287
831
700
685
268
706
716
368
391
916
597
680
159
726
504
436
488
648
770
863
827
583
764
860
86
808
838
711
933
745
777
999
893
196
260
240
608
790
857
980
172
429
137
947
397
35
814
259
83
609
748
320
107
30
639
683
308
212
226
477
279
164
16
193
47
265
613
602
190
461
70
122
797
306
11
209
34
158
759
197
215
568
864
191
754
750
819
362
53
399
383
186
6
937
290
737
581
951
198
84
60
5
664
378
707
528
551
65
935
634
792
78
998
690
276
117
527
688
841
41
502
604
909
241
522
463
270
501
13
412
156
233
923
182
618
432
519
214
45
870
243
696
493
847
990
407
555
181
953
539
19
451
513
59
789
58
257
942
859
900
372
730
840
713
376
575
558
400
297
244
450
440
535
876
946
331
997
387
600
408
335
624
652
94
976
121
77
411
188
10
443
85
843
267
68
969
328
175
201
945
977
603
170
69
409
500
455
130
447
598
616
495
779
991
741
617
315
31
344
623
89
572
526
576
992
333
492
907
966
187
220
228
373
271
654
727
644
842
309
402
118
43
446
385
305
358
453
523
136
538
192
785
263
48
758
423
44
213
928
766
80
771
850
905
103
673
686
627
449
294
733
641
102
382
28
606
410
310
484
561
687
251
234
821
273
349
472
825
780
914
993
23
269
625
179
184
97
247
725
67
650
904
910
316
374
807
93
541
605
729
742
496
682
763
879
567
524
752
303
775
113
300
380
630
176
37
963
177
289
178
417
199
862
292
553
642
917
834
454
943
751
856
795
296
301
120
312
794
672
337
101
738
61
705
645
815
886
811
675
232
42
778
647
835
592
211
64
365
189
153
610
855
881
224
948
321
481
869
800
62
88
395
657
302
329
925
194
978
734
975
171
796