973
95 3 32 7 57 74 87 55 26 76 0 96 38 50 18 72 73 99 54 79 98 20 22 9 12 24 29 92 66 4 63 46 49 81 27 36 15 14 2 25 21 75 40 82
114
438
110
839 805 803 846 887 848 898 861 804 885 888 871 896 844 889 899 806 882 818 892 852 823 877 878 853 868 858 829 845 891 813 854 822 884 875 849 894 866 851 824 874 816 880 837 809 836 817 820 828 897 872 830 826 883 890
873
955 981 962 952 936 985 911 924 971 968 965 926 903 979 964 983 906 940 939 960 996 920 988 974 967 982 941 908 958 959 913 912 901 930 950 949 931 972 956 995 929 989 934 927 984 961 919 938 921 986 918 902 944
235 222 210 221 238 200 278 281 217 272 229 261 246 275 262 252 283 218 205 204 282 208 236 225 203 298 291 250 256 277 258 216 284 280 237 242 249 299 219 253 255 227 207 266 285 245 288 274 293
149
746
160 183 148 138 150 116 106 185 108 145 142 154 135 166 141 167 115 155 131 126 105 163 109 124 173 119 165 161 169 157 127 140 125 133 162 143 174 132 104 147 144 134 195 112
670
802
954
422 498 467 480 465 420 479 427 404 448 434 460 490 439 442 406 405 416 482 419 425 435 464 459 494 489 426 433 476 441 401 445 491 413 414 475 430 486 428 478 470 424 457 483 474 473 458 499 468 437 403 431 485 415 456 487 466 462
546 586 594 599 584 518 525 512 533 573 559 537 591 542 534 574 560 517 530 521 510 536 570 547 514 532 506 505 540 595 579 569 577 509 578 550 520 557 544 588 589 545 511 543 571 582 556 549 554 580 566 529 596 516 593 590 531 508 563
8
388 375 314 323 361 318 307 340 341 334 317 325 327 366 336 356 326 369 396 351 389 379 332 386 339 348 367 338 352 398 330 350 324 371 345 370 360 343 363 390 381 357 392 394 393 346 359 342 364 354 311 353
994
264
548
665
71
17
703
709
651
895
756 735 783 788 715 740 721 714 776 702 768 755 717 723 744 787 765 774 769 772 704 701 784 757 749 720 739 728 791 743 762 753 731 773 786 760 798 732 712 722 767 799 782 761 736 781 718
206
128
915
469
313
922
33
620 655 607 662 669 640 668 674 677 653 684 643 615 698 622 614 699 697 632 658 667 628 601 649 691 671 637 635 694 646 693 681 692 663 636 666 633 678 638 629 626 659 661 631 660 695
676
708
322
833
612
90
801
152
223
747
111
564
56
230
319
932
611
139
347
719
202
421
832
377
679
51
503
418
865
793
355
39
304
151
471
656
123
295
231
689
812
146
168
957
384
507
562
497
621
239
515
810
100
444
970
867
91
52
248
619
254
1
987
585
710
129
587
180
552
565
724
286
287
831
700
685
268
706
716
368
391
916
597
680
159
726
504
436
488
648
770
863
827
583
764
860
86
808
838
711
933
745
777
999
893
196
260
240
608
790
857
980
172
429
137
947
397
35
814
259
83
609
748
320
107
30
639
683
308
212
226
477
279
164
16
193
47
265
613
602
190
461
70
122
797
306
11
209
34
158
759
197
215
568
864
191
754
750
819
362
53
399
383
186
6
937
290
737
581
951
198
84
60
5
664
378
707
528
551
65
935
634
792
78
998
690
276
117
527
688
841
41
502
604
909
241
522
463
270
501
13
412
156
233
923
182
618
432
519
214
45
870
243
696
493
847
990
407
555
181
953
539
19
451
513
59
789
58
257
942
859
900
372
730
840
713
376
575
558
400
297
244
450
440
535
876
946
331
997
387
600
408
335
624
652
94
976
121
77
411
188
10
443
85
843
267
68
969
328
175
201
945
977
603
170
69
409
500
455
130
447
598
616
452
495
779
991
741
617
315
31
344
623
89
572
526
576
992
333
492
907
966
187
220
228
373
271
654
727
644
842
309
402
118
43
446
385
305
358
453
523
136
538
192
785
263
48
758
423
44
213
928
766
80
771
850
905
103
673
686
627
449
294
733
641
102
382
28
606
410
310
484
561
687
251
234
821
273
349
472
825
780
914
993
23
269
625
179
184
97
247
725
67
650
904
910
316
374
807
93
541
605
729
742
496
682
763
879
567
524
752
303
775
113
300
380
630
176
37
963
177
289
178
417
199
862
292
553
642
917
834
454
943
751
856
795
296
301
120
312
794
672
337
101
738
61
705
645
815
886
811
675
232
42
778
647
835
592
211
64
365
189
153
610
855
881
224
948
321
481
869
800
62
88
395
657
302
329
925
194
978
734
975
171
796