973
79 15 96 29 7 4 21 72 2 12 73 46 38 66 49 18 14 9 36 75 40 74 76 54 0 55 50 3 22 57 82 92 87 27 26 99 32 25 81 98 20 63 24 95
114
438
110
839 884 866 853 809 803 872 816 851 898 858 891 844 836 823 830 899 852 888 878 887 828 824 845 880 813 871 874 892 820 822 829 875 804 868 883 894 885 837 861 882 877 849 818 805 854 889 846 817 848 890 826 897 806 896
873
979 972 902 931 952 971 956 974 920 901 929 912 955 906 965 967 968 903 988 934 964 941 961 913 911 996 949 962 984 918 989 939 950 944 986 981 908 995 958 927 959 921 926 936 940 960 924 919 982 930 983 938 985
219 208 299 238 283 218 256 277 236 200 242 235 285 221 253 275 222 237 246 217 266 298 227 262 207 252 245 249 250 274 204 280 210 293 282 203 255 272 278 261 284 258 216 281 291 229 205 225 288
149
746
127 183 150 163 138 147 125 169 119 144 116 185 112 166 108 165 106 140 104 131 105 167 173 157 135 161 134 133 155 142 174 154 141 195 132 145 124 148 115 109 160 162 126 143
670
802
954
474 433 498 404 437 428 424 482 406 442 464 466 425 427 462 467 426 456 441 489 479 460 430 485 457 414 486 494 473 420 422 459 487 405 419 439 499 483 448 435 401 465 476 475 480 431 403 445 434 490 470 458 413 416 415 491 478 468
557 573 546 533 591 530 509 569 571 579 588 536 512 516 577 508 514 532 534 537 570 549 596 531 510 590 560 525 589 550 554 547 529 595 517 543 521 545 559 580 506 511 540 566 556 584 563 518 586 594 599 574 520 542 593 578 544 582 505
8
336 326 357 364 332 350 330 390 342 371 360 389 375 366 398 318 367 311 348 307 340 352 379 338 345 324 396 343 393 386 363 359 341 314 361 394 346 339 327 369 370 381 334 392 356 323 351 317 388 353 354
994
264
548
665
71
17
703
709
651
895
760 702 762 715 717 744 768 788 769 784 740 765 776 767 774 732 743 773 756 749 712 753 723 714 731 704 755 798 761 791 781 786 772 718 799 735 739 757 728 787 782 720 736 721 722 783 701
206
128
915
469
313
922
33
636 646 691 614 620 693 662 607 681 653 697 628 638 668 622 615 659 635 663 633 632 643 640 699 629 649 667 626 674 671 669 655 601 695 666 658 631 692 661 694 684 698 660 678 637 677
676
708
322
833
612
90
801
152
223
747
111
564
56
230
319
932
611
139
347
719
202
421
832
377
679
51
503
418
865
793
355
39
304
151
471
656
123
295
231
689
812
146
168
957
384
507
562
497
621
239
515
810
100
444
970
867
91
52
248
619
254
1
987
585
710
129
587
180
552
565
724
286
287
831
700
685
268
706
716
368
391
916
597
680
159
726
504
436
488
648
770
863
827
583
764
860
86
808
838
711
933
745
777
999
893
196
260
240
608
790
857
980
172
429
137
947
397
35
814
259
83
609
748
320
107
30
639
683
308
212
226
477
279
164
16
193
47
265
613
602
190
461
70
122
797
306
11
209
34
158
759
197
215
568
864
191
754
750
819
362
53
399
383
186
6
937
325
290
737
581
951
198
84
60
5
664
378
707
528
551
65
935
634
792
78
998
690
276
117
527
688
841
41
502
604
909
241
522
463
270
501
13
412
156
233
923
182
618
432
519
214
45
870
243
696
493
847
990
407
555
181
953
539
19
451
513
59
789
58
257
942
859
900
372
730
840
713
376
575
558
400
297
244
450
440
535
876
946
331
997
387
600
408
335
624
652
94
976
121
77
411
188
10
443
85
843
267
68
969
328
175
201
945
977
603
170
69
409
500
455
130
447
598
616
452
495
779
991
741
617
315
31
344
623
89
572
526
576
992
333
492
907
966
187
220
228
373
271
654
727
644
842
309
402
118
43
446
385
305
358
453
523
136
538
192
785
263
48
758
423
44
213
928
766
80
771
850
905
103
673
686
627
449
294
733
641
102
382
28
606
410
310
484
561
687
251
234
821
273
349
472
825
780
914
993
23
269
625
179
184
97
247
725
67
650
904
910
316
374
807
93
541
605
729
742
496
682
763
879
567
524
752
303
775
113
300
380
630
176
37
963
177
289
178
417
199
862
292
553
642
917
834
454
943
751
856
795
296
301
120
312
794
672
337
101
738
61
705
645
815
886
811
675
232
42
778
647
835
592
211
64
365
189
153
610
855
881
224
948
321
481
869
800
62
88
395
657
302
329
925
194
978
734
975
171
796