973
96 3 9 87 50 14 92 49 4 21 22 57 12 0 32 74 26 73 54 81 15 27 38 46 7 63 76 98 99 82 29 75 79 24 66 25 72 20 40 18 36 55 2 95
114
438
110
817 882 836 852 844 877 826 871 858 853 885 888 813 848 884 887 818 806 846 830 822 868 892 872 878 891 809 899 866 874 823 824 837 839 845 898 820 896 829 897 875 890 803 828 854 816 883 889 804 849 851 894 880 861 805
873
902 908 955 979 965 982 950 962 956 989 911 968 901 926 918 996 931 906 944 919 983 952 934 981 936 985 912 913 939 958 949 921 920 972 959 961 929 974 984 967 964 988 986 940 903 960 941 971 927 995 938 924 930
275 200 216 262 266 274 299 261 272 207 284 205 217 291 245 252 256 222 237 204 253 249 218 283 285 221 203 246 236 242 235 280 278 277 298 282 255 293 229 288 225 227 208 250 281 219 210 238 258
149
746
138 134 133 106 174 169 154 150 161 132 126 116 112 163 160 140 144 104 127 124 148 173 115 143 145 162 142 109 157 108 131 105 125 147 135 167 141 119 165 166 155 185 183 195
670
802
954
491 425 486 490 468 430 459 485 483 464 404 419 466 415 487 428 435 457 467 442 498 458 448 478 426 403 476 494 482 406 470 473 445 414 424 401 480 474 456 439 465 460 431 489 499 416 475 433 405 434 413 422 441 427 479 420 437
510 536 584 542 543 570 559 530 534 571 544 560 573 563 540 520 589 593 533 591 518 550 545 596 537 595 547 554 508 511 586 529 512 517 521 531 546 579 549 525 599 580 582 577 569 505 590 557 566 514 509 506 516 594 574 578 588 532 556
8
353 340 360 398 311 336 363 389 317 334 366 330 350 307 392 348 343 326 346 338 386 341 394 369 342 396 352 339 327 357 345 370 367 354 390 359 323 381 324 375 371 393 379 388 318 364 332 361 314 351 356
994
264
548
665
71
17
703
709
651
895
768 740 739 776 783 735 755 791 772 717 743 773 781 721 712 731 756 744 720 736 788 784 757 728 714 749 760 762 786 767 704 765 718 722 787 701 753 723 769 702 774 715 798 782 761 799 732
206
128
915
469
313
922
33
671 607 658 674 694 631 632 669 635 620 636 614 646 660 697 649 633 684 628 699 663 681 615 695 659 655 629 677 653 678 601 667 698 693 666 643 662 640 622 668 692 661 638 691 637 626
676
708
322
833
612
90
801
152
223
747
111
564
56
230
319
932
611
139
347
719
202
421
832
377
679
51
503
418
865
793
355
39
304
151
471
656
123
295
231
689
812
146
168
957
384
507
562
497
621
239
515
810
100
444
970
867
91
52
248
619
254
1
987
585
710
129
587
180
552
565
724
286
287
831
700
685
268
706
716
368
391
916
597
680
159
726
504
436
488
648
770
863
827
583
764
860
86
808
838
711
933
745
777
999
893
196
260
240
608
790
857
980
172
429
137
947
397
35
814
259
83
609
748
320
107
30
639
683
308
212
226
477
279
164
16
193
47
265
613
602
190
461
70
122
797
306
11
209
34
158
759
197
215
568
864
191
754
750
819
362
53
399
383
186
6
937
325
290
737
581
951
198
84
60
5
664
378
707
528
551
65
935
634
792
78
998
690
276
117
527
688
841
41
502
604
909
241
522
463
270
501
13
412
156
233
923
182
618
432
519
214
45
870
243
696
493
847
990
407
555
181
953
539
19
451
513
59
789
58
257
942
859
900
372
730
840
713
376
575
558
400
297
244
450
440
535
876
946
331
997
387
600
408
335
624
652
94
976
121
77
411
188
10
443
85
843
267
68
969
328
175
201
945
977
603
170
69
409
500
455
130
447
598
616
452
495
779
991
741
617
315
31
344
623
89
572
526
576
992
333
492
907
966
187
220
228
373
271
654
727
644
842
309
402
118
43
446
385
305
358
453
523
136
538
192
785
263
48
758
423
44
213
928
766
80
771
850
905
103
673
686
627
449
294
733
641
102
382
28
606
410
310
484
561
687
251
234
821
273
349
472
825
780
914
462
993
23
269
625
179
184
97
247
725
67
650
904
910
316
374
807
93
541
605
729
742
496
682
763
879
567
524
752
303
775
113
300
380
630
176
37
963
177
289
178
417
199
862
292
553
642
917
834
454
943
751
856
795
296
301
120
312
794
672
337
101
738
61
705
645
815
886
811
675
232
42
778
647
835
592
211
64
365
189
153
610
855
881
224
948
321
481
869
800
62
88
395
657
302
329
925
194
978
734
975
171
796