973
24 55 9 0 2 40 15 21 98 57 3 72 66 87 26 46 99 96 14 82 29 95 73 7 49 75 54 4 20 32 25 74 36 79 92 18 50 12 27 63 76 81 38 22
114
438
110
897 871 839 852 836 894 826 824 806 846 820 872 889 817 888 854 878 803 858 818 829 882 899 884 848 851 890 892 877 813 809 845 823 844 868 853 804 837 816 898 874 849 875 885 891 828 861 805 883 880 896 830 866 822 887
873
958 936 939 911 996 903 985 981 974 989 940 965 924 902 983 967 941 912 972 995 913 986 988 979 968 949 929 926 920 944 927 931 959 982 952 918 984 921 934 956 901 908 906 961 919 960 950 962 971 938 930 964
250 200 217 235 208 203 266 238 204 283 288 298 222 282 280 218 205 291 207 245 253 236 237 278 293 252 225 284 261 272 275 262 219 210 249 274 285 242 256 277 255 227 258 299 281 216 229 221 246
149
746
133 124 148 144 163 132 155 119 104 115 147 138 106 135 195 142 160 154 166 126 131 157 108 161 143 105 174 125 127 109 167 183 150 140 112 145 116 162 165 185 173 169 134 141
670
802
954
437 404 457 425 427 460 486 426 458 464 416 422 401 430 473 414 445 499 478 415 406 456 428 465 419 468 483 467 485 441 490 403 491 489 487 474 494 435 413 476 439 442 424 420 475 479 480 482 459 433 405 470 431 448 498 434 466
545 570 595 521 537 549 511 506 571 594 556 579 516 517 505 514 544 525 593 588 560 543 578 508 574 589 599 547 530 510 559 550 577 566 520 586 509 591 540 569 596 529 532 554 512 573 580 557 542 534 546 563 518 531 584 536 533 590 582
8
332 339 375 359 369 370 381 352 367 371 396 393 340 388 389 318 326 366 357 398 350 351 317 324 360 364 356 341 323 392 314 334 348 336 343 353 379 363 311 330 307 338 386 394 345 342 354 327 346 361 390
994
264
548
665
71
17
703
709
651
895
720 736 783 743 774 749 715 784 799 788 781 757 721 769 722 756 732 782 740 753 723 765 717 702 760 728 773 712 791 714 761 731 762 704 798 768 718 701 735 744 787 739 772 767 786 755 776
206
128
915
469
313
922
33
661 693 668 607 601 643 614 694 637 628 636 653 677 692 669 674 684 658 635 646 698 678 620 615 655 622 667 629 632 662 671 659 666 626 663 660 699 697 640 631 691 649 695 638 681 633
676
708
322
833
612
90
801
152
223
747
111
564
56
230
319
932
611
139
347
719
202
421
832
377
679
51
503
418
865
793
355
39
304
151
471
656
123
295
231
689
812
146
168
957
384
507
562
497
621
239
515
810
100
444
970
867
91
52
248
619
254
1
987
585
710
129
587
180
552
565
724
286
287
831
700
685
268
706
716
368
391
916
597
680
159
726
504
436
488
648
770
863
827
583
764
860
86
808
838
711
933
745
777
999
893
196
260
240
608
790
857
980
172
429
137
947
397
35
814
259
83
609
748
320
107
30
639
683
308
212
226
477
279
164
16
193
47
265
613
602
190
461
70
122
797
955
306
11
209
34
158
759
197
215
568
864
191
754
750
819
362
53
399
383
186
6
937
325
290
737
581
951
198
84
60
5
664
378
707
528
551
65
935
634
792
78
998
690
276
117
527
688
841
41
502
604
909
241
522
463
270
501
13
412
156
233
923
182
618
432
519
214
45
870
243
696
493
847
990
407
555
181
953
539
19
451
513
59
789
58
257
942
859
900
372
730
840
713
376
575
558
400
297
244
450
440
535
876
946
331
997
387
600
408
335
624
652
94
976
121
77
411
188
10
443
85
843
267
68
969
328
175
201
945
977
603
170
69
409
500
455
130
447
598
616
452
495
779
991
741
617
315
31
344
623
89
572
526
576
992
333
492
907
966
187
220
228
373
271
654
727
644
842
309
402
118
43
446
385
305
358
453
523
136
538
192
785
263
48
758
423
44
213
928
766
80
771
850
905
103
673
686
627
449
294
733
641
102
382
28
606
410
310
484
561
687
251
234
821
273
349
472
825
780
914
462
993
23
269
625
179
184
97
247
725
67
650
904
910
316
374
807
93
541
605
729
742
496
682
763
879
567
524
752
303
775
113
300
380
630
176
37
963
177
289
178
417
199
862
292
553
642
917
834
454
943
751
856
795
296
301
120
312
794
672
337
101
738
61
705
645
815
886
811
675
232
42
778
647
835
592
211
64
365
189
153
610
855
881
224
948
321
481
869
800
62
88
395
657
302
329
925
194
978
734
975
171
796