973
73 79 12 25 63 75 54 29 82 81 20 27 72 76 32 87 7 38 36 24 99 57 2 26 14 98 50 4 3 0 22 96 46 92 9 18 49 40 15 74 95 55 66 21
114
438
110
836 894 880 877 813 884 805 875 878 891 824 848 829 896 892 823 872 854 899 889 816 888 806 817 846 845 861 809 830 890 874 839 858 804 868 849 871 822 866 897 885 844 826 851 887 820 898 803 852 818 882 837 883 853 828
873
950 911 956 965 934 949 985 961 972 984 996 995 989 918 920 929 936 979 903 944 924 939 981 902 983 901 931 982 938 926 964 962 988 974 986 927 959 919 971 958 967 930 968 960 940 941 908 906 912 952 921 913
283 237 245 222 249 282 208 221 288 278 235 219 258 293 217 238 272 210 275 298 246 285 281 262 277 225 227 261 284 203 252 242 229 218 207 236 274 253 200 250 266 299 204 205 256 255 216 280 291
149
746
161 142 134 165 143 140 173 116 141 185 162 106 144 150 135 166 109 183 147 163 133 155 115 124 157 108 126 104 138 169 195 174 131 105 154 167 145 112 125 127 160 148 119 132
670
802
954
486 420 458 474 416 480 434 489 425 435 422 404 467 401 465 460 431 405 445 475 426 479 448 413 499 491 490 424 498 470 456 494 414 403 441 457 430 482 433 442 473 419 439 459 415 478 406 428 466 485 437 476 483 464 487 427 468
596 599 570 566 571 591 521 510 532 516 578 590 546 533 556 559 547 520 544 593 579 540 534 560 518 586 508 577 569 537 529 530 588 589 549 563 509 505 580 574 573 512 543 506 525 536 582 514 511 594 545 517 595 584 557 554 542 531
8
324 341 332 357 339 381 363 388 379 317 367 356 336 390 330 351 354 346 386 342 371 392 396 326 359 353 364 361 340 314 345 348 398 389 338 366 375 393 360 327 311 343 334 318 323 352 307 369 370 350 394
994
264
548
665
71
17
703
709
651
895
702 740 756 704 744 776 722 723 784 773 762 749 772 735 753 732 757 769 714 781 760 788 720 731 786 739 768 736 767 721 799 743 782 798 761 701 787 717 718 715 783 728 765 755 774 791 712
206
128
915
469
313
922
33
620 628 649 660 626 694 637 640 692 669 658 662 614 663 635 697 671 632 678 661 667 677 695 681 691 666 615 653 646 643 633 601 638 636 607 674 631 655 698 693 684 622 699 629 668 659
676
708
322
833
612
90
801
152
223
747
111
564
56
230
319
932
611
139
347
719
202
421
832
377
679
51
503
418
865
793
355
39
304
151
471
656
123
295
231
689
812
146
168
957
384
507
562
497
621
239
515
810
100
444
970
867
91
52
248
619
254
1
987
585
710
129
587
180
552
565
724
286
287
831
700
685
268
706
716
368
391
916
597
680
159
726
504
436
488
648
770
863
827
583
764
860
86
808
838
711
933
745
777
999
893
196
260
240
608
790
857
980
172
429
137
947
397
35
814
259
83
609
748
320
107
30
639
683
308
212
226
477
279
164
16
193
47
265
613
602
190
461
70
122
797
955
306
11
209
34
158
759
197
215
568
864
191
550
754
750
819
362
53
399
383
186
6
937
325
290
737
581
951
198
84
60
5
664
378
707
528
551
65
935
634
792
78
998
690
276
117
527
688
841
41
502
604
909
241
522
463
270
501
13
412
156
233
923
182
618
432
519
214
45
870
243
696
493
847
990
407
555
181
953
539
19
451
513
59
789
58
257
942
859
900
372
730
840
713
376
575
558
400
297
244
450
440
535
876
946
331
997
387
600
408
335
624
652
94
976
121
77
411
188
10
443
85
843
267
68
969
328
175
201
945
977
603
170
69
409
500
455
130
447
598
616
452
495
779
991
741
617
315
31
344
623
89
572
526
576
992
333
492
907
966
187
220
228
373
271
654
727
644
842
309
402
118
43
446
385
305
358
453
523
136
538
192
785
263
48
758
423
44
213
928
766
80
771
850
905
103
673
686
627
449
294
733
641
102
382
28
606
410
310
484
561
687
251
234
821
273
349
472
825
780
914
462
993
23
269
625
179
184
97
247
725
67
650
904
910
316
374
807
93
541
605
729
742
496
682
763
879
567
524
752
303
775
113
300
380
630
176
37
963
177
289
178
417
199
862
292
553
642
917
834
454
943
751
856
795
296
301
120
312
794
672
337
101
738
61
705
645
815
886
811
675
232
42
778
647
835
592
211
64
365
189
153
610
855
881
224
948
321
481
869
800
62
88
395
657
302
329
925
194
978
734
975
171
796