973
38 96 27 26 54 75 55 20 74 0 66 18 50 32 76 57 24 15 98 9 2 40 63 14 73 4 12 79 95 3 21 36 7 87 92 22 72 81 29 99 25 49 46 82
114
438
110
887 896 874 897 868 891 820 892 823 818 828 806 817 852 854 883 898 899 894 875 803 830 884 829 845 844 813 822 889 849 882 878 880 871 824 890 836 804 848 837 853 877 826 872 888 851 858 866 816 861 885 839 809 805 846
873
919 995 989 996 901 912 964 913 944 930 967 920 936 982 971 974 988 972 903 958 949 908 979 924 902 950 927 941 959 986 961 985 965 952 984 981 911 938 921 939 960 956 918 906 940 968 934 929 931 962 983 926
242 208 235 250 245 278 222 225 218 277 246 203 283 299 275 205 258 210 237 255 284 227 219 281 266 274 221 272 200 207 216 236 252 285 282 293 238 288 298 249 280 204 256 261 253 229 262 217 291
149
746
131 185 173 106 119 134 150 161 160 105 112 124 127 147 167 145 138 163 148 142 132 116 109 126 174 108 141 144 135 125 143 195 183 140 115 157 169 104 162 155 154 165 133 166
670
802
954
439 460 442 480 406 494 464 441 466 459 420 457 482 403 415 435 475 473 491 467 474 401 486 424 427 487 430 468 437 426 405 465 404 483 470 431 425 445 476 489 499 490 422 414 419 478 434 479 448 458 485 456 433 498 416 428
588 536 544 511 530 584 533 557 537 521 534 578 579 591 554 573 540 542 595 525 582 590 569 570 549 560 545 547 520 516 586 532 594 574 589 546 543 509 571 593 529 599 510 563 506 596 559 580 508 531 566 517 512 577 518 514 556 505
8
348 366 318 396 388 392 398 350 343 354 359 338 370 327 369 324 360 357 334 381 379 353 361 340 317 364 386 363 356 336 375 326 346 341 352 332 314 389 367 311 390 307 339 393 371 323 330 345 394 351 342
994
264
548
665
71
17
703
709
651
895
723 767 774 721 701 749 722 756 760 765 739 781 714 735 740 787 704 717 731 786 782 798 772 755 732 728 768 769 736 757 744 773 776 720 712 791 784 788 762 799 761 783 743 715 702 718 753
206
128
915
469
313
922
33
699 655 614 671 674 667 695 638 649 698 626 632 681 666 693 658 663 660 653 668 684 615 661 677 631 607 636 635 643 633 697 620 662 601 629 669 646 678 694 659 628 622 637 692 640 691
676
708
322
833
612
90
801
152
223
747
111
564
56
230
319
932
611
139
347
719
202
421
832
377
679
51
503
418
865
793
355
39
304
151
471
656
123
295
231
689
812
146
168
957
384
507
562
497
621
239
515
810
100
444
970
867
91
52
248
619
254
1
987
585
710
129
587
180
552
565
724
286
287
831
700
685
268
706
716
368
391
916
597
680
159
726
504
436
488
648
770
863
827
583
764
860
86
808
838
711
933
745
777
999
893
196
260
240
608
790
857
980
172
429
137
947
397
35
814
259
83
609
748
320
107
30
639
683
308
212
226
477
279
164
16
193
47
265
613
602
190
461
70
122
797
955
306
11
209
34
158
759
197
215
568
864
191
550
754
750
819
362
53
399
383
186
6
937
325
290
737
581
951
198
84
60
5
664
378
707
528
551
65
935
634
792
78
998
690
276
117
527
688
841
41
502
604
909
241
522
463
270
501
13
412
156
233
923
182
618
432
519
214
45
870
243
696
413
493
847
990
407
555
181
953
539
19
451
513
59
789
58
257
942
859
900
372
730
840
713
376
575
558
400
297
244
450
440
535
876
946
331
997
387
600
408
335
624
652
94
976
121
77
411
188
10
443
85
843
267
68
969
328
175
201
945
977
603
170
69
409
500
455
130
447
598
616
452
495
779
991
741
617
315
31
344
623
89
572
526
576
992
333
492
907
966
187
220
228
373
271
654
727
644
842
309
402
118
43
446
385
305
358
453
523
136
538
192
785
263
48
758
423
44
213
928
766
80
771
850
905
103
673
686
627
449
294
733
641
102
382
28
606
410
310
484
561
687
251
234
821
273
349
472
825
780
914
462
993
23
269
625
179
184
97
247
725
67
650
904
910
316
374
807
93
541
605
729
742
496
682
763
879
567
524
752
303
775
113
300
380
630
176
37
963
177
289
178
417
199
862
292
553
642
917
834
454
943
751
856
795
296
301
120
312
794
672
337
101
738
61
705
645
815
886
811
675
232
42
778
647
835
592
211
64
365
189
153
610
855
881
224
948
321
481
869
800
62
88
395
657
302
329
925
194
978
734
975
171
796