973
22 87 4 92 32 14 21 2 55 75 57 38 98 72 95 96 25 36 12 29 40 7 3 0 82 73 49 20 46 54 27 50 18 81 76 9 66 79 99 26 63 24 15 74
114
438
110
837 878 829 861 897 851 892 871 887 820 817 866 853 848 806 849 898 858 896 844 805 845 877 809 891 839 826 875 816 882 823 884 883 890 899 822 804 852 803 894 880 872 846 885 824 830 874 813 836 818 888 854 868 828 889
873
985 941 983 918 936 902 950 968 996 967 958 912 924 962 903 906 934 984 971 940 979 949 927 974 921 972 989 959 944 930 920 952 995 911 939 956 901 908 938 988 964 981 926 913 982 965 961 931 919 929 960 986
266 277 291 216 218 293 285 219 229 299 280 242 221 261 288 236 205 298 222 203 249 246 235 204 217 283 256 274 253 275 225 278 284 200 227 207 258 252 282 250 255 208 237 272 262 210 238 245 281
149
746
150 160 166 116 126 157 174 133 147 162 108 135 155 106 165 131 183 140 138 124 125 144 154 169 115 109 173 119 134 167 132 145 142 161 141 195 105 127 163 185 143 104 112 148
670
802
954
414 490 468 494 476 465 445 467 426 473 482 406 458 480 478 486 422 404 491 430 475 499 435 431 420 448 401 424 403 415 434 457 470 489 485 439 460 427 425 405 433 483 441 459 479 416 464 437 419 456 428 442 474 466 487 498
573 532 557 586 530 589 510 582 594 569 591 563 517 516 574 537 599 512 542 533 529 566 588 560 544 536 546 506 511 514 577 545 590 549 570 559 518 571 579 578 593 505 534 595 509 584 521 543 540 554 547 520 531 525 556 508 596 580
8
359 339 381 330 352 364 398 357 379 343 392 388 386 341 324 396 336 348 353 390 334 340 332 342 375 393 317 338 371 323 318 307 363 311 389 350 360 356 326 314 367 354 346 394 370 327 345 366 361 351 369
994
264
548
665
71
17
703
709
651
895
798 761 788 791 757 799 731 756 722 744 753 755 723 762 768 784 773 767 720 732 721 715 760 739 714 718 740 704 717 728 765 776 774 781 736 772 783 735 712 702 786 743 749 787 769 782 701
206
128
915
469
313
922
33
646 681 695 663 658 643 668 622 614 699 693 638 669 607 698 615 660 677 659 697 632 655 636 631 692 620 662 661 635 694 684 649 691 678 671 633 666 667 637 601 629 628 674 640 626
676
708
322
833
612
90
801
152
223
747
111
564
56
230
319
932
611
139
347
719
202
421
832
377
679
51
503
418
865
793
355
39
304
151
471
656
123
295
231
689
812
146
168
957
384
507
562
497
621
239
515
810
100
444
970
867
91
52
248
619
254
1
987
585
710
129
587
180
552
565
724
286
287
831
700
685
268
706
716
368
391
916
597
680
159
726
504
436
488
648
770
863
827
583
653
764
860
86
808
838
711
933
745
777
999
893
196
260
240
608
790
857
980
172
429
137
947
397
35
814
259
83
609
748
320
107
30
639
683
308
212
226
477
279
164
16
193
47
265
613
602
190
461
70
122
797
955
306
11
209
34
158
759
197
215
568
864
191
550
754
750
819
362
53
399
383
186
6
937
325
290
737
581
951
198
84
60
5
664
378
707
528
551
65
935
634
792
78
998
690
276
117
527
688
841
41
502
604
909
241
522
463
270
501
13
412
156
233
923
182
618
432
519
214
45
870
243
696
413
493
847
990
407
555
181
953
539
19
451
513
59
789
58
257
942
859
900
372
730
840
713
376
575
558
400
297
244
450
440
535
876
946
331
997
387
600
408
335
624
652
94
976
121
77
411
188
10
443
85
843
267
68
969
328
175
201
945
977
603
170
69
409
500
455
130
447
598
616
452
495
779
991
741
617
315
31
344
623
89
572
526
576
992
333
492
907
966
187
220
228
373
271
654
727
644
842
309
402
118
43
446
385
305
358
453
523
136
538
192
785
263
48
758
423
44
213
928
766
80
771
850
905
103
673
686
627
449
294
733
641
102
382
28
606
410
310
484
561
687
251
234
821
273
349
472
825
780
914
462
993
23
269
625
179
184
97
247
725
67
650
904
910
316
374
807
93
541
605
729
742
496
682
763
879
567
524
752
303
775
113
300
380
630
176
37
963
177
289
178
417
199
862
292
553
642
917
834
454
943
751
856
795
296
301
120
312
794
672
337
101
738
61
705
645
815
886
811
675
232
42
778
647
835
592
211
64
365
189
153
610
855
881
224
948
321
481
869
800
62
88
395
657
302
329
925
194
978
734
975
171
796