939 947 912 983 925 937 998 918 980 978 982 929 950 953 981 995 973 923 961 989 940 972 943 906 907 919 941 945 904 986 930 966 968 949 988 931 984 987 997 977 903 956 952 946 962 955 911 901 924 958 975 932 902 926 990 934 921 917 944 922 960 969 905 993 935 971 974 954 942 909 910 951 920 999 908 963 915 959 913 927 938 985 996 916 914 936 991 928 965 967 976 992 979 994 964
82 37 69 31 35 81 24 57 11 77 41 59 7 68 23 74 99 26 17 84 46 32 0 60 13 40 18 51 25 19 48 12 86 53 9 73 21 27 79 85 4 54 39 55 75 6 44 72 63 36 10 66 65 20 33 83 42 96 62 28 45 22 49 94 91 92 58 64 67 78 90 3 15 2 14 56 87 98 29 80 30 43 88 52 76 8 38 95 34 50 16 97 61 47 89 71
115 107 179 138 160 191 197 182 140 149 164 199 135 103 166 147 142 163 150 137 129 168 176 121 146 183 193 132 145 127 186 116 122 161 117 131 181 165 123 111 172 177 195 106 156 118 153 194 192 100 162 126 104 143 198 196 119 139 187 171 190 144 136 178 141 113 155 133 108 128 105 130 152 112 102 120 114 175 148 110 167 157 173 125 185 188 169 170 134 109 180 124 154 174 184
473 468 492 440 402 405 415 476 498 482 419 428 496 425 433 489 493 412 439 446 484 487 411 417 449 404 481 470 416 454 401 465 491 450 480 414 437 409 453 429 448 436 472 410 459 422 457 408 462 483 499 486 432 431 452 420 426 447 423 478 494 477 458 427 469 424 463 460 485 455 495 441 475 466 451 413 438 488 443 406 490 403 479 434 474 442 445 456 444 471 464 497 435 467 461 407 430
837 842 892 812 868 844 813 805 825 843 826 807 885 853 841 899 875 815 810 894 884 836 824 864 847 872 897 829 887 865 859 821 867 858 809 831 838 832 828 808 873 814 863 854 882 846 845 827 886 883 819 871 804 820 848 874 881 839 800 860 888 803 870 879 852 861 862 878 869 855 893 889 876 833 818 850 835 898 806 896 823 830 811 890 880 857 851 895 834 840 849 891 877 822 817 866 816
211 296 272 221 207 281 217 262 297 283 235 227 228 259 273 265 274 263 216 253 223 286 251 291 210 298 241 255 244 276 282 232 213 209 214 258 229 219 289 292 222 257 245 250 233 270 290 275 268 256 277 294 206 280 238 254 208 224 220 246 266 237 295 284 218 225 231 293 234 247 252 299 203 249 226 269 236 239 285 204 202 240 205 288 243 200 230 248 261 279 287 212 278 215 242 267 264
796 764 784 755 718 788 749 724 783 748 773 779 762 710 715 782 705 737 754 722 780 790 761 709 794 704 720 741 732 719 775 795 740 711 766 798 717 793 739 714 752 745 770 791 712 707 765 781 785 769 786 757 747 725 729 787 792 758 733 797 730 772 774 743 777 767 708 763 738 799 760 776 731 750 721 746 771 742 744 736 768 759 701 716 751 713 702 734 756 753 723 778 728 703 735
627 636 611 676 681 652 663 682 628 640 618 665 602 678 625 661 631 639 608 650 685 645 620 604 692 630 641 666 688 612 601 616 696 643 675 658 655 689 674 605 687 660 664 651 669 621 659 614 699 695 617 615 671 672 680 690 691 657 626 670 637 644 684 673 667 634 677 642 635 697 679 694 648 607 646 624 622 656 686 629 647 633 683 693 603 638 649 668 632 653 613 654 662 698 609
802
598 542 595 588 538 559 512 597 537 568 593 502 526 547 523 521 564 525 573 517 553 532 550 586 583 565 506 549 560 576 510 579 570 509 581 551 529 569 515 540 590 534 527 584 522 533 520 501 589 582 524 562 580 596 561 518 539 544 511 574 563 577 594 599 514 507 531 545 585 552 519 505 513 578 554 587 575 504 546 503 556 528 530 567 558 536 508 557 535 541 516 543 571 555 566 591
351 324 319 325 388 367 309 338 352 318 342 363 300 361 354 392 333 349 310 395 305 386 334 302 339 391 348 311 397 396 322 340 379 307 372 399 329 382 387 377 328 332 369 312 353 323 346 371 375 315 303 337 389 314 327 383 365 331 368 370 364 385 330 344 356 326 394 306 347 341 358 320 378 308 345 359 373 362 381 321 393 313 380 335 357 336 317 304 390 355 366 360 384 398 376 350 343
548
801
421
418
151
957
970
619
1
700
706
159
726
933
260
70
158
5
789
900
400
600
201
500
623
572
271
727
606
316
374
93
856
301
101
592
189
610
948