973
81 40 25 92 7 18 87 96 32 95 36 99 50 38 79 14 73 24 76 72 55 2 29 12 27 22 57 26 3 66 46 21 9 74 82 75 0 98 49 4 63 54 15 20
114
438
110
817 883 872 806 848 823 853 868 887 889 878 896 877 871 839 874 890 888 803 804 897 849 854 829 894 880 891 828 816 884 805 822 809 818 844 875 866 836 846 820 899 898 885 861 852 845 837 858 882 824 826 851 830 813 892
873
965 944 902 906 952 979 921 938 972 949 961 959 964 984 941 918 901 962 934 929 936 981 956 988 983 995 967 930 931 986 939 926 911 996 903 950 982 913 919 920 924 989 960 985 974 908 958 912 968 940 971
288 256 277 284 282 217 281 208 204 218 283 278 291 216 200 253 299 221 285 207 262 249 238 250 242 222 272 280 266 293 235 298 229 225 236 255 274 246 258 252 210 227 219 203 205 261 275 245 237
149
746
119 109 141 148 147 154 142 166 165 162 169 125 124 155 150 183 115 132 131 195 138 105 126 135 133 160 157 112 106 134 145 116 167 143 185 127 104 161 140 174 163 144 108 173
670
802
954
422 426 458 486 476 405 479 416 435 414 427 419 466 445 459 483 465 478 404 490 428 415 442 441 433 489 485 475 448 424 437 434 430 439 470 431 491 425 498 468 406 480 474 403 473 499 487 457 420 494 482 401 464 467 456 460
599 596 512 591 506 573 593 525 530 547 510 505 509 549 579 508 589 514 577 540 578 588 557 556 521 569 580 543 595 531 518 546 532 566 560 511 571 517 529 545 534 520 516 563 533 544 542 582 586 554 594 559 570 584 574 537 536 590
8
388 348 363 369 307 394 326 324 360 334 311 314 330 343 346 366 332 375 339 398 350 396 341 381 379 327 340 345 336 352 342 364 361 392 354 390 323 356 367 318 393 338 357 389 386 317 353 371 370 359 351
994
264
548
665
71
17
703
709
651
895
743 761 728 736 755 762 704 718 791 722 715 772 786 782 712 788 784 749 798 701 735 717 765 756 744 723 774 740 781 768 776 753 787 760 783 702 720 769 739 721 757 714 731 732 799 773 767
206
128
915
469
313
922
33
666 660 674 643 691 698 622 655 601 678 638 693 662 694 635 615 646 640 699 626 636 684 614 658 607 631 681 632 677 697 661 692 649 695 667 663 637 620 633 628 669 671 659 629 668
676
708
322
833
612
90
801
152
223
747
111
564
56
230
319
932
611
139
347
719
202
421
832
377
679
51
503
418
865
793
355
39
304
151
471
656
123
295
231
689
812
146
168
957
384
507
562
497
621
239
515
810
100
444
970
867
91
52
248
619
254
1
987
585
710
129
587
180
552
565
724
286
287
831
700
685
268
706
716
368
391
916
597
680
159
726
504
436
488
648
770
863
827
583
653
764
860
86
808
838
711
933
745
777
999
893
196
260
240
608
790
857
980
172
429
137
947
397
35
814
259
83
609
748
320
107
30
639
683
308
212
226
477
279
164
16
193
47
265
613
602
190
461
70
122
797
955
306
11
209
34
158
759
197
215
568
864
191
550
754
750
819
362
53
399
383
186
6
937
325
290
737
581
951
198
84
60
5
664
378
707
528
551
65
935
634
792
78
998
690
276
117
527
688
841
41
502
604
909
241
522
463
270
501
13
412
156
233
923
182
618
432
519
214
45
870
243
696
413
493
847
990
407
555
181
953
539
19
451
513
59
789
58
257
942
859
900
372
730
840
713
376
575
558
400
297
244
450
440
535
876
946
331
997
387
600
408
335
624
927
652
94
976
121
77
411
188
10
443
85
843
267
68
969
328
175
201
945
977
603
170
69
409
500
455
130
447
598
616
452
495
779
991
741
617
315
31
344
623
89
572
526
576
992
333
492
907
966
187
220
228
373
271
654
727
644
842
309
402
118
43
446
385
305
358
453
523
136
538
192
785
263
48
758
423
44
213
928
766
80
771
850
905
103
673
686
627
449
294
733
641
102
382
28
606
410
310
484
561
687
251
234
821
273
349
472
825
780
914
462
993
23
269
625
179
184
97
247
725
67
650
904
910
316
374
807
93
541
605
729
742
496
682
763
879
567
524
752
303
775
113
300
380
630
176
37
963
177
289
178
417
199
862
292
553
642
917
834
454
943
751
856
795
296
301
120
312
794
672
337
101
738
61
705
645
815
886
811
675
232
42
778
647
835
592
211
64
365
189
153
610
855
881
224
948
321
481
869
800
62
88
395
657
302
329
925
194
978
734
975
171
796