973
24 79 18 22 55 36 20 26 95 54 96 76 12 82 9 57 49 29 74 87 0 25 3 14 40 81 75 7 72 92 21 99 46 38 73 66 2 27 63 4 98 15 32 50
114
438
110
891 817 830 813 872 853 836 884 875 849 887 897 829 898 889 824 846 861 883 894 839 868 803 818 874 820 816 890 844 878 877 882 822 854 866 804 848 892 858 885 845 806 837 823 809 871 826 888 880 899 805 828 852 851 896
873
962 934 981 965 944 995 930 961 912 972 982 921 936 967 901 971 960 911 996 908 989 940 929 988 974 986 924 918 968 949 941 938 902 964 926 906 952 931 984 919 950 956 979 920 958 939 959 913 903 985 983
222 227 272 255 237 284 216 203 293 261 204 253 252 288 236 274 219 291 200 207 218 229 208 266 262 221 245 298 256 205 281 280 277 249 282 258 210 235 238 278 299 285 250 246 275 225 283 217 242
149
746
112 155 185 157 115 133 154 134 105 116 127 160 174 195 106 148 161 135 147 142 167 126 162 124 165 108 119 173 150 166 163 143 131 169 145 132 138 144 183 140 141 109 125 104
670
802
954
441 464 456 470 459 416 442 486 475 401 405 466 433 487 467 498 414 403 406 474 479 489 460 457 427 445 422 424 428 435 491 490 426 480 473 468 437 439 465 425 434 419 420 494 415 430 458 482 404 483 499 478 476 431 448 485
530 521 591 506 517 545 588 543 599 544 579 518 556 537 514 582 546 520 525 569 584 570 509 560 533 577 589 516 540 578 549 529 531 559 573 511 574 510 532 586 596 566 542 557 594 571 563 590 512 508 595 593 580 505 536 534 554
8
332 348 339 341 359 366 330 364 346 381 318 370 352 345 389 369 360 327 353 367 398 396 354 324 392 338 314 311 357 394 390 307 379 393 371 336 326 334 351 363 361 342 375 343 340 317 323 386 388 356 350
994
264
548
665
71
17
703
709
651
895
731 740 799 728 723 755 736 739 718 753 757 715 786 768 749 714 787 783 743 722 774 791 782 732 773 756 762 701 776 767 769 721 784 781 761 788 735 744 720 798 717 765 704 702 772 760 712
206
128
915
469
313
922
33
615 628 633 674 662 601 638 698 636 668 692 637 658 649 632 629 669 631 693 660 640 681 678 643 659 626 667 646 620 655 614 677 671 694 666 635 663 622 684 699 607 697 695 691 661
676
708
322
833
612
90
801
152
223
747
111
564
56
230
319
932
611
139
347
719
202
421
832
377
679
51
503
418
865
793
355
39
304
151
471
656
123
295
231
689
812
146
168
957
384
507
562
497
621
239
515
810
100
444
970
867
91
52
248
619
254
1
987
585
710
129
587
180
552
565
724
286
287
831
700
685
268
706
716
368
391
916
597
680
159
726
504
436
488
648
770
863
827
583
653
764
860
86
808
838
711
933
745
777
999
893
196
260
240
608
790
857
980
172
429
137
947
397
35
814
259
83
609
748
320
107
30
639
683
308
212
226
477
279
164
16
193
47
265
613
602
190
461
70
122
797
955
306
11
209
34
158
759
197
215
568
864
191
550
754
750
819
362
53
399
383
547
186
6
937
325
290
737
581
951
198
84
60
5
664
378
707
528
551
65
935
634
792
78
998
690
276
117
527
688
841
41
502
604
909
241
522
463
270
501
13
412
156
233
923
182
618
432
519
214
45
870
243
696
413
493
847
990
407
555
181
953
539
19
451
513
59
789
58
257
942
859
900
372
730
840
713
376
575
558
400
297
244
450
440
535
876
946
331
997
387
600
408
335
624
927
652
94
976
121
77
411
188
10
443
85
843
267
68
969
328
175
201
945
977
603
170
69
409
500
455
130
447
598
616
452
495
779
991
741
617
315
31
344
623
89
572
526
576
992
333
492
907
966
187
220
228
373
271
654
727
644
842
309
402
118
43
446
385
305
358
453
523
136
538
192
785
263
48
758
423
44
213
928
766
80
771
850
905
103
673
686
627
449
294
733
641
102
382
28
606
410
310
484
561
687
251
234
821
273
349
472
825
780
914
462
993
23
269
625
179
184
97
247
725
67
650
904
910
316
374
807
93
541
605
729
742
496
682
763
879
567
524
752
303
775
113
300
380
630
176
37
963
177
289
178
417
199
862
292
553
642
917
834
454
943
751
856
795
296
301
120
312
794
672
337
101
738
61
705
645
815
886
811
675
232
42
778
647
835
592
211
64
365
189
153
610
855
881
224
948
321
481
869
800
62
88
395
657
302
329
925
194
978
734
975
171
796