973
0 76 29 3 36 4 24 2 99 7 12 81 22 74 92 75 49 72 40 15 96 55 46 25 9 95 14 20 66 54 73 98 79 63 18 38 50 57 32 87 26 27 21 82
114
438
110
889 830 858 849 806 896 878 853 805 880 836 839 817 824 809 897 846 828 813 885 884 892 851 894 890 871 823 882 826 866 822 872 837 803 844 804 887 845 898 861 868 877 888 820 891 848 899 816 852 883 829 875 818 874 854
873
984 903 979 938 974 983 941 964 929 982 967 965 981 911 950 908 959 986 949 920 958 912 989 906 936 988 939 961 930 926 996 962 956 934 968 924 901 972 918 940 985 921 919 971 995 944 952 960 913 902 931
261 274 258 278 284 293 225 280 222 238 218 229 207 210 217 250 227 288 208 299 205 245 272 283 281 204 256 221 298 285 253 255 282 237 246 235 266 200 252 242 219 203 262 277 291 236 249 275
149
746
185 150 133 112 148 155 169 135 144 132 157 165 142 127 108 140 106 126 145 160 154 131 167 138 174 115 116 173 147 143 125 105 195 163 166 141 119 183 124 162 109 134 104 161
670
802
954
483 431 485 482 468 499 489 434 424 490 474 403 442 419 487 437 439 494 465 415 467 486 428 426 458 479 457 445 405 456 473 478 464 476 435 448 404 491 420 430 425 498 416 460 406 414 459 433 422 470 466 475 427 480 441 401
577 546 571 530 588 589 582 531 591 521 518 542 537 545 543 506 573 580 584 509 534 566 557 599 554 556 512 510 579 544 505 517 570 529 532 520 594 536 514 578 563 549 586 596 569 533 574 593 595 559 560 590 525 511 540 516 508
8
398 363 356 323 345 311 393 324 396 379 361 326 339 369 364 334 375 388 354 340 352 342 332 350 366 394 371 351 348 317 318 307 343 353 367 392 314 389 327 390 336 330 338 341 370 360 359 381 346 357 386
994
264
548
665
71
17
703
709
651
895
773 744 765 702 787 735 736 756 782 757 720 739 767 760 783 714 755 731 712 786 798 799 743 715 721 728 740 774 749 781 762 701 769 776 718 761 722 717 772 704 784 768 753 791 732 723 788
206
128
915
469
313
922
33
633 620 637 614 626 658 667 635 697 694 677 681 666 632 663 622 662 668 628 638 660 640 661 659 692 655 646 636 684 693 695 601 629 678 607 698 671 674 649 631 699 643 669 615 691
676
708
322
833
612
90
801
152
223
747
111
564
56
230
319
932
611
139
347
719
202
421
832
377
679
51
503
418
865
793
355
39
304
151
471
656
123
295
231
689
812
146
168
957
384
507
562
497
621
239
515
810
100
444
970
867
91
52
248
619
254
1
987
585
710
129
587
180
552
565
724
286
287
831
700
685
268
706
716
368
391
916
597
680
159
726
504
436
488
648
770
863
827
583
653
764
860
86
808
838
711
933
745
777
999
893
196
260
240
608
216
790
857
980
172
429
137
947
397
35
814
259
83
609
748
320
107
30
639
683
308
212
226
477
279
164
16
193
47
265
613
602
190
461
70
122
797
955
306
11
209
34
158
759
197
215
568
864
191
550
754
750
819
362
53
399
383
547
186
6
937
325
290
737
581
951
198
84
60
5
664
378
707
528
551
65
935
634
792
78
998
690
276
117
527
688
841
41
502
604
909
241
522
463
270
501
13
412
156
233
923
182
618
432
519
214
45
870
243
696
413
493
847
990
407
555
181
953
539
19
451
513
59
789
58
257
942
859
900
372
730
840
713
376
575
558
400
297
244
450
440
535
876
946
331
997
387
600
408
335
624
927
652
94
976
121
77
411
188
10
443
85
843
267
68
969
328
175
201
945
977
603
170
69
409
500
455
130
447
598
616
452
495
779
991
741
617
315
31
344
623
89
572
526
576
992
333
492
907
966
187
220
228
373
271
654
727
644
842
309
402
118
43
446
385
305
358
453
523
136
538
192
785
263
48
758
423
44
213
928
766
80
771
850
905
103
673
686
627
449
294
733
641
102
382
28
606
410
310
484
561
687
251
234
821
273
349
472
825
780
914
462
993
23
269
625
179
184
97
247
725
67
650
904
910
316
374
807
93
541
605
729
742
496
682
763
879
567
524
752
303
775
113
300
380
630
176
37
963
177
289
178
417
199
862
292
553
642
917
834
454
943
751
856
795
296
301
120
312
794
672
337
101
738
61
705
645
815
886
811
675
232
42
778
647
835
592
211
64
365
189
153
610
855
881
224
948
321
481
869
800
62
88
395
657
302
329
925
194
978
734
975
171
796