973
46 15 66 87 18 21 79 95 50 81 55 49 32 74 73 20 63 4 12 29 7 24 99 22 0 26 27 36 38 76 54 2 92 3 25 96 9 98 57 40 72 75 14 82
114
438
110
894 823 844 813 872 874 820 809 817 897 853 888 805 896 826 866 846 875 816 837 892 861 803 877 884 829 848 822 806 828 804 868 899 854 887 880 878 871 836 824 883 851 845 885 858 898 849 852 830 890 891 818 889 839 882
873
996 958 967 911 913 972 939 962 924 926 984 995 938 906 952 983 930 950 908 934 949 982 901 965 968 921 919 918 941 929 979 961 944 964 985 974 912 971 960 988 936 902 920 940 981 931 956 959 986 989 903
256 221 237 208 222 219 272 229 274 291 266 249 299 203 258 217 218 236 298 200 235 288 284 225 275 278 210 204 252 205 281 238 282 207 227 283 261 262 245 255 246 250 280 293 253 277 242
149
746
160 141 135 150 174 148 169 143 185 195 140 133 145 106 173 166 134 131 165 105 125 115 109 142 132 138 161 108 116 119 162 104 183 112 126 127 144 167 163 154 155 124 147 157
670
802
954
480 433 467 439 425 473 442 445 435 401 487 460 424 420 456 468 416 474 478 476 441 459 491 405 426 415 466 430 483 499 489 490 457 498 414 465 419 448 431 494 437 482 428 475 486 485 470 434 479 403 406 404 427 464 422 458
594 570 533 512 584 531 571 596 580 577 579 582 544 520 537 514 590 506 534 595 536 591 559 557 573 589 543 574 529 521 532 560 530 586 510 569 563 542 556 505 554 517 511 549 518 516 509 525 578 508 588 546 545 593 599 566 540
8
314 336 361 370 360 346 323 326 371 343 356 363 340 307 338 367 369 352 388 396 359 393 394 334 341 381 327 311 386 398 318 366 330 342 392 350 390 348 357 364 339 375 351 354 379 353 324 332 317 345 389
994
264
548
665
71
17
703
709
651
895
723 768 784 721 776 772 743 773 720 702 774 762 714 753 701 732 728 749 722 791 786 781 715 712 798 735 740 787 717 769 783 761 744 755 739 782 718 760 704 767 757 731 799 765 788 756 736
206
128
915
469
313
922
33
668 693 622 667 636 697 628 629 669 646 695 655 635 620 678 674 660 699 671 659 662 614 677 615 684 661 649 626 658 640 691 692 601 607 643 681 631 694 637 632 633 666 638 698 663
676
708
322
833
285
612
90
801
152
223
747
111
564
56
230
319
932
611
139
347
719
202
421
832
377
679
51
503
418
865
793
355
39
304
151
471
656
123
295
231
689
812
146
168
957
384
507
562
497
621
239
515
810
100
444
970
867
91
52
248
619
254
1
987
585
710
129
587
180
552
565
724
286
287
831
700
685
268
706
716
368
391
916
597
680
159
726
504
436
488
648
770
863
827
583
653
764
860
86
808
838
711
933
745
777
999
893
196
260
240
608
216
790
857
980
172
429
137
947
397
35
814
259
83
609
748
320
107
30
639
683
308
212
226
477
279
164
16
193
47
265
613
602
190
461
70
122
797
955
306
11
209
34
158
759
197
215
568
864
191
550
754
750
819
362
53
399
383
547
186
6
937
325
290
737
581
951
198
84
60
5
664
378
707
528
551
65
935
634
792
78
998
690
276
117
527
688
841
41
502
604
909
241
522
463
270
501
13
412
156
233
923
182
618
432
519
214
45
870
243
696
413
493
847
990
407
555
181
953
539
19
451
513
59
789
58
257
942
859
900
372
730
840
713
376
575
558
400
297
244
450
440
535
876
946
331
997
387
600
408
335
624
927
652
94
976
121
77
411
188
10
443
85
843
267
68
969
328
175
201
945
977
603
170
69
409
500
455
130
447
598
616
452
495
779
991
741
617
315
31
344
623
89
572
526
576
992
333
492
907
966
187
220
228
373
271
654
727
644
842
309
402
118
43
446
385
305
358
453
523
136
538
192
785
263
48
758
423
44
213
928
766
80
771
850
905
103
673
686
627
449
294
733
641
102
382
28
606
410
310
484
561
687
251
234
821
273
349
472
825
780
914
462
993
23
269
625
179
184
97
247
725
67
650
904
910
316
374
807
93
541
605
729
742
496
682
763
879
567
524
752
303
775
113
300
380
630
176
37
963
177
289
178
417
199
862
292
553
642
917
834
454
943
751
856
795
296
301
120
312
794
672
337
101
738
61
705
645
815
886
811
675
232
42
778
647
835
592
211
64
365
189
153
610
855
881
224
948
321
481
869
800
62
88
395
657
302
329
925
194
978
734
975
171
796