973
18 50 66 74 75 22 24 25 0 32 87 73 76 7 9 79 57 2 92 38 36 54 82 63 81 55 95 40 49 72 4 20 26 29 27 21 96 14 46 15 3 12 98 99
114
438
110
823 889 866 803 851 882 885 896 845 839 830 836 816 890 805 817 852 820 824 853 887 897 898 844 871 892 888 891 874 899 826 877 813 884 809 822 875 804 828 868 854 818 829 872 849 837 878 846 806 861 858 848 883 894 880
873
989 964 965 941 930 983 940 919 995 996 931 974 979 903 912 960 971 918 981 911 967 949 913 902 926 982 956 988 929 908 906 984 968 952 938 958 936 985 961 901 950 921 959 934 920 944 972 924 939 962 986
291 278 222 255 236 266 204 235 227 219 281 221 250 229 225 282 283 246 217 242 218 274 275 261 298 293 272 210 207 258 256 288 200 284 208 299 245 203 277 262 249 252 238 237 205 253 280
149
746
147 131 173 116 134 167 138 163 140 106 169 148 155 108 133 154 127 141 126 183 166 174 142 125 195 124 157 132 119 115 112 104 144 185 165 109 162 143 105 161 160 135 150
670
802
954
470 474 457 459 499 414 490 425 430 486 439 494 415 456 448 465 489 426 479 467 435 468 464 431 478 401 475 482 487 491 420 483 424 485 460 404 406 428 476 405 498 437 442 419 445 458 473 433 441 466 427 422 480 434 403 416
540 570 525 559 590 582 509 516 579 506 511 573 560 544 595 566 542 517 530 534 546 518 531 549 556 508 596 512 520 505 586 529 563 589 514 588 593 569 584 536 599 594 577 574 510 580 591 533 543 537 545 532 557 554 571 521 578
8
392 340 367 388 356 332 343 307 363 341 394 314 311 364 323 352 354 334 330 393 346 396 317 361 371 350 359 345 338 386 360 336 390 342 339 370 318 327 353 389 369 375 326 379 366 351 398 348 357 324 381
994
264
548
665
71
17
703
709
651
895
768 753 715 784 765 760 722 702 721 736 798 743 728 714 749 757 744 783 799 701 704 767 787 773 732 772 755 720 740 735 731 762 769 782 717 718 776 723 739 761 788 774 791 786 756 781 712
206
128
915
469
313
922
33
692 635 691 631 626 668 607 633 632 669 620 663 699 678 698 614 655 660 615 681 694 640 659 695 667 629 637 628 693 662 677 666 643 646 636 601 684 697 671 622 661 649 638 658 674
676
708
322
833
285
612
90
801
152
223
747
111
564
56
230
319
932
611
139
347
719
202
421
832
377
679
51
503
418
865
793
355
39
304
151
471
656
123
295
231
689
812
146
168
957
384
507
562
497
621
239
515
810
100
444
970
867
91
52
248
619
254
1
987
585
710
129
587
145
180
552
565
724
286
287
831
700
685
268
706
716
368
391
916
597
680
159
726
504
436
488
648
770
863
827
583
653
764
860
86
808
838
711
933
745
777
999
893
196
260
240
608
216
790
857
980
172
429
137
947
397
35
814
259
83
609
748
320
107
30
639
683
308
212
226
477
279
164
16
193
47
265
613
602
190
461
70
122
797
955
306
11
209
34
158
759
197
215
568
864
191
550
754
750
819
362
53
399
383
547
186
6
937
325
290
737
581
951
198
84
60
5
664
378
707
528
551
65
935
634
792
78
998
690
276
117
527
688
841
41
502
604
909
241
522
463
270
501
13
412
156
233
923
182
618
432
519
214
45
870
243
696
413
493
847
990
407
555
181
953
539
19
451
513
59
789
58
257
942
859
900
372
730
840
713
376
575
558
400
297
244
450
440
535
876
946
331
997
387
600
408
335
624
927
652
94
976
121
77
411
188
10
443
85
843
267
68
969
328
175
201
945
977
603
170
69
409
500
455
130
447
598
616
452
495
779
991
741
617
315
31
344
623
89
572
526
576
992
333
492
907
966
187
220
228
373
271
654
727
644
842
309
402
118
43
446
385
305
358
453
523
136
538
192
785
263
48
758
423
44
213
928
766
80
771
850
905
103
673
686
627
449
294
733
641
102
382
28
606
410
310
484
561
687
251
234
821
273
349
472
825
780
914
462
993
23
269
625
179
184
97
247
725
67
650
904
910
316
374
807
93
541
605
729
742
496
682
763
879
567
524
752
303
775
113
300
380
630
176
37
963
177
289
178
417
199
862
292
553
642
917
834
454
943
751
856
795
296
301
120
312
794
672
337
101
738
61
705
645
815
886
811
675
232
42
778
647
835
592
211
64
365
189
153
610
855
881
224
948
321
481
869
800
62
88
395
657
302
329
925
194
978
734
975
171
796