973
75 27 7 82 63 81 57 2 29 96 25 0 21 99 38 87 95 76 14 4 54 50 72 15 40 49 79 32 98 12 73 24 92 66 55 46 3 22 18 74 9 26 20 36
114
438
110
861 823 846 877 887 839 883 898 889 828 854 852 851 824 820 848 806 845 885 880 896 872 816 853 894 830 804 899 890 878 836 871 818 829 844 858 891 884 874 875 882 803 826 837 822 817 897 805 868 888 813 892 866 809 849
873
985 972 926 929 902 906 911 968 962 921 919 960 939 930 934 984 982 995 912 971 940 964 967 959 938 924 986 903 908 961 944 936 920 913 901 974 949 983 988 941 996 981 931 958 979 989 965 956 950 952
288 204 280 291 282 274 253 262 277 229 200 278 238 293 281 222 208 203 219 218 256 235 217 207 299 261 245 227 237 255 283 205 246 266 242 221 275 272 298 225 252 236 249 250 258 284 210
149
746
132 135 115 160 126 161 147 108 105 141 165 125 144 148 119 150 174 140 127 154 104 134 167 162 169 185 112 155 109 131 142 116 133 106 143 195 163 138 183 166 173 157 124
670
802
954
405 487 435 404 419 420 483 499 431 448 478 467 401 457 473 430 475 485 486 489 441 498 437 426 439 474 490 482 434 476 491 416 415 422 424 466 445 464 403 414 456 428 459 458 460 425 468 427 442 480 479 465 433 470 494 406
554 509 577 543 516 588 510 590 560 532 593 571 549 557 594 529 525 579 563 521 582 599 514 546 533 566 559 518 580 584 540 574 511 544 542 556 517 569 595 586 531 591 545 573 520 508 534 536 537 589 512 570 530 596 505 578 506
8
398 317 323 342 307 338 379 371 326 364 367 334 336 332 396 354 375 393 340 341 314 363 360 366 350 324 359 357 388 356 361 386 369 353 327 343 330 352 339 345 381 370 392 351 318 394 390 389 311 346 348
994
264
548
665
71
17
703
709
651
895
704 769 774 776 761 749 781 768 718 702 721 767 732 755 762 772 728 791 712 722 744 735 753 717 788 739 765 736 715 784 743 756 723 798 783 787 760 731 782 773 701 786 740 720 757 799 714
206
128
915
469
313
922
33
666 649 633 658 671 614 667 626 628 661 631 697 662 655 636 677 607 674 622 692 678 695 620 660 637 693 632 663 668 643 615 635 659 684 699 694 681 629 640 691 646 698 669 638 601
676
708
322
833
285
612
90
801
152
223
747
111
564
56
230
319
932
611
139
347
719
202
421
832
377
679
51
503
418
865
793
355
39
304
151
471
656
123
295
231
689
812
146
168
957
384
507
562
497
621
239
515
810
100
444
970
867
91
52
248
619
254
1
987
585
710
918
129
587
145
180
552
565
724
286
287
831
700
685
268
706
716
368
391
916
597
680
159
726
504
436
488
648
770
863
827
583
653
764
860
86
808
838
711
933
745
777
999
893
196
260
240
608
216
790
857
980
172
429
137
947
397
35
814
259
83
609
748
320
107
30
639
683
308
212
226
477
279
164
16
193
47
265
613
602
190
461
70
122
797
955
306
11
209
34
158
759
197
215
568
864
191
550
754
750
819
362
53
399
383
547
186
6
937
325
290
737
581
951
198
84
60
5
664
378
707
528
551
65
935
634
792
78
998
690
276
117
527
688
841
41
502
604
909
241
522
463
270
501
13
412
156
233
923
182
618
432
519
214
45
870
243
696
413
493
847
990
407
555
181
953
539
19
451
513
59
789
58
257
942
859
900
372
730
840
713
376
575
558
400
297
244
450
440
535
876
946
331
997
387
600
408
335
624
927
652
94
976
121
77
411
188
10
443
85
843
267
68
969
328
175
201
945
977
603
170
69
409
500
455
130
447
598
616
452
495
779
991
741
617
315
31
344
623
89
572
526
576
992
333
492
907
966
187
220
228
373
271
654
727
644
842
309
402
118
43
446
385
305
358
453
523
136
538
192
785
263
48
758
423
44
213
928
766
80
771
850
905
103
673
686
627
449
294
733
641
102
382
28
606
410
310
484
561
687
251
234
821
273
349
472
825
780
914
462
993
23
269
625
179
184
97
247
725
67
650
904
910
316
374
807
93
541
605
729
742
496
682
763
879
567
524
752
303
775
113
300
380
630
176
37
963
177
289
178
417
199
862
292
553
642
917
834
454
943
751
856
795
296
301
120
312
794
672
337
101
738
61
705
645
815
886
811
675
232
42
778
647
835
592
211
64
365
189
153
610
855
881
224
948
321
481
869
800
62
88
395
657
302
329
925
194
978
734
975
171
796