973
55 50 25 73 32 7 21 36 2 81 24 75 40 27 9 22 0 15 20 95 14 12 96 3 49 99 92 79 57 46 18 38 63 76 72 82 98 87 74 29 26 4 66
114
438
110
868 896 828 882 826 837 852 872 898 884 877 849 892 817 848 894 866 822 897 883 830 844 803 874 854 839 858 806 861 836 845 824 878 887 891 820 871 818 809 888 889 829 804 880 805 885 823 890 816 813 851 853 846 899 875
873
903 936 985 908 967 983 919 902 940 929 912 926 934 989 971 938 974 949 972 982 968 988 913 962 901 941 986 944 964 921 959 930 931 911 981 939 950 956 906 995 961 996 965 960 984 958 952 924 920 979
204 252 278 222 249 274 299 227 242 218 281 253 298 200 275 277 210 236 284 280 288 203 272 250 245 235 282 237 225 246 205 258 208 261 256 238 255 219 266 283 229 221 217 291 293 207 262
149
746
183 132 157 162 166 150 174 154 147 140 133 165 173 116 161 125 138 127 105 185 135 112 131 148 144 155 167 115 143 160 124 169 109 108 119 104 163 126 142 134 141 195 106
670
802
954
475 434 499 431 420 415 483 485 466 437 480 448 460 479 491 428 414 439 489 427 456 486 425 490 445 403 474 468 401 465 498 476 404 473 441 442 470 482 433 435 458 487 424 405 467 419 494 457 478 416 406 422 426 459 464 430
582 569 543 510 521 560 574 577 514 532 530 520 588 533 540 579 557 525 556 529 589 536 563 578 573 554 534 509 594 537 570 590 508 511 512 580 599 545 549 584 546 596 516 595 518 505 531 544 542 506 517 566 559 586 591 571 593
8
398 348 317 386 314 352 394 332 334 345 339 396 351 367 393 311 346 381 330 342 340 388 323 359 389 379 360 326 327 363 392 356 338 371 343 370 336 364 361 318 390 366 350 357 369 324 307 354 353 341 375
994
264
548
665
71
17
703
709
651
895
783 744 715 755 701 753 762 702 723 788 791 767 732 768 740 728 784 773 749 776 782 798 743 756 722 765 769 760 720 731 739 735 761 721 714 772 799 717 718 736 787 704 781 774 712 786 757
206
128
915
469
313
922
33
614 668 628 637 661 622 681 660 693 607 633 674 669 691 695 640 684 643 692 667 666 649 629 638 662 694 697 678 646 663 699 601 636 698 632 615 626 659 631 658 655 677 620 635 671
676
708
322
833
285
612
90
801
152
223
747
111
564
56
230
319
932
611
139
347
719
202
421
832
377
679
51
503
418
865
793
355
39
304
151
471
656
123
295
231
689
812
146
168
957
384
507
562
497
621
239
515
810
100
444
970
867
91
52
248
619
254
1
987
585
710
918
129
587
145
180
552
565
724
286
287
831
700
685
268
706
716
368
391
916
597
680
159
726
504
436
488
648
770
863
827
583
653
764
860
86
808
838
711
933
745
777
999
893
196
260
240
608
216
790
857
980
172
429
137
947
397
35
814
259
83
609
748
320
107
30
639
683
308
212
226
477
279
164
16
193
47
265
613
602
190
461
70
122
797
955
306
11
209
34
158
759
197
215
568
864
191
550
754
750
819
362
53
399
383
547
186
6
937
325
290
737
581
951
198
84
60
5
664
378
707
528
551
65
935
634
792
78
998
690
276
117
527
688
841
41
502
604
909
241
522
463
270
501
13
412
156
233
923
182
618
432
519
214
45
870
243
696
413
493
847
990
407
555
181
953
539
19
451
513
59
789
58
257
942
859
900
372
730
840
713
376
575
558
400
297
244
450
440
535
876
946
331
997
387
600
408
335
624
927
652
94
976
121
77
411
188
10
443
85
843
267
68
969
328
175
201
945
977
603
170
69
409
500
455
130
447
598
616
452
495
779
991
741
617
315
31
344
623
89
572
526
576
992
333
492
907
966
187
220
228
373
271
654
727
644
842
309
402
118
43
446
385
305
358
453
523
136
538
192
785
263
48
758
423
44
213
928
766
80
771
850
905
103
673
686
627
449
294
733
641
102
382
28
606
410
310
484
561
687
251
234
821
273
349
472
825
780
914
462
993
23
269
625
179
184
97
247
725
67
650
904
910
316
54
374
807
93
541
605
729
742
496
682
763
879
567
524
752
303
775
113
300
380
630
176
37
963
177
289
178
417
199
862
292
553
642
917
834
454
943
751
856
795
296
301
120
312
794
672
337
101
738
61
705
645
815
886
811
675
232
42
778
647
835
592
211
64
365
189
153
610
855
881
224
948
321
481
869
800
62
88
395
657
302
329
925
194
978
734
975
171
796