973
12 24 15 66 82 9 25 92 99 81 50 22 75 63 55 18 79 0 40 95 57 72 27 74 21 20 49 2 73 46 98 87 14 32 26 38 4 76 36 29 3 7 96
114
438
110
818 899 888 887 817 866 846 884 803 822 875 872 853 852 849 848 889 805 829 861 839 828 868 882 898 836 894 890 844 877 871 883 837 820 851 897 858 892 809 845 806 816 880 804 854 878 823 824 885 896 830 891 826 813 874
873
934 989 981 908 920 952 971 911 929 921 988 986 940 979 930 902 983 950 936 924 968 972 964 982 960 961 901 926 959 949 995 903 913 996 944 985 938 941 958 962 906 912 919 939 967 931 984 974 965 956
222 249 218 261 205 282 245 255 203 219 252 210 217 207 281 277 236 204 272 275 278 253 274 229 262 291 246 208 256 258 283 288 242 221 235 284 250 200 225 227 280 293 299 266 238 237 298
149
746
108 132 167 104 160 150 183 105 195 161 126 143 155 165 116 115 162 133 119 148 169 154 106 157 135 141 131 174 173 147 144 163 142 140 185 112 138 127 125 124 134 166 109
670
802
954
435 478 460 485 476 467 430 489 483 405 404 457 415 498 491 401 403 422 439 473 445 486 466 437 490 479 494 420 427 464 448 499 414 456 426 434 465 424 487 458 441 480 416 474 442 428 459 433 468 419 475 470 425 482 431 406
563 514 577 542 554 589 549 588 569 512 596 530 532 521 582 525 557 560 505 545 537 511 599 590 520 574 517 593 594 566 531 533 584 506 556 508 543 580 540 534 571 509 573 510 578 516 595 536 559 529 570 591 518 546 544 586 579
8
370 350 348 398 345 314 311 332 367 393 363 379 392 352 359 381 340 343 338 317 361 386 324 334 360 354 389 336 330 388 375 366 307 326 351 356 341 394 369 371 390 364 353 318 357 323 346 342 327 339 396
994
264
548
665
71
17
703
709
651
895
762 757 776 704 783 714 799 765 739 701 769 735 761 721 740 723 774 786 760 788 753 736 717 791 768 743 756 720 712 755 715 731 772 782 784 718 749 744 728 767 787 732 702 781 722 773
206
128
915
469
313
922
33
694 662 667 674 649 631 669 626 628 691 681 661 615 629 632 655 646 640 658 643 678 695 601 663 638 698 614 622 637 671 666 636 660 633 684 692 668 659 699 693 635 607 677 697 620
676
708
322
833
285
612
90
801
152
223
747
111
564
56
230
319
932
611
139
347
719
202
421
832
377
679
51
503
418
865
793
355
39
304
151
471
656
123
295
231
689
812
146
168
957
384
507
562
497
621
239
515
810
100
444
970
867
91
52
248
619
254
1
987
585
710
918
129
587
145
180
552
565
724
286
287
831
700
685
268
706
716
368
391
916
597
680
159
726
504
436
488
648
770
863
827
583
653
764
860
86
808
838
711
933
745
777
999
893
196
260
240
608
216
790
857
980
172
429
137
947
397
35
814
259
83
609
748
320
107
30
639
683
308
212
226
477
279
164
16
193
47
265
613
602
190
461
70
122
797
955
306
11
209
34
158
759
197
215
568
864
191
550
754
750
819
362
53
399
383
547
186
6
937
325
290
737
581
951
198
84
60
5
664
378
707
528
551
65
935
634
792
78
998
690
276
117
527
688
841
41
502
604
909
241
522
463
270
501
13
412
156
233
923
182
618
432
519
214
45
870
243
696
413
493
847
990
407
555
181
953
539
19
451
513
59
789
58
257
942
859
900
372
730
840
713
376
575
558
400
297
244
450
440
535
876
946
331
997
387
600
408
335
624
927
652
94
976
798
121
77
411
188
10
443
85
843
267
68
969
328
175
201
945
977
603
170
69
409
500
455
130
447
598
616
452
495
779
991
741
617
315
31
344
623
89
572
526
576
992
333
492
907
966
187
220
228
373
271
654
727
644
842
309
402
118
43
446
385
305
358
453
523
136
538
192
785
263
48
758
423
44
213
928
766
80
771
850
905
103
673
686
627
449
294
733
641
102
382
28
606
410
310
484
561
687
251
234
821
273
349
472
825
780
914
462
993
23
269
625
179
184
97
247
725
67
650
904
910
316
54
374
807
93
541
605
729
742
496
682
763
879
567
524
752
303
775
113
300
380
630
176
37
963
177
289
178
417
199
862
292
553
642
917
834
454
943
751
856
795
296
301
120
312
794
672
337
101
738
61
705
645
815
886
811
675
232
42
778
647
835
592
211
64
365
189
153
610
855
881
224
948
321
481
869
800
62
88
395
657
302
329
925
194
978
734
975
171
796