973
4 22 14 74 29 7 73 55 95 15 38 75 82 25 50 24 66 26 87 49 12 79 27 40 99 36 72 0 57 18 98 2 20 9 92 63 21 46 76 32 96 3 81
114
438
110
837 898 861 896 809 816 851 858 846 889 854 885 845 878 836 888 806 848 880 852 813 875 890 818 877 871 828 892 887 849 868 823 872 884 899 883 897 882 844 874 829 866 804 853 817 891 839 830 826 824 803 820 805 894 822
873
929 924 920 988 958 926 931 921 968 936 996 919 912 981 982 913 934 964 986 950 911 939 967 989 965 959 906 952 972 938 930 940 949 902 903 901 941 974 944 979 971 908 961 985 995 962 956 960 983 984
205 219 227 207 246 283 250 235 208 238 245 298 236 210 225 282 256 217 281 249 293 204 222 291 229 288 218 242 274 261 255 262 277 203 200 266 278 284 280 252 299 272 258 253 237 221 275
149
746
112 116 148 125 132 147 133 138 167 105 183 165 157 166 119 142 154 195 140 124 174 127 131 134 173 135 104 126 106 144 185 141 155 143 163 109 162 169 161 160 108 115 150
670
802
954
457 491 458 464 439 416 430 434 475 499 490 414 465 420 489 442 419 487 403 467 441 448 459 466 470 480 445 456 426 486 401 415 431 485 428 476 427 404 425 406 437 483 473 433 435 424 478 460 498 482 468 494 474 422 405 479
571 542 533 509 566 569 589 577 599 517 520 595 529 596 544 540 554 505 556 579 560 514 521 536 559 586 582 545 543 580 590 546 537 512 584 549 530 531 573 516 594 574 518 588 508 532 557 534 563 593 591 525 570 506 578 511
8
393 338 379 394 341 359 339 327 389 381 352 348 364 396 371 363 323 375 314 370 345 386 324 330 398 307 318 332 326 342 353 390 361 369 351 388 334 346 354 367 336 350 340 357 360 343 317 356 366 392 311
994
264
548
665
71
17
703
709
651
895
736 787 721 718 783 772 786 731 768 781 739 702 765 788 712 704 756 776 762 714 753 717 743 761 791 723 774 720 769 715 732 799 728 735 744 784 740 773 755 757 760 782 722 749 701 767
206
128
915
469
313
922
33
620 674 655 697 662 661 631 646 660 699 668 614 659 658 638 667 666 637 601 669 694 663 626 691 643 695 681 678 698 622 615 677 692 640 684 628 632 633 671 649 607 636 635 629 693
676
708
322
833
285
612
90
801
152
223
747
111
564
56
230
319
932
611
139
347
719
202
421
832
377
679
51
503
418
865
793
355
39
304
151
471
656
123
295
231
689
812
146
168
957
384
507
562
497
621
239
515
810
100
444
970
867
91
52
248
619
254
1
987
585
710
918
129
587
145
180
552
565
724
286
287
831
700
685
268
706
716
368
391
916
597
680
159
726
504
436
488
648
770
863
827
583
653
764
860
86
808
838
711
933
745
777
999
893
196
260
240
608
216
790
857
980
172
429
137
947
397
35
814
259
83
609
748
320
107
30
639
683
308
212
226
477
279
164
16
193
47
265
613
602
190
461
70
122
797
955
306
11
209
34
158
759
197
215
568
864
191
550
754
750
819
362
53
399
383
547
186
6
937
325
290
737
581
951
198
84
60
5
664
378
707
528
551
65
935
634
792
78
998
690
276
117
527
688
841
41
502
604
909
241
522
463
270
501
13
412
156
233
923
182
618
432
519
214
45
870
243
696
413
493
847
990
407
555
181
953
539
19
451
513
59
789
58
257
942
859
900
372
730
840
713
376
575
558
400
297
244
450
510
440
535
876
946
331
997
387
600
408
335
624
927
652
94
976
798
121
77
411
188
10
443
85
843
267
68
969
328
175
201
945
977
603
170
69
409
500
455
130
447
598
616
452
495
779
991
741
617
315
31
344
623
89
572
526
576
992
333
492
907
966
187
220
228
373
271
654
727
644
842
309
402
118
43
446
385
305
358
453
523
136
538
192
785
263
48
758
423
44
213
928
766
80
771
850
905
103
673
686
627
449
294
733
641
102
382
28
606
410
310
484
561
687
251
234
821
273
349
472
825
780
914
462
993
23
269
625
179
184
97
247
725
67
650
904
910
316
54
374
807
93
541
605
729
742
496
682
763
879
567
524
752
303
775
113
300
380
630
176
37
963
177
289
178
417
199
862
292
553
642
917
834
454
943
751
856
795
296
301
120
312
794
672
337
101
738
61
705
645
815
886
811
675
232
42
778
647
835
592
211
64
365
189
153
610
855
881
224
948
321
481
869
800
62
88
395
657
302
329
925
194
978
734
975
171
796