973
76 21 96 14 22 50 3 49 29 12 82 20 92 9 25 0 81 63 2 46 40 87 4 27 75 24 32 99 98 15 74 55 26 38 79 73 36 57 18 95 7 72 66
114
438
110
851 899 874 871 882 887 806 866 822 804 818 889 824 853 845 885 837 890 813 897 820 846 868 805 809 829 828 817 877 883 858 830 872 844 898 826 875 803 839 823 891 848 849 861 836 880 894 884 888 852 878 816 854 892 896
873
903 989 983 949 912 939 971 988 984 921 934 919 944 920 908 962 940 995 965 936 985 924 968 931 967 913 930 986 974 901 926 964 979 972 902 996 982 959 961 960 929 958 906 938 950 956 941 952 911 981
293 227 299 207 205 217 283 258 284 253 203 278 280 266 275 262 222 298 291 250 282 204 272 245 252 261 229 274 246 235 249 219 238 210 200 242 221 281 255 225 236 237 208 288 277 256
149
746
135 105 125 127 140 132 133 148 126 167 143 157 150 116 166 106 124 115 155 109 138 195 112 174 160 104 154 162 161 165 144 134 173 185 141 169 183 147 142 131 163 108 119
670
802
954
430 474 458 487 476 427 479 475 499 485 466 426 406 428 478 415 456 473 405 422 491 439 437 414 486 480 467 445 442 482 494 401 465 483 489 459 419 431 416 433 403 425 434 420 490 460 404 464 470 424 498 441 448 468 435 457
571 563 540 580 520 545 508 543 569 514 549 530 570 544 532 586 517 509 579 546 566 506 577 578 595 512 582 516 511 536 589 537 599 591 505 557 521 554 593 590 518 529 533 594 542 556 560 534 559 584 574 573 531 588 596 525
8
354 348 311 386 341 346 345 389 390 324 361 342 371 370 356 364 352 338 394 359 307 318 332 339 351 393 326 369 343 334 336 350 396 381 340 392 323 353 314 367 357 330 360 327 375 363 317 388 366 398 379
994
264
548
665
71
17
703
709
651
895
761 773 760 712 774 772 720 744 749 765 723 781 786 782 753 704 722 783 767 776 701 718 799 787 736 731 755 739 740 788 721 791 762 732 715 768 784 717 743 714 735 756 728 702 769 757
206
128
915
469
313
922
33
659 678 635 668 637 695 649 662 607 614 666 640 681 643 667 615 697 698 699 684 694 628 638 693 692 663 646 691 661 601 629 631 677 658 620 669 633 626 632 671 622 674 636 660 655
676
708
322
833
285
612
90
801
152
223
747
111
564
56
230
319
932
611
139
347
719
202
421
832
377
679
51
503
418
865
793
355
39
304
151
471
656
123
295
231
689
812
146
168
957
384
507
562
497
621
239
515
810
100
444
970
867
91
52
248
619
254
1
987
585
710
918
129
587
145
180
552
565
724
286
287
831
700
685
268
706
716
368
391
916
597
680
159
726
504
436
488
648
770
863
827
583
653
764
860
86
808
838
711
933
745
777
999
893
196
260
240
608
216
790
857
980
172
429
137
947
397
35
814
259
83
609
748
320
107
30
639
683
308
212
226
477
279
164
16
193
47
265
613
602
190
461
70
122
797
955
306
11
209
34
158
759
197
215
568
864
191
550
754
750
819
362
53
399
383
547
186
6
937
325
290
737
581
951
198
84
60
5
664
378
707
528
551
65
935
634
792
78
998
690
276
117
527
688
841
41
502
604
909
241
522
463
270
501
13
412
156
233
923
182
618
432
519
214
45
870
243
696
413
493
847
990
407
555
181
953
539
19
451
513
59
789
58
257
942
859
900
372
730
840
713
376
575
558
400
297
244
450
510
440
535
876
946
331
997
387
600
408
335
624
927
652
94
976
798
121
77
411
188
10
443
85
843
267
68
969
328
175
201
945
977
603
170
69
409
500
455
130
447
598
616
452
495
779
991
741
617
315
31
344
623
89
572
526
576
992
333
492
907
966
187
220
228
373
271
654
727
644
842
309
402
118
43
446
385
305
358
453
523
136
538
192
785
263
48
758
423
44
213
928
766
80
771
850
905
103
673
686
627
449
294
733
641
102
382
28
606
410
310
484
561
218
687
251
234
821
273
349
472
825
780
914
462
993
23
269
625
179
184
97
247
725
67
650
904
910
316
54
374
807
93
541
605
729
742
496
682
763
879
567
524
752
303
775
113
300
380
630
176
37
963
177
289
178
417
199
862
292
553
642
917
834
454
943
751
856
795
296
301
120
312
794
672
337
101
738
61
705
645
815
886
811
675
232
42
778
647
835
592
211
64
365
189
153
610
855
881
224
948
321
481
869
800
62
88
395
657
302
329
925
194
978
734
975
171
796