973
20 26 81 27 32 15 72 2 22 76 96 98 99 49 12 55 79 29 82 14 3 92 9 66 95 63 74 4 0 50 87 73 38 21 7 46 25 24 75 57 40 36 18
114
438
110
853 874 823 861 889 882 872 888 806 848 817 866 897 883 894 875 868 839 878 816 820 846 813 830 824 818 851 822 880 898 887 809 896 849 845 885 871 837 804 828 858 803 852 844 829 892 854 890 877 836 884 891 805 899 826
873
968 936 971 996 911 988 960 920 989 959 901 903 930 974 949 919 965 929 972 995 924 961 982 967 985 939 962 956 934 952 964 908 931 921 941 940 986 912 979 958 906 944 902 913 938 983 950 926 984 981
204 262 255 250 252 219 235 266 258 229 246 217 253 299 207 293 210 225 237 283 236 203 280 272 291 245 222 277 200 284 227 238 249 275 298 256 288 274 242 221 205 281 208 282 278 261
149
746
104 133 162 185 167 106 154 116 115 105 163 166 142 125 195 147 138 155 141 108 126 132 183 135 148 144 143 112 157 109 174 165 119 169 134 160 124 161 127 150 131 173
670
802
954
475 499 482 458 485 489 478 420 480 404 483 433 498 442 434 459 422 476 425 428 441 414 445 406 426 448 415 403 470 487 457 430 431 437 486 479 401 465 456 474 424 491 466 467 490 439 416 494 427 460 405 468 464 473 419 435
508 571 574 579 586 536 542 556 514 578 545 577 517 506 549 554 560 573 533 566 512 546 532 563 582 593 543 596 559 595 537 530 594 570 569 599 591 525 505 584 509 521 518 531 580 557 590 511 588 540 516 534 529 544 589 520
8
360 317 318 332 390 352 324 354 357 366 343 350 323 327 361 338 363 353 314 367 386 339 381 359 336 388 340 370 311 356 371 364 351 379 375 307 348 389 341 394 392 326 398 369 342 393 334 346 330 345 396
994
264
548
665
71
17
703
709
651
895
776 781 739 720 722 717 773 786 783 728 704 736 732 799 767 784 757 749 702 782 761 723 787 715 755 721 791 714 788 756 768 744 753 774 765 740 772 769 718 760 743 762 731 712 735 701
206
128
915
469
313
922
33
667 666 674 629 697 638 660 620 659 614 671 626 669 643 691 637 622 661 615 646 693 678 635 668 632 663 694 649 655 681 607 677 628 631 662 640 633 601 698 636 699 692 658 695 684
676
708
322
833
285
612
90
801
152
223
747
111
564
56
230
319
932
611
139
347
719
202
421
832
377
679
51
503
418
865
793
355
39
304
151
471
656
123
295
231
689
812
146
168
957
384
507
562
497
621
239
515
810
100
444
970
867
91
52
248
619
254
1
987
585
710
918
129
587
145
180
552
565
724
286
287
831
700
685
268
706
716
368
391
916
597
680
159
726
504
436
488
648
770
863
827
583
653
764
860
86
808
838
711
933
745
777
999
893
196
260
240
608
216
790
857
980
172
429
137
947
397
35
814
259
83
609
748
320
107
30
639
683
308
212
226
477
279
164
16
193
47
265
613
602
190
461
70
122
797
955
306
11
209
34
158
759
197
215
568
864
191
550
754
750
819
362
53
399
383
547
186
6
937
325
290
737
581
951
198
84
60
5
664
378
707
528
551
65
935
634
792
78
998
690
276
117
527
688
841
41
502
604
909
241
522
463
270
501
13
412
156
233
923
182
618
432
519
214
45
870
243
696
413
493
847
990
407
555
181
953
539
19
451
513
59
789
58
257
942
859
900
372
730
840
713
376
575
558
400
297
244
450
510
440
535
876
946
331
997
387
600
408
335
624
927
652
94
976
798
121
77
411
188
10
443
85
843
267
68
969
328
175
201
945
977
603
170
69
409
500
455
130
447
598
616
452
495
779
991
741
617
315
31
344
623
89
572
526
576
992
333
492
907
966
187
220
228
373
271
654
727
644
842
309
402
118
43
446
385
305
358
453
523
136
538
192
785
263
48
758
423
44
213
928
766
80
771
850
905
103
673
686
627
449
294
733
641
102
382
28
606
410
310
484
561
218
687
251
234
821
273
349
472
825
780
914
462
993
23
269
625
140
179
184
97
247
725
67
650
904
910
316
54
374
807
93
541
605
729
742
496
682
763
879
567
524
752
303
775
113
300
380
630
176
37
963
177
289
178
417
199
862
292
553
642
917
834
454
943
751
856
795
296
301
120
312
794
672
337
101
738
61
705
645
815
886
811
675
232
42
778
647
835
592
211
64
365
189
153
610
855
881
224
948
321
481
869
800
62
88
395
657
302
329
925
194
978
734
975
171
796