973
66 26 92 46 75 98 14 32 63 73 36 95 76 40 50 3 55 21 87 27 20 2 9 22 25 7 18 72 96 12 49 24 74 79 81 15 99 38 4 57 82 0 29
114
438
110
872 866 849 892 805 839 816 883 829 888 894 851 877 806 817 820 878 818 852 889 804 884 896 874 822 854 882 845 875 890 826 861 844 824 837 809 853 836 846 871 858 897 898 880 823 830 899 887 868 828 885 891 813 803 848
873
985 972 995 929 941 959 906 913 974 968 926 934 967 996 983 912 920 911 949 986 965 982 901 930 936 952 908 931 971 903 921 960 940 989 981 944 979 938 939 924 961 902 950 962 958 956 919 988 964 984
221 275 237 283 293 207 205 238 225 222 274 235 277 236 291 266 203 284 252 272 208 250 229 219 256 204 200 210 280 282 281 246 242 288 258 253 227 217 245 262 299 298 278 249 261
149
746
125 116 185 150 174 138 134 105 148 157 154 104 132 143 167 115 144 127 183 119 131 147 161 163 169 160 141 155 195 133 162 173 112 108 165 126 135 106 166 109 124 142
670
802
954
405 416 403 473 491 427 468 490 480 465 475 499 467 458 401 422 425 457 404 486 434 459 435 498 424 479 430 489 414 494 482 426 442 406 466 483 485 487 437 460 456 474 470 433 448 431 428 415 441 439 476 464 419 478 420 445
536 542 593 540 546 599 591 505 521 518 512 596 514 543 529 574 534 580 571 560 577 588 544 530 573 589 566 556 554 508 506 579 511 537 532 595 559 516 525 557 590 578 584 545 586 582 509 533 520 563 570 517 549 594 569 531
8
343 367 317 392 327 393 352 369 332 357 339 370 366 371 345 361 338 381 336 353 359 354 351 318 314 348 398 340 389 326 386 324 334 350 394 323 342 390 396 346 311 307 330 356 379 363 364 375 341 360 388
994
264
548
665
71
17
703
709
651
895
788 773 774 761 799 728 783 743 767 702 735 786 755 784 769 791 740 787 782 756 762 717 744 720 753 712 757 721 714 722 776 749 723 731 760 715 701 781 739 772 704 732 768 765 736 718
206
128
915
469
313
922
33
631 643 669 636 607 632 694 697 691 620 678 646 692 638 660 695 614 698 655 671 615 626 699 633 693 681 668 640 666 667 674 658 677 637 684 662 601 628 635 659 649 661 622 663 629
676
708
322
833
285
612
90
801
152
223
747
111
564
56
230
319
932
611
139
347
719
202
421
832
377
679
51
503
418
865
793
355
39
304
151
471
656
123
295
231
689
812
146
168
957
384
507
562
497
621
239
515
810
100
444
970
867
91
52
248
619
254
1
987
585
710
918
129
587
145
180
552
565
724
286
287
831
700
685
268
706
716
368
391
916
597
680
159
726
504
436
488
648
770
863
827
583
653
764
860
86
808
838
711
933
745
777
999
893
196
260
240
608
216
790
857
980
172
429
137
947
397
35
814
259
83
609
748
320
107
30
639
683
308
212
226
477
279
164
16
193
47
265
613
602
190
461
70
122
797
955
306
11
209
34
158
759
197
215
568
864
191
550
754
750
819
362
53
399
383
547
186
255
6
937
325
290
737
581
951
198
84
60
5
664
378
707
528
551
65
935
634
792
78
998
690
276
117
527
688
841
41
502
604
909
241
522
463
270
501
13
412
156
233
923
182
618
432
519
214
45
870
243
696
413
493
847
990
407
555
181
953
539
19
451
513
59
789
58
257
942
859
900
372
730
840
713
376
575
558
400
297
244
450
510
440
535
876
946
331
997
387
600
408
335
624
927
652
94
976
798
121
77
411
188
10
443
85
843
267
68
969
328
175
201
945
977
603
170
69
409
500
455
130
447
598
616
452
495
779
991
741
617
315
31
344
623
89
572
526
576
992
333
492
907
966
187
220
228
373
271
654
727
644
842
309
402
118
43
446
385
305
358
453
523
136
538
192
785
263
48
758
423
44
213
928
766
80
771
850
905
103
673
686
627
449
294
733
641
102
382
28
606
410
310
484
561
218
687
251
234
821
273
349
472
825
780
914
462
993
23
269
625
140
179
184
97
247
725
67
650
904
910
316
54
374
807
93
541
605
729
742
496
682
763
879
567
524
752
303
775
113
300
380
630
176
37
963
177
289
178
417
199
862
292
553
642
917
834
454
943
751
856
795
296
301
120
312
794
672
337
101
738
61
705
645
815
886
811
675
232
42
778
647
835
592
211
64
365
189
153
610
855
881
224
948
321
481
869
800
62
88
395
657
302
329
925
194
978
734
975
171
796