973
46 40 12 38 7 87 24 15 4 73 79 75 26 27 20 96 74 66 25 81 0 49 72 22 3 9 32 92 95 82 2 99 50 63 55 14 57 21 76 36 29 98 18
114
438
110
823 875 828 889 804 878 877 874 853 839 818 885 872 892 805 851 817 883 861 820 858 890 845 887 899 896 852 836 830 854 894 891 822 884 816 866 846 826 871 849 837 824 882 897 868 829 806 844 880 813 809 898 803 848
873
985 959 965 961 902 995 974 949 931 908 903 983 986 971 958 906 972 952 913 967 956 996 924 921 989 964 901 979 936 982 988 911 940 939 968 984 912 941 944 938 930 926 962 920 934 960 919 950 981 929
237 200 205 266 258 288 208 225 280 291 246 227 235 253 252 272 250 299 229 222 210 275 261 221 242 203 204 217 245 284 262 278 256 236 249 293 282 238 298 277 283 274 219 207 281
149
746
124 132 116 163 135 169 104 133 183 147 138 108 165 143 109 195 157 144 105 106 126 150 115 154 160 148 112 127 173 161 131 185 125 155 162 119 174 134 141 142 166 167
670
802
954
457 466 475 467 478 420 490 460 474 483 499 434 485 489 465 442 491 428 470 433 405 486 403 439 482 431 430 425 476 448 406 427 498 401 404 464 487 437 416 426 480 459 458 441 414 494 479 435 445 468 415 422 456 424 473 419
559 517 531 595 542 525 577 563 560 516 589 540 533 566 599 520 554 509 569 534 588 512 593 544 549 574 573 582 586 532 590 571 596 543 594 505 521 578 537 511 508 518 529 580 530 545 514 506 579 557 546 570 536 556 584 591
8
364 348 314 353 388 326 341 351 360 311 327 318 375 340 307 350 324 342 352 336 392 369 366 370 390 363 323 338 386 317 330 393 346 371 332 367 356 359 394 379 389 398 396 381 343 345 339 361 357 354 334
994
264
548
665
71
17
703
709
651
895
767 735 743 728 723 720 760 781 791 761 704 702 732 776 721 736 786 714 740 715 787 772 731 769 773 749 756 753 717 765 762 701 784 757 788 718 783 768 755 739 782 774 712 744 799 722
206
128
915
469
313
922
33
677 681 691 671 666 698 626 659 637 620 667 635 649 631 678 663 669 661 662 640 655 633 643 622 615 614 607 668 692 638 695 699 601 632 636 658 693 628 660 646 694 629 684 697 674
676
708
322
833
285
612
90
801
152
223
747
111
564
56
230
319
932
611
139
347
719
202
421
832
377
679
51
503
418
865
793
355
39
304
151
471
656
123
295
231
689
812
146
168
957
384
507
562
497
621
239
515
810
100
444
970
867
91
52
248
619
254
1
987
585
710
918
129
587
145
180
552
565
724
286
287
831
700
685
268
706
716
368
391
916
597
680
159
726
504
436
488
648
770
863
827
583
653
764
860
86
808
838
711
933
745
777
999
893
196
260
240
608
216
790
857
980
172
429
137
947
397
35
814
259
83
609
748
320
107
30
639
683
308
212
226
477
279
164
16
193
47
265
613
602
190
461
70
122
797
955
306
11
209
34
158
759
197
215
568
864
191
550
754
750
819
362
53
399
383
547
186
255
6
937
325
290
737
581
951
198
84
60
5
664
378
707
528
551
65
935
634
792
78
998
690
276
117
527
688
841
41
502
604
909
241
522
463
270
501
13
412
156
233
923
182
618
432
519
214
45
870
243
696
413
493
847
990
407
555
181
953
539
19
451
513
59
789
58
257
942
859
900
372
730
840
713
376
575
558
400
297
244
450
510
440
535
876
946
331
997
387
600
408
335
624
927
652
94
976
798
121
77
411
188
10
443
85
843
267
68
969
328
175
201
945
977
603
170
69
409
500
455
130
447
598
616
452
495
779
991
741
617
315
31
344
623
89
572
526
576
992
333
492
907
966
187
220
228
373
271
654
727
644
842
309
402
118
43
446
385
305
358
453
523
136
538
192
785
263
48
758
423
44
213
928
766
80
771
850
905
103
673
686
627
449
294
733
641
102
382
28
606
410
310
484
561
218
888
687
251
234
821
273
349
472
825
780
914
462
993
23
269
625
140
179
184
97
247
725
67
650
904
910
316
54
374
807
93
541
605
729
742
496
682
763
879
567
524
752
303
775
113
300
380
630
176
37
963
177
289
178
417
199
862
292
553
642
917
834
454
943
751
856
795
296
301
120
312
794
672
337
101
738
61
705
645
815
886
811
675
232
42
778
647
835
592
211
64
365
189
153
610
855
881
224
948
321
481
869
800
62
88
395
657
302
329
925
194
978
734
975
171
796