973
21 9 32 29 15 24 3 72 74 46 82 76 12 14 79 73 92 98 57 38 18 22 36 4 66 81 75 2 87 49 20 50 99 40 63 26 27 96 7 25 0 55 95
114
438
110
884 878 829 816 830 839 866 824 848 803 806 898 875 894 889 852 853 805 836 861 804 837 885 890 891 826 817 809 849 882 851 820 846 887 880 823 899 874 897 845 828 854 844 868 813 883 858 896 818 872 892 871 822
873
988 912 964 911 965 939 984 985 920 974 956 961 979 968 950 929 926 934 949 989 944 967 958 903 959 940 941 938 908 901 971 924 913 986 902 936 906 952 921 996 982 962 919 983 972 960 995 981 930 931
258 207 236 219 299 227 205 262 280 284 261 200 288 282 283 242 229 204 245 298 278 252 272 203 250 238 256 237 222 225 221 291 274 293 249 281 235 253 208 210 266 275 277 246 217
149
746
108 132 105 185 104 119 166 160 183 150 157 195 174 138 154 134 109 116 127 155 135 126 169 106 143 115 124 161 131 165 173 162 142 141 163 112 144 125 167 133 147 148
670
802
954
491 426 459 480 435 487 424 406 470 460 427 464 419 478 416 445 482 456 428 448 425 405 486 401 437 479 465 434 439 476 498 494 457 499 431 473 433 466 458 430 468 483 403 474 467 422 404 442 420 485 489 490 415 475 414 441
556 570 589 544 533 566 530 516 560 509 546 532 593 595 590 580 537 594 542 574 505 569 520 525 549 578 579 591 554 512 571 596 559 529 514 518 506 584 531 543 540 588 586 582 563 557 577 511 599 545 536 521 517 508 573 534
8
366 388 375 364 398 307 357 336 379 390 381 324 339 370 343 394 317 392 354 311 389 318 338 327 345 323 396 352 346 353 393 386 332 314 363 334 340 342 360 367 371 341 330 356 369 350 359 348 351 361 326
994
264
548
665
71
17
703
709
651
895
735 756 767 753 731 781 772 736 720 769 732 744 774 768 765 740 715 788 762 783 743 714 755 722 701 723 784 712 787 782 773 718 749 704 761 721 702 717 760 776 786 728 799 791 739 757
206
128
915
469
313
922
33
633 693 695 698 640 637 668 614 607 684 626 677 620 615 674 678 632 646 699 622 697 692 666 662 636 649 669 667 658 663 660 655 681 628 638 631 694 661 635 629 691 643 671 659 601
676
708
322
833
285
612
90
801
152
223
747
111
564
56
230
319
932
611
139
347
719
202
421
832
377
679
51
503
418
865
793
355
39
304
151
471
656
123
295
231
689
812
146
168
957
384
507
562
497
621
239
515
810
100
444
970
867
91
52
248
619
254
1
987
585
710
918
129
587
145
180
552
565
724
286
287
831
700
685
268
706
716
368
391
916
597
680
159
726
504
436
488
648
770
863
827
583
653
764
860
86
808
838
711
933
745
777
999
893
196
260
240
608
216
790
857
980
172
429
137
947
397
35
814
259
83
609
748
320
107
30
639
683
308
212
226
477
279
164
16
193
47
265
613
602
190
461
70
122
797
955
306
11
209
34
158
759
197
215
568
864
191
550
754
750
819
362
53
399
383
547
186
255
6
937
325
290
737
581
951
198
84
60
5
664
378
707
528
551
65
935
634
792
78
998
690
276
117
527
688
841
41
502
604
909
241
522
463
270
501
13
412
156
233
923
182
618
432
519
214
45
870
243
696
413
493
847
990
407
555
181
953
539
19
451
513
59
789
58
257
942
859
900
372
730
840
713
376
575
558
400
297
244
450
510
440
535
876
946
331
997
387
600
408
335
624
927
652
94
976
798
121
77
411
188
10
443
85
843
267
68
969
328
175
201
945
977
603
170
69
409
500
455
130
447
598
616
452
495
779
991
741
617
315
31
344
623
89
572
526
576
992
333
492
907
966
187
220
228
373
271
654
727
644
842
309
402
118
43
446
385
305
358
453
523
136
538
192
785
263
48
758
423
44
213
928
766
80
771
850
905
103
673
686
627
449
294
733
641
102
382
28
606
410
310
484
561
218
888
687
251
234
821
273
349
472
825
877
780
914
462
993
23
269
625
140
179
184
97
247
725
67
650
904
910
316
54
374
807
93
541
605
729
742
496
682
763
879
567
524
752
303
775
113
300
380
630
176
37
963
177
289
178
417
199
862
292
553
642
917
834
454
943
751
856
795
296
301
120
312
794
672
337
101
738
61
705
645
815
886
811
675
232
42
778
647
835
592
211
64
365
189
153
610
855
881
224
948
321
481
869
800
62
88
395
657
302
329
925
194
978
734
975
171
796