973
40 15 99 63 50 76 49 14 32 12 0 81 92 18 22 21 20 96 55 7 3 75 82 24 73 57 74 95 72 27 4 98 38 46 25 79 2 87 66 29 9 26 36
114
438
110
854 805 887 806 804 820 889 846 845 803 836 849 809 858 890 891 871 839 897 817 848 851 829 885 894 830 826 875 880 896 878 868 813 898 874 872 866 823 837 844 816 828 824 882 818 861 892 852 853 883 899 884 822
873
930 940 968 902 908 956 906 919 989 901 939 958 912 971 931 911 952 984 967 979 981 938 924 964 988 950 962 920 961 960 913 936 929 996 934 903 921 941 986 983 959 995 949 926 972 944 985 965 974 982
258 242 280 283 277 245 249 252 278 293 288 222 274 236 253 225 217 221 208 219 261 207 272 275 256 229 227 250 266 204 281 282 246 238 235 284 299 203 291 298 200 205 237 262 210
149
746
116 195 112 132 154 160 143 157 115 183 133 126 141 131 124 106 163 147 148 155 119 109 108 144 161 166 104 138 174 169 135 142 125 127 185 165 105 167 150 173 162 134
670
802
954
433 403 425 470 419 457 459 458 448 464 491 487 483 486 445 474 480 430 499 467 428 466 426 494 485 489 441 456 420 475 431 473 476 437 439 434 406 478 435 479 442 468 490 482 460 414 416 415 404 498 424 405 465 422 427 401
560 506 531 520 571 578 595 533 593 582 517 563 536 540 557 577 588 512 542 511 599 591 505 521 554 518 566 549 516 525 508 534 580 559 514 573 594 596 529 530 532 509 545 579 569 584 543 590 537 574 570 544 589 556 586
8
366 361 338 317 394 369 332 345 381 363 348 336 364 314 346 367 386 311 353 389 330 352 371 370 324 339 307 351 388 354 357 360 390 375 341 342 359 327 398 326 396 340 379 323 392 343 334 356 393 318 350
994
264
548
665
71
17
703
709
651
895
714 717 768 731 791 743 783 767 765 736 756 744 772 799 721 769 740 787 723 784 774 715 739 718 776 728 786 773 702 755 753 782 712 701 720 788 762 732 760 761 735 749 704 722 781 757
206
128
915
469
313
922
33
649 636 607 631 671 674 668 681 626 660 662 669 635 620 698 678 691 667 695 693 638 615 646 659 677 661 629 643 699 684 637 640 614 663 655 633 632 658 694 622 697 666 628 692 601
676
708
322
833
285
612
90
801
152
223
747
111
564
56
230
319
932
611
139
347
719
202
421
832
377
679
51
503
418
865
793
355
39
304
151
471
656
123
295
231
689
812
146
168
957
384
507
562
497
621
239
515
810
100
444
970
867
91
52
248
619
254
1
987
585
710
918
129
587
145
180
552
565
724
286
287
831
700
685
268
706
716
368
391
916
597
680
159
726
504
436
488
648
770
863
827
583
653
764
860
86
808
838
711
933
745
777
999
893
196
260
240
608
216
790
857
980
172
429
137
947
397
35
814
259
83
609
748
320
107
30
639
683
308
212
226
477
279
164
16
193
47
265
613
602
190
461
70
122
797
955
306
11
209
34
158
759
197
215
568
864
191
550
754
750
819
362
53
399
383
547
186
255
6
937
325
290
737
581
951
198
84
60
5
664
378
707
528
551
65
935
634
792
78
998
690
276
117
527
688
841
41
502
604
909
241
522
463
270
501
13
412
156
233
923
182
618
432
519
214
45
870
243
696
413
493
847
990
407
555
181
953
539
19
451
513
59
789
58
257
942
859
900
372
730
840
713
376
575
558
400
297
244
450
510
440
535
876
946
331
997
387
600
408
335
624
927
652
94
976
798
121
77
411
188
10
443
85
843
267
68
969
328
175
201
546
945
977
603
170
69
409
500
455
130
447
598
616
452
495
779
991
741
617
315
31
344
623
89
572
526
576
992
333
492
907
966
187
220
228
373
271
654
727
644
842
309
402
118
43
446
385
305
358
453
523
136
538
192
785
263
48
758
423
44
213
928
766
80
771
850
905
103
673
686
627
449
294
733
641
102
382
28
606
410
310
484
561
218
888
687
251
234
821
273
349
472
825
877
780
914
462
993
23
269
625
140
179
184
97
247
725
67
650
904
910
316
54
374
807
93
541
605
729
742
496
682
763
879
567
524
752
303
775
113
300
380
630
176
37
963
177
289
178
417
199
862
292
553
642
917
834
454
943
751
856
795
296
301
120
312
794
672
337
101
738
61
705
645
815
886
811
675
232
42
778
647
835
592
211
64
365
189
153
610
855
881
224
948
321
481
869
800
62
88
395
657
302
329
925
194
978
734
975
171
796