973
76 66 75 49 7 24 63 0 15 20 27 57 25 21 26 3 46 2 96 82 36 9 73 99 38 55 22 32 50 12 18 74 79 72 40 29 95 14 87 98 92 4 81
114
438
110
892 883 872 830 809 826 868 882 829 898 894 854 851 805 896 817 853 861 824 889 849 837 852 871 839 803 828 885 891 816 890 874 858 875 866 880 806 804 884 846 899 844 818 822 813 848 836 820 878 887 897 845 823
873
956 934 920 965 958 981 984 988 986 913 967 944 938 902 985 971 924 926 912 960 939 995 982 979 930 950 949 962 996 968 964 921 919 911 936 952 931 974 903 901 929 908 961 983 972 989 940 959 906
298 299 262 203 256 281 237 284 277 291 252 288 227 278 238 200 217 221 246 272 235 242 236 250 261 275 245 222 207 249 280 229 205 210 282 283 258 293 208 219 204 274 225 253 266
149
746
131 165 169 142 183 147 124 195 106 157 174 116 141 138 108 173 109 133 143 167 127 144 135 134 166 155 160 119 115 132 112 148 185 104 161 162 126 150 105 154 125 163
670
802
954
448 442 478 427 401 494 458 470 422 445 465 482 487 468 415 473 441 435 433 419 434 459 424 420 430 475 479 499 431 425 428 437 486 489 464 404 490 474 460 498 403 476 406 414 480 405 457 416 466 491 483 426 456 485 439 467
549 516 595 571 543 563 520 570 530 534 506 544 556 557 525 588 517 537 574 593 579 560 586 582 569 589 578 533 514 584 596 509 590 566 512 580 577 540 531 599 559 542 591 545 521 573 536 505 594 554 518 508 529 532 511
8
323 346 354 336 348 307 318 398 359 392 339 367 351 343 379 370 353 388 356 332 357 342 350 317 345 311 371 340 330 389 364 338 366 363 390 352 369 381 326 360 386 394 324 393 361 396 314 375 334 341 327
994
941
264
548
665
71
17
703
709
651
895
753 731 717 757 760 799 721 701 772 786 702 765 744 715 723 739 774 735 788 704 712 732 762 722 755 714 761 787 784 791 783 728 743 767 781 773 768 776 720 740 782 749 736 718 756 769
206
128
915
469
313
922
33
643 635 666 629 646 614 601 636 698 684 632 668 649 631 640 691 677 693 697 620 663 678 607 694 671 633 628 638 661 615 662 637 692 622 681 660 695 658 669 626 655 667 674 659 699
676
708
322
833
285
612
90
801
152
223
747
111
564
56
230
319
932
611
139
347
719
202
421
832
377
679
51
503
418
865
793
355
39
304
151
471
656
123
295
231
689
812
146
168
957
384
507
562
497
621
239
515
810
100
444
970
867
91
52
248
619
254
1
987
585
710
918
129
587
145
180
552
565
724
286
287
831
700
685
268
706
716
368
391
916
597
680
159
726
504
436
488
648
770
863
827
583
653
764
860
86
808
838
711
933
745
777
999
893
196
260
240
608
216
790
857
980
172
429
137
947
397
35
814
259
83
609
748
320
107
30
639
683
308
212
226
477
279
164
16
193
47
265
613
602
190
461
70
122
797
955
306
11
209
34
158
759
197
215
568
864
191
550
754
750
819
362
53
399
383
547
186
255
6
937
325
290
737
581
951
198
84
60
5
664
378
707
528
551
65
935
634
792
78
998
690
276
117
527
688
841
41
502
604
909
241
522
463
270
501
13
412
156
233
923
182
618
432
519
214
45
870
243
696
413
493
847
990
407
555
181
953
539
19
451
513
59
789
58
257
942
859
900
372
730
840
713
376
575
558
400
297
244
450
510
440
535
876
946
331
997
387
600
408
335
624
927
652
94
976
798
121
77
411
188
10
443
85
843
267
68
969
328
175
201
546
945
977
603
170
69
409
500
455
130
447
598
616
452
495
779
991
741
617
315
31
344
623
89
572
526
576
992
333
492
907
966
187
220
228
373
271
654
727
644
842
309
402
118
43
446
385
305
358
453
523
136
538
192
785
263
48
758
423
44
213
928
766
80
771
850
905
103
673
686
627
449
294
733
641
102
382
28
606
410
310
484
561
218
888
687
251
234
821
273
349
472
825
877
780
914
462
993
23
269
625
140
179
184
97
247
725
67
650
904
910
316
54
374
807
93
541
605
729
742
496
682
763
879
567
524
752
303
775
113
300
380
630
176
37
963
177
289
178
417
199
862
292
553
642
917
834
454
943
751
856
795
296
301
120
312
794
672
337
101
738
61
705
645
815
886
811
675
232
42
778
647
835
592
211
64
365
189
153
610
855
881
224
948
321
481
869
800
62
88
395
657
302
329
925
194
978
734
975
171
796