973
63 4 82 40 49 29 2 55 12 22 75 81 18 73 79 50 72 26 96 14 7 76 21 15 74 25 87 27 46 0 32 57 24 20 36 66 3 99 98 95 38 92 9
114
438
110
809 806 824 883 872 894 836 823 896 853 805 839 830 882 826 822 804 854 829 897 887 868 844 891 818 846 889 866 820 880 837 852 884 892 878 803 871 849 813 875 885 817 898 890 899 874 851 816 845 828 848 858
873
985 996 974 986 906 949 919 911 958 921 940 956 912 901 989 965 961 967 913 920 981 983 926 930 962 971 972 903 938 924 988 979 995 908 902 964 931 960 959 934 944 936 929 968 950 939 952 984 982
256 203 246 274 200 204 207 219 298 217 253 266 227 261 262 229 272 282 288 258 205 281 208 278 293 284 237 221 291 238 283 210 225 252 236 280 242 250 235 275 245 299 222 277 249
149
746
162 105 124 173 135 147 133 115 154 119 144 174 155 195 132 161 138 163 142 166 150 127 141 183 131 157 185 169 109 134 167 165 125 160 143 112 126 108 104 106 116 148
670
802
954
465 419 485 406 486 479 480 489 420 494 474 445 428 439 473 470 434 475 431 405 459 416 458 460 467 403 498 476 401 482 441 466 468 442 425 422 404 464 424 433 456 491 430 490 478 426 415 435 457 483 499 414 487 437 448 427
566 518 508 563 514 517 560 511 537 574 580 532 588 591 509 506 570 543 544 586 520 525 549 554 590 595 531 593 559 536 599 584 521 596 529 534 545 573 571 556 512 579 577 589 578 516 540 594 542 533 530 582 557 569 505
8
392 359 381 351 366 390 369 317 361 386 364 363 311 398 340 332 393 352 367 388 327 334 318 338 356 343 375 323 354 307 326 353 350 314 336 345 324 379 342 357 330 360 346 341 371 348 389 394 339 396 370
994
941
264
548
665
71
17
703
709
651
895
731 740 773 772 723 774 739 722 762 784 756 701 712 781 714 786 702 768 765 787 761 788 728 736 715 782 783 760 767 791 744 720 717 735 732 743 799 755 718 721 753 704 749 769 757 776
206
128
915
469
313
922
33
692 635 693 629 667 699 669 615 681 622 607 661 662 631 633 632 601 666 640 694 697 695 643 655 684 658 677 649 659 638 660 674 628 646 663 668 626 698 637 678 671 620 636 614 691
676
708
322
833
285
612
90
801
152
223
747
111
564
56
230
319
932
611
139
347
719
202
421
832
377
679
51
503
418
865
793
355
39
304
151
471
656
123
295
231
689
812
146
168
957
384
507
562
497
621
239
515
810
100
444
970
867
91
52
248
619
254
1
987
585
710
918
129
587
145
180
552
565
724
286
287
831
700
685
268
706
716
368
391
916
597
680
159
726
504
436
488
648
770
863
827
583
653
764
860
86
808
838
711
933
745
777
999
893
196
260
240
608
216
790
857
980
172
429
137
947
397
35
814
259
83
609
748
320
107
30
639
683
308
212
226
477
279
164
16
193
47
265
613
602
190
461
70
122
797
955
306
11
209
34
158
759
197
215
568
864
191
550
754
750
819
362
53
399
383
547
186
255
6
937
325
290
737
581
951
198
84
60
5
664
378
707
528
551
65
935
634
792
78
998
690
276
117
527
688
841
41
502
604
909
241
522
463
270
501
13
412
156
233
923
182
618
432
519
214
45
870
243
696
413
493
847
990
407
555
181
953
539
19
451
513
59
789
58
257
942
859
900
372
730
840
713
376
575
558
400
297
244
450
510
440
535
876
946
331
997
387
600
408
335
624
927
652
94
976
798
121
77
411
188
10
443
85
843
267
68
969
328
175
201
546
945
977
603
170
69
409
500
455
130
447
598
616
452
495
779
991
741
617
315
31
344
623
89
572
526
576
992
333
492
907
966
187
220
228
373
271
654
727
644
842
309
402
118
43
446
385
305
358
453
523
136
538
192
785
263
48
758
423
44
213
928
766
80
771
850
905
103
673
686
627
449
294
733
641
102
382
28
606
410
310
484
561
218
888
687
251
234
821
273
861
349
472
825
877
780
914
462
993
23
269
625
140
179
184
97
247
725
67
650
904
910
316
54
374
807
93
541
605
729
742
496
682
763
879
567
524
752
303
775
113
300
380
630
176
37
963
177
289
178
417
199
862
292
553
642
917
834
454
943
751
856
795
296
301
120
312
794
672
337
101
738
61
705
645
815
886
811
675
232
42
778
647
835
592
211
64
365
189
153
610
855
881
224
948
321
481
869
800
62
88
395
657
302
329
925
194
978
734
975
171
796