973
22 66 3 98 76 40 73 82 95 27 38 7 87 0 14 92 46 21 9 18 20 74 99 50 81 25 72 2 26 24 15 36 63 29 12 55 32 75 57 79 49 4 96
114
438
110
830 822 845 824 897 836 858 887 896 852 817 805 851 885 898 806 818 823 816 820 891 849 829 894 890 866 804 837 889 880 813 884 844 874 882 828 875 899 872 846 826 868 871 892 848 809 803 853 878 883 839 854
873
949 908 901 988 940 931 924 960 903 950 981 906 952 920 959 985 967 965 938 919 984 986 982 971 972 962 974 921 936 930 934 926 989 912 996 995 958 902 964 944 911 979 929 983 968 956 913 939
256 204 225 250 282 222 217 284 235 293 298 237 261 280 245 249 252 266 246 274 262 210 200 219 283 221 227 208 238 207 205 242 299 275 278 277 258 229 236 281 203 253 272 288 291
149
746
150 126 195 162 134 160 163 106 132 115 173 161 155 112 127 142 131 147 109 135 125 138 169 157 165 166 105 133 119 183 144 154 116 174 185 141 108 104 148 167 124 143
670
802
954
491 494 435 483 431 406 403 465 433 485 486 499 474 470 467 437 439 460 425 458 442 414 448 498 434 404 415 459 476 490 464 416 445 428 424 487 419 401 466 420 475 489 473 427 482 480 422 405 426 468 441 479 430 478 457 456
588 537 505 590 512 577 586 549 542 599 508 506 584 533 509 532 554 591 534 545 566 580 563 530 529 521 540 525 514 511 518 544 536 560 559 516 517 569 543 570 595 531 557 574 556 579 596 520 571 594 573 578 582 589 593
8
346 369 379 354 353 398 375 324 341 340 396 348 314 360 370 327 359 351 393 350 307 338 339 389 317 311 392 345 363 352 332 334 361 381 343 388 330 367 390 356 323 371 357 386 336 342 364 326 318 394 366
994
941
264
548
665
71
17
703
709
651
895
791 781 704 712 784 736 715 701 760 744 717 756 735 749 761 774 757 714 772 732 740 723 768 728 762 765 788 786 776 799 721 782 739 731 767 743 769 702 753 783 720 755 722 787 718 773
206
128
915
469
313
922
33
671 622 633 667 674 646 697 649 660 640 661 699 692 668 643 607 658 629 677 637 655 698 636 662 666 628 691 684 620 601 638 669 694 693 632 614 615 678 635 681 626 631 695 663 659
676
708
322
833
285
612
90
801
152
223
747
111
564
56
230
319
932
611
139
347
719
202
421
832
377
679
51
503
418
865
793
355
39
304
151
471
656
123
295
231
689
812
146
168
957
384
507
562
497
621
239
515
810
100
444
970
867
91
52
248
619
254
1
987
585
710
918
129
587
145
180
552
565
724
286
287
831
700
685
268
706
716
368
391
916
597
680
159
726
504
436
488
648
770
863
827
583
653
764
860
86
808
838
711
933
745
777
999
893
196
260
240
608
216
790
857
980
172
429
137
947
397
35
814
259
83
609
748
320
107
30
639
683
308
212
226
477
279
164
16
193
47
265
613
602
190
461
70
122
797
955
306
11
209
34
158
759
197
215
568
864
191
550
754
750
819
362
53
399
383
547
186
255
6
937
325
290
737
581
951
198
84
60
5
664
378
707
528
551
65
935
634
792
78
998
690
276
117
527
688
841
41
502
604
909
241
522
463
270
501
13
412
156
233
923
182
618
432
519
214
45
870
243
696
413
493
847
990
407
555
181
953
539
19
451
513
59
789
58
257
942
859
900
372
730
840
713
376
575
558
400
297
244
450
510
440
535
876
946
331
997
387
600
408
335
624
927
652
94
976
798
121
77
411
188
10
443
85
843
267
68
969
328
175
201
546
945
977
603
170
69
409
500
455
130
447
598
616
452
495
779
991
741
617
315
31
344
623
89
572
526
576
992
333
492
907
966
187
220
228
373
271
654
727
644
842
309
402
118
43
446
385
305
358
453
523
136
538
192
785
263
48
758
423
44
213
928
766
80
771
850
905
103
673
686
627
449
294
733
641
961
102
382
28
606
410
310
484
561
218
888
687
251
234
821
273
861
349
472
825
877
780
914
462
993
23
269
625
140
179
184
97
247
725
67
650
904
910
316
54
374
807
93
541
605
729
742
496
682
763
879
567
524
752
303
775
113
300
380
630
176
37
963
177
289
178
417
199
862
292
553
642
917
834
454
943
751
856
795
296
301
120
312
794
672
337
101
738
61
705
645
815
886
811
675
232
42
778
647
835
592
211
64
365
189
153
610
855
881
224
948
321
481
869
800
62
88
395
657
302
329
925
194
978
734
975
171
796