973
95 87 26 92 7 24 9 76 50 14 73 40 3 72 0 38 15 46 12 18 81 2 63 75 79 22 36 98 66 82 4 49 25 29 32 55 74 20 27 96 99 21 57
114
438
110
851 829 854 898 816 896 890 826 884 844 824 809 813 822 849 839 803 880 883 875 830 866 874 804 892 882 817 852 858 845 836 805 848 894 823 853 885 806 889 828 846 871 887 899 891 837 820 897 818 878 868 872
873
911 986 908 985 996 950 964 974 931 989 958 995 906 912 920 903 981 934 967 926 962 949 921 944 952 982 919 913 968 972 956 960 988 979 929 938 924 930 984 936 901 902 983 965 940 971 939 959
253 284 272 277 210 207 236 217 203 205 249 219 299 229 280 274 288 235 221 242 298 256 208 222 252 250 200 227 225 261 238 278 258 204 275 262 282 283 237 281 291 245 246 266 293
149
746
183 138 131 108 104 144 160 155 142 134 135 141 148 161 112 166 126 162 105 124 143 174 169 163 119 154 147 116 109 125 150 195 106 115 132 173 157 133 185 167 165 127
670
802
954
460 448 401 483 431 419 489 456 428 485 479 470 491 499 420 403 459 414 467 441 435 466 476 424 458 480 406 426 475 457 482 437 425 486 434 498 468 422 474 494 445 490 487 427 442 405 404 415 464 439 473 465 430 433 416 478
563 516 599 521 518 514 540 525 520 536 543 506 517 588 556 549 554 529 557 512 582 511 560 580 593 578 586 542 533 591 531 574 566 544 571 559 573 570 577 537 530 594 505 534 579 584 569 590 532 509 508 596 545 589 595
8
392 393 332 327 311 371 343 366 388 381 363 375 346 379 340 367 386 339 369 370 398 361 357 390 307 353 352 330 354 394 317 348 342 323 338 360 336 334 364 350 341 396 359 345 356 314 318 351 324 326 389
994
941
264
548
665
71
17
703
709
651
895
744 767 760 735 788 791 704 715 753 755 765 749 776 701 757 722 781 787 718 731 712 717 772 728 721 720 769 714 702 736 740 723 761 783 799 739 762 732 768 784 743 782 756 774 773 786
206
128
915
469
313
922
33
615 660 633 614 693 622 684 628 637 620 662 681 666 632 638 695 658 631 643 677 699 636 669 691 601 697 649 698 667 671 663 655 674 626 659 629 646 692 635 640 694 668 678 661
676
708
322
833
285
612
90
801
152
223
747
111
564
56
230
319
932
611
139
347
719
202
421
832
377
679
51
503
418
865
793
355
39
304
151
471
656
123
295
231
689
812
146
168
957
384
507
562
497
621
239
515
810
100
444
970
867
91
52
248
619
254
1
987
585
710
918
129
587
145
180
552
565
724
286
287
831
700
685
268
706
716
368
391
916
597
680
159
726
504
436
488
648
770
863
827
583
653
764
860
86
808
838
711
933
745
777
999
893
196
260
240
608
216
790
857
980
172
429
137
947
397
35
814
259
83
609
748
320
107
30
639
683
308
212
226
477
279
164
16
193
47
265
613
602
190
461
70
122
797
955
306
11
209
34
158
759
197
215
568
864
191
550
754
750
819
362
53
399
383
547
186
255
6
937
325
290
737
581
951
198
84
60
5
664
378
707
528
551
65
935
634
792
78
998
690
276
117
527
688
841
41
502
604
909
241
522
463
270
501
13
412
156
233
923
182
618
432
519
214
45
870
243
696
413
493
847
990
407
555
181
953
539
19
451
513
59
789
58
257
942
859
900
372
730
840
713
376
575
558
400
297
244
450
510
440
535
876
946
331
997
387
600
408
335
624
927
652
94
976
798
121
77
411
188
10
443
85
843
267
68
969
328
175
201
546
945
977
603
170
69
409
500
455
130
447
598
616
452
495
779
991
741
617
315
31
344
623
89
572
526
576
992
333
492
907
966
187
220
228
373
271
654
727
644
842
309
402
118
43
446
607
385
305
358
453
523
136
538
192
785
263
48
758
423
44
213
928
766
80
771
850
905
103
673
686
627
449
294
733
641
961
102
382
28
606
410
310
484
561
218
888
687
251
234
821
273
861
349
472
825
877
780
914
462
993
23
269
625
140
179
184
97
247
725
67
650
904
910
316
54
374
807
93
541
605
729
742
496
682
763
879
567
524
752
303
775
113
300
380
630
176
37
963
177
289
178
417
199
862
292
553
642
917
834
454
943
751
856
795
296
301
120
312
794
672
337
101
738
61
705
645
815
886
811
675
232
42
778
647
835
592
211
64
365
189
153
610
855
881
224
948
321
481
869
800
62
88
395
657
302
329
925
194
978
734
975
171
796