973
82 9 50 38 63 49 32 55 2 76 26 27 12 14 66 15 7 75 98 81 21 72 73 74 79 29 95 96 40 4 92 46 24 18 99 87 20 36 0 57 25 22 3
114
438
110
826 882 845 806 892 837 868 817 849 851 894 898 899 853 803 887 891 874 884 804 809 848 818 844 875 852 880 823 805 871 889 813 828 822 816 866 854 858 824 883 885 878 839 897 829 872 846 836 896 890 820 830
873
989 934 986 971 950 906 921 903 974 940 988 911 972 924 959 938 936 982 952 956 901 962 960 985 908 912 983 984 995 979 931 996 965 981 964 967 929 944 958 968 930 913 949 926 902 920 919 939
217 210 277 284 235 219 266 225 252 262 222 221 253 288 246 283 207 250 200 274 258 261 298 256 280 282 203 272 205 249 236 293 208 227 238 275 278 281 291 242 299 237 204 229 245
149
746
112 167 148 185 142 126 115 195 173 138 124 160 106 108 162 141 183 150 133 143 109 147 174 154 165 131 163 105 127 166 125 116 104 119 157 155 135 169 144 161 132 134
670
802
954
427 459 416 476 482 415 464 478 491 479 437 404 424 466 483 431 441 498 420 442 487 428 456 474 425 490 406 426 468 494 403 457 405 401 460 448 473 499 445 485 458 486 414 480 470 465 430 433 475 439 435 419 422 467 489 434
521 517 543 560 578 516 599 520 509 531 571 588 559 569 584 593 557 573 506 533 532 566 545 563 537 549 594 542 589 512 540 556 580 511 536 530 591 590 579 544 505 574 596 554 595 518 529 582 534 570 514 586 577 508 525
8
367 360 314 350 352 323 342 317 363 366 394 327 348 343 357 386 307 381 318 340 393 354 369 324 326 359 341 392 370 364 346 398 345 351 379 361 332 311 390 388 334 356 338 339 336 353 389 396 330 375
994
941
264
548
665
71
17
703
709
651
895
714 712 781 721 701 772 773 732 718 722 757 762 736 767 786 782 784 702 755 774 749 744 768 787 715 731 791 717 783 760 728 776 739 735 788 761 743 753 765 769 704 756 723 720 799 740
206
128
915
469
313
922
33
661 615 622 614 681 649 662 643 695 674 668 691 636 626 658 699 632 698 633 629 660 666 663 635 697 638 669 640 620 637 684 601 631 671 694 628 667 655 677 646 659 678 692 693
676
708
322
833
285
612
90
801
152
223
747
111
564
56
230
319
932
611
139
347
719
202
421
832
377
679
51
503
418
865
793
355
39
304
151
471
656
123
295
231
689
812
146
168
957
384
507
562
497
621
239
515
810
100
444
970
867
91
52
248
619
254
1
987
585
710
918
129
587
145
180
552
565
724
286
287
831
700
685
268
706
716
368
391
916
597
680
159
726
504
436
488
648
770
863
827
583
653
764
860
86
808
838
711
933
745
777
999
893
196
260
240
608
216
790
857
980
172
429
137
947
397
35
814
259
83
609
748
320
107
30
639
683
308
212
226
477
279
164
16
193
47
265
613
602
190
461
70
371
122
797
955
306
11
209
34
158
759
197
215
568
864
191
550
754
750
819
362
53
399
383
547
186
255
6
937
325
290
737
581
951
198
84
60
5
664
378
707
528
551
65
935
634
792
78
998
690
276
117
527
688
841
41
502
604
909
241
522
463
270
501
13
412
156
233
923
182
618
432
519
214
45
870
243
696
413
493
847
990
407
555
181
953
539
19
451
513
59
789
58
257
942
859
900
372
730
840
713
376
575
558
400
297
244
450
510
440
535
876
946
331
997
387
600
408
335
624
927
652
94
976
798
121
77
411
188
10
443
85
843
267
68
969
328
175
201
546
945
977
603
170
69
409
500
455
130
447
598
616
452
495
779
991
741
617
315
31
344
623
89
572
526
576
992
333
492
907
966
187
220
228
373
271
654
727
644
842
309
402
118
43
446
607
385
305
358
453
523
136
538
192
785
263
48
758
423
44
213
928
766
80
771
850
905
103
673
686
627
449
294
733
641
961
102
382
28
606
410
310
484
561
218
888
687
251
234
821
273
861
349
472
825
877
780
914
462
993
23
269
625
140
179
184
97
247
725
67
650
904
910
316
54
374
807
93
541
605
729
742
496
682
763
879
567
524
752
303
775
113
300
380
630
176
37
963
177
289
178
417
199
862
292
553
642
917
834
454
943
751
856
795
296
301
120
312
794
672
337
101
738
61
705
645
815
886
811
675
232
42
778
647
835
592
211
64
365
189
153
610
855
881
224
948
321
481
869
800
62
88
395
657
302
329
925
194
978
734
975
171
796