918 977 947 946 916 992 927 962 994 940 924 928 986 953 954 989 949 956 935 984 966 937 988 974 955 960 941 996 968 905 923 975 913 995 971 972 906 921 945 938 912 980 939 987 902 919 910 965 993 908 990 936 930 969 961 998 997 959 978 973 963 976 964 985 904 967 950 934 951 920 999 901 932 979 944 907 991 942 911 958 983 909 926 931 925 922 952 914 917 903 915 982 929 981 943
26 98 88 23 48 30 19 99 69 49 7 9 58 13 2 22 73 82 43 85 3 86 76 20 75 91 4 78 45 84 50 42 44 79 31 90 54 64 51 41 94 0 97 57 11 83 66 62 61 81 65 87 28 80 89 68 55 52 59 63 37 10 72 56 8 39 71 67 16 14 38 35 33 34 92 6 36 32 25 29 12 77 95 17 60 21 47 40 74 18 46 15 53 27 96 24
153 130 104 124 140 175 149 131 109 162 185 168 138 154 135 120 105 136 193 199 103 169 133 181 180 171 155 167 144 172 116 141 186 183 119 177 190 126 117 107 196 108 152 106 118 121 173 122 145 161 150 132 146 137 178 197 115 128 143 164 187 166 125 198 170 110 176 114 142 112 156 157 123 134 163 102 160 147 139 100 184 182 127 194 148 165 179 113 111 174 192 195 188
448 409 466 444 456 416 425 494 432 419 457 473 452 410 495 474 465 408 468 424 449 420 479 440 407 472 482 497 422 427 411 441 470 496 469 404 405 454 475 430 484 446 487 429 486 464 423 463 428 499 442 401 477 480 434 443 459 402 491 492 451 413 433 483 498 412 490 438 445 493 439 414 450 436 435 417 437 460 447 478 431 485 462 406 458 489 488 467 453 403 415 455 426 481 476 461 471
844 815 835 857 878 846 843 877 812 847 826 874 822 842 875 830 824 881 820 864 836 887 861 808 840 853 813 819 884 871 888 841 854 829 818 811 897 825 807 860 873 806 828 895 891 851 858 809 832 876 817 839 868 867 866 855 859 896 862 865 872 848 850 827 882 852 810 834 894 863 814 883 879 869 837 804 831 800 816 870 805 838 845 885 898 889 849 833 893 892 821 803 880 886 899 823 890
256 248 261 242 213 231 270 286 251 211 234 255 266 294 250 268 228 291 272 205 220 246 235 284 249 236 200 277 230 258 299 282 292 239 287 217 265 229 257 297 252 219 275 207 240 238 222 203 295 283 208 280 210 214 232 253 288 281 237 215 296 233 262 245 278 254 241 244 273 224 223 279 293 276 226 202 218 204 227 243 267 225 209 289 298 274 264 290 285 206 263 269 221 216 259 212 247
703 790 707 782 708 775 712 772 776 713 731 755 792 759 743 797 794 787 762 709 744 761 701 786 752 770 777 798 736 735 737 749 779 741 734 748 733 760 720 774 722 739 780 717 771 796 705 710 768 757 729 714 728 711 750 740 742 773 747 769 791 778 795 754 765 788 751 766 704 753 724 767 756 758 781 784 799 716 715 723 793 764 718 719 785 730 783 725 738 732 702 763 745 721 746
691 652 640 655 627 690 604 680 684 632 681 677 664 617 621 620 602 688 643 607 658 654 666 673 687 612 609 618 689 644 626 676 671 631 683 633 608 661 636 611 662 628 616 686 668 696 653 642 605 659 614 613 641 692 667 637 635 648 645 650 682 695 698 693 694 651 630 672 674 663 679 638 646 615 660 678 669 639 675 699 656 603 649 647 697 665 670 657 634 629 625 685 622 601 624
802
511 551 581 597 583 544 532 591 585 577 524 527 567 587 582 519 578 559 530 579 507 568 510 576 573 556 599 546 541 525 523 517 543 536 564 521 553 589 550 531 598 566 516 540 505 554 508 547 561 515 503 539 595 549 518 593 574 552 538 555 584 514 580 535 534 558 562 545 537 570 509 594 557 569 565 528 590 506 504 520 575 571 501 512 560 563 588 502 513 529 596 542 533 586 522 526
384 358 353 388 317 343 399 389 368 347 309 318 341 383 381 361 392 369 332 367 321 339 373 305 308 330 371 313 380 328 311 370 357 386 302 362 385 363 331 342 360 393 349 398 323 375 320 359 348 334 312 377 315 310 391 382 340 351 387 336 397 390 307 394 354 345 303 322 364 304 365 326 350 325 324 396 337 379 356 300 352 372 327 319 338 329 366 378 306 355 376 346 395 335 314 344 333
548
801
421
418
151
957
970
619
1
129
700
706
159
726
933
260
70
158
191
5
789
900
400
600
201
500
623
572
271
727
606
316
374
93
856
301
101
592
189
610
948