973
75 29 74 72 95 14 24 55 27 20 3 25 82 40 26 98 12 92 79 9 73 15 7 22 63 57 81 4 99 66 76 0 49 87 46 21 2 38 96 32 18 50 36
114
438
110
809 822 824 853 828 887 849 816 830 874 898 817 892 813 880 891 884 804 885 899 878 836 868 854 897 818 806 894 882 866 823 844 820 803 852 875 890 872 837 871 805 858 845 839 883 851 896 889 846 829 826 848
873
952 983 921 984 920 986 901 924 944 929 940 939 964 967 972 996 959 995 981 911 962 979 913 912 906 956 938 950 949 903 919 958 934 989 985 988 930 968 982 974 936 971 902 931 908 926 960 965
280 225 278 242 288 252 236 281 235 245 249 283 229 261 266 275 291 277 207 210 258 237 200 299 262 282 293 204 246 272 227 284 217 208 203 274 238 298 256 205 219 222 250 221 253
149
746
161 124 132 115 160 166 134 109 108 126 183 147 141 173 131 133 195 104 142 105 165 174 157 155 106 163 167 125 138 119 112 185 169 150 135 143 127 154 162 148 116 144
670
802
954
425 434 473 487 441 482 491 483 485 489 499 467 445 476 456 480 419 406 448 433 490 428 458 422 424 430 478 470 404 442 479 431 459 414 457 474 494 486 405 460 498 416 426 468 403 439 427 401 465 415 464 435 437 466 420 475
520 530 506 580 573 588 557 582 516 544 518 529 537 586 512 570 595 514 578 584 593 531 543 559 532 596 509 566 563 577 594 549 545 533 536 540 599 591 511 505 517 542 508 569 525 590 579 554 574 571 534 560 556 589 521
8
394 392 375 367 366 354 357 327 393 389 361 363 341 370 323 388 332 356 359 379 324 339 352 330 307 390 336 369 350 386 317 314 343 334 364 345 338 381 318 346 348 311 360 351 326 340 342 396 398 353
994
941
264
548
665
71
17
703
709
651
895
765 786 739 755 761 732 718 784 768 735 753 704 721 756 736 728 791 720 769 740 702 774 787 782 783 788 749 714 767 715 722 731 701 781 712 757 760 773 717 743 799 776 762 744 772 723
206
128
915
469
313
922
33
658 643 681 663 649 668 626 659 633 667 640 691 662 635 666 671 661 674 637 601 638 678 684 632 695 698 697 694 631 614 692 636 620 628 655 699 660 646 669 677 622 629 615
676
708
322
833
285
612
90
801
152
223
747
111
564
56
230
319
932
611
139
347
719
202
421
832
377
679
51
503
418
865
793
355
39
304
151
471
656
123
295
231
689
812
146
168
957
384
507
562
497
621
239
515
810
100
444
970
867
91
52
248
619
254
1
987
585
710
918
129
587
145
180
552
565
724
286
287
831
700
685
268
706
716
368
391
916
597
680
159
726
504
436
488
648
770
863
827
583
653
764
693
860
86
808
838
711
933
745
777
999
893
196
260
240
608
216
790
857
980
172
429
137
947
397
35
814
259
83
609
748
320
107
30
639
683
308
212
226
477
279
164
16
193
47
265
613
602
190
461
70
371
122
797
955
306
11
209
34
158
759
197
215
568
864
191
550
754
750
819
362
53
399
383
547
186
255
6
937
325
290
737
581
951
198
84
60
5
664
378
707
528
551
65
935
634
792
78
998
690
276
117
527
688
841
41
502
604
909
241
522
463
270
501
13
412
156
233
923
182
618
432
519
214
45
870
243
696
413
493
847
990
407
555
181
953
539
19
451
513
59
789
58
257
942
859
900
372
730
840
713
376
575
558
400
297
244
450
510
440
535
876
946
331
997
387
600
408
335
624
927
652
94
976
798
121
77
411
188
10
443
85
843
267
68
969
328
175
201
546
945
977
603
170
69
409
500
455
130
447
598
616
452
495
779
991
741
617
315
31
344
623
89
572
526
576
992
333
492
907
966
187
220
228
373
271
654
727
644
842
309
402
118
43
446
607
385
305
358
453
523
136
538
192
785
263
48
758
423
44
213
928
766
80
771
850
905
103
673
686
627
449
294
733
641
961
102
382
28
606
410
310
484
561
218
888
687
251
234
821
273
861
349
472
825
877
780
914
462
993
23
269
625
140
179
184
97
247
725
67
650
904
910
316
54
374
807
93
541
605
729
742
496
682
763
879
567
524
752
303
775
113
300
380
630
176
37
963
177
289
178
417
199
862
292
553
642
917
834
454
943
751
856
795
296
301
120
312
794
672
337
101
738
61
705
645
815
886
811
675
232
42
778
647
835
592
211
64
365
189
153
610
855
881
224
948
321
481
869
800
62
88
395
657
302
329
925
194
978
734
975
171
796