973
73 75 27 36 24 20 2 7 21 0 82 55 29 12 3 4 99 79 32 38 25 72 49 40 92 81 18 96 74 98 76 14 22 50 15 87 46 26 57 63 66 95 9
114
438
110
844 848 858 839 804 824 830 874 817 849 816 846 883 806 809 837 892 803 853 866 882 887 845 823 896 899 889 884 854 813 898 880 868 826 829 875 885 828 818 894 820 890 836 822 805 871 897 878 851 891 872 852
873
906 956 952 903 960 989 934 926 968 964 911 949 974 995 908 919 901 984 920 979 982 929 944 912 985 939 930 924 938 959 921 936 983 981 902 988 958 950 965 931 967 972 962 971 986 913 940 996
217 253 219 266 277 207 291 258 246 252 236 249 203 242 221 261 272 275 238 222 256 237 204 274 245 284 299 293 205 208 229 225 281 262 227 288 282 250 298 235 210 200 283 278 280
149
746
133 148 104 161 115 174 105 163 116 144 143 160 108 106 119 150 112 138 125 109 167 195 127 131 126 135 165 185 134 154 173 132 157 169 147 141 142 162 155 183 166 124
670
802
954
405 485 467 435 498 483 428 427 401 415 430 499 489 424 473 457 445 439 404 494 433 478 441 479 490 416 487 426 475 474 465 460 419 466 420 476 491 414 406 482 403 448 425 442 422 464 486 431 437 434 459 480 458 456 468 470
542 584 514 549 517 580 518 529 596 559 516 589 520 570 544 577 595 566 563 532 588 506 537 540 511 560 579 554 508 557 578 512 531 536 574 571 545 590 533 556 599 569 525 543 582 509 593 586 530 594 591 505 521 534 573
8
396 379 317 390 353 388 348 356 363 338 386 341 381 342 375 398 369 357 314 367 360 366 361 307 334 345 339 327 318 336 393 323 346 389 340 350 394 332 370 351 354 330 343 359 311 392 364 326 324
994
941
264
548
665
71
17
703
709
651
895
788 743 760 786 723 731 735 753 774 712 767 721 701 765 773 756 799 749 755 772 720 781 717 769 776 740 761 739 783 791 784 768 762 757 704 787 722 718 702 782 715 732 736 728 714 744
206
128
915
469
313
922
33
684 692 697 662 667 636 671 658 663 601 666 691 615 635 640 632 628 677 699 681 638 694 622 669 668 614 655 678 620 661 629 643 646 695 626 637 698 659 674 633 631 649 660
676
708
322
833
285
612
90
801
152
223
747
111
564
56
230
319
932
611
139
347
719
202
421
832
377
679
51
503
418
865
793
355
39
304
151
471
656
123
295
231
689
812
146
168
957
384
507
562
497
621
239
515
810
100
444
970
867
91
52
248
619
254
1
987
585
710
918
129
587
145
180
552
565
724
286
287
831
700
685
268
706
716
368
391
916
597
680
159
726
504
436
488
648
770
863
827
583
653
764
693
860
86
808
838
711
933
745
777
999
893
196
260
240
608
216
790
857
980
172
429
137
947
397
35
814
259
83
609
748
320
107
30
639
683
308
212
226
477
279
164
16
193
47
265
613
602
190
461
70
371
122
797
955
306
11
209
34
158
759
197
215
568
864
191
550
754
750
819
362
53
399
383
547
186
255
6
937
325
290
737
581
951
198
84
60
5
664
378
707
528
551
65
935
634
792
78
998
690
276
117
527
688
841
41
502
604
909
241
522
463
270
352
501
13
412
156
233
923
182
618
432
519
214
45
870
243
696
413
493
847
990
407
555
181
953
539
19
451
513
59
789
58
257
942
859
900
372
730
840
713
376
575
558
400
297
244
450
510
440
535
876
946
331
997
387
600
408
335
624
927
652
94
976
798
121
77
411
188
10
443
85
843
267
68
969
328
175
201
546
945
977
603
170
69
409
500
455
130
447
598
616
452
495
779
991
741
617
315
31
344
623
89
572
526
576
992
333
492
907
966
187
220
228
373
271
654
727
644
842
309
402
118
43
446
607
385
305
358
453
523
136
538
192
785
263
48
758
423
44
213
928
766
80
771
850
905
103
673
686
627
449
294
733
641
961
102
382
28
606
410
310
484
561
218
888
687
251
234
821
273
861
349
472
825
877
780
914
462
993
23
269
625
140
179
184
97
247
725
67
650
904
910
316
54
374
807
93
541
605
729
742
496
682
763
879
567
524
752
303
775
113
300
380
630
176
37
963
177
289
178
417
199
862
292
553
642
917
834
454
943
751
856
795
296
301
120
312
794
672
337
101
738
61
705
645
815
886
811
675
232
42
778
647
835
592
211
64
365
189
153
610
855
881
224
948
321
481
869
800
62
88
395
657
302
329
925
194
978
734
975
171
796