973
76 20 79 96 55 38 72 49 24 46 25 36 18 63 66 2 4 22 3 98 74 75 26 82 21 87 73 14 12 99 27 7 9 50 81 57 0 29 32 95 92 15 40
114
438
110
851 806 853 892 844 846 837 813 875 889 872 883 816 871 818 829 882 890 868 878 899 826 845 874 896 848 897 830 885 854 822 858 880 809 887 866 891 849 836 839 884 894 823 804 820 824 852 805 828 898 817 803
873
962 964 959 936 913 986 979 958 944 926 938 920 996 901 906 950 934 921 981 984 971 908 956 940 912 903 930 989 995 983 967 965 911 982 924 949 931 919 988 960 985 974 952 968 972 939 902 929
275 237 245 246 204 278 291 272 262 238 219 299 280 288 235 282 227 258 266 236 298 203 277 249 208 217 221 222 274 256 261 210 250 225 242 207 205 293 284 281 253 200 252 283 229
149
746
108 125 142 131 116 143 173 133 106 166 119 126 165 147 127 160 167 135 138 144 162 185 195 183 163 109 112 154 174 104 157 155 134 141 115 124 150 132 161 148 105 169
670
802
954
434 406 427 485 489 435 415 458 425 426 441 476 428 478 404 466 445 430 431 416 448 498 401 473 467 405 468 460 480 483 475 487 494 499 470 464 433 439 419 414 491 420 442 456 486 422 459 437 490 474 403 482 465 479 424 457
512 586 516 514 531 511 595 582 569 521 536 544 540 505 549 525 530 545 570 559 599 508 554 532 520 580 584 596 579 543 573 577 533 556 518 534 593 589 509 537 594 506 557 542 590 566 574 560 571 563 517 529 578 588 591
8
348 392 327 375 340 386 341 364 370 354 367 317 351 398 334 307 366 357 326 390 345 342 339 389 369 396 359 388 318 393 338 346 324 356 394 330 353 379 311 343 363 361 332 314 336 360 350 323 381
994
941
264
548
665
71
17
703
709
651
895
732 728 731 702 753 736 743 781 765 715 718 782 714 773 786 722 774 769 723 784 762 768 760 756 791 712 761 717 704 749 788 787 776 783 720 799 701 757 740 755 772 739 744 767 721 735
206
128
915
469
313
922
33
620 655 661 615 668 667 614 640 695 692 684 666 649 697 633 637 601 628 636 694 662 646 632 698 677 671 699 659 663 629 638 631 669 691 635 678 643 674 622 660 681 658
676
708
322
833
285
612
90
801
152
223
747
111
564
56
230
319
932
611
139
347
719
202
421
832
377
679
51
503
418
865
793
355
39
304
151
471
656
123
295
231
689
812
146
168
957
384
507
562
497
621
239
515
810
100
444
970
867
91
52
248
619
254
1
987
585
710
918
129
587
145
180
552
565
724
286
287
831
700
685
268
706
716
368
391
916
597
680
159
726
504
436
488
648
770
863
827
583
653
764
693
860
86
808
838
711
933
745
777
999
893
196
260
240
608
216
790
857
980
172
429
137
947
397
35
814
259
83
609
748
320
107
30
639
683
308
212
226
477
279
164
16
193
47
265
613
602
190
461
70
371
122
797
955
306
11
209
34
158
759
197
215
568
864
191
550
754
750
819
362
53
399
383
547
186
255
6
937
325
290
737
581
951
198
84
60
5
664
378
707
528
551
65
935
634
792
78
998
690
276
117
527
688
841
41
502
604
909
241
522
463
270
352
501
13
412
156
233
923
182
618
432
519
214
45
870
243
696
413
493
847
990
407
555
181
953
539
19
451
513
59
789
58
257
942
859
900
372
730
840
713
376
575
558
400
297
244
450
510
440
535
626
876
946
331
997
387
600
408
335
624
927
652
94
976
798
121
77
411
188
10
443
85
843
267
68
969
328
175
201
546
945
977
603
170
69
409
500
455
130
447
598
616
452
495
779
991
741
617
315
31
344
623
89
572
526
576
992
333
492
907
966
187
220
228
373
271
654
727
644
842
309
402
118
43
446
607
385
305
358
453
523
136
538
192
785
263
48
758
423
44
213
928
766
80
771
850
905
103
673
686
627
449
294
733
641
961
102
382
28
606
410
310
484
561
218
888
687
251
234
821
273
861
349
472
825
877
780
914
462
993
23
269
625
140
179
184
97
247
725
67
650
904
910
316
54
374
807
93
541
605
729
742
496
682
763
879
567
524
752
303
775
113
300
380
630
176
37
963
177
289
178
417
199
862
292
553
642
917
834
454
943
751
856
795
296
301
120
312
794
672
337
101
738
61
705
645
815
886
811
675
232
42
778
647
835
592
211
64
365
189
153
610
855
881
224
948
321
481
869
800
62
88
395
657
302
329
925
194
978
734
975
171
796