973
46 20 40 26 21 27 99 92 79 49 24 3 66 7 55 12 14 74 9 2 0 95 25 75 57 36 63 4 98 81 32 29 82 18 15 76 72 22 73 87 50 38
114
438
110
884 828 851 892 826 839 836 887 875 871 805 823 853 883 829 890 844 813 854 874 803 806 830 809 880 816 885 872 898 824 894 849 804 882 858 846 896 837 866 817 899 818 868 897 852 820 878 891 822 848 889 845
873
929 983 950 956 968 962 906 940 931 972 952 919 911 938 986 913 930 959 964 996 921 908 965 967 988 901 934 979 939 960 926 984 995 981 958 903 920 974 982 924 936 985 971 949 902 989 912 944
221 249 256 245 262 203 236 281 277 252 280 237 210 225 275 284 298 278 258 235 219 250 253 291 246 200 229 242 282 293 207 272 266 238 217 205 222 274 261 288 208 299 204 227 283
149
746
163 150 105 143 167 165 185 112 104 183 142 115 173 138 195 119 106 154 160 147 116 131 141 155 109 134 132 125 157 135 169 133 174 148 166 126 108 161 124 127 144 162
670
802
954
457 430 424 483 499 489 445 475 498 448 425 437 427 459 403 468 414 478 460 474 439 470 405 415 465 433 486 431 485 456 422 419 404 401 466 490 476 416 480 482 487 464 434 458 491 428 435 420 479 426 494 441 467 473 442 406
540 577 596 511 591 578 517 542 593 584 521 518 589 516 560 512 586 571 556 554 534 573 508 570 543 559 590 529 582 533 530 536 531 506 514 532 580 557 509 520 537 549 595 579 563 594 574 545 599 505 544 588 566 525 569
8
398 353 367 357 351 363 369 396 336 346 386 334 379 348 338 390 392 327 364 393 340 343 366 311 388 350 356 330 326 324 332 389 394 361 381 317 345 370 354 314 360 323 318 375 307 342 339 359 341
994
941
264
548
665
71
17
703
709
651
895
767 728 782 732 783 701 757 776 735 739 769 717 740 768 721 799 765 704 749 756 772 714 702 715 762 720 786 755 736 723 760 731 743 784 781 722 774 761 791 787 712 744 773 788 753 718
206
128
915
469
313
922
33
631 635 694 671 662 697 632 684 646 699 633 655 643 658 666 629 661 677 628 638 649 615 691 636 695 614 669 681 622 601 620 637 667 698 668 692 640 674 663 678 660 659
676
708
322
833
285
612
90
801
152
223
747
111
564
56
230
319
932
611
139
347
719
202
421
832
377
679
51
503
418
865
793
355
39
304
151
471
656
123
295
231
689
812
146
168
957
384
507
562
497
621
239
515
810
100
444
970
867
91
52
248
619
254
1
987
585
710
918
129
587
145
180
552
565
724
286
287
831
700
685
268
706
716
368
391
916
597
680
159
726
504
436
488
648
770
863
827
583
653
764
693
860
86
808
838
711
933
745
777
999
893
196
260
240
608
216
790
857
980
172
429
137
947
397
35
814
259
83
609
748
320
107
30
639
683
308
212
226
477
279
164
16
193
47
265
613
602
190
461
70
371
122
797
955
306
11
209
34
158
759
197
215
568
864
191
550
754
750
819
362
53
399
383
547
186
255
6
937
325
290
737
581
951
198
84
60
5
664
378
707
528
551
65
935
634
792
78
998
690
276
117
527
688
841
41
502
604
909
241
522
463
270
352
501
13
412
156
233
923
182
618
432
519
214
45
870
243
696
413
493
847
990
407
555
181
953
539
19
451
513
59
789
58
257
942
859
900
372
730
840
713
376
575
558
400
297
244
450
510
440
535
626
876
946
331
997
387
600
408
335
624
927
652
94
976
798
121
77
411
188
10
443
85
843
267
68
969
328
175
201
546
945
977
603
170
69
409
500
455
130
447
598
616
452
495
779
991
741
617
315
31
344
623
89
572
526
576
992
333
492
907
966
187
220
228
373
271
654
727
644
842
309
402
118
43
446
607
385
305
358
453
523
136
538
192
785
263
48
758
423
44
213
928
766
80
771
850
905
103
673
686
627
449
294
733
641
961
102
382
28
606
410
310
484
561
218
888
687
251
234
821
273
861
349
472
825
877
780
914
462
993
23
269
625
140
179
184
97
247
725
67
650
904
910
316
54
374
807
96
93
541
605
729
742
496
682
763
879
567
524
752
303
775
113
300
380
630
176
37
963
177
289
178
417
199
862
292
553
642
917
834
454
943
751
856
795
296
301
120
312
794
672
337
101
738
61
705
645
815
886
811
675
232
42
778
647
835
592
211
64
365
189
153
610
855
881
224
948
321
481
869
800
62
88
395
657
302
329
925
194
978
734
975
171
796