973
36 9 18 49 7 15 99 0 72 79 63 2 20 66 26 12 22 32 75 27 74 73 29 50 4 14 87 46 81 92 21 38 25 3 82 98 24 40 76 55 95 57
114
438
110
828 897 839 868 817 878 899 849 846 871 898 824 830 883 836 818 820 882 852 851 890 853 858 848 892 844 826 884 874 891 822 872 809 803 813 806 887 896 866 889 880 816 837 885 823 804 805 894 829 875 854 845
873
988 950 962 952 913 974 984 960 924 982 986 983 902 931 938 912 996 908 930 906 921 903 964 944 979 958 965 940 995 920 985 901 936 971 911 968 919 956 967 926 981 972 939 959 989 949 929 934
208 250 237 261 238 282 256 249 236 275 246 235 278 258 225 217 252 245 291 227 298 242 299 204 210 293 281 288 205 221 277 222 207 272 219 274 200 229 284 280 253 203 266 262
149
746
142 135 132 173 115 144 165 141 133 112 119 125 116 124 154 155 183 163 157 106 104 126 108 127 150 161 162 160 195 174 167 148 105 185 131 138 169 109 143 166 147 134
670
802
954
464 435 424 430 401 468 482 483 486 431 414 479 426 405 467 415 480 466 499 491 475 494 442 478 403 458 474 416 425 476 428 433 406 487 422 448 434 456 404 460 437 459 498 457 473 441 427 489 420 470 419 490 485 445 439 465
578 596 511 595 534 506 563 542 532 590 543 582 533 570 591 554 509 518 544 571 529 584 586 593 530 514 560 540 549 569 517 574 599 577 566 573 589 512 579 594 536 508 556 505 545 580 525 559 531 520 537 588 557 516 521
8
389 366 379 375 323 354 361 394 341 338 348 340 357 393 381 363 390 392 367 359 324 388 360 336 314 343 364 318 327 330 350 307 339 334 386 326 332 369 311 342 356 370 398 396 345 351 346 353 317
994
941
264
548
665
71
17
703
709
651
895
761 769 701 756 723 720 721 718 772 753 762 740 781 702 767 791 784 714 735 786 749 712 717 765 776 773 768 722 755 736 787 728 774 731 782 760 715 788 757 744 732 739 704 743 799 783
206
128
915
469
313
922
33
640 636 629 691 681 601 666 694 668 615 632 671 658 684 669 638 678 677 692 631 633 659 646 620 635 643 667 674 699 622 628 660 698 697 655 614 661 637 662 663 695 649
676
708
322
833
285
612
90
801
152
223
747
111
564
56
230
319
932
611
139
347
719
202
421
832
377
679
51
503
418
865
793
355
39
304
151
471
656
123
295
231
689
812
146
168
957
384
507
562
497
621
239
515
810
100
444
970
867
91
52
248
619
254
1
987
585
710
918
129
587
145
180
552
565
724
286
287
831
700
685
268
706
716
368
391
916
597
680
159
726
504
436
488
648
770
863
827
583
653
764
693
860
86
808
838
711
933
745
777
999
893
196
260
240
608
216
790
857
980
172
429
137
947
397
35
814
259
83
609
748
320
107
30
639
683
308
212
226
477
279
164
16
193
47
265
613
602
190
461
70
371
122
797
955
306
11
209
34
158
759
197
215
568
864
191
550
754
750
819
362
53
399
383
547
186
255
6
937
325
290
737
581
951
198
84
60
5
664
378
707
528
551
65
935
634
792
78
998
690
276
117
527
688
841
41
502
604
909
241
522
463
270
352
501
13
412
156
233
923
182
618
432
519
214
45
870
243
696
413
493
847
990
407
555
181
953
539
19
451
513
59
789
58
257
942
859
900
372
730
840
713
376
575
558
400
297
244
450
510
440
535
626
876
946
331
997
387
600
408
335
624
927
652
94
976
798
121
77
411
188
10
443
85
843
267
68
969
328
175
201
546
945
977
603
170
69
409
500
455
130
447
598
616
452
495
779
991
741
617
315
31
344
623
89
572
526
576
992
333
492
907
966
187
220
228
373
271
654
727
644
842
309
402
118
43
446
607
385
305
358
453
523
136
538
192
785
263
48
758
423
44
213
928
766
80
771
850
905
103
673
686
627
449
294
733
641
961
102
382
28
606
410
310
484
561
218
888
687
251
234
821
273
861
349
472
825
877
780
914
462
993
23
269
625
140
179
184
97
247
725
67
650
904
910
316
54
374
807
96
93
541
605
729
742
496
682
763
879
567
524
752
303
775
113
300
380
630
176
37
963
177
289
178
417
199
862
292
553
642
917
834
454
943
751
856
795
296
301
120
312
794
672
337
101
738
283
61
705
645
815
886
811
675
232
42
778
647
835
592
211
64
365
189
153
610
855
881
224
948
321
481
869
800
62
88
395
657
302
329
925
194
978
734
975
171
796