973
92 18 66 4 7 38 98 81 49 32 25 9 36 14 21 57 63 24 72 0 12 55 76 79 2 50 75 87 99 73 74 20 26 95 29 27 40 22 15 46 3 82
114
438
110
837 853 824 880 891 871 836 805 818 822 817 878 897 892 889 804 820 872 854 839 882 896 844 826 829 823 875 813 884 883 816 885 830 866 846 803 887 874 809 894 849 852 848 898 806 845 828 858 851 890 899 868
873
964 982 979 985 924 989 938 968 902 906 962 952 984 921 959 919 988 912 983 939 974 920 940 960 911 929 936 965 944 972 996 981 908 901 986 956 913 931 995 949 930 950 971 903 926 934 958
210 222 207 200 253 262 272 288 281 208 284 237 299 242 217 261 256 249 246 225 221 275 238 278 236 291 203 204 235 229 282 293 205 227 266 250 298 219 280 258 277 274 245 252
149
746
160 183 143 173 132 109 112 144 162 119 185 124 131 105 161 169 127 154 115 155 126 174 148 157 135 138 106 195 133 166 104 167 116 150 108 134 141 165 142 147 125 163
670
802
954
430 419 464 420 458 476 479 437 415 473 445 487 428 474 406 483 405 442 460 486 470 422 494 403 475 448 404 457 490 441 424 468 491 416 439 456 465 435 425 433 478 401 499 482 427 480 431 426 434 498 467 414 466 459 485 489
574 520 514 584 590 560 577 579 531 517 563 505 599 593 521 525 596 512 578 554 589 588 586 532 559 571 549 570 533 556 591 508 557 534 536 573 580 511 594 530 506 518 529 595 569 544 543 582 545 509 566 537 516 540 542
8
326 396 357 361 394 381 353 336 332 348 327 330 386 339 366 359 341 398 338 356 389 363 369 317 350 392 388 364 390 351 375 342 324 370 343 318 323 307 314 345 393 340 360 354 334 367 346 379 311
994
941
264
548
665
71
17
703
709
651
895
788 767 791 736 732 739 784 768 723 714 765 762 701 720 740 772 704 722 755 731 712 787 781 721 717 783 782 715 799 760 769 728 735 749 702 774 756 718 776 753 743 786 761 744 757 773
206
128
915
469
313
922
33
691 699 631 669 658 628 663 695 668 661 629 660 640 643 659 678 667 698 637 677 632 635 681 674 646 694 671 622 662 692 649 636 601 655 620 633 615 666 638 697 684 614
676
708
322
833
285
612
90
801
152
223
747
111
564
56
230
319
932
611
139
347
719
202
421
832
377
679
51
503
418
865
793
355
39
304
151
471
656
123
295
231
689
812
146
168
957
384
507
562
497
621
239
515
810
100
444
970
867
91
52
248
619
254
1
987
585
710
918
129
587
145
180
552
565
724
286
287
831
700
685
268
706
716
368
391
916
597
680
159
726
504
436
488
648
770
863
827
583
653
764
693
860
86
808
838
711
933
745
777
999
893
196
260
240
608
216
790
857
980
172
429
137
947
397
35
814
259
83
609
748
320
107
30
639
683
308
212
226
477
279
164
16
193
47
265
613
602
190
461
70
371
122
797
955
306
11
209
34
158
759
197
215
568
864
191
550
754
750
819
362
53
399
383
547
186
255
6
937
325
290
737
581
951
198
84
60
5
664
378
707
528
551
65
935
634
792
78
998
690
967
276
117
527
688
841
41
502
604
909
241
522
463
270
352
501
13
412
156
233
923
182
618
432
519
214
45
870
243
696
413
493
847
990
407
555
181
953
539
19
451
513
59
789
58
257
942
859
900
372
730
840
713
376
575
558
400
297
244
450
510
440
535
626
876
946
331
997
387
600
408
335
624
927
652
94
976
798
121
77
411
188
10
443
85
843
267
68
969
328
175
201
546
945
977
603
170
69
409
500
455
130
447
598
616
452
495
779
991
741
617
315
31
344
623
89
572
526
576
992
333
492
907
966
187
220
228
373
271
654
727
644
842
309
402
118
43
446
607
385
305
358
453
523
136
538
192
785
263
48
758
423
44
213
928
766
80
771
850
905
103
673
686
627
449
294
733
641
961
102
382
28
606
410
310
484
561
218
888
687
251
234
821
273
861
349
472
825
877
780
914
462
993
23
269
625
140
179
184
97
247
725
67
650
904
910
316
54
374
807
96
93
541
605
729
742
496
682
763
879
567
524
752
303
775
113
300
380
630
176
37
963
177
289
178
417
199
862
292
553
642
917
834
454
943
751
856
795
296
301
120
312
794
672
337
101
738
283
61
705
645
815
886
811
675
232
42
778
647
835
592
211
64
365
189
153
610
855
881
224
948
321
481
869
800
62
88
395
657
302
329
925
194
978
734
975
171
796