973
21 82 95 63 79 40 38 46 15 87 75 49 55 7 22 98 72 29 57 36 26 73 20 74 0 2 32 24 4 14 76 9 18 50 99 3 25 12 27 92 66 81
114
438
110
845 880 883 884 891 806 822 885 866 853 858 899 854 818 874 852 887 824 868 809 872 871 890 829 817 837 820 892 804 878 848 851 823 897 803 830 828 839 826 846 844 813 875 882 898 805 894 836 849 889 896 816
873
921 912 944 902 940 920 995 996 939 988 952 929 911 985 924 950 906 986 908 979 962 958 965 989 926 982 968 981 964 901 938 972 974 913 936 983 931 960 956 934 919 949 971 930 959 984 903
280 229 249 242 298 227 210 252 208 266 262 221 272 253 282 278 236 205 235 284 258 219 203 200 250 275 293 207 281 291 217 204 238 237 288 246 299 225 222 277 256 245 274 261
149
746
127 135 142 131 105 112 147 166 108 150 174 138 125 167 116 162 195 165 134 115 183 160 185 144 163 148 104 126 173 106 109 143 169 132 154 119 141 157 124 161 133 155
670
802
954
460 425 468 476 456 478 405 448 401 437 479 434 470 498 487 415 464 433 427 424 428 474 441 419 435 466 416 475 483 403 480 414 404 430 473 485 422 490 459 406 465 442 445 482 420 457 499 467 458 431 494 491 489 426 439 486
566 588 580 545 593 559 577 579 557 571 511 542 574 531 556 591 521 554 543 509 549 536 512 584 516 540 518 537 508 534 569 520 578 517 505 595 570 514 525 560 573 594 563 529 599 532 596 506 582 586 533 530 590 544 589
8
392 327 366 364 396 311 340 341 353 394 338 332 346 370 379 339 323 351 386 381 345 359 334 330 363 375 354 393 398 336 367 350 357 343 318 361 317 307 389 326 342 390 360 314 388 324 356 369
994
941
264
548
665
71
17
703
709
651
895
756 735 791 720 760 781 701 714 762 773 784 782 776 787 765 774 731 732 772 755 736 715 767 743 702 740 783 744 753 704 728 761 722 769 786 721 749 717 723 739 768 788 718 712 757 799
206
128
915
469
313
922
33
662 640 638 636 659 699 674 669 646 620 615 631 658 666 663 660 643 614 632 661 678 667 698 697 629 695 684 649 601 668 692 677 635 681 628 633 694 637 622 671 691 655
676
708
322
833
285
612
90
801
152
223
747
111
564
56
230
319
932
611
139
347
719
202
421
832
377
679
51
503
418
865
793
355
39
304
151
471
656
123
295
231
689
812
146
168
957
384
507
562
497
621
239
515
810
100
444
970
867
91
52
248
619
254
1
987
585
710
918
129
587
145
180
552
565
724
286
287
831
700
685
268
706
716
368
391
916
597
680
159
726
504
436
488
648
770
863
827
583
653
764
693
860
86
808
838
711
933
745
777
999
893
196
260
240
608
216
790
857
980
172
429
137
947
397
35
814
259
83
609
748
320
107
30
639
683
308
212
226
477
279
164
16
193
47
265
613
602
190
461
70
371
122
797
955
306
11
209
34
158
759
197
215
568
348
864
191
550
754
750
819
362
53
399
383
547
186
255
6
937
325
290
737
581
951
198
84
60
5
664
378
707
528
551
65
935
634
792
78
998
690
967
276
117
527
688
841
41
502
604
909
241
522
463
270
352
501
13
412
156
233
923
182
618
432
519
214
45
870
243
696
413
493
847
990
407
555
181
953
539
19
451
513
59
789
58
257
942
859
900
372
730
840
713
376
575
558
400
297
244
450
510
440
535
626
876
946
331
997
387
600
408
335
624
927
652
94
976
798
121
77
411
188
10
443
85
843
267
68
969
328
175
201
546
945
977
603
170
69
409
500
455
130
447
598
616
452
495
779
991
741
617
315
31
344
623
89
572
526
576
992
333
492
907
966
187
220
228
373
271
654
727
644
842
309
402
118
43
446
607
385
305
358
453
523
136
538
192
785
263
48
758
423
44
213
928
766
80
771
850
905
103
673
686
627
449
294
733
641
961
102
382
28
606
410
310
484
561
218
888
687
251
234
821
273
861
349
472
825
877
780
914
462
993
23
269
625
140
179
184
97
247
725
67
650
904
910
316
54
374
807
96
93
541
605
729
742
496
682
763
879
567
524
752
303
775
113
300
380
630
176
37
963
177
289
178
417
199
862
292
553
642
917
834
454
943
751
856
795
296
301
120
312
794
672
337
101
738
283
61
705
645
815
886
811
675
232
42
778
647
835
592
211
64
365
189
153
610
855
881
224
948
321
481
869
800
62
88
395
657
302
329
925
194
978
734
975
171
796