973
63 15 46 74 50 2 87 79 95 32 49 22 4 24 40 20 7 73 26 12 9 75 57 14 98 25 0 3 99 92 27 55 38 82 76 36 66 29 21 18 81 72
114
438
110
890 883 848 868 882 818 817 852 820 887 899 891 885 823 830 824 844 803 845 884 822 826 813 816 828 871 897 854 836 872 875 892 846 806 889 878 809 829 898 839 851 849 804 894 880 896 874 805 837 866 853 858
873
959 952 936 939 931 911 920 988 983 985 950 962 938 912 929 958 934 919 902 913 924 965 960 956 996 901 940 944 930 926 981 974 984 989 986 903 964 995 971 979 972 949 921 908 968 906 982
299 221 266 281 229 277 249 237 288 222 250 204 207 217 235 246 208 274 252 242 203 275 236 298 256 280 227 293 200 219 272 284 253 245 278 291 205 258 238 282 225 262 210 261
149
746
155 173 112 166 126 132 183 116 165 160 174 195 115 119 106 104 124 169 185 108 109 134 143 135 157 144 150 147 138 105 125 154 161 127 141 148 131 162 133 167 163
670
802
954
416 401 490 403 486 434 431 498 474 470 460 419 405 437 414 468 426 404 428 445 480 494 479 464 441 491 482 435 466 433 467 473 424 420 422 430 475 415 483 425 457 499 456 406 465 459 485 476 458 439 487 427 489 442 448 478
533 584 506 577 574 580 563 534 591 582 545 593 573 559 590 509 549 599 540 543 521 569 532 570 594 531 508 588 520 571 537 542 557 512 560 525 514 596 589 544 578 517 530 516 556 586 511 505 554 579 518 529 595 536 566
8
318 345 375 324 388 332 341 359 334 353 311 326 317 360 394 390 339 386 327 342 369 381 367 343 330 357 314 396 363 379 340 338 307 366 389 354 351 356 364 392 350 323 361 346 370 336 393 398
994
941
264
548
665
71
17
703
709
651
895
781 739 791 735 782 769 786 768 772 787 715 757 731 744 717 736 767 749 753 718 762 743 702 722 755 712 765 721 728 776 701 760 799 732 784 714 773 788 761 704 783 756 740 723 720 774
206
128
915
469
313
922
33
668 666 655 632 622 637 659 662 601 699 643 661 667 674 649 695 629 633 638 658 635 646 691 681 614 694 677 669 698 620 660 692 697 663 684 678 640 631 636 671 628 615
676
708
322
833
285
612
90
801
152
223
747
111
564
56
230
319
932
611
139
347
719
202
421
832
377
679
51
503
418
865
793
355
39
304
151
471
656
123
295
231
689
812
146
168
957
384
507
562
497
621
239
515
810
100
444
970
867
91
52
248
619
254
1
987
585
710
918
129
587
145
180
552
565
724
286
287
831
700
685
268
706
716
368
391
916
597
680
159
726
504
436
488
648
770
863
827
583
653
764
693
860
86
808
838
711
933
745
777
999
142
893
196
260
240
608
216
790
857
980
172
429
137
947
397
35
814
259
83
609
748
320
107
30
639
683
308
212
226
477
279
164
16
193
47
265
613
602
190
461
70
371
122
797
955
306
11
209
34
158
759
197
215
568
348
864
191
550
754
750
819
362
53
399
383
547
186
255
6
937
325
290
737
581
951
198
84
60
5
664
378
707
528
551
65
935
634
792
78
998
690
967
276
117
527
688
841
41
502
604
909
241
522
463
270
352
501
13
412
156
233
923
182
618
432
519
214
45
870
243
696
413
493
847
990
407
555
181
953
539
19
451
513
59
789
58
257
942
859
900
372
730
840
713
376
575
558
400
297
244
450
510
440
535
626
876
946
331
997
387
600
408
335
624
927
652
94
976
798
121
77
411
188
10
443
85
843
267
68
969
328
175
201
546
945
977
603
170
69
409
500
455
130
447
598
616
452
495
779
991
741
617
315
31
344
623
89
572
526
576
992
333
492
907
966
187
220
228
373
271
654
727
644
842
309
402
118
43
446
607
385
305
358
453
523
136
538
192
785
263
48
758
423
44
213
928
766
80
771
850
905
103
673
686
627
449
294
733
641
961
102
382
28
606
410
310
484
561
218
888
687
251
234
821
273
861
349
472
825
877
780
914
462
993
23
269
625
140
179
184
97
247
725
67
650
904
910
316
54
374
807
96
93
541
605
729
742
496
682
763
879
567
524
752
303
775
113
300
380
630
176
37
963
177
289
178
417
199
862
292
553
642
917
834
454
943
751
856
795
296
301
120
312
794
672
337
101
738
283
61
705
645
815
886
811
675
232
42
778
647
835
592
211
64
365
189
153
610
855
881
224
948
321
481
869
800
62
88
395
657
302
329
925
194
978
734
975
171
796