973
0 95 7 55 57 63 76 36 22 29 21 27 87 24 81 49 98 74 9 26 25 40 72 18 14 4 82 50 12 46 2 3 75 32 99 92 38 79 15 20 66 73
114
438
110
894 899 874 820 828 882 829 848 816 878 896 822 818 849 837 851 804 846 806 813 872 824 854 809 805 836 871 890 892 852 885 889 866 898 891 839 897 853 826 884 875 817 868 858 845 823 883 887 880 830 844
873
938 964 929 958 979 912 988 968 949 996 965 972 931 956 934 921 920 983 960 952 944 902 982 995 971 974 913 919 936 985 911 908 906 939 989 986 903 981 924 926 962 950 959 984 930 901 940
288 282 237 277 210 217 266 256 249 258 245 274 299 203 229 253 272 246 293 227 235 208 200 280 242 275 262 221 250 219 205 261 204 278 298 222 225 252 284 281 291 207 236 238
149
746
163 143 131 116 115 162 195 133 174 124 148 109 108 135 141 185 112 173 106 119 132 167 105 155 160 161 169 154 134 150 125 144 166 104 138 157 126 183 147 165 127
670
802
954
403 487 483 437 424 458 422 434 439 490 466 425 467 470 473 416 480 476 415 442 441 474 457 491 430 475 427 460 404 420 419 406 405 499 401 448 468 498 414 428 445 486 459 456 494 479 433 478 435 482 464 431 465 485 489 426
557 516 584 514 544 594 543 525 586 511 573 505 521 508 533 530 574 531 591 542 578 582 512 554 588 579 571 529 509 559 534 545 593 589 595 580 570 532 549 599 540 596 536 563 517 590 518 577 566 537 506 569 560 556 520
8
341 369 357 364 375 354 345 330 343 317 311 356 334 318 366 314 351 361 307 326 346 386 389 394 342 359 392 340 381 336 324 393 339 398 388 379 350 396 327 353 363 367 323 370 390 360 338 332
994
941
264
548
665
71
17
703
709
651
803
895
721 720 761 765 717 704 783 740 714 799 728 786 722 772 782 757 784 788 774 767 723 739 769 749 702 712 760 776 715 755 781 787 732 718 791 756 736 773 731 701 768 735 762 743 753 744
206
128
915
469
313
922
33
669 655 668 698 633 631 659 662 636 614 601 667 697 629 666 695 694 661 699 658 684 628 691 622 677 674 671 615 640 637 620 681 632 635 692 663 638 643 649 646 660 678
676
708
322
833
285
612
90
801
152
223
747
111
564
56
230
319
932
611
139
347
719
202
421
832
377
679
51
503
418
865
793
355
39
304
151
471
656
123
295
231
689
812
146
168
957
384
507
562
497
621
239
515
810
100
444
970
867
91
52
248
619
254
1
987
585
710
918
129
587
145
180
552
565
724
286
287
831
700
685
268
706
716
368
391
916
597
680
159
726
504
436
488
648
770
863
827
583
653
764
693
860
86
808
838
711
933
745
777
999
142
893
196
260
240
608
216
790
857
980
172
429
137
947
397
35
814
259
83
609
748
320
107
30
639
683
308
212
226
477
279
164
16
193
47
265
613
602
190
461
70
371
122
797
955
306
11
209
34
158
759
197
215
568
348
864
191
550
754
750
819
362
53
399
383
547
186
255
6
937
325
290
737
581
951
198
84
60
5
664
378
707
528
551
65
935
634
792
78
998
690
967
276
117
527
688
841
41
502
604
909
241
522
463
270
352
501
13
412
156
233
923
182
618
432
519
214
45
870
243
696
413
493
847
990
407
555
181
953
539
19
451
513
59
789
58
257
942
859
900
372
730
840
713
376
575
558
400
297
244
450
510
440
535
626
876
946
331
997
387
600
408
335
624
927
652
94
976
798
121
77
411
188
10
443
85
843
267
68
969
328
175
201
546
945
977
603
170
69
409
500
455
130
447
598
616
452
495
779
991
741
617
315
31
344
623
89
572
526
576
992
333
492
907
966
187
220
228
373
271
654
727
644
842
309
402
118
43
446
607
385
305
358
453
523
136
538
192
785
263
48
758
423
44
213
928
766
80
771
850
905
103
673
686
627
449
294
733
641
961
102
382
28
606
410
310
484
561
218
888
687
251
234
821
273
861
349
472
825
877
780
914
462
993
23
269
625
140
179
184
97
247
725
67
650
904
910
316
54
374
807
96
93
541
605
729
742
496
682
763
879
567
524
752
303
775
113
300
380
630
176
37
963
177
289
178
417
199
862
292
553
642
917
834
454
943
751
856
795
296
301
120
312
794
672
337
101
738
283
61
705
645
815
886
811
675
232
42
778
647
835
592
211
64
365
189
153
610
855
881
224
948
321
481
869
800
62
88
395
657
302
329
925
194
978
734
975
171
796