973
7 14 21 9 79 99 63 72 15 87 76 32 20 24 57 40 27 92 73 22 81 2 74 29 18 0 26 46 3 49 38 82 25 50 66 75 98 55 95 4 36 12
114
438
110
894 848 874 883 871 806 889 822 868 854 858 892 887 845 899 885 882 824 880 851 884 809 816 853 846 823 836 872 897 837 852 828 844 866 849 891 820 898 813 805 839 896 830 818 890 826 817 804 875 829 878
873
902 984 906 956 971 930 952 940 989 981 949 926 982 972 950 988 974 921 919 985 920 979 939 911 960 913 929 944 995 903 986 938 965 958 936 996 959 968 912 931 962 934 983 901 964 924 908
245 253 277 229 288 246 258 219 272 208 207 291 210 236 237 242 299 221 205 235 227 293 262 278 200 217 274 203 222 280 249 252 250 204 261 282 238 256 281 266 298 275 284 225
149
746
138 143 127 141 112 150 106 157 147 161 104 173 163 154 116 167 144 125 119 135 131 169 155 165 160 133 108 183 185 134 162 115 132 105 195 124 109 148 126 174 166
670
802
954
489 442 473 435 426 424 420 425 428 485 494 483 448 476 405 433 445 437 422 403 439 470 486 482 498 460 404 406 456 419 415 475 431 459 490 401 434 464 480 468 441 457 479 458 487 474 478 427 491 465 416 466 430 499 414
584 544 589 593 595 560 586 545 582 557 509 596 570 569 525 573 566 520 511 578 594 540 534 531 543 590 577 563 580 530 512 536 549 556 591 579 521 518 588 533 599 508 506 514 559 574 505 554 571 529 516 517 532 542 537
8
351 317 340 323 394 334 332 314 343 363 392 388 318 390 360 353 361 354 370 359 307 396 356 367 366 326 393 336 327 357 311 389 345 324 375 379 330 398 346 350 338 386 341 339 364 381 369 342
994
941
264
548
665
71
17
703
709
651
803
895
783 756 744 753 720 761 791 767 774 701 772 704 757 702 722 768 784 723 735 717 776 769 731 739 715 773 728 718 781 762 799 749 740 721 788 743 712 765 732 787 786 760 714 782 736 755
206
128
915
469
313
922
33
666 631 649 646 684 615 662 674 663 640 668 638 659 635 629 691 636 622 694 661 669 667 699 643 633 660 695 678 698 692 658 677 697 601 671 655 628 632 614 637 620 681
676
708
322
833
285
612
90
801
152
223
747
111
564
56
230
319
932
611
139
347
719
202
421
832
377
679
51
503
418
865
793
355
39
304
151
471
656
123
295
231
689
812
146
168
957
384
507
562
497
621
239
515
810
100
444
970
867
91
52
248
619
254
1
987
585
710
918
129
587
145
180
552
565
724
286
287
831
700
685
268
706
716
368
391
916
597
680
159
726
504
436
488
648
770
863
827
583
653
764
693
860
86
808
838
711
933
745
777
999
142
893
196
260
240
608
216
790
857
980
172
429
137
947
397
35
814
259
83
609
748
320
107
30
639
683
308
212
226
477
279
164
16
193
47
265
613
602
190
461
70
371
122
797
955
306
11
209
34
158
759
197
215
568
348
864
191
550
754
750
819
362
53
399
383
547
186
255
6
937
325
290
737
581
951
198
84
60
5
664
378
707
528
551
65
935
634
792
78
998
690
967
276
117
527
688
841
41
502
604
909
241
522
463
270
352
501
13
412
156
233
923
182
618
432
519
214
45
870
243
696
413
493
847
990
407
555
181
953
539
19
451
513
59
789
58
257
942
859
900
372
730
840
713
376
575
558
400
297
244
450
510
440
535
626
876
946
331
997
387
600
408
335
624
927
652
94
976
798
121
77
411
188
10
443
85
843
267
68
969
328
175
201
546
945
977
603
170
69
409
500
455
130
447
598
616
452
495
779
991
741
617
315
31
344
623
89
572
526
576
992
333
492
907
966
187
220
228
373
271
654
727
644
842
309
402
118
43
446
607
385
305
358
453
523
136
538
192
785
263
48
758
423
44
213
928
766
80
771
850
905
103
673
686
627
449
294
733
641
961
102
382
28
606
410
310
484
561
218
888
687
251
234
821
273
861
349
472
825
877
780
914
462
993
23
269
625
140
179
184
97
247
725
67
650
904
910
316
54
374
807
96
93
541
605
729
742
496
682
763
879
567
524
752
303
775
113
300
380
630
176
37
963
177
289
178
417
199
862
292
553
642
917
834
454
943
751
856
795
296
301
120
312
794
672
337
101
738
283
61
705
645
815
886
811
675
232
42
778
647
835
592
211
64
365
189
153
610
855
881
224
948
321
481
869
467
800
62
88
395
657
302
329
925
194
978
734
975
171
796