990 971 947 996 968 951 973 958 940 986 946 942 901 903 954 923 989 922 978 975 902 906 982 967 977 926 991 995 994 956 961 921 993 980 911 944 984 930 934 939 919 965 987 912 913 941 918 945 950 953 931 937 963 955 983 960 976 925 909 904 997 966 914 920 936 998 969 949 943 916 929 952 999 938 910 908 979 981 907 964 985 935 932 972 927 962 905 992 917 988 959 928 924 915 974
37 22 72 3 15 0 95 17 84 7 81 86 78 29 13 77 48 41 66 57 75 82 30 83 12 45 85 25 89 38 23 28 2 43 61 24 36 59 91 80 71 40 60 42 49 21 55 52 10 19 65 27 34 99 68 8 64 9 14 46 98 47 62 97 74 51 88 44 6 63 16 79 26 90 33 58 18 20 69 32 73 92 53 76 94 31 56 11 35 54 50 39 67 87 4 96
109 184 115 180 136 182 130 111 145 198 154 199 137 133 119 192 197 178 103 195 106 193 113 105 144 185 165 157 112 108 161 177 110 181 171 117 183 150 121 147 123 170 102 125 127 194 187 164 172 162 141 118 175 124 122 190 116 196 107 128 152 156 173 188 186 153 131 160 166 146 114 142 174 179 120 134 168 163 140 139 167 155 135 143 169 126 148 104 149 132 176 138
444 468 438 429 402 410 486 426 454 404 415 477 464 499 481 437 439 405 463 469 474 483 446 448 482 488 453 414 427 428 422 435 495 496 432 431 434 451 445 420 416 450 498 425 494 452 447 467 466 472 462 490 478 409 485 471 460 484 476 443 401 458 491 455 489 406 408 407 456 457 475 411 413 470 412 442 480 436 493 497 419 459 487 449 403 424 473 492 441 417 479 433 465 430 461 423 440
831 807 868 862 842 878 833 817 851 839 889 893 866 869 835 814 846 812 849 848 870 895 837 894 896 863 826 875 829 884 827 832 876 882 886 854 885 877 873 810 822 864 808 821 803 830 847 836 850 838 828 880 815 898 883 834 804 816 861 890 805 845 820 852 824 841 871 867 843 859 853 897 855 892 825 872 811 800 844 806 860 865 879 857 809 858 887 823 899 881 888 891 840 819 818 813 874
210 287 207 252 214 289 262 226 297 224 208 227 232 283 203 270 204 239 216 215 246 212 293 205 235 278 279 213 242 253 259 274 255 244 296 236 248 231 233 228 257 229 290 238 275 245 256 264 241 298 225 202 206 240 261 250 273 200 295 277 284 267 269 294 211 276 223 254 217 249 218 299 222 268 266 280 234 286 272 220 292 219 288 258 263 243 265 237 291 281 251 285 282 230 247 221 209
701 791 769 703 768 708 719 715 712 758 717 737 733 796 750 702 745 793 760 792 795 720 739 731 776 743 754 718 753 723 716 794 788 732 777 734 779 787 751 798 738 782 762 764 759 705 773 781 713 780 710 799 775 790 707 735 746 761 765 770 763 756 741 724 721 725 774 757 783 797 748 728 729 749 772 784 752 767 786 785 730 714 736 778 755 742 747 766 704 771 744 740 709 711 722
646 672 608 634 694 674 629 628 690 636 616 687 620 649 685 604 675 640 633 682 635 681 613 679 654 624 602 627 645 621 612 657 667 662 615 678 642 617 673 676 680 647 659 648 625 656 614 693 601 630 637 666 605 611 684 622 670 631 644 658 683 639 698 660 650 688 663 697 651 655 699 641 609 652 653 632 626 638 677 661 618 607 695 603 669 691 689 643 668 696 664 671 665 692 686
802
547 595 523 522 569 511 505 584 545 534 551 527 536 539 580 535 541 562 524 587 549 594 544 542 513 504 552 593 528 529 575 599 532 502 573 501 503 550 576 520 581 585 577 555 557 510 533 578 596 543 521 590 561 597 579 586 530 589 582 574 556 554 564 508 570 538 526 515 546 563 512 531 516 583 588 559 537 553 598 591 565 566 558 514 509 567 560 518 568 507 517 571 525 506 519 540
391 375 351 338 372 326 384 387 395 350 377 344 383 315 380 335 381 373 355 310 336 323 348 305 319 398 317 320 365 329 382 341 353 325 369 324 354 371 386 303 312 321 340 393 307 346 328 356 331 367 318 390 304 302 394 306 345 342 332 376 313 399 362 314 343 360 309 352 361 333 397 385 330 396 337 388 308 370 392 364 339 358 334 366 368 357 378 349 327 389 363 300 379 347 311 322 359
548
801
421
418
151
957
100
970
619
1
129
700
706
159
726
933
260
70
158
191
5
789
900
400
600
201
500
623
572
271
727
606
316
374
93
856
301
101
592
189
610
948