973
7 92 29 25 14 0 95 66 49 76 24 4 50 99 72 36 15 12 81 74 20 79 3 26 55 82 75 38 27 87 9 2 63 73 21 46 32 22 57 40 18 98
114
438
110
891 890 854 878 809 858 846 887 824 892 880 852 844 822 837 805 845 894 875 885 884 829 836 899 866 872 804 853 830 813 874 823 839 828 897 817 816 889 868 849 848 818 851 898 882 883 806 896 826 871 820
873
981 908 913 979 924 968 949 931 939 950 962 959 956 952 984 989 921 919 929 920 903 958 906 971 972 960 965 901 983 986 964 902 934 982 936 995 926 938 996 911 988 940 985 944 912 930 974
299 293 236 266 249 258 235 200 250 227 238 229 282 277 274 252 256 217 281 225 280 275 237 210 288 253 207 272 204 222 203 291 208 278 261 246 205 219 284 242 221 245 262 298
149
746
162 119 144 154 147 157 160 133 116 195 173 126 112 105 124 161 131 134 148 141 135 125 163 150 127 132 138 169 174 155 104 167 143 106 183 109 166 115 108 165 185
670
802
954
494 427 465 448 416 445 474 491 470 401 420 430 414 476 458 485 459 433 425 498 404 435 441 464 403 466 460 489 406 486 480 442 479 457 475 487 424 419 483 490 428 499 468 478 437 422 456 473 431 439 405 482 426 434 415
593 589 590 584 570 514 573 580 549 542 545 559 560 582 571 563 594 516 540 521 530 533 505 569 588 517 566 531 543 506 557 520 508 537 591 599 544 586 536 556 525 596 554 577 532 574 511 518 579 534 512 578 529 595 509
8
389 375 381 311 317 314 307 341 369 342 339 327 357 334 364 345 350 326 393 379 356 363 330 366 340 353 388 318 323 361 338 351 367 394 332 370 396 386 398 343 324 346 354 360 336 392 359 390
994
941
264
548
665
71
17
703
709
651
803
895
788 722 781 712 755 765 717 772 799 702 769 774 701 768 783 786 784 756 714 767 761 728 773 744 731 735 739 791 776 723 782 718 740 757 753 762 787 743 749 720 760 736 715 721 704 732
206
128
915
469
313
922
33
659 631 669 677 646 681 692 658 660 649 668 615 655 695 628 637 671 661 697 698 633 667 640 620 601 663 632 699 614 662 635 643 674 638 666 622 678 691 629 684 636
676
708
322
833
285
612
90
801
152
223
747
111
564
56
230
319
932
611
139
347
719
202
421
832
377
679
51
503
418
694
865
793
355
39
304
151
471
656
123
295
231
689
812
146
168
957
384
507
562
497
621
239
515
810
100
444
970
867
91
52
248
619
254
1
987
585
710
918
129
587
145
180
552
565
724
286
287
831
700
685
268
706
716
368
391
916
597
680
159
726
504
436
488
648
770
863
827
583
653
764
693
860
86
808
838
711
933
745
777
999
142
893
196
260
240
608
216
790
857
980
172
429
137
947
397
35
814
259
83
609
748
320
107
30
639
683
308
212
226
477
279
164
16
193
47
265
613
602
190
461
70
371
122
797
955
306
11
209
34
158
759
197
215
568
348
864
191
550
754
750
819
362
53
399
383
547
186
255
6
937
325
290
737
581
951
198
84
60
5
664
378
707
528
551
65
935
634
792
78
998
690
967
276
117
527
688
841
41
502
604
909
241
522
463
270
352
501
13
412
156
233
923
182
618
432
519
214
45
870
243
696
413
493
847
990
407
555
181
953
539
19
451
513
59
789
58
257
942
859
900
372
730
840
713
376
575
558
400
297
244
450
510
440
535
626
876
946
331
997
387
600
408
335
624
927
652
94
976
798
121
77
411
188
10
443
85
843
267
68
969
328
175
201
546
945
977
603
170
69
409
500
455
130
447
598
616
452
495
779
991
741
617
315
31
344
623
89
572
526
576
992
333
492
907
966
187
220
228
373
271
654
727
644
842
309
402
118
43
446
607
385
305
358
453
523
136
538
192
785
263
48
758
423
44
213
928
766
80
771
850
905
103
673
686
627
449
294
733
641
961
102
382
28
606
410
310
484
561
218
888
687
251
234
821
273
861
349
472
825
877
780
914
462
993
23
269
625
140
179
184
97
247
725
67
650
904
910
316
54
374
807
96
93
541
605
729
742
496
682
763
879
567
524
752
303
775
113
300
380
630
176
37
963
177
289
178
417
199
862
292
553
642
917
834
454
943
751
856
795
296
301
120
312
794
672
337
101
738
283
61
705
645
815
886
811
675
232
42
778
647
835
592
211
64
365
189
153
610
855
881
224
948
321
481
869
467
800
62
88
395
657
302
329
925
194
978
734
975
171
796