973
82 36 75 74 27 92 2 72 12 18 46 7 55 87 99 50 22 38 21 66 14 3 4 98 81 73 15 76 79 49 95 29 9 57 40 20 24 25 63 0 32 26
114
438
110
816 878 818 894 806 868 875 889 845 826 848 804 858 823 844 899 829 820 885 852 887 854 837 871 883 896 836 817 892 872 866 805 846 882 809 880 824 830 898 891 839 884 890 853 897 849 813 874 822 828 851
873
903 958 962 901 985 965 968 924 989 929 920 906 984 939 912 949 921 971 911 981 908 974 913 926 979 934 940 944 902 956 996 959 930 964 972 983 950 960 988 986 931 982 936 995 919 952 938
284 299 219 249 280 261 246 252 274 229 291 281 227 250 236 208 272 245 204 225 238 278 221 266 275 237 242 277 293 253 200 205 207 262 256 288 282 217 235 298 258 203 222 210
149
746
143 195 105 150 127 124 160 147 169 163 126 116 167 135 162 166 108 131 154 134 109 155 161 174 125 144 165 185 106 183 132 148 173 119 104 157 112 138 141 115 133
670
802
954
405 430 473 483 426 460 474 491 485 428 425 434 401 404 459 406 441 445 458 437 448 435 457 420 456 499 498 486 415 439 424 494 419 470 490 475 442 465 476 433 414 431 489 427 422 403 482 478 480 487 464 468 416 479 466
563 556 545 531 590 509 508 532 566 580 596 520 588 573 589 516 525 530 537 542 579 511 570 512 578 559 536 582 586 540 574 599 505 543 534 549 521 577 560 554 557 517 591 544 584 569 529 594 506 593 595 571 518 514
8
366 356 317 388 389 330 345 360 342 332 359 346 369 334 370 381 361 323 393 354 390 357 327 386 314 364 375 341 351 353 363 367 350 379 326 324 336 392 340 311 338 398 394 343 339 318 396 307
994
941
264
548
665
71
17
703
709
651
803
895
732 757 735 712 774 767 701 799 722 773 715 788 762 765 702 717 783 769 761 740 755 721 704 728 714 772 781 756 736 791 776 720 782 749 753 760 787 744 786 723 718 743 739 784 768 731
206
128
915
469
313
922
33
658 659 601 663 615 646 677 637 684 695 662 635 661 667 678 692 649 666 643 638 669 691 622 668 632 655 699 629 631 614 698 660 681 636 633 674 620 640 628 697 671
676
708
322
833
285
612
90
801
152
223
747
111
564
56
230
319
932
611
139
347
719
202
421
832
377
679
51
503
418
694
865
793
355
39
304
151
471
656
123
295
231
689
812
146
168
957
384
507
562
497
621
239
515
810
100
444
970
867
91
52
248
619
254
1
987
585
710
918
129
587
145
180
552
565
724
286
287
831
700
685
268
706
716
368
391
916
597
680
159
726
504
436
488
648
770
863
827
583
653
764
693
860
86
808
838
711
933
745
777
999
142
893
196
260
240
608
216
790
857
980
172
429
137
947
397
35
814
259
83
609
748
320
107
30
639
683
308
212
226
477
279
164
16
193
47
265
613
602
190
461
70
371
122
797
955
306
11
209
34
158
759
197
215
568
348
864
191
550
754
750
819
362
53
399
383
547
186
255
6
937
325
290
737
581
951
198
84
60
5
664
378
707
528
551
65
935
634
792
78
998
690
967
276
117
527
688
841
41
502
604
909
241
522
463
270
352
501
13
412
156
233
923
182
618
432
519
214
45
870
243
696
413
493
847
990
407
555
181
953
539
19
451
513
59
789
58
257
942
859
900
372
730
840
713
376
575
558
400
297
244
533
450
510
440
535
626
876
946
331
997
387
600
408
335
624
927
652
94
976
798
121
77
411
188
10
443
85
843
267
68
969
328
175
201
546
945
977
603
170
69
409
500
455
130
447
598
616
452
495
779
991
741
617
315
31
344
623
89
572
526
576
992
333
492
907
966
187
220
228
373
271
654
727
644
842
309
402
118
43
446
607
385
305
358
453
523
136
538
192
785
263
48
758
423
44
213
928
766
80
771
850
905
103
673
686
627
449
294
733
641
961
102
382
28
606
410
310
484
561
218
888
687
251
234
821
273
861
349
472
825
877
780
914
462
993
23
269
625
140
179
184
97
247
725
67
650
904
910
316
54
374
807
96
93
541
605
729
742
496
682
763
879
567
524
752
303
775
113
300
380
630
176
37
963
177
289
178
417
199
862
292
553
642
917
834
454
943
751
856
795
296
301
120
312
794
672
337
101
738
283
61
705
645
815
886
811
675
232
42
778
647
835
592
211
64
365
189
153
610
855
881
224
948
321
481
869
467
800
62
88
395
657
302
329
925
194
978
734
975
171
796