973
49 50 3 99 63 29 74 81 98 36 24 87 38 7 4 20 12 82 2 75 92 9 27 46 32 0 79 57 95 73 14 76 55 18 40 21 72 26 15 22 25 66
114
438
110
883 868 898 805 844 817 824 813 892 897 804 889 809 882 818 885 890 826 874 830 884 822 828 820 866 846 899 854 837 839 851 829 823 887 852 853 871 894 858 875 891 816 806 872 880 848 849 845 836 878
873
982 964 950 906 958 934 936 974 902 972 968 983 931 985 962 944 939 984 981 986 912 996 913 988 989 940 952 903 995 911 924 921 920 926 965 949 901 956 919 979 938 971 908 960 929 930 959
225 200 250 280 272 282 261 266 242 258 253 203 235 274 219 204 222 229 210 245 298 277 249 293 278 275 208 221 284 291 262 256 237 238 252 299 205 236 217 246 281 227 207 288
149
746
131 147 154 185 195 125 161 165 105 183 134 162 106 133 109 163 127 166 115 124 119 174 143 116 167 157 108 173 112 138 150 135 144 160 132 104 126 141 155 148 169
670
802
954
491 487 437 406 439 401 473 430 485 435 489 414 426 490 468 442 494 424 427 404 441 498 420 475 466 403 482 478 479 476 425 470 465 415 416 448 428 480 474 499 459 431 483 464 422 433 456 405 419 486 458 434 460 445 457
559 520 595 549 589 536 518 534 543 570 545 544 588 511 542 574 560 569 556 594 578 580 573 531 586 577 596 516 514 540 599 591 505 571 521 554 584 532 557 517 563 530 579 525 566 506 593 508 529 509 590 582 512 537
8
396 354 388 324 326 336 343 381 327 390 357 379 389 341 353 370 340 359 366 311 361 392 346 332 314 334 363 318 375 338 386 317 367 323 393 345 339 350 351 330 307 398 394 364 356 360 342 369
994
941
264
548
665
71
17
703
709
651
803
895
772 787 791 749 721 768 739 717 788 704 732 735 702 722 761 786 728 756 723 760 782 744 720 765 755 743 781 769 718 762 714 773 712 736 740 757 753 731 783 784 799 774 767 776 715 701
206
128
915
469
313
922
33
668 659 633 697 640 629 661 620 655 631 662 646 684 674 667 638 622 635 649 663 628 671 636 678 699 669 637 643 658 666 677 691 660 695 632 692 614 681 698 615 601
676
708
322
833
285
612
90
801
152
223
747
111
564
56
230
319
932
611
139
347
719
202
421
832
377
679
51
503
418
694
865
793
355
39
304
151
471
656
123
295
231
689
812
146
168
957
384
507
562
497
621
239
515
810
100
444
970
867
91
52
248
619
254
1
987
585
710
918
129
587
145
180
552
565
724
286
287
831
700
685
268
706
716
368
391
916
597
680
159
726
504
436
488
648
770
863
827
583
653
764
693
860
86
808
838
711
933
745
777
999
142
893
196
260
240
608
216
790
857
980
172
429
137
947
397
35
814
259
83
609
748
320
107
30
639
683
308
212
226
477
279
164
16
193
47
265
613
602
190
461
70
371
122
797
955
306
11
209
34
158
759
197
215
568
348
864
191
550
754
750
819
362
53
399
383
547
186
255
6
937
325
290
737
581
951
198
84
60
5
664
378
707
528
551
65
935
634
792
78
998
690
967
276
117
527
688
841
41
502
604
909
241
522
463
270
352
501
13
412
156
233
923
182
618
432
519
214
45
870
243
696
413
493
847
896
990
407
555
181
953
539
19
451
513
59
789
58
257
942
859
900
372
730
840
713
376
575
558
400
297
244
533
450
510
440
535
626
876
946
331
997
387
600
408
335
624
927
652
94
976
798
121
77
411
188
10
443
85
843
267
68
969
328
175
201
546
945
977
603
170
69
409
500
455
130
447
598
616
452
495
779
991
741
617
315
31
344
623
89
572
526
576
992
333
492
907
966
187
220
228
373
271
654
727
644
842
309
402
118
43
446
607
385
305
358
453
523
136
538
192
785
263
48
758
423
44
213
928
766
80
771
850
905
103
673
686
627
449
294
733
641
961
102
382
28
606
410
310
484
561
218
888
687
251
234
821
273
861
349
472
825
877
780
914
462
993
23
269
625
140
179
184
97
247
725
67
650
904
910
316
54
374
807
96
93
541
605
729
742
496
682
763
879
567
524
752
303
775
113
300
380
630
176
37
963
177
289
178
417
199
862
292
553
642
917
834
454
943
751
856
795
296
301
120
312
794
672
337
101
738
283
61
705
645
815
886
811
675
232
42
778
647
835
592
211
64
365
189
153
610
855
881
224
948
321
481
869
467
800
62
88
395
657
302
329
925
194
978
734
975
171
796