973
9 99 12 79 92 18 50 38 75 0 74 21 57 82 66 32 36 87 46 29 26 24 20 98 40 49 81 76 63 72 22 25 15 2 7 95 27 55 4 14 73 3
114
438
110
846 885 844 891 868 872 824 899 806 874 839 898 836 818 820 817 871 866 892 805 858 887 829 823 878 884 830 826 853 849 882 897 889 883 851 813 822 809 852 875 845 804 816 894 880 890 837 848 828
873
984 919 926 929 979 960 981 902 965 996 938 972 989 924 958 931 940 982 944 908 950 962 913 939 952 921 930 985 959 956 903 986 912 949 901 983 968 936 906 974 934 988 920 911 964 995 971
261 298 200 274 246 288 238 222 293 221 205 219 253 210 281 258 203 272 217 256 229 249 225 280 275 236 282 242 284 291 235 299 250 266 262 245 277 252 204 278 237 208 207 227
149
746
154 133 174 135 132 183 116 173 127 185 141 167 131 195 163 148 109 161 108 119 104 143 150 169 147 165 134 125 106 105 160 115 157 124 162 166 126 144 138 112 155
670
802
954
403 470 422 401 464 435 457 445 414 487 439 456 474 479 441 428 434 486 433 476 406 494 415 483 460 424 485 458 490 416 468 425 478 405 459 480 420 466 431 404 426 465 473 491 430 427 419 498 499 437 475 489 442 448 482
573 571 540 574 591 554 512 578 525 589 588 506 590 545 566 518 516 557 584 532 599 531 517 509 530 543 521 594 569 544 593 505 596 508 579 559 560 595 537 542 511 556 529 534 514 570 563 549 580 582 536 586 577 520
8
398 324 311 336 351 326 342 375 330 386 389 307 369 390 364 379 332 396 341 361 334 343 340 363 367 323 357 366 317 353 388 354 393 350 346 338 394 345 339 370 359 327 381 392 360 356 318 314
994
941
264
548
665
71
17
703
709
651
803
895
736 765 740 799 723 786 755 743 744 701 714 762 757 712 761 791 773 728 704 788 772 749 753 781 774 732 731 720 739 715 782 776 767 756 769 783 760 787 768 721 722 784 718 717 702 735
206
128
915
469
313
922
33
663 660 620 636 635 667 699 691 655 662 622 646 698 637 633 614 643 697 681 695 674 659 692 684 632 615 677 671 658 666 649 669 631 629 628 601 678 661 638 640 668
676
708
322
833
285
612
90
801
152
223
747
111
564
56
230
319
932
611
139
347
719
202
421
832
377
679
51
503
418
694
865
793
355
39
304
151
471
656
123
295
231
689
812
146
168
957
384
507
562
497
621
239
515
810
100
444
970
867
91
52
248
619
254
1
987
585
710
918
129
587
145
180
552
565
724
286
287
831
700
685
268
706
716
368
391
916
597
680
159
726
504
436
488
648
770
863
827
583
653
764
693
860
86
808
838
711
933
745
777
999
142
893
196
260
240
608
216
790
857
980
172
429
137
947
397
35
814
259
83
609
748
320
854
107
30
639
683
308
212
226
477
279
164
16
193
47
265
613
602
190
461
70
371
122
797
955
306
11
209
34
158
759
197
215
568
348
864
191
550
754
750
819
362
53
399
383
547
186
255
6
937
325
290
737
581
951
198
84
60
5
664
378
707
528
551
65
935
634
792
78
998
690
967
276
117
527
688
841
41
502
604
909
241
522
463
270
352
501
13
412
156
233
923
182
618
432
519
214
45
870
243
696
413
493
847
896
990
407
555
181
953
539
19
451
513
59
789
58
257
942
859
900
372
730
840
713
376
575
558
400
297
244
533
450
510
440
535
626
876
946
331
997
387
600
408
335
624
927
652
94
976
798
121
77
411
188
10
443
85
843
267
68
969
328
175
201
546
945
977
603
170
69
409
500
455
130
447
598
616
452
495
779
991
741
617
315
31
344
623
89
572
526
576
992
333
492
907
966
187
220
228
373
271
654
727
644
842
309
402
118
43
446
607
385
305
358
453
523
136
538
192
785
263
48
758
423
44
213
928
766
80
771
850
905
103
673
686
627
449
294
733
641
961
102
382
28
606
410
310
484
561
218
888
687
251
234
821
273
861
349
472
825
877
780
914
462
993
23
269
625
140
179
184
97
247
725
67
650
904
910
316
54
374
807
96
93
541
605
729
742
496
682
763
879
567
524
752
303
775
113
300
380
630
176
37
963
177
289
178
417
199
862
292
553
642
917
834
454
943
751
856
795
296
301
120
312
794
672
337
101
738
283
61
705
645
815
886
811
675
232
42
778
647
835
592
211
64
365
189
153
610
855
881
224
948
321
481
869
467
800
62
88
395
657
302
329
925
194
978
734
975
171
796