973
7 9 3 99 4 92 95 12 15 49 73 98 0 74 46 26 50 2 82 57 87 36 18 25 20 72 21 81 32 40 66 14 76 79 22 55 24 38 75 27 29 63
114
438
110
829 880 826 874 866 818 844 887 837 813 806 828 890 899 875 805 836 894 868 851 846 884 817 852 823 891 871 853 878 889 809 883 849 882 858 804 872 885 845 822 820 830 898 816 897 839 892 824 848
873
986 982 901 919 926 903 960 996 912 983 950 972 968 952 974 921 988 940 985 965 958 971 949 944 938 981 930 929 979 934 908 924 913 931 956 989 911 920 964 962 939 959 984 936 902 906 995
275 266 236 210 238 277 203 246 291 299 262 280 249 204 235 245 237 258 272 222 208 288 281 284 227 219 207 253 298 261 250 242 256 252 274 229 225 217 221 278 282 200 293 205
149
746
125 131 126 105 112 132 104 135 174 147 115 185 154 161 109 119 116 155 124 150 134 138 169 163 160 173 143 195 106 162 108 133 141 148 165 183 157 127 167 166 144
670
802
954
465 442 435 466 464 468 420 486 403 428 482 414 439 480 422 441 424 401 460 474 415 419 425 448 479 427 433 431 490 498 456 406 476 494 405 430 483 485 475 499 491 473 416 470 434 445 487 404 489 478 459 457 437 458 426
549 574 599 534 517 506 516 593 566 518 579 570 545 584 530 596 557 521 595 554 542 556 505 589 508 577 525 544 537 529 591 520 532 559 560 512 511 590 573 580 509 582 588 586 563 578 543 514 571 531 594 536 540 569
8
342 343 356 317 334 354 345 398 324 381 341 375 323 379 346 388 394 350 396 363 367 340 366 390 357 361 330 326 332 336 314 311 307 351 338 386 389 359 392 318 327 360 353 339 369 364 393 370
994
941
264
548
665
71
17
703
709
651
803
895
721 773 712 714 718 776 722 765 791 739 715 753 723 788 787 799 755 736 769 717 768 772 702 786 762 701 782 784 744 761 720 740 743 783 781 732 760 731 728 749 756 704 735 767 774
206
128
915
469
313
922
33
632 663 633 684 620 629 631 669 646 615 622 635 697 659 678 662 671 695 674 661 649 637 640 692 658 643 681 677 638 666 628 668 655 660 667 636 698 699 691 614 601
676
708
322
833
285
612
90
801
152
223
747
111
564
56
230
319
932
611
139
347
719
202
421
832
377
679
51
503
418
694
865
793
355
39
304
151
471
656
123
295
231
689
812
146
168
957
384
507
562
497
621
239
515
810
100
444
970
867
91
52
248
619
254
1
987
585
710
918
129
587
145
180
552
565
724
286
287
831
700
685
268
706
716
368
391
916
597
680
159
726
504
436
488
648
770
863
827
583
653
764
693
860
86
808
838
711
933
745
777
999
142
893
196
260
240
608
216
790
857
980
172
429
137
947
397
35
814
259
83
609
748
320
854
107
30
639
683
308
212
226
477
279
164
16
193
47
265
613
602
190
461
70
371
122
797
955
306
11
209
34
158
759
197
215
568
348
864
191
550
754
750
819
362
53
399
383
547
186
255
6
937
325
290
737
581
951
198
84
60
5
664
378
707
528
551
65
935
634
792
78
998
690
967
276
117
527
688
841
41
502
604
909
241
522
463
270
352
501
13
412
156
233
923
182
618
432
519
214
45
870
243
696
413
493
847
896
990
407
555
181
953
539
19
451
513
59
789
58
257
942
859
900
372
730
840
713
376
575
558
400
297
244
533
450
510
440
535
626
876
946
331
997
387
600
408
335
624
927
652
94
976
798
121
77
411
188
10
443
85
843
267
68
969
328
175
201
546
945
977
603
170
69
409
500
455
130
447
598
616
452
495
779
991
741
617
315
31
344
623
89
572
526
576
992
333
492
907
966
187
220
228
373
271
654
727
644
842
309
402
118
43
446
607
385
305
358
453
523
136
538
192
785
263
48
758
423
44
213
928
766
80
771
850
905
103
673
686
627
449
294
733
641
961
102
382
28
606
410
310
484
561
218
888
687
251
234
821
273
861
349
472
825
877
780
914
462
993
23
269
625
140
179
184
97
247
725
67
650
904
910
316
54
374
807
96
93
541
605
729
742
496
682
763
879
567
524
752
303
775
113
300
380
630
176
37
963
177
289
178
417
199
862
292
553
642
917
834
454
943
751
856
795
296
301
120
312
794
672
337
101
738
283
61
705
645
757
815
886
811
675
232
42
778
647
835
592
211
64
365
189
153
610
855
881
224
948
321
481
869
467
800
62
88
395
657
302
329
925
194
978
734
975
171
796