973
57 24 55 82 20 79 66 87 81 73 40 22 15 27 99 72 14 74 92 25 32 95 46 75 76 3 0 50 12 18 21 38 9 63 36 49 29 2 26 4 98 7
114
438
110
813 874 817 891 837 868 887 826 884 816 846 889 885 894 872 851 823 897 804 845 882 848 830 899 844 822 898 818 878 866 890 892 806 824 853 828 809 820 852 805 875 839 849 858 836 883 829 871 880
873
986 903 911 913 972 924 983 912 926 931 960 930 968 940 919 989 944 981 985 936 982 971 962 908 959 921 920 950 958 938 939 996 964 995 965 906 949 956 984 929 974 901 979 902 988 934
219 298 237 288 272 249 210 278 261 229 284 299 225 275 203 280 200 293 291 250 258 282 236 207 221 262 217 245 274 235 246 266 256 252 277 242 281 222 227 253 204 205 238 208
149
746
166 173 167 150 162 116 143 174 154 163 155 109 108 195 133 144 115 161 125 157 134 169 138 141 124 185 106 135 165 183 105 127 126 148 119 112 132 104 160 147 131
670
802
954
491 475 487 480 465 433 430 483 420 489 457 474 406 442 445 473 414 441 499 490 448 435 431 439 486 470 428 494 424 478 403 404 485 426 434 498 416 482 422 437 458 460 401 459 466 479 476 425 456 405 427 468 419 464 415
596 594 574 542 591 595 593 588 532 570 559 579 545 557 586 525 577 520 571 517 536 540 521 554 508 531 560 512 543 569 584 590 566 537 530 563 516 505 582 506 589 509 573 549 599 534 544 580 518 511 556 514 529 578
8
396 363 311 394 359 339 379 318 354 388 392 390 314 334 389 340 393 323 317 361 336 307 345 341 381 342 338 332 366 327 326 369 330 375 350 370 386 351 353 356 364 360 346 357 343 324 398 367
994
941
264
548
665
71
17
703
709
651
803
895
702 769 722 728 749 767 714 787 782 732 761 720 704 774 723 740 791 788 773 783 768 712 739 718 762 799 765 753 743 784 744 736 781 701 772 756 776 721 717 715 760 731 786 755 735
206
128
915
469
313
922
33
692 699 695 643 632 633 662 655 620 663 638 691 661 628 666 631 668 698 636 635 659 681 649 669 646 629 622 614 678 684 697 601 615 677 658 660 637 674 640 671 667
676
708
322
833
285
612
90
801
152
223
747
111
564
56
230
319
932
611
139
347
719
202
421
832
377
679
51
503
418
694
865
793
355
39
304
151
471
656
123
295
231
689
812
146
168
957
384
507
562
497
621
239
515
810
100
444
970
867
91
52
248
619
254
1
987
585
710
918
129
587
145
180
552
565
724
286
287
831
700
685
268
706
716
368
391
916
597
680
159
726
504
436
488
648
770
863
827
583
653
764
693
860
86
808
838
711
933
745
777
999
142
893
196
260
240
608
216
790
857
980
172
429
137
947
397
35
814
259
83
609
748
320
854
107
30
639
683
308
212
226
477
279
164
16
193
47
265
613
602
190
461
70
371
122
797
955
306
11
209
34
158
759
197
215
568
348
864
191
550
754
750
819
362
53
399
383
547
186
255
6
937
325
290
737
581
951
198
84
60
5
664
378
707
528
551
65
935
634
792
78
998
690
967
276
117
527
688
841
41
502
604
909
241
522
463
270
352
501
13
412
952
156
233
923
182
618
432
519
214
45
870
243
696
413
493
847
896
990
407
555
181
953
539
19
451
513
59
789
58
257
942
859
900
372
730
840
713
376
575
558
400
297
244
533
450
510
440
535
626
876
946
331
997
387
600
408
335
624
927
652
94
976
798
121
77
411
188
10
443
85
843
267
68
969
328
175
201
546
945
977
603
170
69
409
500
455
130
447
598
616
452
495
779
991
741
617
315
31
344
623
89
572
526
576
992
333
492
907
966
187
220
228
373
271
654
727
644
842
309
402
118
43
446
607
385
305
358
453
523
136
538
192
785
263
48
758
423
44
213
928
766
80
771
850
905
103
673
686
627
449
294
733
641
961
102
382
28
606
410
310
484
561
218
888
687
251
234
821
273
861
349
472
825
877
780
914
462
993
23
269
625
140
179
184
97
247
725
67
650
904
910
316
54
374
807
96
93
541
605
729
742
496
682
763
879
567
524
752
303
775
113
300
380
630
176
37
963
177
289
178
417
199
862
292
553
642
917
834
454
943
751
856
795
296
301
120
312
794
672
337
101
738
283
61
705
645
757
815
886
811
675
232
42
778
647
835
592
211
64
365
189
153
610
855
881
224
948
321
481
869
467
800
62
88
395
657
302
329
925
194
978
734
975
171
796