973
0 82 72 27 73 98 38 7 26 15 79 20 76 95 75 55 12 81 29 2 9 14 21 46 66 49 87 92 99 25 22 50 32 63 40 74 3 57 24 4 36 18
114
438
110
875 887 836 871 828 845 820 818 891 823 898 824 817 848 806 809 813 853 851 849 805 858 880 889 837 892 829 830 866 899 874 897 822 846 885 844 894 868 872 883 804 816 839 878 826 884 882 852 890
873
901 984 968 960 913 962 985 988 920 903 971 958 983 906 964 919 908 939 926 972 936 986 996 982 934 949 938 931 929 989 974 924 902 981 959 930 921 911 944 995 950 979 965 940 956 912
225 245 288 227 236 293 261 237 298 229 205 217 210 252 282 222 249 242 208 253 277 250 246 258 281 291 203 262 274 235 266 204 219 278 299 221 207 272 256 200 284 238 275 280
149
746
167 106 109 160 157 143 116 138 147 154 105 169 155 126 173 132 135 148 141 166 131 124 185 150 161 127 163 119 115 125 174 195 104 183 162 144 165 134 133 112
670
802
954
442 405 441 486 479 491 404 403 466 475 485 430 480 456 428 476 499 416 406 439 464 437 478 470 424 457 420 483 433 445 490 473 427 482 435 425 494 431 498 401 465 434 489 415 422 448 414 459 487 419 426 468 474 458 460
505 554 518 531 560 532 511 530 556 534 542 544 540 590 508 599 517 595 520 545 543 594 596 536 516 521 574 584 578 514 506 580 588 557 593 589 570 559 582 512 525 549 591 529 586 569 509 571 579 563 577 573 566 537
8
323 338 345 327 361 343 367 375 393 353 389 336 370 366 350 392 357 356 390 334 364 369 326 360 324 318 359 398 388 381 339 351 386 317 340 311 342 332 330 394 396 307 354 314 363 346 341 379
994
941
264
548
665
71
17
703
709
651
803
895
715 783 753 720 767 740 721 714 749 722 755 717 732 799 728 718 743 702 744 773 768 731 701 786 761 712 765 723 735 776 788 762 791 772 787 782 784 781 774 760 756 739 704 736 769
206
128
915
469
313
922
33
695 697 632 661 698 666 643 660 615 691 646 637 629 699 684 663 649 622 614 677 678 692 681 620 671 635 669 658 659 674 601 631 636 655 628 633 640 662 638 667 668
676
708
322
833
285
612
90
801
152
223
747
111
564
56
230
319
932
611
139
347
719
202
421
832
377
679
51
503
418
694
865
793
355
39
304
151
471
656
123
295
231
689
812
146
168
957
384
507
562
497
621
239
515
810
100
444
970
867
91
52
248
619
254
1
987
585
710
918
129
587
145
180
552
565
724
286
287
831
700
685
268
706
716
368
391
916
597
680
159
726
504
436
488
648
770
863
827
108
583
653
764
693
860
86
808
838
711
933
745
777
999
142
893
196
260
240
608
216
790
857
980
172
429
137
947
397
35
814
259
83
609
748
320
854
107
30
639
683
308
212
226
477
279
164
16
193
47
265
613
602
190
461
70
371
122
797
955
306
11
209
34
158
759
197
215
568
348
864
191
550
754
750
819
362
53
399
383
547
186
255
6
937
325
290
737
581
951
198
84
60
5
664
378
707
528
551
65
935
634
792
78
998
690
967
276
117
527
688
841
41
502
604
909
241
522
463
270
352
501
13
412
952
156
233
923
182
618
432
519
214
45
870
243
696
413
493
847
896
990
407
555
181
953
539
19
451
513
59
789
58
257
942
859
900
372
730
840
713
376
575
558
400
297
244
533
450
510
440
535
626
876
946
331
997
387
600
408
335
624
927
652
94
976
798
121
77
411
188
10
443
85
843
267
68
969
328
175
201
546
945
977
603
170
69
409
500
455
130
447
598
616
452
495
779
991
741
617
315
31
344
623
89
572
526
576
992
333
492
907
966
187
220
228
373
271
654
727
644
842
309
402
118
43
446
607
385
305
358
453
523
136
538
192
785
263
48
758
423
44
213
928
766
80
771
850
905
103
673
686
627
449
294
733
641
961
102
382
28
606
410
310
484
561
218
888
687
251
234
821
273
861
349
472
825
877
780
914
462
993
23
269
625
140
179
184
97
247
725
67
650
904
910
316
54
374
807
96
93
541
605
729
742
496
682
763
879
567
524
752
303
775
113
300
380
630
176
37
963
177
289
178
417
199
862
292
553
642
917
834
454
943
751
856
795
296
301
120
312
794
672
337
101
738
283
61
705
645
757
815
886
811
675
232
42
778
647
835
592
211
64
365
189
153
610
855
881
224
948
321
481
869
467
800
62
88
395
657
302
329
925
194
978
734
975
171
796