973
92 9 12 74 73 55 95 18 40 76 26 63 27 3 72 29 2 20 14 57 24 32 81 15 7 50 46 87 38 49 66 36 22 99 0 82 4 25 79 98 21 75
114
438
110
889 882 848 891 875 898 826 836 813 804 849 887 899 892 837 858 878 894 880 818 846 868 823 830 890 884 871 824 828 817 883 874 852 822 845 844 816 805 872 809 820 853 829 885 866 897 851 839 806
873
926 984 959 938 986 985 929 968 921 936 908 949 939 995 912 931 988 965 971 924 958 956 964 981 962 982 930 940 903 979 944 989 906 974 920 934 950 996 919 972 902 901 960 913 911 983
210 299 275 200 250 225 203 221 208 207 278 256 280 204 205 262 219 274 222 277 253 236 246 229 282 284 217 242 291 249 272 288 266 281 227 261 245 258 252 238 237 235 298 293
149
746
161 160 154 133 174 150 126 125 144 173 138 157 105 148 115 106 109 104 132 169 119 183 124 162 165 141 131 185 147 135 195 163 167 112 155 166 127 134 116 143
670
802
954
460 482 478 485 457 445 426 480 490 414 470 494 405 403 464 419 416 448 422 437 406 430 434 425 420 475 427 459 433 435 479 466 499 431 473 458 424 468 476 415 441 465 404 486 474 498 483 442 428 491 439 456 487 401 489
594 529 540 578 591 549 516 505 511 596 537 509 531 542 569 508 559 530 582 580 545 543 560 563 574 536 556 579 599 589 514 544 512 571 525 557 590 584 570 593 577 588 566 521 554 595 506 532 573 517 518 534 586
8
379 324 359 375 346 340 388 390 386 338 350 330 357 393 356 398 396 367 334 370 381 332 366 394 311 343 360 389 307 326 317 323 392 341 369 345 339 351 314 336 353 327 318 342 363 364 354 361
994
941
264
548
665
71
17
703
709
651
803
895
717 762 769 774 791 756 720 784 722 767 740 781 739 721 783 704 743 787 788 776 731 732 768 765 718 744 735 702 753 736 782 773 715 712 772 799 760 701 714 786 761 728 749 755 723
206
128
915
469
313
922
33
620 628 660 678 691 661 655 615 636 659 695 681 643 614 629 671 635 622 637 640 666 698 667 633 658 669 668 649 662 601 699 663 677 638 692 697 646 632 674 684 631
676
708
322
833
285
612
90
801
152
223
747
111
564
56
230
319
932
611
139
347
719
202
421
832
377
679
51
503
418
694
865
793
355
39
304
151
471
656
123
295
231
689
812
146
168
957
384
507
562
497
621
239
515
810
100
444
970
867
91
52
248
619
254
1
987
585
710
918
129
587
145
180
552
565
724
286
287
831
700
685
268
706
716
368
391
916
597
680
159
726
504
436
488
648
770
863
827
108
583
653
764
693
860
86
808
838
711
933
745
777
999
142
893
196
260
240
520
608
216
790
857
980
172
429
137
947
397
35
814
259
83
609
748
320
854
107
30
639
683
308
212
226
477
279
164
16
193
47
265
613
602
190
461
70
371
122
797
955
306
11
209
34
158
759
197
215
568
348
864
191
550
754
750
819
362
53
399
383
547
186
255
6
937
325
290
737
581
951
198
84
60
5
664
378
707
528
551
65
935
634
792
78
998
690
967
276
117
527
688
841
41
502
604
909
241
522
463
270
352
501
13
412
952
156
233
923
182
618
432
519
214
45
870
243
696
413
493
847
896
990
407
555
181
953
539
19
451
513
59
789
58
257
942
859
900
372
730
840
713
376
575
558
400
297
244
533
450
510
440
535
626
876
946
331
997
387
600
408
335
624
927
652
94
976
798
121
77
411
188
10
443
85
843
267
68
969
328
175
201
546
945
977
603
170
69
409
500
455
130
447
598
616
452
495
779
991
741
617
315
31
344
623
89
572
526
576
992
333
492
907
966
187
220
228
373
271
654
727
644
842
309
402
118
43
446
607
385
305
358
453
523
136
538
192
785
263
48
758
423
44
213
928
766
80
771
850
905
103
673
686
627
449
294
733
641
961
102
382
28
606
410
310
484
561
218
888
687
251
234
821
273
861
349
472
825
877
780
914
462
993
23
269
625
140
179
184
97
247
725
67
650
904
910
316
54
374
807
96
93
541
605
729
742
496
682
763
879
567
524
752
303
775
113
300
380
630
176
37
963
177
289
178
417
199
862
292
553
642
917
834
454
943
751
856
795
296
301
120
312
794
672
337
101
738
283
61
705
645
757
815
886
811
675
232
42
778
647
835
592
211
64
365
189
153
610
855
881
224
948
321
481
869
467
800
62
88
395
657
302
329
925
194
978
734
975
171
796