973
36 81 7 27 18 2 55 50 9 95 99 63 4 72 75 3 49 0 12 74 73 22 98 32 76 79 82 26 21 40 46 38 24 66 25 14 57 15 20 92 29 87
114
438
110
830 874 804 872 816 817 871 805 806 824 853 839 882 866 883 844 813 820 884 852 878 887 823 894 846 848 892 836 845 858 880 826 851 890 889 897 829 885 822 875 849 891 837 818 899 828 868 898 809
873
964 965 985 920 903 906 913 934 983 940 930 908 960 936 982 996 944 974 939 938 972 995 958 950 971 901 981 924 968 956 919 902 931 962 989 929 986 988 911 912 926 949 959 921 979 984
235 293 203 237 258 266 278 217 252 288 227 205 200 274 210 225 246 299 229 242 204 277 249 208 222 207 221 282 238 284 291 253 280 261 275 256 250 272 262 245 281 219 298 236
149
746
157 138 169 105 183 112 165 167 104 135 127 163 141 133 132 160 154 185 161 155 174 148 150 144 125 195 116 162 106 166 126 124 173 131 119 109 115 143 147 134
670
802
954
401 403 479 416 442 476 445 437 425 459 491 483 460 427 415 435 487 486 475 406 456 433 458 430 405 480 426 439 428 448 404 424 490 468 457 465 466 420 499 498 489 464 422 482 474 478 470 473 434 431 494 485 414 441 419
525 560 586 577 514 579 512 536 578 571 521 542 591 566 573 511 505 580 516 537 563 574 582 543 540 570 544 509 531 530 529 518 588 595 506 569 584 532 590 517 593 594 599 549 545 557 556 589 554 508 534 559 596
8
317 334 330 327 379 375 346 345 324 357 342 369 314 359 323 392 398 311 343 370 363 350 386 389 394 339 396 353 367 356 318 381 340 351 366 354 361 341 336 388 364 393 326 307 360 390 338 332
994
941
264
548
665
71
17
703
709
651
803
895
767 712 783 735 702 744 787 769 717 799 762 743 740 755 772 739 788 728 720 704 753 723 721 760 722 715 756 776 786 718 782 749 773 765 732 761 784 791 781 701 736 714 768 731 774
206
128
915
469
313
922
33
671 655 620 697 643 695 636 677 614 674 637 629 640 601 659 692 632 661 691 631 638 678 633 635 669 658 666 663 615 662 660 628 698 699 667 681 684 668 649 622
676
708
322
833
285
612
90
801
152
223
747
111
564
56
230
319
932
611
139
347
719
202
421
832
377
679
51
503
418
694
865
793
355
39
304
151
471
656
123
295
231
689
812
146
168
957
384
507
562
497
621
239
515
810
100
444
970
867
91
52
248
619
254
1
987
585
710
918
129
587
145
180
552
565
724
286
287
831
700
685
268
706
716
368
391
916
597
680
159
726
504
436
488
648
770
863
827
108
583
653
764
693
860
86
808
838
711
933
745
777
999
142
893
196
260
240
520
608
216
790
857
980
172
429
137
947
397
35
814
259
83
609
748
320
854
107
30
639
683
308
212
226
477
279
164
16
193
47
265
613
602
190
461
70
371
122
797
955
306
11
209
34
158
759
197
215
568
348
864
191
550
754
750
819
362
53
399
383
547
186
255
6
937
325
290
737
581
951
198
84
60
5
664
378
707
528
551
65
935
634
792
78
998
690
967
276
117
527
688
841
41
502
604
909
241
522
463
270
352
501
13
412
952
156
233
923
182
618
432
519
214
45
870
243
696
413
493
847
896
990
407
555
181
953
539
19
451
513
59
789
58
257
942
859
900
372
730
840
713
376
575
558
400
297
244
533
450
510
440
535
626
876
946
331
997
387
600
408
335
624
927
652
94
976
798
121
77
411
188
10
443
85
843
267
68
969
328
175
201
546
945
977
603
170
69
409
500
455
130
447
598
616
452
495
779
991
741
617
315
31
344
623
89
572
526
576
992
333
492
907
966
187
220
228
373
271
654
727
644
842
309
402
118
43
446
607
385
305
358
453
523
136
538
192
785
263
48
758
423
44
213
928
766
80
771
850
905
103
673
686
627
449
294
733
641
961
102
382
28
606
410
310
484
561
218
888
687
251
234
821
273
861
349
472
825
877
780
914
462
993
23
269
625
140
179
184
97
247
725
67
650
904
910
316
54
374
807
96
93
541
605
729
742
496
682
763
879
567
524
752
303
775
113
300
380
630
176
37
963
177
289
178
417
199
862
292
553
642
917
834
454
943
751
856
795
296
301
646
120
312
794
672
337
101
738
283
61
705
645
757
815
886
811
675
232
42
778
647
835
592
211
64
365
189
153
610
855
881
224
948
321
481
869
467
800
62
88
395
657
302
329
925
194
978
734
975
171
796