973
74 92 50 38 79 0 32 40 55 18 12 9 3 57 22 99 7 95 82 66 4 14 46 72 76 75 49 15 81 21 29 63 87 26 98 36 25 24 73 27 2 20
114
438
110
822 849 874 866 851 858 897 898 826 837 839 848 829 885 871 816 880 823 889 882 883 805 846 845 890 853 894 892 844 891 828 813 872 817 809 887 868 836 818 806 804 830 899 820 878 875 884 824 852
873
959 906 964 971 939 981 958 921 984 986 988 924 982 950 926 960 962 930 995 901 944 920 965 938 972 974 912 989 913 902 983 940 996 911 956 929 968 934 919 908 936 903 985 949 931 979
245 242 272 277 258 256 278 275 298 203 225 288 204 238 261 293 246 205 253 252 207 291 249 281 200 229 237 210 282 284 221 235 250 217 266 262 219 236 274 208 280 227 299 222
149
746
160 183 150 162 167 141 166 163 173 112 133 147 116 138 165 132 127 155 154 109 126 135 185 124 169 115 131 161 106 119 104 144 148 134 143 195 174 157 125
670
802
954
424 401 433 489 416 445 486 456 480 491 459 435 490 478 476 470 499 485 468 439 479 465 422 482 487 458 498 414 406 473 430 460 431 404 428 442 457 475 426 437 474 415 405 464 441 434 419 420 483 427 494 448 425 466 403
534 512 588 544 593 582 509 584 599 537 508 543 525 540 521 580 574 577 563 517 590 506 511 514 579 549 573 566 518 545 594 570 589 530 559 556 595 596 529 532 557 578 569 560 516 586 591 505 554 531 542 536 571
8
369 361 366 363 388 364 379 326 351 354 353 356 375 350 317 340 338 341 394 332 339 311 393 314 330 389 346 334 390 386 396 370 343 307 359 324 381 360 357 345 342 327 336 367 392 398 323 318
994
941
264
548
665
71
17
703
709
651
803
895
760 728 773 717 765 712 782 761 736 762 756 769 744 704 783 799 722 720 767 723 774 781 714 718 702 715 772 755 768 735 753 731 739 701 787 788 786 721 784 749 740 776 732 791 743
206
128
915
469
313
922
33
636 637 635 655 691 667 643 677 632 659 681 678 649 662 698 663 601 638 622 614 699 631 674 640 629 697 671 628 633 661 668 615 660 692 658 669 666 620 684 695
676
708
322
833
285
612
90
801
152
223
747
111
564
56
230
319
932
611
139
347
719
202
421
832
377
679
51
503
418
694
865
793
355
39
304
151
471
656
123
295
231
689
812
146
168
957
384
507
562
497
621
239
515
810
100
444
970
867
91
52
248
619
254
1
987
585
710
918
129
587
145
180
552
565
724
286
287
831
700
685
268
706
716
368
391
916
597
680
159
726
504
436
488
648
770
863
827
108
583
653
764
693
860
86
808
838
711
933
745
777
999
142
893
196
260
240
520
608
216
790
857
980
172
429
137
947
397
35
814
259
83
609
748
320
854
107
30
639
683
308
212
226
477
279
164
16
193
47
265
613
602
190
461
70
371
122
797
955
306
11
209
34
158
759
197
215
568
348
864
191
550
754
750
819
362
53
399
383
547
186
255
6
937
325
290
737
581
951
198
84
60
5
664
378
707
528
551
65
935
634
792
78
998
690
967
276
117
527
688
841
41
502
604
909
241
522
463
270
352
501
13
412
952
156
233
923
182
618
432
519
214
45
870
243
696
413
493
847
896
990
407
555
181
953
539
19
451
513
59
789
58
257
942
859
900
372
730
840
713
376
575
558
400
297
244
533
450
510
440
535
626
876
946
331
997
387
600
408
335
624
927
652
94
976
798
121
77
411
188
10
443
85
843
267
68
969
328
175
201
546
945
977
603
170
69
409
500
455
130
447
598
616
452
495
779
991
741
617
315
31
344
623
89
572
526
576
992
333
492
907
966
187
220
228
373
271
654
727
644
842
309
402
118
43
446
607
385
305
105
358
453
523
136
538
192
785
263
48
758
423
44
213
928
766
80
771
850
905
103
673
686
627
449
294
733
641
961
102
382
28
606
410
310
484
561
218
888
687
251
234
821
273
861
349
472
825
877
780
914
462
993
23
269
625
140
179
184
97
247
725
67
650
904
910
316
54
374
807
96
93
541
605
729
742
496
682
763
879
567
524
752
303
775
113
300
380
630
176
37
963
177
289
178
417
199
862
292
553
642
917
834
454
943
751
856
795
296
301
646
120
312
794
672
337
101
738
283
61
705
645
757
815
886
811
675
232
42
778
647
835
592
211
64
365
189
153
610
855
881
224
948
321
481
869
467
800
62
88
395
657
302
329
925
194
978
734
975
171
796