980 918 947 901 921 944 998 958 949 982 934 983 911 991 923 967 997 962 930 945 914 977 941 965 986 928 969 925 973 950 906 974 919 992 936 978 952 946 938 922 940 955 903 905 956 995 920 904 907 943 971 979 953 942 989 926 996 960 935 961 909 994 963 968 959 984 981 929 927 985 913 975 993 908 988 954 902 931 966 964 916 932 999 990 987 937 912 924 939 917 910 915 951 976 972
32 77 21 87 43 13 91 24 53 84 28 69 7 30 41 79 96 9 31 64 40 51 26 12 10 66 68 80 6 0 37 27 73 85 52 88 19 22 45 95 4 11 97 82 57 46 58 60 44 48 29 20 17 99 2 23 39 54 38 83 3 78 76 90 74 89 59 65 50 56 63 8 98 94 34 33 25 62 72 55 42 18 71 47 15 14 49 35 92 36 81 16 61 75 86 67
150 154 128 184 175 182 112 106 108 194 124 137 117 169 136 103 180 190 162 126 114 131 172 121 140 165 155 146 199 177 161 168 107 179 111 127 163 135 110 148 176 171 119 181 143 134 186 104 164 153 102 157 105 156 178 160 174 188 115 183 147 170 149 152 123 167 173 139 197 133 118 130 195 122 120 193 145 113 138 144 192 109 125 141 196 116 132 142 166 198 185 187
477 499 402 448 436 417 461 468 473 410 411 427 433 408 432 479 416 498 415 495 452 401 464 442 439 406 487 491 455 405 441 440 424 466 404 471 407 431 437 494 493 465 429 451 467 469 478 434 497 474 419 413 426 496 472 481 463 483 450 480 470 490 403 412 423 435 430 438 456 443 454 489 428 414 409 484 462 485 444 445 458 488 482 425 446 420 486 449 476 457 422 475 453 447 492 459 460
840 874 838 827 881 895 834 871 880 857 808 846 850 807 885 879 868 806 898 837 815 841 861 831 825 886 863 844 822 875 821 899 813 820 866 809 854 805 810 896 859 891 823 892 869 853 893 814 872 889 851 830 873 842 894 826 848 829 811 876 852 804 849 836 817 864 883 884 833 816 867 800 832 812 835 890 877 862 865 828 882 878 824 818 860 887 819 847 855 843 858 845 839 870 897 888 803
291 279 246 213 266 224 226 274 203 296 293 285 235 241 281 230 273 261 245 264 202 234 272 290 288 276 221 289 262 212 211 227 206 236 269 278 218 251 295 248 267 222 249 258 268 257 216 244 229 297 214 286 250 238 298 237 247 287 204 292 259 243 256 200 240 232 263 255 209 210 228 233 265 220 219 294 242 299 225 208 223 207 283 254 284 231 280 270 275 205 282 217 239 253 252 277
746 710 747 760 735 752 790 739 791 748 744 776 798 796 782 787 740 712 764 729 718 768 743 751 792 723 763 734 781 769 755 757 767 797 703 702 716 780 777 720 762 783 715 766 709 786 736 753 785 704 728 779 770 724 795 799 749 750 705 717 725 701 773 722 745 778 772 774 793 713 711 771 730 754 719 731 714 732 738 794 784 708 737 761 759 775 765 741 733 707 788 758 721 742 756
640 669 694 642 616 657 682 617 691 609 689 671 662 628 668 672 603 652 612 635 627 602 625 622 608 651 661 605 670 681 637 674 656 621 666 654 685 684 650 667 613 643 683 688 644 655 649 676 601 647 659 693 629 618 690 604 687 636 611 678 695 686 692 664 630 673 677 653 639 626 680 665 675 679 634 699 641 607 632 648 624 645 614 646 658 696 633 615 620 631 698 697 660 663 638
802
522 578 588 586 577 555 514 538 520 508 547 566 554 510 597 579 533 536 563 529 540 585 517 580 550 537 530 556 539 501 581 518 553 545 584 559 582 576 546 524 516 526 511 552 531 598 590 569 571 544 532 589 570 515 503 574 558 541 534 507 575 564 551 562 543 595 506 561 513 568 594 560 542 528 587 527 565 596 523 549 535 593 525 573 583 504 599 509 519 591 512 567 502 505 521 557
331 388 362 328 327 312 361 310 369 342 385 340 308 311 356 349 368 380 305 339 321 314 326 364 323 345 360 376 350 337 363 384 377 382 329 319 357 393 399 383 397 304 389 343 320 372 378 338 346 367 317 334 307 306 336 373 381 359 335 386 371 315 332 313 324 379 303 387 318 330 355 353 391 390 322 365 347 325 333 341 302 309 392 344 300 351 395 394 396 398 370 352 354 358 375 366 348
548
801
421
418
151
957
100
970
619
1
129
700
706
159
726
933
260
70
158
215
191
5
789
900
400
600
201
500
623
572
271
727
606
316
374
93
856
301
101
592
189
610
948