973
4 9 98 18 49 79 38 73 3 99 55 29 46 50 74 15 26 32 63 2 82 21 7 72 0 25 75 27 12 92 14 81 22 57 76 40 87 20 24 95 66 36
114
438
110
836 846 845 813 837 884 822 890 871 806 858 804 805 882 852 887 892 828 853 851 872 868 878 823 824 830 874 883 898 875 891 897 820 816 848 818 894 839 817 849 829 899 844 866 885 889 809 880 826
873
979 960 901 968 982 919 926 912 986 989 958 972 911 921 959 931 950 902 934 981 920 985 939 940 936 971 944 974 988 964 938 965 949 983 913 906 956 984 924 995 962 903 930 929 996 908
205 253 200 208 299 291 222 207 225 219 250 245 221 272 258 280 237 288 282 293 236 227 266 262 256 242 238 275 210 281 246 235 252 261 204 217 249 284 278 274 277 229 298 203
149
746
166 154 126 148 104 161 119 162 163 143 133 169 135 109 125 134 195 112 124 173 185 127 157 132 144 150 116 183 106 167 160 138 155 165 141 115 174 147 131
670
802
954
456 441 435 482 424 406 422 475 499 473 442 428 483 414 458 486 434 460 479 470 445 474 476 427 437 480 498 465 433 431 468 404 415 487 485 448 489 403 405 464 490 419 439 401 457 491 416 466 494 425 459 420 430 426 478
532 560 578 512 517 599 521 540 559 518 544 569 566 571 563 506 516 534 549 577 514 557 570 594 536 531 588 511 556 591 586 574 573 505 593 508 537 554 529 579 580 596 543 525 582 595 530 590 509 542 545 589 584
8
388 311 326 369 341 353 354 327 314 342 332 339 396 334 375 370 389 346 338 366 357 340 330 361 398 343 307 345 359 394 336 393 324 360 356 379 363 318 317 390 351 350 323 386 364 381 367 392
994
941
264
548
665
71
17
703
709
651
803
895
739 704 788 749 722 712 755 743 768 714 769 723 756 773 701 776 762 760 761 717 783 720 767 721 772 736 765 782 784 715 718 786 728 744 732 753 735 774 740 787 791 799 702 731 781
206
128
915
469
313
922
33
697 601 684 661 628 671 695 638 631 668 659 667 698 643 632 674 662 637 635 633 615 640 691 663 669 649 692 681 636 629 614 620 677 622 678 660 658 699 666
676
708
322
833
285
612
90
801
152
223
747
111
564
56
230
319
932
611
139
347
719
202
421
832
377
679
51
503
418
694
865
793
355
39
304
151
471
656
123
295
231
689
812
146
168
957
384
507
562
497
621
239
515
810
100
444
970
867
91
52
248
619
254
1
987
585
710
918
129
587
145
180
552
565
724
286
287
831
700
685
268
706
716
368
391
916
597
680
159
726
504
436
488
648
770
863
827
108
583
653
764
693
860
86
808
838
711
933
745
777
999
142
893
196
260
240
520
608
216
790
857
980
172
429
137
947
397
35
814
259
83
609
748
320
854
107
30
639
683
308
212
226
477
279
164
16
193
47
265
613
602
190
461
70
371
122
797
955
306
11
209
34
158
759
197
215
568
348
864
191
550
754
750
819
362
53
399
383
547
186
255
6
937
325
290
737
581
951
198
84
60
5
664
378
707
528
551
65
935
634
792
78
998
690
967
276
117
527
688
841
41
502
604
909
241
522
463
270
352
501
13
412
952
156
233
923
182
618
432
519
214
45
870
243
696
413
493
847
896
990
407
555
181
953
539
19
451
513
59
789
58
257
942
859
900
372
730
840
713
376
575
558
400
297
244
533
450
510
440
535
626
876
946
331
997
387
600
408
335
624
927
652
94
976
798
121
77
411
188
10
443
85
843
267
68
969
328
175
201
546
945
977
603
170
69
409
500
655
455
130
447
598
616
452
495
779
991
741
617
315
31
344
623
89
572
526
576
992
333
492
907
966
187
220
228
373
271
654
727
644
842
309
402
118
43
446
607
385
305
105
358
453
523
136
538
192
785
263
48
758
423
44
213
928
766
80
771
850
905
103
673
686
627
449
294
733
641
961
102
382
28
606
410
310
484
561
218
888
687
251
234
821
273
861
349
472
825
877
780
914
462
993
23
269
625
140
179
184
97
247
725
67
650
904
910
316
54
374
807
96
93
541
605
729
742
496
682
763
879
567
524
752
303
775
113
300
380
630
176
37
963
177
289
178
417
199
862
292
553
642
917
834
454
943
751
856
795
296
301
646
120
312
794
672
337
101
738
283
61
705
645
757
815
886
811
675
232
42
778
647
835
592
211
64
365
189
153
610
855
881
224
948
321
481
869
467
800
62
88
395
657
302
329
925
194
978
734
975
171
796