973
4 2 72 74 26 7 3 99 24 66 32 46 81 21 75 14 29 73 27 25 36 18 22 50 55 9 63 49 98 87 82 12 95 92 15 20 40 38 76 79 0 57
114
438
110
871 820 892 837 822 848 875 806 852 853 858 851 830 897 868 823 813 884 874 818 805 809 817 872 883 828 899 885 898 839 845 894 844 878 880 889 816 882 836 887 804 849 824 829 890 891 826 846 866
873
962 960 972 931 919 971 944 989 908 958 995 921 974 949 985 924 940 934 936 996 964 986 913 912 929 911 920 903 988 939 930 983 950 926 906 956 984 968 982 901 959 981 938 965 902 979
207 242 281 298 238 221 227 258 266 222 217 272 253 204 291 293 299 262 235 280 210 219 246 275 205 250 282 229 203 274 278 284 245 256 249 225 237 288 252 236 208 200 277
149
746
144 131 134 125 141 174 104 155 135 127 138 106 119 147 162 150 143 132 173 185 109 183 167 112 133 115 157 154 116 165 160 161 195 148 166 169 163 126 124
670
802
954
494 425 428 470 465 473 403 474 430 416 478 435 499 426 415 445 406 422 405 498 424 457 486 485 464 441 442 487 427 458 460 476 482 414 404 433 431 459 434 491 490 475 419 480 437 456 401 466 479 420 489 483 439 468 448
540 543 521 584 531 559 537 505 570 589 542 517 599 571 512 545 544 514 532 525 582 574 554 508 591 549 529 573 556 516 593 518 511 590 534 594 536 586 580 577 569 557 566 595 588 560 578 530 509 596 563 506 579
8
354 342 339 357 361 389 386 345 343 359 392 367 388 370 318 351 327 363 353 381 390 314 326 324 334 307 332 396 393 341 379 364 360 317 346 398 369 375 323 311 394 366 350 356 340 338 336 330
994
941
264
548
665
71
17
703
709
651
803
895
755 732 776 736 799 761 765 721 769 786 788 714 783 773 735 704 717 722 720 774 739 768 718 728 781 743 767 787 702 782 784 723 740 744 712 791 715 753 749 772 756 762 701 760 731
206
128
915
469
313
922
33
666 659 636 677 697 684 649 640 678 628 674 635 669 638 622 681 662 698 667 661 615 663 629 691 668 633 671 660 632 692 614 699 601 620 643 637 631 658 695
676
708
322
833
285
612
90
801
152
223
747
111
564
56
230
319
932
611
139
347
719
202
421
832
377
679
51
503
418
694
865
793
355
39
304
151
471
656
123
295
231
689
812
146
168
957
384
507
562
497
621
239
515
810
100
444
970
867
91
52
248
619
254
1
987
585
710
918
129
587
145
180
552
565
724
286
287
831
700
685
268
706
716
368
391
916
597
680
159
726
504
436
488
648
770
863
827
108
583
653
764
693
860
86
808
838
711
933
745
777
999
142
893
196
260
240
520
608
216
790
857
980
172
429
137
947
397
35
814
259
83
609
748
320
854
107
30
639
683
308
212
226
477
279
164
16
193
47
265
613
602
190
461
70
371
122
797
955
306
11
209
34
158
759
197
215
568
348
864
191
550
754
750
819
362
53
399
383
547
186
255
6
937
325
290
737
581
951
198
84
60
5
664
378
707
528
551
65
935
634
792
78
998
690
967
276
117
527
688
841
41
502
604
909
241
522
463
270
352
501
13
412
952
156
233
923
182
618
432
519
214
45
870
243
696
413
493
847
896
990
407
555
181
953
539
19
451
513
59
789
58
257
942
859
900
372
730
840
713
376
575
558
400
297
244
533
450
510
440
535
626
876
946
331
997
387
600
408
335
624
927
652
94
976
798
121
77
411
188
10
443
85
843
267
68
969
328
175
201
546
945
977
603
170
69
409
500
655
455
130
447
598
616
452
495
779
991
741
617
315
31
344
623
89
572
526
576
992
333
492
907
966
187
220
228
373
271
654
727
644
842
309
402
118
43
446
607
385
305
105
358
453
523
136
261
538
192
785
263
48
758
423
44
213
928
766
80
771
850
905
103
673
686
627
449
294
733
641
961
102
382
28
606
410
310
484
561
218
888
687
251
234
821
273
861
349
472
825
877
780
914
462
993
23
269
625
140
179
184
97
247
725
67
650
904
910
316
54
374
807
96
93
541
605
729
742
496
682
763
879
567
524
752
303
775
113
300
380
630
176
37
963
177
289
178
417
199
862
292
553
642
917
834
454
943
751
856
795
296
301
646
120
312
794
672
337
101
738
283
61
705
645
757
815
886
811
675
232
42
778
647
835
592
211
64
365
189
153
610
855
881
224
948
321
481
869
467
800
62
88
395
657
302
329
925
194
978
734
975
171
796