973
22 2 15 29 0 46 79 87 57 18 32 72 95 20 4 92 26 36 66 81 98 74 25 38 73 7 75 14 82 24 76 99 3 55 49 40 12 63 50 27 9 21
114
438
110
887 836 883 851 837 848 806 830 899 828 823 889 849 872 818 885 817 882 871 878 826 868 894 884 874 858 852 804 898 822 880 829 845 891 897 813 839 892 866 816 805 846 844 824 853 875 890 820 809
873
938 906 944 965 921 913 989 929 934 958 903 920 949 971 902 982 968 962 964 950 995 908 984 940 936 996 974 924 959 901 956 912 926 988 960 985 979 939 930 931 981 919 972 986 983 911
204 280 227 225 217 219 266 249 229 278 274 291 293 253 275 246 222 207 208 245 284 272 299 298 236 237 210 258 203 200 256 277 235 262 252 205 221 250 288 242 282 281 238
149
746
169 104 163 166 161 119 167 135 116 157 195 115 155 126 109 183 132 185 131 165 106 125 127 112 160 150 173 148 141 138 133 162 154 147 134 174 144 124 143
670
802
954
414 491 427 487 486 401 448 416 426 490 442 494 465 473 485 435 403 489 478 457 479 464 406 458 422 441 483 439 475 499 459 456 468 404 480 405 482 474 476 425 415 470 419 460 430 445 498 424 428 466 434 433 431 437 420
544 557 577 517 509 563 511 591 508 529 516 545 574 534 542 580 594 573 559 560 518 540 589 584 537 536 543 588 514 569 532 512 578 506 579 586 531 599 505 521 566 590 530 525 571 554 596 595 593 556 549 570 582
8
360 351 381 350 324 317 390 343 364 336 398 314 388 367 356 332 354 375 366 386 323 330 340 389 361 318 341 394 339 359 392 338 307 369 357 346 353 342 363 327 311 370 334 393 379 396 345 326
994
941
264
548
665
71
17
703
709
651
803
895
718 702 753 721 735 744 782 728 774 769 760 722 736 717 799 723 743 768 704 767 786 773 739 791 720 740 765 787 731 784 715 761 712 701 783 776 756 781 762 749 772 755 732 788
206
128
915
469
313
922
33
698 662 659 678 697 643 622 658 677 637 620 660 614 666 691 699 667 649 674 633 632 661 684 681 695 635 636 668 631 615 671 629 638 663 601 628 669 640 692
676
708
322
833
285
612
90
801
152
223
747
111
564
56
230
319
932
611
139
347
719
202
421
832
377
679
51
503
418
694
865
793
355
39
304
151
471
656
123
295
231
689
812
146
168
957
384
507
562
497
621
239
515
810
100
444
970
867
91
52
248
619
254
1
987
585
710
918
129
587
145
180
552
565
724
286
287
831
700
685
268
706
716
368
391
916
597
680
159
726
504
436
488
648
770
863
827
108
583
653
764
693
860
86
808
838
711
933
745
777
999
142
893
196
260
240
520
608
216
790
857
980
172
429
137
947
397
35
814
259
83
609
748
320
854
107
30
639
683
308
212
226
477
279
164
16
193
47
265
613
602
190
461
70
371
122
797
955
306
11
209
34
158
759
197
215
568
348
864
191
550
754
750
819
362
53
399
383
547
186
255
6
937
325
290
737
581
951
198
84
60
5
664
378
707
528
551
65
935
634
792
78
998
690
967
276
117
527
688
841
41
502
604
909
241
522
463
270
352
501
13
412
952
156
233
923
182
618
432
519
214
45
870
243
696
413
493
847
896
990
407
555
181
953
539
19
451
513
59
789
58
257
942
859
900
372
730
840
713
376
575
558
400
297
244
533
450
510
440
535
626
876
946
331
997
387
600
408
335
624
927
652
94
976
798
121
77
411
188
10
443
85
843
267
68
969
328
175
201
546
945
977
603
170
69
409
500
655
455
130
447
598
616
452
495
779
991
741
617
315
31
344
623
89
572
526
576
992
333
492
907
966
187
220
228
373
271
654
727
644
842
309
402
118
43
446
607
385
305
105
358
453
523
136
261
538
192
785
263
48
758
423
44
213
928
766
80
771
850
905
103
673
686
627
449
294
733
641
961
102
382
28
606
410
310
484
561
218
888
687
251
234
821
273
861
349
472
825
877
780
914
462
993
23
269
625
140
179
184
97
247
725
67
650
904
910
316
54
374
807
96
93
541
605
729
742
496
682
763
879
567
524
752
303
775
113
300
380
630
176
37
963
177
289
178
417
199
862
292
553
642
917
834
454
943
751
856
795
296
301
646
120
312
794
672
337
101
738
283
61
705
645
757
815
886
811
675
232
42
778
647
835
592
714
211
64
365
189
153
610
855
881
224
948
321
481
869
467
800
62
88
395
657
302
329
925
194
978
734
975
171
796