973
22 2 73 38 32 87 99 82 36 26 79 24 57 50 25 55 12 21 98 7 81 75 15 95 4 29 40 14 0 3 66 49 63 46 9 72 76 18 20 27 92 74
114
438
110
887 830 816 897 809 868 882 829 894 839 848 871 889 849 866 804 818 851 846 805 872 885 823 836 890 837 828 817 883 845 899 844 853 826 884 822 852 820 878 874 858 898 880 892 806 891 813 875 824
873
964 960 974 930 944 913 983 906 979 984 995 912 940 911 968 931 962 959 919 981 989 924 901 996 958 971 920 921 939 926 972 903 965 938 988 982 908 949 986 902 985 956 936 934 929 950
245 225 280 250 219 235 204 258 291 227 278 222 282 242 288 274 208 281 249 299 238 205 252 256 229 210 277 253 203 284 207 237 298 236 293 272 200 246 221 217 266 262 275
149
746
161 174 195 144 141 125 173 131 132 165 124 112 150 162 185 133 157 183 119 127 106 115 148 147 163 155 126 109 138 160 104 166 154 135 143 116 134 167 169
670
802
954
431 485 416 498 478 459 489 415 445 482 460 425 430 428 427 458 419 457 474 480 414 466 448 479 442 470 433 476 456 406 420 401 483 486 468 465 434 491 499 475 473 441 490 487 464 404 422 437 405 403 439 494 435 426 424
570 595 517 566 593 544 543 590 545 586 571 563 549 594 542 569 540 574 591 505 518 589 559 560 530 516 511 588 599 525 536 596 554 508 529 534 506 556 509 584 521 531 537 582 577 579 578 514 557 580 512 573 532
8
332 396 351 324 359 381 379 367 350 386 338 353 366 390 342 317 357 334 356 339 311 375 360 392 307 370 345 354 323 326 330 394 393 340 364 314 343 363 327 398 388 336 389 361 346 318 341 369
994
941
264
548
665
71
17
703
709
651
803
895
744 762 749 768 784 731 787 702 720 753 765 772 701 769 704 788 776 743 740 767 721 712 715 756 739 799 791 773 782 786 717 718 760 736 761 732 728 781 783 774 722 755 735
206
128
915
469
313
922
33
698 632 668 695 659 661 663 660 678 667 643 681 691 671 684 677 638 615 620 636 633 697 666 649 674 628 629 622 614 631 692 658 662 637 601 669 640 635 699
676
708
322
833
285
612
90
801
152
223
747
111
564
56
230
319
932
611
139
347
719
202
421
832
377
679
51
503
418
694
865
793
355
39
304
151
471
656
123
295
231
689
812
146
168
957
384
507
562
497
621
239
515
810
100
444
970
867
91
52
248
619
254
1
987
585
710
918
129
587
145
180
552
565
724
286
287
831
700
685
268
706
716
368
391
916
597
680
159
726
504
436
488
648
770
863
827
108
583
653
764
693
860
86
808
838
711
933
745
777
999
142
893
196
260
240
520
608
216
790
857
980
172
429
137
947
397
35
814
259
83
609
748
320
854
107
30
639
683
308
212
226
477
279
164
16
193
47
265
613
602
190
461
70
371
122
797
955
306
11
209
34
158
759
197
215
568
348
864
191
550
754
750
819
362
53
399
383
547
186
255
6
937
325
290
737
581
951
198
84
60
5
664
378
707
528
551
65
935
634
792
78
998
690
967
276
117
527
688
841
41
502
604
909
241
522
463
270
352
501
13
412
952
156
233
923
182
618
432
519
214
45
870
243
696
413
493
847
896
990
407
555
181
953
539
19
451
513
59
789
723
58
257
942
859
900
372
730
840
713
376
575
558
400
297
244
533
450
510
440
535
626
876
946
331
997
387
600
408
335
624
927
652
94
976
798
121
77
411
188
10
443
85
843
267
68
969
328
175
201
546
945
977
603
170
69
409
500
655
455
130
447
598
616
452
495
779
991
741
617
315
31
344
623
89
572
526
576
992
333
492
907
966
187
220
228
373
271
654
727
644
842
309
402
118
43
446
607
385
305
105
358
453
523
136
261
538
192
785
263
48
758
423
44
213
928
766
80
771
850
905
103
673
686
627
449
294
733
641
961
102
382
28
606
410
310
484
561
218
888
687
251
234
821
273
861
349
472
825
877
780
914
462
993
23
269
625
140
179
184
97
247
725
67
650
904
910
316
54
374
807
96
93
541
605
729
742
496
682
763
879
567
524
752
303
775
113
300
380
630
176
37
963
177
289
178
417
199
862
292
553
642
917
834
454
943
751
856
795
296
301
646
120
312
794
672
337
101
738
283
61
705
645
757
815
886
811
675
232
42
778
647
835
592
714
211
64
365
189
153
610
855
881
224
948
321
481
869
467
800
62
88
395
657
302
329
925
194
978
734
975
171
796