973
76 50 81 9 15 46 87 21 24 72 3 7 14 92 4 29 75 27 74 49 98 55 38 66 32 20 99 95 63 73 25 36 82 0 79 22 12 57 18 40 2 26
114
438
110
844 845 846 875 848 874 852 820 882 890 883 871 849 872 894 892 878 828 824 823 853 830 826 897 804 818 885 880 899 889 866 837 839 805 891 836 858 806 813 822 851 829 884 817 868 898 887 809
873
903 968 949 902 988 911 983 964 971 926 924 929 972 936 986 982 996 981 912 901 940 958 950 959 921 919 960 930 920 931 989 938 934 995 984 906 913 962 956 939 944 908 979 974 965 985
245 222 221 246 219 272 236 280 278 256 249 282 288 235 299 204 217 205 266 281 274 200 210 229 275 225 238 208 284 237 250 203 291 293 253 252 242 227 262 207 298 258 277
149
746
134 132 173 174 141 138 104 163 135 155 147 162 143 106 144 195 127 167 165 131 160 133 157 183 125 150 124 154 148 115 116 161 185 112 109 169 126 119 166
670
802
954
431 489 406 442 498 458 487 403 460 427 494 415 490 459 422 434 419 485 475 435 483 428 425 466 486 491 420 465 437 405 468 401 464 424 414 480 426 416 479 473 439 433 499 445 474 482 430 476 448 404 456 470 478 441 457
579 574 529 549 534 512 594 556 509 589 517 577 584 582 580 506 590 563 599 554 545 525 596 571 537 516 505 514 570 578 511 542 518 595 557 532 521 544 560 569 573 588 566 536 540 531 559 530 591 543 586 593 508
8
339 393 370 318 350 360 332 357 388 342 327 381 356 364 334 354 361 341 392 359 363 326 398 307 369 336 343 389 311 390 396 379 346 386 375 323 324 314 367 317 351 366 330 338 394 353 345 340
994
941
264
548
665
71
17
703
709
651
803
895
740 736 786 739 799 760 720 701 728 744 755 776 773 762 784 787 769 749 783 756 735 753 788 722 702 704 712 715 781 761 791 772 718 765 717 732 774 731 721 743 768 767 782
206
128
915
469
313
922
33
669 695 681 660 661 663 643 620 631 640 658 622 601 692 666 637 633 698 674 636 691 614 667 697 678 659 662 677 615 629 628 668 649 684 632 638 699 671 635
676
708
322
833
285
612
90
801
152
223
747
111
564
56
230
319
932
611
139
347
719
202
421
832
377
679
51
503
418
694
865
793
355
39
304
151
471
656
123
295
231
689
812
146
168
957
384
507
562
497
621
239
515
810
100
444
970
867
91
52
248
619
254
1
987
585
710
918
129
587
145
180
552
565
724
286
287
831
700
685
268
706
716
368
391
916
597
680
159
726
504
436
488
648
770
863
827
108
583
653
764
693
860
86
808
838
711
933
745
777
999
142
893
196
260
240
520
608
216
790
857
980
172
429
137
947
397
35
814
259
83
609
748
320
854
107
30
639
683
308
212
226
477
279
164
16
193
47
265
613
602
190
461
70
371
122
797
955
306
11
209
34
158
759
197
215
568
348
864
191
550
754
750
819
362
53
399
383
547
186
255
6
937
325
290
737
581
951
198
84
60
5
664
378
707
528
551
65
935
634
792
78
998
690
967
276
117
527
688
841
41
502
604
909
241
522
463
270
352
501
13
412
952
156
233
923
182
618
432
519
214
45
870
243
696
413
493
847
896
990
407
555
181
953
539
19
451
513
59
789
723
58
257
942
859
900
372
730
840
713
376
575
558
400
297
244
533
450
510
440
535
626
876
946
331
997
387
600
408
335
624
927
652
94
976
798
121
77
411
188
10
443
85
843
267
68
969
328
175
201
546
945
977
603
170
69
409
500
655
455
130
447
598
616
452
495
779
991
741
617
315
31
344
623
89
572
526
576
992
333
492
907
966
187
220
228
373
271
654
727
644
842
309
402
118
43
446
607
385
305
105
358
453
523
136
261
538
192
785
263
48
758
423
44
213
928
766
80
771
850
905
103
673
686
627
449
294
733
641
961
102
382
28
606
410
310
484
561
218
888
687
251
234
821
273
861
349
472
825
877
780
914
462
993
23
269
625
140
179
184
97
247
725
67
650
904
910
316
54
374
807
96
93
541
605
729
742
496
682
763
879
567
524
752
303
775
113
300
380
630
176
37
963
177
289
178
417
199
862
292
553
642
917
816
834
454
943
751
856
795
296
301
646
120
312
794
672
337
101
738
283
61
705
645
757
815
886
811
675
232
42
778
647
835
592
714
211
64
365
189
153
610
855
881
224
948
321
481
869
467
800
62
88
395
657
302
329
925
194
978
734
975
171
796