973
81 75 87 82 50 57 20 95 26 76 49 3 38 4 79 24 99 36 15 92 74 32 73 0 21 9 12 98 63 29 25 72 55 46 18 7 27 2 66 14 22 40
114
438
110
866 891 824 809 890 813 822 899 848 806 889 883 818 820 846 845 828 837 858 851 897 836 898 804 817 878 885 882 844 826 871 892 830 875 839 868 849 853 894 872 823 852 874 884 829 805 887 880
873
919 972 950 965 981 979 913 929 985 959 902 982 920 956 934 974 986 936 908 968 930 931 960 964 940 996 939 988 983 906 921 958 901 944 911 912 924 989 995 926 971 938 962 984 903 949
200 238 236 210 208 253 282 284 272 242 237 205 281 291 229 274 227 288 252 258 262 204 245 256 222 207 280 278 249 246 221 225 266 203 219 298 275 293 217 250 235 299 277
149
746
138 115 183 116 162 119 141 134 133 173 143 125 147 135 161 126 195 124 154 157 106 131 160 169 163 166 144 104 112 150 165 109 185 167 148 155 132 127 174
670
802
954
437 486 427 459 430 405 473 491 499 424 483 485 489 425 475 474 448 416 478 457 480 420 490 482 470 422 445 431 456 465 415 403 458 479 426 441 435 442 428 468 460 498 401 434 404 464 494 433 419 439 487 466 414 476
563 591 505 521 506 544 514 543 559 580 569 573 537 589 594 554 590 511 557 596 586 579 545 584 593 549 516 542 540 574 525 570 531 556 599 518 508 560 529 534 512 577 571 509 530 566 536 588 517 582 578 595 532
8
307 359 341 345 338 366 392 324 381 343 364 350 394 389 318 393 356 367 330 327 342 332 369 323 334 379 340 353 390 336 386 370 363 351 354 326 398 360 375 346 339 388 314 396 311 317 361 357
994
941
264
548
665
71
17
703
709
651
803
895
721 702 731 786 765 791 773 722 720 704 749 783 736 755 739 769 718 728 732 753 761 788 740 735 776 781 774 712 762 782 772 717 787 760 715 744 743 756 799 784 701 767 768
206
128
915
469
313
922
33
631 620 615 601 661 663 629 667 695 660 640 637 668 649 638 681 658 632 684 671 659 669 691 633 692 662 622 666 678 643 697 614 635 674 699 636 677 698 628
676
708
322
833
285
612
90
801
152
223
747
111
564
56
230
319
932
611
139
347
719
202
421
832
377
679
51
503
418
694
865
793
355
39
304
151
471
656
123
295
231
689
812
146
168
957
384
507
562
497
621
239
515
810
100
444
970
867
91
52
248
619
254
1
987
585
710
918
129
587
145
180
552
565
724
286
287
831
700
685
268
706
716
368
391
916
597
680
159
726
504
436
488
648
770
863
827
108
583
653
764
693
860
86
808
838
711
933
745
777
999
142
893
196
260
240
520
608
216
790
857
980
172
429
137
947
397
35
814
259
83
609
748
320
854
107
30
639
683
308
212
226
477
279
164
16
193
47
265
613
602
190
461
70
371
122
797
955
306
11
209
34
158
759
197
215
568
348
864
191
550
754
750
819
362
53
399
383
547
186
255
6
937
325
290
737
581
951
198
84
60
5
664
378
707
528
551
65
935
634
792
78
998
690
967
276
117
527
688
841
41
502
604
909
241
522
463
270
352
501
13
412
952
156
233
923
182
618
432
519
214
45
870
243
696
413
493
847
896
990
407
555
181
953
539
19
451
513
59
789
723
58
257
942
859
900
372
730
840
713
376
575
558
400
297
244
533
450
510
440
535
626
876
946
331
997
387
600
408
335
624
927
652
94
976
798
121
77
411
188
10
443
85
843
267
68
969
328
175
201
546
945
977
603
170
69
409
500
655
455
130
447
598
616
452
495
779
991
741
617
315
31
344
623
89
572
526
576
992
333
492
907
966
187
220
228
373
271
654
727
644
842
309
402
118
43
446
607
385
305
105
358
453
523
136
261
538
192
785
263
48
758
423
44
213
928
766
80
771
850
905
103
673
686
627
449
294
733
641
961
102
382
28
606
410
310
484
561
218
888
687
251
234
821
273
861
349
472
825
877
780
914
462
993
23
269
625
140
179
184
97
247
725
67
650
904
910
316
54
374
807
96
93
541
605
729
742
496
682
763
879
567
524
752
303
775
113
300
380
630
176
37
963
177
289
178
417
199
862
292
553
642
917
816
834
454
943
751
856
795
296
301
646
120
312
794
672
337
101
738
283
406
61
705
645
757
815
886
811
675
232
42
778
647
835
592
714
211
64
365
189
153
610
855
881
224
948
321
481
869
467
800
62
88
395
657
302
329
925
194
978
734
975
171
796