973
18 49 46 98 36 79 21 92 72 95 82 50 3 99 55 63 40 74 9 32 12 57 29 73 25 75 4 81 22 76 26 15 38 7 14 20 27 24 66 0 2 87
114
438
110
839 853 878 828 809 829 818 899 884 874 822 817 848 897 852 844 823 887 805 872 837 830 894 846 891 883 866 868 849 813 880 889 885 826 892 875 804 820 871 824 882 851 858 845 898 806 890 836
873
959 934 983 971 982 936 985 911 962 958 906 988 984 912 921 974 986 939 996 995 920 965 913 940 929 968 926 903 919 930 956 931 949 944 950 924 989 979 972 960 981 938 901 908 964 902
237 246 204 272 253 284 250 203 252 245 288 222 293 281 262 205 249 200 291 274 266 221 207 242 280 282 235 229 275 278 236 217 227 238 256 225 208 210 298 219 299 258 277
149
746
165 155 131 160 163 133 109 132 173 166 161 144 116 174 143 147 162 148 126 183 106 167 127 138 185 195 112 119 154 169 115 125 157 135 150 124 141 104 134
670
802
954
470 458 401 441 499 478 482 460 476 494 465 426 445 459 403 404 491 414 498 427 468 420 431 489 405 437 422 416 473 425 474 424 466 439 456 475 479 433 457 428 490 415 464 434 430 442 480 435 483 448 419 486 487 485
518 534 574 517 505 563 570 514 508 557 595 596 566 530 578 509 589 593 529 586 525 543 506 532 571 580 582 594 531 584 588 537 536 512 542 560 569 579 516 540 521 554 590 577 544 559 549 599 511 545 556 591
8
392 370 326 343 361 389 330 314 364 341 334 363 367 390 379 360 339 359 342 350 353 381 396 311 332 393 354 336 307 351 327 340 356 323 357 375 386 317 398 338 394 345 369 318 366 346 324 388
994
941
264
548
665
71
17
703
709
651
803
895
781 776 735 784 744 740 755 799 753 769 773 736 756 720 788 782 702 783 760 791 739 715 767 787 774 712 762 721 701 722 717 772 768 761 704 728 732 718 743 749 765 786 731
206
128
915
469
313
922
33
697 615 692 660 658 674 659 638 698 699 601 628 637 684 678 671 640 681 631 669 695 661 629 668 691 677 662 643 632 620 666 667 649 635 614 636 633 663 622
676
708
322
833
285
612
90
801
152
223
747
111
564
56
230
319
932
611
139
347
719
202
421
832
377
679
51
503
418
694
865
793
355
39
304
151
471
656
123
295
231
689
812
146
168
957
384
507
562
497
621
239
515
810
100
444
970
867
91
52
248
619
254
1
987
585
710
918
129
587
145
180
552
565
724
286
287
831
700
685
268
706
716
368
391
916
597
680
159
726
504
436
488
648
770
863
827
108
583
653
764
693
860
86
808
838
711
933
745
777
999
142
893
196
260
240
520
608
216
790
857
980
172
429
137
947
397
35
814
259
83
609
748
320
854
107
30
639
683
308
212
226
477
279
164
16
193
47
265
613
602
190
461
70
371
122
797
955
306
11
209
573
34
158
759
197
215
568
348
864
191
550
754
750
819
362
53
399
383
547
186
255
6
937
325
290
737
581
951
198
84
60
5
664
378
707
528
551
65
935
634
792
78
998
690
967
276
117
527
688
841
41
502
604
909
241
522
463
270
352
501
13
412
952
156
233
923
182
618
432
519
214
45
870
243
696
413
493
847
896
990
407
555
181
953
539
19
451
513
59
789
723
58
257
942
859
900
372
730
840
713
376
575
558
400
297
244
533
450
510
440
535
626
876
946
331
997
387
600
408
335
624
927
652
94
976
798
121
77
411
188
10
443
85
843
267
68
969
328
175
201
546
945
977
603
170
69
409
500
655
455
130
447
598
616
452
495
779
991
741
617
315
31
344
623
89
572
526
576
992
333
492
907
966
187
220
228
373
271
654
727
644
842
309
402
118
43
446
607
385
305
105
358
453
523
136
261
538
192
785
263
48
758
423
44
213
928
766
80
771
850
905
103
673
686
627
449
294
733
641
961
102
382
28
606
410
310
484
561
218
888
687
251
234
821
273
861
349
472
825
877
780
914
462
993
23
269
625
140
179
184
97
247
725
67
650
904
910
316
54
374
807
96
93
541
605
729
742
496
682
763
879
567
524
752
303
775
113
300
380
630
176
37
963
177
289
178
417
199
862
292
553
642
917
816
834
454
943
751
856
795
296
301
646
120
312
794
672
337
101
738
283
406
61
705
645
757
815
886
811
675
232
42
778
647
835
592
714
211
64
365
189
153
610
855
881
224
948
321
481
869
467
800
62
88
395
657
302
329
925
194
978
734
975
171
796