973
66 27 22 14 15 74 25 26 2 18 92 63 12 7 57 9 49 20 4 36 87 73 82 46 99 3 50 75 38 24 40 0 98 81 76 21 72 55 79 29 32 95
114
438
110
837 878 858 882 898 804 813 872 866 846 890 851 871 805 829 828 809 853 885 823 891 884 844 826 894 897 806 824 820 848 883 887 899 836 818 822 817 852 889 849 830 839 892 845 874 868 880 875
873
936 906 995 950 944 988 989 912 908 913 920 940 901 964 972 986 903 982 924 934 983 984 921 981 968 996 938 939 974 958 962 949 985 911 979 931 902 960 929 959 930 926 971 956 919 965
258 284 208 236 242 221 282 245 219 278 200 272 298 235 229 204 250 275 291 252 246 210 249 207 256 227 203 205 293 280 217 237 225 222 277 266 238 262 288 281 253 299
149
746
141 115 106 173 148 133 154 157 143 127 160 126 147 150 104 183 161 166 167 174 185 131 119 135 195 124 132 162 165 163 138 109 169 116 125 155 112 134 144
670
802
954
403 487 416 415 439 422 478 480 404 442 458 425 474 456 470 401 435 420 498 482 486 464 465 485 473 448 428 426 466 427 430 431 405 441 433 476 434 479 437 424 494 491 499 490 475 489 457 445 414 483 459 468 460 419
589 584 574 596 545 516 566 540 556 590 595 536 517 534 570 514 506 579 560 532 543 557 586 544 563 525 588 531 549 594 599 505 521 512 518 529 580 569 509 582 591 577 508 559 593 578 511 554 542 530 571 537
8
318 336 361 353 379 340 363 370 390 317 389 314 351 326 398 332 330 394 307 369 342 323 364 338 324 350 346 359 367 341 381 386 357 327 388 334 375 345 366 354 356 392 339 343 396 360 393 311
994
941
264
548
665
71
17
703
709
651
803
895
732 749 765 767 791 762 735 702 761 784 753 772 773 756 799 768 776 781 786 774 739 704 721 783 736 717 731 712 782 701 718 760 787 755 740 769 728 722 788 715 743 720 744
206
128
915
469
313
922
33
649 631 677 629 637 635 684 697 667 615 669 643 628 638 632 699 660 691 681 620 614 668 678 633 666 698 622 692 695 659 671 658 661 674 640 662 601 663 636
676
708
322
833
285
612
90
801
152
223
747
111
564
56
230
319
932
611
139
347
719
202
421
832
377
679
51
503
418
694
865
793
355
39
304
151
471
656
123
295
231
689
812
146
168
957
384
507
562
497
621
239
515
810
100
444
970
867
91
52
248
619
254
1
987
585
710
918
129
587
145
180
552
565
724
286
287
831
700
685
268
706
716
368
391
916
597
680
159
726
504
436
488
648
770
863
827
108
583
274
653
764
693
860
86
808
838
711
933
745
777
999
142
893
196
260
240
520
608
216
790
857
980
172
429
137
947
397
35
814
259
83
609
748
320
854
107
30
639
683
308
212
226
477
279
164
16
193
47
265
613
602
190
461
70
371
122
797
955
306
11
209
573
34
158
759
197
215
568
348
864
191
550
754
750
819
362
53
399
383
547
186
255
6
937
325
290
737
581
951
198
84
60
5
664
378
707
528
551
65
935
634
792
78
998
690
967
276
117
527
688
841
41
502
604
909
241
522
463
270
352
501
13
412
952
156
233
923
182
618
432
519
214
45
870
243
696
413
493
847
896
990
407
555
181
953
539
19
451
513
59
789
723
58
257
942
859
900
372
730
840
713
376
575
558
400
297
244
533
450
510
440
535
626
876
946
331
997
387
600
408
335
624
927
652
94
976
798
121
77
411
188
10
443
85
843
267
68
969
328
175
201
546
945
977
603
170
69
409
500
655
455
130
447
598
616
452
495
779
991
741
617
315
31
344
623
89
572
526
576
992
333
492
907
966
187
220
228
373
271
654
727
644
842
309
402
118
43
446
607
385
305
105
358
453
523
136
261
538
192
785
263
48
758
423
44
213
928
766
80
771
850
905
103
673
686
627
449
294
733
641
961
102
382
28
606
410
310
484
561
218
888
687
251
234
821
273
861
349
472
825
877
780
914
462
993
23
269
625
140
179
184
97
247
725
67
650
904
910
316
54
374
807
96
93
541
605
729
742
496
682
763
879
567
524
752
303
775
113
300
380
630
176
37
963
177
289
178
417
199
862
292
553
642
917
816
834
454
943
751
856
795
296
301
646
120
312
794
672
337
101
738
283
406
61
705
645
757
815
886
811
675
232
42
778
647
835
592
714
211
64
365
189
153
610
855
881
224
948
321
481
869
467
800
62
88
395
657
302
329
925
194
978
734
975
171
796