973
18 9 20 21 3 25 12 73 29 92 63 75 49 40 79 27 36 32 87 22 99 81 72 4 98 46 95 57 15 38 7 74 26 82 55 50 24 66 14 0 2 76
114
438
110
848 875 829 898 813 868 894 891 846 818 820 809 826 883 851 897 805 878 837 872 824 839 828 866 852 823 887 845 806 849 899 880 844 884 889 853 874 892 830 822 804 858 817 885 882 871 890 836
873
985 924 984 919 934 959 988 929 979 912 962 950 956 989 981 930 921 911 986 913 958 940 901 971 972 982 903 983 936 906 960 995 965 938 926 996 944 974 964 939 949 908 920 968 902 931
225 253 217 291 242 237 258 266 219 262 256 222 207 249 210 250 236 200 203 288 246 275 272 205 204 252 280 235 293 245 278 229 299 227 281 208 277 282 298 221 238 284
149
746
126 160 132 115 116 157 133 162 148 154 141 183 167 112 185 124 135 125 134 174 106 155 166 173 147 143 131 161 144 163 165 119 104 109 195 127 169 150 138
670
802
954
474 428 478 459 420 470 456 448 489 487 464 419 482 460 498 465 435 422 483 494 437 468 414 480 431 457 442 427 479 415 403 441 458 430 445 439 486 401 434 473 433 499 476 404 425 485 491 475 490 416 426 405 424 466
595 511 536 574 556 594 578 532 557 579 518 512 569 531 549 505 540 563 516 542 560 599 588 544 566 591 545 534 543 521 571 554 508 530 525 589 559 584 570 529 590 596 506 509 580 577 582 517 593 586 537
8
345 334 317 326 350 357 379 361 370 364 332 359 340 314 363 307 336 367 327 343 330 318 323 346 338 386 324 342 360 398 351 392 388 311 390 369 341 396 389 353 375 366 356 394 381 354 393 339
994
941
264
548
665
71
17
703
709
651
803
895
702 772 787 768 728 762 761 776 722 784 781 712 736 786 782 783 769 731 765 749 743 721 756 753 740 774 767 718 755 799 739 701 732 760 773 704 720 788 744 791 735 717 715
206
128
915
469
313
922
33
661 695 635 637 622 632 662 666 629 614 699 615 628 638 658 660 671 601 698 692 636 643 663 649 677 633 681 674 669 678 697 668 640 691 667 631 684 620 659
676
708
322
833
285
612
90
801
152
223
747
111
564
56
230
319
932
611
139
347
719
202
421
832
377
679
51
503
418
694
865
793
355
39
304
151
471
656
123
295
231
689
812
146
168
957
384
507
562
497
621
239
515
810
100
444
970
867
91
52
248
619
254
1
987
585
710
918
129
587
145
180
552
565
724
286
287
831
700
685
268
706
716
368
391
916
597
680
159
726
504
436
488
648
770
863
827
108
583
274
653
764
693
860
86
808
838
711
933
745
777
999
142
893
196
260
240
520
608
216
790
857
980
172
429
137
947
397
35
814
259
83
609
748
320
854
107
30
639
683
308
212
226
477
279
514
164
16
193
47
265
613
602
190
461
70
371
122
797
955
306
11
209
573
34
158
759
197
215
568
348
864
191
550
754
750
819
362
53
399
383
547
186
255
6
937
325
290
737
581
951
198
84
60
5
664
378
707
528
551
65
935
634
792
78
998
690
967
276
117
527
688
841
41
502
604
909
241
522
463
270
352
501
13
412
952
156
233
923
182
618
432
519
214
45
870
243
696
413
493
847
896
990
407
555
181
953
539
19
451
513
59
789
723
58
257
942
859
900
372
730
840
713
376
575
558
400
297
244
533
450
510
440
535
626
876
946
331
997
387
600
408
335
624
927
652
94
976
798
121
77
411
188
10
443
85
843
267
68
969
328
175
201
546
945
977
603
170
69
409
500
655
455
130
447
598
616
452
495
779
991
741
617
315
31
344
623
89
572
526
576
992
333
492
907
966
187
220
228
373
271
654
727
644
842
309
402
118
43
446
607
385
305
105
358
453
523
136
261
538
192
785
263
48
758
423
44
213
928
766
80
771
850
905
103
673
686
627
449
294
733
641
961
102
382
28
606
410
310
484
561
218
888
687
251
234
821
273
861
349
472
825
877
780
914
462
993
23
269
625
140
179
184
97
247
725
67
650
904
910
316
54
374
807
96
93
541
605
729
742
496
682
763
879
567
524
752
303
775
113
300
380
630
176
37
963
177
289
178
417
199
862
292
553
642
917
816
834
454
943
751
856
795
296
301
646
120
312
794
672
337
101
738
283
406
61
705
645
757
815
886
811
675
232
42
778
647
835
592
714
211
64
365
189
153
610
855
881
224
948
321
481
869
467
800
62
88
395
657
302
329
925
194
978
734
975
171
796