973
74 49 50 20 63 26 0 87 38 66 21 29 40 72 82 57 75 98 92 46 22 2 18 27 99 81 32 7 79 36 73 55 14 3 25 4 24 76 9 95 12
114
438
110
805 844 880 891 817 897 858 804 824 851 828 839 892 837 809 836 830 826 813 894 883 872 875 823 866 871 849 884 845 846 852 882 853 848 820 878 818 829 885 898 806 890 874 822 868 887 889 899
873
939 929 965 913 988 996 974 982 971 958 960 902 934 981 968 984 938 972 962 903 920 919 949 926 940 986 901 985 930 950 911 936 931 964 995 906 983 989 956 912 959 979 921 908 944 924
266 278 252 291 208 221 293 250 203 275 217 282 225 204 281 207 253 219 284 210 237 238 236 242 272 298 277 227 256 299 249 235 280 258 245 246 262 222 200 288 205 229
149
746
155 185 166 116 154 195 132 112 143 133 144 167 169 183 131 119 173 160 127 150 174 147 115 104 162 161 126 106 148 141 134 135 157 124 163 109 125 138 165
670
802
954
419 464 457 430 475 416 437 487 403 476 480 448 465 415 483 499 431 490 494 460 498 458 401 482 491 468 404 489 433 427 435 442 420 485 405 445 478 486 414 425 441 466 470 459 473 428 422 439 426 474 434 456 479 424
516 542 588 591 540 537 596 536 505 574 593 584 545 532 509 582 566 571 543 506 580 586 595 530 557 511 569 577 521 563 578 518 508 599 529 525 534 570 579 559 554 531 594 549 556 560 512 544 590 517 589
8
340 311 356 364 330 351 360 393 370 379 392 324 369 381 367 307 327 363 398 388 342 323 336 396 375 350 354 314 390 366 346 345 332 359 339 357 338 318 389 361 334 341 353 326 386 343 394 317
994
941
264
548
665
71
17
703
709
651
803
895
788 781 767 774 717 762 702 743 744 773 755 732 761 756 772 731 799 701 768 728 718 791 760 783 721 765 769 753 720 776 739 787 735 749 722 704 786 736 784 715 740 782 712
206
128
915
469
313
922
33
614 659 638 666 699 649 637 695 643 668 678 692 661 628 660 620 615 636 677 669 635 631 622 663 684 681 632 662 667 629 698 674 640 671 697 691 658 601 633
676
708
322
833
285
612
90
801
152
223
747
111
564
56
230
319
932
611
139
347
719
202
421
832
377
679
51
503
418
694
865
793
355
39
304
151
471
656
123
295
231
689
812
146
168
957
384
507
562
497
621
239
515
810
100
444
970
867
91
52
248
619
254
1
987
585
710
918
129
587
145
180
552
565
724
286
287
831
700
685
268
706
716
368
391
916
597
680
159
726
504
436
488
648
770
863
827
108
583
274
653
764
693
860
86
808
838
711
933
745
777
999
142
893
196
260
240
520
608
216
790
857
980
172
429
137
947
397
35
814
259
83
609
748
320
854
107
30
639
683
308
212
226
477
279
514
164
16
193
47
265
613
602
190
461
70
371
122
797
955
306
11
209
573
34
158
759
197
215
568
348
864
191
550
754
750
819
362
53
399
383
547
186
255
6
937
325
290
737
581
951
198
84
60
5
664
378
707
528
551
65
935
634
792
78
998
690
967
276
117
527
688
841
41
502
604
909
241
522
463
270
352
501
13
412
952
156
233
923
182
618
432
519
214
45
870
243
696
413
493
847
896
990
407
555
181
953
539
19
451
513
59
789
723
58
257
942
859
900
372
730
840
713
376
575
558
400
297
244
533
450
510
440
535
626
876
946
331
997
387
600
408
335
624
927
652
94
976
798
121
77
411
188
10
443
85
843
267
68
969
328
175
201
546
945
977
603
170
69
409
500
655
455
130
447
598
616
452
495
779
991
741
617
315
31
344
623
89
572
526
576
992
333
492
907
966
187
220
228
373
271
654
727
644
842
309
402
118
43
446
607
385
305
105
358
453
523
136
261
538
192
785
263
48
758
423
44
213
928
766
80
771
850
905
103
673
686
627
449
294
733
641
961
102
382
28
606
410
310
484
561
218
888
687
251
234
821
273
861
349
472
825
877
780
914
462
993
23
269
625
140
179
184
97
247
725
67
650
904
910
316
54
374
807
96
93
541
605
729
742
496
682
763
879
567
524
752
303
775
113
300
380
630
176
37
963
177
289
178
417
199
862
292
553
642
917
816
834
454
943
751
856
795
296
301
646
120
312
794
672
337
101
738
283
406
61
705
645
757
815
886
811
675
232
42
778
647
835
592
714
211
64
365
189
153
610
855
881
224
948
321
481
869
467
800
62
88
395
657
302
329
925
194
978
734
975
15
171
796