986 971 908 955 993 947 940 941 992 982 960 913 965 907 994 966 980 967 951 963 942 909 926 910 977 988 991 917 937 931 958 932 954 919 995 925 903 905 904 953 902 930 936 978 969 989 927 996 945 981 939 990 962 914 997 950 968 956 976 922 934 920 998 918 946 979 952 943 984 985 923 924 944 972 949 961 916 975 901 983 921 938 999 987 973 912 906 915 935 959 911 964 929 974 928
61 18 82 23 7 2 46 76 17 89 6 74 53 3 4 68 72 85 9 88 13 33 8 37 44 29 28 59 95 84 49 92 55 20 43 27 15 14 69 0 42 40 81 52 80 48 11 22 58 94 32 62 63 56 78 16 97 54 67 35 19 65 77 26 96 87 31 24 12 73 50 99 25 75 45 71 79 30 86 83 10 34 38 98 51 60 36 91 21 47 90 39 57 66 64 41
153 112 136 123 131 156 110 166 102 111 182 107 162 172 178 169 186 128 142 155 114 161 141 108 164 105 132 199 119 147 145 135 139 170 197 134 121 109 115 177 175 157 148 168 194 196 137 185 104 181 176 120 125 127 122 143 126 183 154 133 184 150 193 152 187 167 173 179 192 198 140 149 138 146 113 124 117 106 171 188 130 165 180 160 103 195 118 174 144 163 116 190
494 469 413 401 444 403 417 425 455 486 442 470 411 406 489 441 492 481 402 465 448 496 433 443 487 445 407 450 483 424 477 438 453 471 409 437 423 414 416 410 426 428 479 454 468 434 464 415 447 459 497 478 460 474 449 404 457 476 466 495 431 480 475 429 493 490 499 436 488 467 440 473 472 427 451 405 491 446 458 439 482 461 408 462 432 435 452 463 430 412 456 485 422 419 484 420 498
876 867 854 873 863 851 885 812 803 818 835 881 804 839 879 829 888 899 819 865 884 843 892 844 846 824 860 868 809 805 833 825 880 895 832 831 800 848 841 887 877 810 826 882 866 838 878 834 842 820 870 817 875 889 852 864 806 862 893 847 814 871 821 872 845 830 869 886 822 894 811 828 857 808 850 896 898 874 823 859 858 813 897 836 827 816 855 890 840 891 815 807 837 861 849 853 883
272 230 226 276 296 216 283 219 210 292 214 231 273 253 290 234 232 291 259 289 265 264 245 207 293 279 257 285 261 209 280 274 268 250 248 202 236 238 297 298 249 294 212 278 224 287 277 254 217 203 235 200 252 208 267 223 225 220 246 263 204 205 221 229 241 258 270 255 243 266 286 237 227 288 222 295 284 218 251 299 233 206 244 269 262 239 242 211 228 275 281 240 256 213 247 282
713 739 709 740 752 758 756 796 735 780 787 701 747 768 751 720 766 786 753 703 708 746 729 749 767 759 770 707 732 761 784 702 788 710 741 721 704 734 777 776 781 718 760 742 778 797 723 724 711 782 793 775 771 722 733 798 748 745 716 757 764 783 705 791 794 765 717 730 725 774 738 719 712 750 779 769 744 785 790 715 763 754 736 728 743 755 731 772 799 792 795 762 773 737 714
649 690 635 659 601 626 644 646 624 634 637 657 674 648 621 694 607 677 660 675 614 681 688 642 692 632 643 699 680 664 629 651 603 672 641 615 604 666 696 633 605 693 638 669 654 658 652 602 640 639 673 661 663 684 616 695 671 670 685 628 691 608 612 678 687 665 683 622 647 609 636 697 625 620 686 662 667 630 653 618 627 698 682 611 613 679 656 676 645 689 655 617 631 668 650
802
578 552 584 570 588 512 537 513 594 574 515 565 561 536 549 580 508 539 569 534 590 531 559 585 593 522 591 541 542 575 550 523 554 563 598 597 529 553 586 571 547 507 535 557 524 566 596 589 551 540 587 573 503 528 577 502 556 514 501 576 555 518 544 530 519 599 526 538 511 560 583 581 521 562 564 516 595 510 527 568 506 543 546 579 533 520 545 517 582 504 567 505 532 509 525 558
344 327 338 323 370 385 325 314 321 362 307 304 335 336 359 391 398 382 389 361 308 345 313 306 352 394 322 333 354 343 310 388 305 353 367 334 320 364 365 386 302 390 328 347 357 319 392 387 355 329 350 309 368 349 341 342 356 378 312 332 396 358 371 375 397 324 339 351 337 318 331 384 377 363 399 395 369 346 340 360 383 326 372 366 348 330 380 379 393 381 317 303 300 376 311 315
548
801
421
418
151
957
100
970
619
1
129
700
706
159
726
933
260
70
158
215
191
5
789
900
400
600
201
500
623
572
373
271
727
606
316
374
93
856
301
101
592
189
610
948