973
76 36 73 4 46 81 66 3 20 22 18 75 98 9 55 74 82 87 12 63 21 25 50 32 92 72 2 14 40 24 57 38 95 29 7 79 49 0 26 99 27
114
438
110
887 875 880 820 818 852 890 837 846 836 858 806 824 849 826 889 897 813 884 892 828 830 891 804 848 809 872 883 851 868 805 871 898 899 844 874 822 853 885 839 894 845 882 866 829 878 823 817
873
965 968 974 931 903 996 979 919 986 964 934 950 985 960 981 995 959 949 920 940 912 982 936 983 908 972 988 902 956 939 958 984 906 926 921 901 929 913 962 989 971 938 930 924 944 911
204 208 291 275 246 227 266 288 205 252 262 245 253 203 236 298 277 258 272 250 293 217 282 200 221 219 237 210 222 299 238 278 280 284 242 281 249 235 256 225 229 207
149
746
174 131 143 160 148 166 144 161 185 104 183 125 134 119 154 106 173 150 147 133 155 124 162 109 141 165 132 115 163 112 138 167 116 135 169 126 127 195 157
670
802
954
459 435 441 416 474 482 445 426 403 468 478 401 479 470 464 424 434 419 487 420 498 422 456 458 448 457 430 494 473 415 475 483 437 425 439 486 476 431 465 405 466 499 485 404 428 427 414 489 491 460 490 442 433 480
537 556 569 596 580 512 593 525 577 566 584 560 509 571 595 559 557 582 563 545 586 530 511 594 536 590 516 540 574 599 506 578 589 505 521 554 508 534 570 531 544 579 532 591 543 588 549 529 518 517 542
8
359 379 389 370 393 398 354 357 392 390 317 367 364 350 353 345 394 388 346 338 324 381 314 341 327 369 318 386 343 323 342 332 396 326 336 340 363 311 375 351 334 366 330 356 307 360 339 361
994
941
264
548
665
71
17
703
709
651
803
895
732 731 715 782 772 781 712 773 760 756 755 735 768 774 744 740 743 761 769 701 717 736 788 722 787 721 791 786 739 765 784 799 704 728 749 702 767 776 753 783 720 762
206
128
915
469
313
922
33
698 684 659 643 677 692 669 660 620 666 614 636 663 678 674 631 681 662 635 699 601 661 628 697 695 640 658 667 622 649 691 637 671 632 629 638 633 668 615
676
708
322
833
285
612
90
801
152
223
747
111
564
56
230
319
932
611
139
347
719
202
421
832
377
679
51
503
418
694
865
793
355
39
304
151
471
656
123
295
231
689
812
146
168
957
384
507
562
497
621
239
515
810
100
444
970
867
91
52
248
619
254
1
987
585
710
918
129
587
145
180
552
565
724
286
287
831
700
685
268
706
716
368
391
916
597
680
159
726
504
436
488
648
770
863
827
108
583
274
653
764
693
860
86
808
838
711
933
745
777
999
142
893
196
260
240
520
608
216
790
857
980
172
429
137
947
397
35
814
259
83
609
748
320
854
107
30
639
683
308
212
226
477
279
514
164
16
193
47
265
613
602
190
461
70
371
122
797
955
306
11
209
573
34
158
759
197
215
568
348
864
191
550
754
750
819
362
53
399
383
547
186
255
6
937
325
290
737
581
951
198
84
60
5
664
378
707
528
551
65
935
634
792
78
998
690
967
276
117
527
688
841
41
502
604
909
241
522
463
270
352
501
13
412
952
156
233
923
182
618
432
519
214
45
870
243
696
413
493
847
896
990
407
555
181
953
539
19
451
513
59
789
723
58
257
942
859
900
372
730
840
713
376
575
558
400
297
244
533
450
510
440
535
626
876
946
331
997
387
600
408
335
624
927
652
94
976
798
121
77
411
188
10
443
85
843
267
68
969
328
175
201
546
945
977
603
170
69
409
500
655
455
130
447
598
616
452
495
779
991
741
617
315
31
718
344
623
89
572
526
576
992
333
492
907
966
187
220
228
373
271
654
727
644
842
309
402
118
43
446
607
385
305
105
358
453
523
136
261
538
192
785
263
48
758
423
44
213
928
766
80
771
850
905
103
673
686
627
449
294
733
641
961
102
382
28
606
410
310
484
561
218
888
687
251
234
821
273
861
349
472
825
877
780
914
462
993
23
269
625
140
179
184
97
247
725
67
650
904
910
316
54
374
807
96
93
541
605
729
742
496
682
763
879
567
524
752
303
775
113
300
380
630
176
37
963
177
289
178
417
199
862
292
553
642
917
816
834
454
943
751
856
795
296
301
646
120
312
794
672
337
101
738
283
406
61
705
645
757
815
886
811
675
232
42
778
647
835
592
714
211
64
365
189
153
610
855
881
224
948
321
481
869
467
800
62
88
395
657
302
329
925
194
978
734
975
15
171
796