973
21 72 24 38 73 57 81 18 87 74 50 79 95 29 32 7 40 76 3 9 92 49 2 0 46 63 4 14 36 75 12 20 82 98 25 26 27 22 99 66 55
114
438
110
822 883 858 848 823 891 871 892 880 818 830 809 887 852 804 868 899 878 846 889 853 817 897 851 837 882 866 806 839 898 885 890 844 874 829 820 875 894 849 826 828 813 805 884 845 836 872 824
873
912 981 944 983 956 919 929 908 965 930 985 920 995 962 964 974 984 913 996 903 988 911 902 986 939 949 982 972 950 924 958 936 940 901 968 906 989 971 938 959 921 931 979 926 960 934
280 291 235 236 219 299 293 253 282 252 203 249 227 221 281 242 246 222 250 277 207 225 298 288 256 210 238 237 284 258 245 278 229 200 266 208 217 272 205 275 262 204
149
746
125 165 135 115 127 155 183 166 141 138 173 124 160 109 134 133 126 132 148 169 195 185 119 116 162 143 174 163 112 144 157 167 161 147 106 150 154 131 104
670
802
954
473 468 433 476 483 419 486 465 427 428 416 401 435 442 490 482 487 441 424 480 466 403 426 478 422 494 457 420 474 430 475 414 431 498 485 470 437 434 448 458 479 456 415 499 425 489 405 460 459 445 439 491 464 404
537 584 517 536 505 540 534 529 593 532 509 557 560 549 521 571 506 530 543 545 591 518 570 511 580 574 508 589 588 525 586 577 563 594 512 582 516 542 556 554 579 599 531 569 595 590 544 559 578 596 566
8
317 340 311 363 390 367 375 386 359 356 388 323 381 357 379 369 361 324 345 360 392 353 393 398 334 346 338 343 341 318 350 394 396 389 314 326 330 351 336 307 327 366 354 342 339 370 332
994
941
264
548
665
71
17
703
709
651
803
895
736 783 720 701 784 772 756 739 743 712 717 761 769 768 704 773 735 765 731 760 702 799 755 728 774 715 749 762 732 781 787 767 721 782 791 776 786 722 740 744 753 788
206
128
915
469
313
922
33
660 691 677 699 622 678 697 637 629 636 635 649 601 669 663 633 662 671 659 661 698 692 668 632 640 681 667 620 615 658 628 695 638 631 643 674 684 666 614
676
708
322
833
285
612
90
801
152
223
747
111
564
56
230
319
932
611
139
347
719
202
421
832
377
679
51
503
418
694
865
793
355
39
304
151
471
656
123
295
231
689
812
146
168
957
384
507
562
497
621
239
515
810
100
444
970
867
91
52
248
619
254
1
987
585
710
918
129
587
145
180
552
565
724
286
287
831
700
685
268
706
716
368
391
916
597
680
159
726
504
436
488
648
770
863
827
108
583
274
653
764
693
860
86
808
838
711
933
745
777
999
142
893
196
260
240
520
608
216
790
857
980
172
429
137
947
397
35
814
259
83
609
748
320
854
107
30
639
683
308
212
226
477
279
514
164
16
193
47
265
613
602
190
461
70
371
122
797
955
306
11
209
573
34
158
759
197
215
568
348
864
191
550
754
750
819
362
53
399
383
547
186
255
6
937
325
290
737
581
951
198
84
60
5
664
378
707
528
551
65
935
634
792
78
998
690
967
276
117
527
688
841
41
502
604
909
241
522
463
270
352
501
13
412
952
156
233
923
182
618
432
519
214
45
870
243
696
413
493
847
896
990
407
555
181
953
539
19
451
513
59
789
723
58
257
942
859
900
372
730
840
713
376
575
558
400
297
244
533
450
510
440
535
626
876
946
331
997
387
600
408
335
624
927
652
94
976
798
121
77
411
188
10
443
85
843
267
68
969
328
175
201
546
945
977
603
170
69
409
500
655
455
130
447
598
616
452
495
779
991
741
617
315
31
718
344
623
89
572
526
576
992
333
492
907
966
187
220
228
373
271
654
727
644
842
309
402
118
43
446
607
385
305
105
358
453
523
136
261
538
192
785
263
48
758
423
44
213
928
766
80
771
850
905
103
673
686
627
449
294
733
641
961
102
382
28
606
410
310
484
561
218
888
687
251
234
821
273
861
349
472
825
877
780
914
462
993
23
269
625
140
179
184
97
247
725
67
650
904
910
364
316
54
374
807
96
93
541
605
729
742
496
682
763
879
567
524
752
303
775
113
300
380
630
176
37
963
177
289
178
417
199
862
292
553
642
917
816
834
454
943
751
856
795
296
301
646
120
312
794
672
337
101
738
283
406
61
705
645
757
815
886
811
675
232
42
778
647
835
592
714
211
64
365
189
153
610
855
881
224
948
321
481
869
467
800
62
88
395
657
302
329
925
194
978
734
975
15
171
796