973
75 25 26 29 82 76 0 73 2 57 74 46 40 38 66 49 32 14 12 95 21 92 20 4 9 55 98 24 18 22 87 27 7 72 81 36 3 63 79 99 50
114
438
110
897 872 851 829 845 885 830 899 806 844 839 804 852 889 836 858 818 892 837 846 887 894 820 882 880 890 891 813 866 884 883 824 871 828 809 874 823 878 805 868 848 875 853 898 817 849 826 822
873
988 934 989 912 958 920 901 924 959 921 986 985 908 996 930 956 974 950 968 984 938 971 913 979 962 960 981 983 903 964 929 911 926 982 949 939 944 995 965 902 919 972 931 936 906 940
229 291 236 225 200 217 203 253 298 252 281 258 293 288 299 256 272 207 266 278 221 204 227 238 245 280 246 262 282 208 250 235 237 242 205 222 277 284 219 249 275 210
149
746
157 163 124 195 106 115 116 138 135 112 132 174 150 173 126 134 143 147 127 169 160 141 133 131 162 185 183 165 155 166 104 167 125 144 148 119 154 161 109
670
802
954
420 494 441 422 435 482 483 458 470 479 426 499 457 485 425 430 414 416 466 475 431 489 427 487 405 419 442 468 498 439 460 490 478 465 424 448 473 433 434 486 415 491 445 480 476 403 474 401 456 428 459 404 437 464
589 590 559 579 516 582 532 566 531 563 537 584 588 517 542 593 557 540 574 525 505 521 554 506 508 529 580 544 512 586 530 511 594 596 556 534 599 571 543 595 591 545 536 518 578 577 549 509 570 560 569
8
332 351 314 389 350 317 396 327 354 357 340 341 388 353 392 390 307 336 346 394 359 338 345 367 323 369 324 356 339 381 398 318 311 342 366 363 361 334 386 360 343 379 326 330 375 393
994
941
264
548
665
71
17
703
709
651
803
895
755 731 773 772 753 715 760 702 786 736 739 791 784 701 732 774 765 767 722 782 749 756 788 776 717 768 740 781 761 787 721 783 735 704 769 744 720 712 762 728 799 743
206
128
915
469
313
922
33
635 638 614 632 678 637 662 661 663 660 620 698 666 669 643 671 636 629 668 649 691 628 658 622 601 681 692 695 615 697 684 674 640 631 677 659 633 699 667
676
708
322
833
285
612
90
801
152
223
747
111
564
56
230
319
932
611
139
347
719
202
421
832
377
679
51
503
418
694
865
793
355
39
304
151
471
656
123
295
231
689
812
146
168
957
384
507
562
497
621
239
515
810
100
444
970
867
91
52
248
619
254
1
987
585
710
918
129
587
145
180
552
565
724
286
287
831
700
685
268
706
716
368
391
916
597
680
159
726
504
436
488
648
770
863
827
108
583
274
653
764
693
860
86
808
838
711
933
745
777
999
370
142
893
196
260
240
520
608
216
790
857
980
172
429
137
947
397
35
814
259
83
609
748
320
854
107
30
639
683
308
212
226
477
279
514
164
16
193
47
265
613
602
190
461
70
371
122
797
955
306
11
209
573
34
158
759
197
215
568
348
864
191
550
754
750
819
362
53
399
383
547
186
255
6
937
325
290
737
581
951
198
84
60
5
664
378
707
528
551
65
935
634
792
78
998
690
967
276
117
527
688
841
41
502
604
909
241
522
463
270
352
501
13
412
952
156
233
923
182
618
432
519
214
45
870
243
696
413
493
847
896
990
407
555
181
953
539
19
451
513
59
789
723
58
257
942
859
900
372
730
840
713
376
575
558
400
297
244
533
450
510
440
535
626
876
946
331
997
387
600
408
335
624
927
652
94
976
798
121
77
411
188
10
443
85
843
267
68
969
328
175
201
546
945
977
603
170
69
409
500
655
455
130
447
598
616
452
495
779
991
741
617
315
31
718
344
623
89
572
526
576
992
333
492
907
966
187
220
228
373
271
654
727
644
842
309
402
118
43
446
607
385
305
105
358
453
523
136
261
538
192
785
263
48
758
423
44
213
928
766
80
771
850
905
103
673
686
627
449
294
733
641
961
102
382
28
606
410
310
484
561
218
888
687
251
234
821
273
861
349
472
825
877
780
914
462
993
23
269
625
140
179
184
97
247
725
67
650
904
910
364
316
54
374
807
96
93
541
605
729
742
496
682
763
879
567
524
752
303
775
113
300
380
630
176
37
963
177
289
178
417
199
862
292
553
642
917
816
834
454
943
751
856
795
296
301
646
120
312
794
672
337
101
738
283
406
61
705
645
757
815
886
811
675
232
42
778
647
835
592
714
211
64
365
189
153
610
855
881
224
948
321
481
869
467
800
62
88
395
657
302
329
925
194
978
734
975
15
171
796