973
82 40 63 36 92 18 66 24 25 75 2 74 21 79 29 81 87 99 26 49 50 32 38 9 72 27 73 55 46 57 76 4 95 0 3 7 98 12 22 20 14
114
438
110
813 846 871 845 823 884 852 866 809 872 894 874 806 892 805 880 844 899 826 830 837 883 829 882 890 817 822 897 868 851 839 889 804 878 858 887 885 828 849 836 818 820 853 848 898 875 891 824
873
912 938 931 940 971 986 903 964 985 930 924 926 972 995 944 939 984 919 913 959 949 902 982 920 989 929 983 960 936 968 921 906 956 908 965 981 958 934 962 996 979 911 988 974 901
284 291 222 242 281 282 221 235 205 210 203 278 249 238 245 277 272 298 207 262 204 275 258 256 217 200 225 266 246 237 280 293 227 250 229 219 236 253 252 288 299 208
149
746
127 134 173 148 112 126 174 167 169 131 106 119 183 165 143 141 161 185 125 162 154 166 155 109 115 144 147 116 157 195 160 163 133 104 135 132 150 124 138
670
802
954
486 464 414 430 422 445 475 498 403 468 466 416 420 465 474 478 480 427 483 431 415 489 425 499 476 473 433 470 485 460 490 487 491 405 442 404 435 456 441 428 426 434 448 437 458 459 419 479 457 439 424 482 401 494
591 545 596 563 590 578 536 556 595 506 559 586 544 571 531 588 521 557 554 508 532 529 593 505 577 594 537 542 599 579 512 560 549 530 570 540 574 518 525 569 584 534 589 582 517 511 509 580 516 543 566
8
342 353 379 314 396 345 317 327 367 369 393 350 366 341 351 357 339 360 343 390 375 323 392 346 361 338 354 334 388 318 330 386 324 340 326 307 359 363 398 336 332 389 394 381 311 356
994
941
264
548
665
71
17
703
709
651
950
803
895
788 769 791 739 701 721 744 720 783 776 740 715 767 756 772 743 773 717 774 755 722 761 765 782 732 768 762 784 731 787 736 799 704 760 728 735 781 702 712 786 753 749
206
128
915
469
313
922
33
649 660 631 662 699 638 601 669 629 615 695 667 636 620 678 692 635 666 637 697 643 698 684 640 632 677 671 663 659 628 614 633 622 691 668 681 674 658 661
676
708
322
833
285
612
90
801
152
223
747
111
564
56
230
319
932
611
139
347
719
202
421
832
377
679
51
503
418
694
865
793
355
39
304
151
471
656
123
295
231
689
812
146
168
957
384
507
562
497
621
239
515
810
100
444
970
867
91
52
248
619
254
1
987
585
710
918
129
587
145
180
552
565
724
286
287
831
700
685
268
706
716
368
391
916
597
680
159
726
504
436
488
648
770
863
827
108
583
274
653
764
693
860
86
808
838
711
933
745
777
999
370
142
893
196
260
240
520
608
216
790
857
980
172
429
137
947
397
35
814
259
83
609
748
320
854
107
30
639
683
308
212
226
477
279
514
164
16
193
47
265
613
602
190
461
70
371
122
797
955
306
11
209
573
34
158
759
197
215
568
348
864
191
550
754
750
819
362
53
399
383
547
186
255
6
937
325
290
737
581
951
198
84
60
5
664
378
707
528
551
65
935
634
792
78
998
690
967
276
117
527
688
841
41
502
604
909
241
522
463
270
352
501
13
412
952
156
233
923
182
618
432
519
214
45
870
243
696
413
493
847
896
990
407
555
181
953
539
19
451
513
59
789
723
58
257
942
859
900
372
730
840
713
376
575
558
400
297
244
533
450
510
440
535
626
876
946
331
997
387
600
408
335
624
927
652
94
976
798
121
77
411
188
10
443
85
843
267
68
969
328
175
201
546
945
977
603
170
69
409
500
655
455
130
447
598
616
452
495
779
991
741
617
315
31
718
344
623
89
572
526
576
992
333
492
907
966
187
220
228
373
271
654
727
644
842
309
402
118
43
446
607
385
305
105
358
453
523
136
261
538
192
785
263
48
758
423
44
213
928
766
80
771
850
905
103
673
686
627
449
294
733
641
961
102
382
28
606
410
310
484
561
218
888
687
251
234
821
273
861
349
472
825
877
780
914
462
993
23
269
625
140
179
184
97
247
725
67
650
904
910
364
316
54
374
807
96
93
541
605
729
742
496
682
763
879
567
524
752
303
775
113
300
380
630
176
37
963
177
289
178
417
199
862
292
553
642
917
816
834
454
943
751
856
795
296
301
646
120
312
794
672
337
101
738
283
406
61
705
645
757
815
886
811
675
232
42
778
647
835
592
714
211
64
365
189
153
610
855
881
224
948
321
481
869
467
800
62
88
395
657
302
329
925
194
978
734
975
15
171
796