973
46 12 36 9 3 79 38 25 92 49 73 95 0 40 76 20 87 82 98 14 21 74 72 27 63 4 18 24 32 22 55 29 2 26 99 81 66 57 50 75 7
114
438
110
804 885 806 899 887 839 890 849 883 809 875 828 882 837 848 836 880 892 871 822 891 866 805 853 818 823 826 878 824 897 868 846 845 813 852 844 884 872 889 830 858 874 829 820 817 898 894 851
873
981 968 911 938 902 926 931 962 906 965 983 964 971 984 959 958 934 979 949 929 912 995 940 913 996 944 924 960 982 903 956 919 986 985 988 908 921 901 930 974 989 972 939 936 920
225 242 288 221 266 299 229 227 217 253 272 293 278 291 237 282 284 258 262 205 203 204 245 298 246 236 235 252 208 210 200 249 238 275 207 280 281 222 250 256 277 219
149
746
160 157 135 109 104 127 162 185 167 125 106 148 132 195 161 183 169 174 143 147 131 154 119 150 115 165 163 141 138 173 155 134 116 133 124 126 112 144 166
670
802
954
448 424 422 491 482 437 456 439 494 490 404 470 468 480 420 498 426 445 430 499 405 416 427 478 476 479 487 465 489 428 435 458 460 441 401 486 403 442 457 473 464 434 414 415 474 466 433 431 485 419 475 483 425 459
594 590 584 549 591 542 593 529 534 566 556 577 563 537 595 560 509 536 540 574 571 511 531 521 578 579 544 530 596 525 599 505 589 532 518 569 506 543 557 545 588 512 559 586 582 580 570 517 516 554 508
8
363 323 375 346 388 361 327 326 357 393 338 345 353 398 318 366 334 394 330 351 332 340 379 354 341 350 324 343 389 360 336 307 339 314 369 396 359 381 342 356 367 386 317 392 390
994
941
264
548
665
71
17
703
709
651
950
803
895
740 704 761 799 776 731 732 782 717 735 786 739 781 722 788 791 787 743 755 749 756 720 767 768 744 760 774 712 769 701 728 753 736 765 702 784 772 762 715 721 773 783
206
128
915
469
313
922
33
697 671 660 692 691 637 601 668 636 659 638 677 640 614 658 631 678 698 681 666 669 622 620 629 633 632 684 635 662 661 674 699 663 615 643 667 628 649 695
676
708
322
833
285
612
90
801
152
223
747
111
564
56
230
319
932
611
139
347
719
202
421
832
377
679
51
503
418
694
865
793
355
39
304
151
471
656
123
295
231
689
812
146
168
957
384
507
562
497
621
239
515
810
100
444
970
867
91
52
248
619
254
1
987
585
710
918
129
587
145
180
552
565
724
286
287
831
700
685
268
706
716
368
391
916
597
680
159
726
504
436
488
648
770
863
827
108
583
274
653
764
693
860
86
808
838
711
933
745
777
999
370
142
893
196
260
240
520
608
216
790
857
980
172
429
137
947
397
35
814
259
83
609
748
320
854
107
30
639
683
308
212
226
477
279
514
164
16
193
47
265
613
602
190
461
70
371
122
797
955
306
11
209
573
34
158
759
197
215
568
348
864
191
550
754
750
819
362
53
399
383
547
186
255
6
937
325
290
737
581
951
198
84
60
5
664
378
707
528
551
65
935
634
792
78
998
690
967
276
117
527
688
841
41
502
604
909
241
522
463
270
352
501
13
412
952
156
233
923
182
618
432
519
214
45
870
243
696
413
493
847
896
990
407
555
181
953
539
19
451
513
59
789
723
58
257
942
859
900
372
730
840
713
376
575
558
400
297
244
533
450
510
440
535
626
876
946
331
997
387
600
408
335
624
927
652
94
976
798
121
77
411
188
10
443
85
843
267
68
969
328
175
201
546
945
977
603
170
69
409
500
655
455
130
447
598
616
452
495
779
991
741
617
315
31
718
344
623
89
572
526
576
992
333
492
907
966
187
220
228
373
271
654
727
644
842
309
402
118
43
446
607
385
305
105
358
453
523
136
261
538
311
192
785
263
48
758
423
44
213
928
766
80
771
850
905
103
673
686
627
449
294
733
641
961
102
382
28
606
410
310
484
561
218
888
687
251
234
821
273
861
349
472
825
877
780
914
462
993
23
269
625
140
179
184
97
247
725
67
650
904
910
364
316
54
374
807
96
93
541
605
729
742
496
682
763
879
567
524
752
303
775
113
300
380
630
176
37
963
177
289
178
417
199
862
292
553
642
917
816
834
454
943
751
856
795
296
301
646
120
312
794
672
337
101
738
283
406
61
705
645
757
815
886
811
675
232
42
778
647
835
592
714
211
64
365
189
153
610
855
881
224
948
321
481
869
467
800
62
88
395
657
302
329
925
194
978
734
975
15
171
796