973
79 12 99 92 66 3 49 57 4 29 87 24 38 20 9 26 25 22 76 2 50 73 98 63 21 36 81 72 95 40 46 18 27 14 75 0 55 82 32 74 7
114
438
110
852 884 875 880 891 813 874 851 829 806 805 830 848 837 826 866 804 845 820 883 822 839 892 898 858 899 885 853 890 878 897 844 894 887 828 818 872 817 823 836 846 871 809 868 849 882 889
873
901 944 902 931 959 906 983 926 921 956 939 964 995 940 982 936 920 971 938 924 912 958 949 919 972 974 984 989 996 968 903 979 934 988 930 908 962 986 965 913 985 981 911 960 929
252 291 227 204 245 250 256 210 277 221 266 262 258 207 208 275 203 278 242 235 200 246 293 217 229 225 281 280 237 236 205 272 219 282 299 284 238 288 298 222 253 249
149
746
195 143 166 104 144 135 185 141 148 157 169 163 119 162 126 160 147 125 165 138 161 116 127 131 133 150 134 106 154 155 167 112 183 173 174 115 124 109 132
670
802
954
480 428 468 403 442 448 486 478 473 441 424 474 415 490 460 416 457 491 401 466 475 483 499 426 427 459 485 437 422 431 439 494 430 414 405 498 464 476 425 482 445 458 470 465 434 420 489 435 487 479 404 456 419 433
591 534 577 505 554 543 593 545 579 594 578 530 532 559 584 580 549 569 517 537 570 544 596 531 588 590 566 512 589 536 506 525 560 582 509 595 586 542 563 574 556 599 557 518 516 511 508 571 529 521 540
8
354 356 339 336 360 398 357 353 388 350 361 307 379 386 369 342 326 338 334 392 389 366 345 359 351 394 396 323 390 324 381 327 343 375 367 317 363 330 340 346 332 314 318 393 341
994
941
264
548
665
71
17
703
709
651
950
803
895
788 743 782 749 715 787 773 755 740 761 767 784 736 762 732 772 768 712 760 786 781 791 721 728 774 731 783 702 701 756 722 744 769 776 704 739 735 753 720 799 765 717
206
128
915
469
313
922
33
667 681 637 643 631 615 628 620 678 699 668 632 691 692 671 601 663 659 695 698 636 638 633 649 640 684 629 697 666 635 669 614 677 662 661 674 660 622 658
676
708
322
833
285
612
90
801
152
223
747
111
564
56
230
319
932
611
139
347
719
202
421
832
377
679
51
503
418
694
865
793
355
39
304
151
471
656
123
295
231
689
812
146
168
957
384
507
562
497
621
239
515
810
100
444
970
867
91
52
248
619
254
1
987
585
710
918
129
587
145
180
552
565
724
286
287
831
700
685
268
706
716
368
391
916
597
680
159
726
504
436
488
648
770
863
827
108
583
274
653
764
693
860
86
808
838
711
933
745
777
999
370
142
893
196
260
240
520
608
216
790
857
980
172
429
137
947
397
35
814
259
83
609
748
320
854
107
30
639
683
308
212
226
477
279
514
164
16
193
47
265
613
602
190
461
70
371
122
797
955
306
11
209
573
34
158
759
197
215
568
348
864
191
550
754
750
819
362
53
399
383
547
186
255
6
937
325
290
737
581
951
198
84
60
5
664
378
707
528
551
65
935
634
792
78
998
690
967
276
117
527
688
841
41
502
604
909
241
522
463
270
352
501
13
412
952
156
233
923
182
618
432
519
214
45
870
243
696
413
493
847
896
990
407
555
181
953
539
19
451
513
59
789
723
58
257
942
859
900
372
730
840
713
376
575
558
400
297
244
533
450
510
440
535
626
876
946
331
997
387
600
408
335
624
927
652
94
976
798
121
77
411
188
10
443
85
843
267
68
969
328
175
201
546
945
977
603
170
69
409
500
655
455
130
447
598
616
452
495
779
991
741
617
315
31
718
344
623
89
572
526
576
992
333
492
907
966
187
220
228
373
271
654
727
644
842
309
402
118
43
446
607
385
305
105
358
453
523
136
261
538
311
192
785
263
48
758
423
44
213
928
766
80
771
850
905
103
673
686
627
449
294
733
641
961
102
382
28
606
410
310
484
561
218
888
687
251
234
821
273
861
349
472
825
877
780
914
824
462
993
23
269
625
140
179
184
97
247
725
67
650
904
910
364
316
54
374
807
96
93
541
605
729
742
496
682
763
879
567
524
752
303
775
113
300
380
630
176
37
963
177
289
178
417
199
862
292
553
642
917
816
834
454
943
751
856
795
296
301
646
120
312
794
672
337
101
738
283
406
61
705
645
757
815
886
811
675
232
42
778
647
835
592
714
211
64
365
189
153
610
855
881
224
948
321
481
869
467
800
62
88
395
657
302
329
925
194
978
734
975
15
171
796