973
74 99 29 57 55 72 76 87 81 14 27 38 79 49 2 12 25 73 7 98 75 18 21 95 92 36 32 63 4 82 46 24 50 66 40 22 20 26 3 9 0
114
438
110
853 871 830 884 822 839 878 883 845 885 880 849 805 836 899 837 809 844 892 868 846 891 813 874 875 890 866 820 818 806 852 817 882 804 887 829 894 897 851 872 858 898 823 828 848 826 889
873
919 965 934 971 985 924 901 936 986 930 902 983 912 968 979 940 996 974 960 958 949 920 964 972 908 926 931 981 911 903 938 995 959 929 906 989 939 944 956 921 962 982 913 984 988
221 245 200 205 282 217 284 238 204 277 280 208 262 203 219 227 299 236 207 242 210 275 293 250 272 298 235 253 246 225 281 222 229 266 237 278 252 256 249 291 258 288
149
746
161 141 195 173 154 138 155 162 109 150 126 115 116 125 127 143 131 157 147 132 134 112 166 119 124 133 135 167 163 104 106 169 160 165 148 174 183 185 144
670
802
954
465 483 434 404 466 487 480 420 473 486 476 479 441 419 431 445 414 460 474 422 426 478 482 425 448 470 457 428 491 405 494 403 498 416 415 499 489 456 433 430 437 464 475 485 439 468 435 424 442 490 427 401 459
586 589 596 594 540 554 578 525 516 534 570 563 537 530 595 560 517 549 511 556 590 566 542 544 532 599 512 505 569 508 571 543 545 593 531 529 506 557 518 580 509 584 577 582 559 588 579 536 574 591 521
8
381 359 388 334 394 369 330 360 392 366 307 339 346 327 386 324 398 341 396 354 351 367 342 332 343 393 340 361 353 363 318 336 356 323 345 350 379 338 317 390 389 326 375 314 357
994
941
264
548
665
71
17
703
709
651
950
803
895
736 773 774 704 732 717 772 776 744 731 753 781 769 720 791 728 768 740 784 761 767 721 701 739 735 749 783 756 755 722 715 712 743 799 765 760 786 788 702 782 787 762
206
128
915
469
313
922
33
666 697 671 698 620 699 684 636 678 661 681 649 631 640 628 662 663 692 638 668 632 658 622 614 635 669 667 659 643 615 601 674 691 637 629 660 677 633 695
676
708
322
833
285
612
90
801
152
223
747
111
564
56
230
319
932
611
139
347
719
202
421
832
377
679
51
503
418
694
865
793
355
39
304
151
471
656
123
295
231
689
812
146
168
458
957
384
507
562
497
621
239
515
810
100
444
970
867
91
52
248
619
254
1
987
585
710
918
129
587
145
180
552
565
724
286
287
831
700
685
268
706
716
368
391
916
597
680
159
726
504
436
488
648
770
863
827
108
583
274
653
764
693
860
86
808
838
711
933
745
777
999
370
142
893
196
260
240
520
608
216
790
857
980
172
429
137
947
397
35
814
259
83
609
748
320
854
107
30
639
683
308
212
226
477
279
514
164
16
193
47
265
613
602
190
461
70
371
122
797
955
306
11
209
573
34
158
759
197
215
568
348
864
191
550
754
750
819
362
53
399
383
547
186
255
6
937
325
290
737
581
951
198
84
60
5
664
378
707
528
551
65
935
634
792
78
998
690
967
276
117
527
688
841
41
502
604
909
241
522
463
270
352
501
13
412
952
156
233
923
182
618
432
519
214
45
870
243
696
413
493
847
896
990
407
555
181
953
539
19
451
513
59
789
723
58
257
942
859
900
372
730
840
713
376
575
558
400
297
244
533
450
510
440
535
626
876
946
331
997
387
600
408
335
624
927
652
94
976
798
121
77
411
188
10
443
85
843
267
68
969
328
175
201
546
945
977
603
170
69
409
500
655
455
130
447
598
616
452
495
779
991
741
617
315
31
718
344
623
89
572
526
576
992
333
492
907
966
187
220
228
373
271
654
727
644
842
309
402
118
43
446
607
385
305
105
358
453
523
136
261
538
311
192
785
263
48
758
423
44
213
928
766
80
771
850
905
103
673
686
627
449
294
733
641
961
102
382
28
606
410
310
484
561
218
888
687
251
234
821
273
861
349
472
825
877
780
914
824
462
993
23
269
625
140
179
184
97
247
725
67
650
904
910
364
316
54
374
807
96
93
541
605
729
742
496
682
763
879
567
524
752
303
775
113
300
380
630
176
37
963
177
289
178
417
199
862
292
553
642
917
816
834
454
943
751
856
795
296
301
646
120
312
794
672
337
101
738
283
406
61
705
645
757
815
886
811
675
232
42
778
647
835
592
714
211
64
365
189
153
610
855
881
224
948
321
481
869
467
800
62
88
395
657
302
329
925
194
978
734
975
15
171
796