973
18 4 82 72 57 99 87 7 98 49 20 29 2 25 9 81 55 0 40 26 95 76 38 75 92 74 79 46 24 63 22 14 50 27 73 3 36 66 21 32 12
114
438
110
823 844 828 887 884 846 822 858 890 829 874 836 866 897 852 820 898 882 845 883 892 853 880 875 837 809 885 817 830 891 872 839 849 818 851 899 826 848 868 894 889 878 871 805 806 813
873
938 964 934 979 908 902 929 971 913 974 926 972 956 912 965 981 944 901 996 939 931 959 984 958 985 949 921 903 995 982 930 968 936 960 906 919 924 920 986 988 983 940 911 962 989
235 237 217 299 277 266 291 278 219 203 238 272 284 221 205 281 256 253 262 245 204 288 242 293 298 275 210 225 200 207 229 246 258 280 282 227 250 236 252 208 222 249
149
746
155 195 131 134 132 125 173 115 185 183 165 126 160 148 141 104 106 143 127 112 169 109 116 162 150 138 144 167 157 163 133 135 174 161 124 147 166 119 154
670
802
954
486 419 480 425 420 499 479 487 485 442 465 435 430 416 460 403 431 478 483 489 490 426 470 404 457 428 464 482 475 468 433 414 439 424 445 422 456 498 474 401 448 434 473 491 437 405 427 459 476 441 466 415 494
540 534 596 593 570 588 586 569 521 518 545 559 530 580 512 543 582 506 525 574 505 556 560 537 532 577 579 589 594 557 508 563 516 566 511 542 529 584 536 578 544 599 517 554 595 531 591 509 571 549 590
8
359 390 357 351 350 336 345 339 342 354 367 392 389 393 307 394 388 398 386 334 369 340 353 360 318 330 375 361 341 343 324 332 317 314 338 379 326 346 381 363 366 356 327 396 323
994
941
264
548
665
71
17
703
709
651
950
803
895
712 731 736 783 721 791 782 767 702 773 765 761 776 715 786 704 720 762 753 784 735 749 772 781 769 755 774 739 787 701 768 799 728 744 740 756 743 722 760 788 732 717
206
128
915
469
313
922
33
666 668 671 636 620 601 661 699 698 663 695 662 628 640 637 681 622 635 643 659 691 660 633 614 677 692 678 697 658 667 674 629 684 615 649 638 631 632 669
676
708
322
833
285
612
90
801
152
223
747
111
564
56
230
319
932
611
139
347
719
202
421
832
377
679
51
503
418
694
865
793
355
39
304
151
471
656
123
295
231
689
812
146
168
458
957
384
507
562
497
621
239
515
810
100
444
970
867
91
52
248
619
254
1
987
585
710
918
129
587
145
180
552
565
724
286
287
831
700
685
268
706
716
368
391
916
597
680
159
726
504
436
488
648
770
863
827
108
583
274
653
764
693
860
86
808
838
711
933
745
777
999
370
142
893
196
260
240
520
608
216
790
857
980
172
429
137
947
397
35
814
259
83
609
748
320
854
107
30
639
683
308
212
226
477
279
514
164
16
193
47
265
613
602
190
461
70
371
122
797
955
306
11
209
573
34
158
759
197
215
568
348
864
191
550
754
750
819
362
53
399
383
547
186
255
6
937
325
290
737
581
951
198
84
60
5
664
378
707
528
551
65
935
634
792
78
998
690
967
276
117
527
688
841
41
502
604
909
241
522
463
270
352
501
13
412
952
156
233
923
182
618
432
519
214
45
870
243
696
413
493
847
896
990
407
555
181
953
539
19
451
513
59
789
723
58
257
942
859
900
372
730
840
713
376
575
558
400
297
244
533
450
510
440
535
626
876
946
331
997
387
600
408
335
624
927
652
94
976
798
121
77
411
188
10
443
85
843
267
68
969
328
175
201
546
945
977
603
170
69
409
500
655
455
130
447
598
616
452
495
779
991
741
617
315
31
718
344
623
89
572
526
576
992
333
804
492
907
966
187
220
228
373
271
654
727
644
842
309
402
118
43
446
607
385
305
105
358
453
523
136
261
538
311
192
785
263
48
758
423
44
213
928
766
80
771
850
905
103
673
686
627
449
294
733
641
961
102
382
28
606
410
310
484
561
218
888
687
251
234
821
273
861
349
472
825
877
780
914
824
462
993
23
269
625
140
179
184
97
247
725
67
650
904
910
364
316
54
374
807
96
93
541
605
729
742
496
682
763
879
567
524
752
303
775
113
300
380
630
176
37
963
177
289
178
417
199
862
292
553
642
917
816
834
454
943
751
856
795
296
301
646
120
312
794
672
337
101
738
283
406
61
705
645
757
815
886
811
675
232
42
778
647
835
592
714
211
64
365
189
153
610
855
881
224
948
321
481
869
467
800
62
88
395
657
302
329
925
194
978
734
975
15
171
796