973
82 20 74 73 9 21 22 76 18 72 29 87 26 27 57 3 7 50 55 0 38 14 92 25 40 4 81 99 79 24 36 75 2 63 12 95 98 32 66 46 49
114
438
110
880 820 839 805 830 892 836 887 889 866 894 809 848 868 890 851 813 872 837 898 822 882 806 853 845 823 871 818 891 884 883 875 849 878 846 858 874 817 829 897 852 844 826 828 885
873
964 965 938 930 902 940 920 986 936 912 949 983 944 931 971 956 934 984 982 921 960 901 908 939 919 968 996 979 958 926 988 995 911 924 974 906 913 981 985 959 989 962 929 972 903
298 221 246 258 299 288 249 275 256 219 237 252 250 242 284 253 208 238 281 207 222 282 278 293 266 205 277 262 217 272 280 200 291 229 235 203 210 225 204 236 227 245
149
746
138 174 104 131 148 106 132 112 119 185 183 154 169 163 135 143 125 141 167 162 166 109 124 160 133 173 127 147 134 150 144 157 195 165 116 161 155 115 126
670
802
954
404 445 464 482 470 480 478 474 414 465 486 498 427 426 460 494 425 415 435 419 456 457 420 475 459 433 483 490 439 487 416 499 485 468 422 405 473 403 428 430 479 442 476 448 401 434 441 437 491 489 466 424 431
536 543 588 578 591 509 511 594 563 505 570 560 569 577 556 582 530 599 557 537 595 593 584 545 532 525 586 566 540 596 590 574 534 579 518 516 554 549 508 512 580 506 517 571 544 589 559 531 542 521 529
8
360 389 323 388 363 340 379 367 369 381 393 359 342 336 353 386 341 334 390 314 324 339 366 392 332 343 375 357 398 361 356 354 318 351 326 346 338 345 327 317 307 394 350 396 330
994
941
264
548
665
71
17
703
709
651
950
803
895
753 791 721 767 788 772 722 765 769 781 701 783 760 728 773 749 731 735 744 755 762 784 704 756 740 712 736 782 715 743 776 720 774 761 702 787 786 768 717 799 732 739
206
128
915
469
313
922
33
614 649 622 635 637 678 659 620 674 692 691 638 663 633 661 667 684 632 660 640 658 628 668 629 601 669 677 699 697 695 671 681 631 662 666 643 615 636 698
676
708
322
833
285
612
90
801
152
223
747
111
564
56
230
319
932
611
139
347
719
202
421
832
377
679
51
503
418
694
865
793
355
39
304
151
471
656
123
295
231
689
812
146
168
458
957
384
507
562
497
621
239
515
810
100
444
970
867
91
52
248
619
254
1
987
585
710
918
129
587
145
180
552
565
724
286
287
831
700
685
268
706
716
368
391
916
597
680
159
726
504
436
488
648
770
863
827
108
583
274
653
764
693
860
86
808
838
711
933
745
777
999
370
142
893
196
260
240
520
608
216
790
857
980
172
429
137
947
397
35
814
259
83
609
748
320
854
107
30
639
683
308
212
226
477
279
514
164
16
193
47
265
613
602
190
461
70
371
122
797
955
306
11
209
573
34
158
759
197
215
568
348
864
191
550
754
750
819
362
53
399
383
547
186
255
6
937
325
290
737
581
951
198
84
60
5
664
378
707
528
551
65
935
634
792
78
998
690
967
276
117
527
688
841
41
502
604
909
241
522
463
270
352
501
13
412
952
156
233
923
182
618
432
519
214
45
870
243
696
413
493
847
896
990
407
555
181
953
539
19
451
513
59
789
723
58
257
942
859
900
372
730
840
713
376
575
558
400
297
244
533
450
510
440
535
626
876
946
331
997
387
600
408
335
624
927
652
94
976
798
121
77
411
188
10
443
85
843
267
68
969
328
175
201
546
945
977
603
170
69
409
500
655
455
130
447
598
616
452
495
779
991
741
617
315
31
718
344
623
89
572
526
576
992
333
804
492
907
966
187
220
228
373
271
654
727
644
842
309
402
118
43
446
607
385
305
105
358
453
523
136
261
538
311
192
899
785
263
48
758
423
44
213
928
766
80
771
850
905
103
673
686
627
449
294
733
641
961
102
382
28
606
410
310
484
561
218
888
687
251
234
821
273
861
349
472
825
877
780
914
824
462
993
23
269
625
140
179
184
97
247
725
67
650
904
910
364
316
54
374
807
96
93
541
605
729
742
496
682
763
879
567
524
752
303
775
113
300
380
630
176
37
963
177
289
178
417
199
862
292
553
642
917
816
834
454
943
751
856
795
296
301
646
120
312
794
672
337
101
738
283
406
61
705
645
757
815
886
811
675
232
42
778
647
835
592
714
211
64
365
189
153
610
855
881
224
948
321
481
869
467
800
62
88
395
657
302
329
925
194
978
734
975
15
171
796