996 912 994 905 980 922 958 997 953 931 939 989 924 919 985 913 909 944 972 930 928 969 914 901 915 920 965 907 942 967 934 955 903 960 998 904 971 966 986 932 916 983 988 959 946 938 978 945 943 927 952 984 950 947 902 921 937 962 917 973 941 964 979 956 976 940 981 995 991 918 906 963 999 911 977 908 961 926 992 929 951 974 949 982 987 925 954 990 968 923 936 975 935 993 910
6 10 66 53 19 26 64 35 49 71 86 20 18 52 0 79 12 90 99 14 4 38 25 81 45 22 97 3 87 62 69 48 77 68 94 95 27 85 61 75 36 72 47 88 44 29 13 21 8 46 9 11 50 65 73 56 23 28 91 59 33 17 37 31 83 34 42 58 84 54 74 89 98 57 32 2 40 43 24 76 96 60 51 92 63 67 39 55 16 30 78 7 15 82 41 80
150 157 160 169 116 134 144 120 137 130 197 152 115 148 141 140 118 153 154 177 112 138 182 124 170 181 109 142 178 186 132 163 161 139 125 196 104 111 136 193 198 133 149 121 156 171 117 147 122 194 103 126 172 131 127 185 184 135 199 168 195 110 176 174 180 188 119 114 146 123 108 102 165 179 145 173 128 183 106 164 143 190 155 166 192 105 113 187 175 162 167
469 458 406 442 403 465 414 448 482 439 459 433 491 438 494 417 484 408 464 479 483 468 499 461 410 427 455 485 489 481 431 445 416 415 419 422 495 498 490 409 470 444 404 446 420 411 451 454 478 457 463 475 474 473 472 450 413 436 429 480 476 405 477 496 423 412 443 449 428 407 402 497 437 493 435 466 492 440 453 426 430 424 434 467 487 432 447 441 488 401 471 452 460 462 456 486 425
868 833 842 838 846 830 879 803 843 806 886 844 884 892 811 893 878 852 828 841 827 899 815 860 826 820 875 817 881 847 889 849 877 867 845 880 885 890 809 812 874 813 863 866 808 822 825 859 854 876 837 804 800 873 858 895 896 857 834 836 814 891 819 829 897 861 865 869 882 824 853 816 864 810 821 831 805 894 898 839 871 855 888 848 883 862 818 851 887 832 823 872 840 850 835 870 807
293 250 251 202 291 286 200 283 253 275 270 284 241 210 220 225 281 299 261 272 297 243 277 263 254 273 238 239 295 233 257 256 207 203 265 208 247 216 242 231 262 218 224 298 244 268 217 274 296 280 240 209 213 232 279 212 282 236 288 259 276 229 219 245 269 230 246 237 228 227 258 285 211 234 287 248 206 221 267 292 289 223 255 226 252 264 235 214 266 204 205 278 294 249 290 222
761 731 788 704 759 771 772 799 728 705 794 714 752 755 709 716 725 781 720 712 723 708 744 778 742 747 741 754 719 707 715 724 732 767 749 730 751 782 710 791 783 711 787 776 779 773 780 786 765 733 766 713 729 722 763 739 757 769 737 756 775 790 743 701 748 738 758 740 777 770 796 764 785 774 735 760 734 703 762 717 798 746 745 718 793 750 797 736 702 795 753 768 784 792 721
679 667 692 687 653 627 671 639 691 663 664 641 662 640 634 646 616 612 644 672 670 628 609 638 655 666 698 682 680 604 693 668 652 696 617 697 651 688 690 676 632 605 614 633 657 626 622 637 615 669 601 645 630 659 674 608 678 689 636 648 650 699 649 683 685 629 658 618 654 695 656 642 665 673 620 624 625 661 660 694 621 607 602 635 603 686 611 675 647 684 681 677 613 631 643
802
581 599 518 541 504 550 534 568 558 589 573 529 597 557 576 552 553 507 502 513 521 533 503 528 535 580 508 532 522 584 598 530 516 520 591 567 512 543 577 524 505 542 538 582 509 585 570 545 554 561 546 547 506 574 517 526 587 531 549 540 519 564 539 501 565 578 566 595 588 590 569 575 593 514 544 511 586 555 556 527 563 537 510 562 596 579 551 515 571 536 583 525 559 523 594 560
372 357 302 377 329 337 322 369 356 347 343 384 345 324 371 385 397 388 342 359 399 332 306 348 354 315 360 311 367 349 386 340 320 387 379 300 364 395 328 323 346 381 383 358 338 363 317 362 314 378 312 327 353 310 350 365 333 394 396 344 393 355 339 361 309 325 318 305 382 389 375 352 366 313 330 303 307 335 304 308 319 336 321 334 331 380 341 370 351 326 376 391 368 392 390 398
548
801
421
418
151
957
100
970
619
1
129
700
706
159
726
933
260
107
70
158
215
191
5
789
900
400
600
201
500
623
572
373
271
727
606
316
374
93
856
301
101
592
189
610
948