973
63 81 95 40 99 38 7 32 14 3 98 9 18 25 4 72 12 79 21 50 49 87 74 57 36 0 22 29 73 66 92 24 76 2 46 55 20 26 27 82 75
114
438
110
826 871 830 892 894 839 823 844 845 805 898 880 887 868 874 885 818 852 836 829 882 858 806 875 890 813 809 837 897 853 848 828 849 891 866 878 851 846 883 872 822 889 817 820 884
873
931 984 908 964 986 962 920 965 913 972 981 911 939 996 968 938 902 921 936 912 906 982 924 919 989 959 983 985 995 940 971 944 974 903 929 988 979 930 949 956 958 934 960 926 901
253 245 281 236 278 200 227 207 221 249 284 217 242 235 266 277 298 280 293 262 272 246 225 237 258 252 203 204 288 238 229 282 208 275 256 291 222 299 250 219 205 210
149
746
148 150 147 116 165 134 163 185 106 155 109 173 126 144 174 104 183 161 119 162 154 195 115 135 157 125 141 131 167 112 133 166 132 160 124 138 127 143 169
670
802
954
437 479 433 464 403 445 414 420 405 431 448 498 401 465 482 441 475 478 490 491 485 422 489 442 427 457 483 468 428 460 466 416 415 426 456 434 404 425 470 473 487 435 424 419 430 459 494 486 480 474 499 476 439
536 540 554 508 529 534 584 545 589 571 530 559 556 544 593 570 590 542 599 566 516 557 595 509 537 518 549 588 512 525 579 543 569 517 578 574 505 586 596 591 560 582 511 531 580 521 594 506 577 532 563
8
398 354 390 307 332 339 338 341 367 350 396 345 369 359 342 388 346 324 343 366 334 330 360 394 351 327 363 381 389 340 379 323 317 353 356 357 393 318 314 375 326 392 361
994
941
264
548
665
71
17
703
709
651
950
803
895
786 732 760 715 762 731 769 735 799 728 772 744 767 791 701 776 736 783 740 788 721 717 749 722 761 702 765 720 704 782 768 784 743 753 755 774 781 739 712 756 773 787
206
128
915
469
313
922
33
386
674 666 636 622 662 629 628 660 691 671 668 663 637 643 699 661 638 669 677 659 684 667 692 601 615 631 658 649 614 633 632 697 620 635 698 681 640 695 678
676
708
322
833
285
612
90
801
152
223
747
111
564
56
230
319
932
611
139
347
719
202
421
832
377
679
51
503
418
694
865
336
793
355
39
304
151
471
656
123
295
231
689
812
146
168
458
957
384
507
562
497
621
239
515
810
100
444
970
867
91
52
248
619
254
1
987
585
710
918
129
587
145
180
552
565
724
286
287
831
700
685
268
706
716
368
391
916
597
680
159
726
504
436
488
648
770
863
827
108
583
274
653
764
693
860
86
808
838
711
933
745
777
999
370
142
893
196
260
240
520
608
216
790
857
980
172
429
137
947
397
35
814
259
83
609
748
320
854
107
30
639
683
308
212
226
477
279
514
164
16
193
47
265
613
602
190
461
70
371
122
797
955
306
11
209
573
34
158
759
197
215
568
348
864
191
550
754
750
819
362
53
399
383
547
186
255
6
937
325
290
737
581
951
198
84
60
5
664
378
707
528
551
65
935
634
792
78
998
690
967
276
117
527
688
841
41
502
604
909
241
522
463
270
352
501
13
412
952
156
233
923
182
618
432
519
214
45
870
243
696
413
493
847
896
990
407
555
181
953
539
19
451
513
59
789
723
58
257
942
859
900
372
730
840
713
376
575
558
400
297
244
533
450
510
440
535
626
876
946
331
997
387
600
408
335
624
927
652
94
976
798
121
77
411
188
10
443
85
843
267
68
969
328
175
201
546
945
977
603
170
69
409
500
655
455
130
447
598
616
452
495
779
991
741
617
315
31
718
344
623
89
572
526
576
992
333
804
492
907
966
187
220
228
373
271
654
727
644
842
309
402
118
43
446
607
385
305
105
358
453
523
136
261
538
311
192
899
785
263
48
758
423
44
213
928
766
80
771
850
905
103
673
686
627
449
294
733
641
961
102
382
28
606
410
310
484
561
218
888
687
251
234
821
273
861
349
472
825
877
780
914
824
462
993
23
269
625
140
179
184
97
247
725
67
650
904
910
364
316
54
374
807
96
93
541
605
729
742
496
682
763
879
567
524
752
303
775
113
300
380
630
176
37
963
177
289
178
417
199
862
292
553
642
917
816
834
454
943
751
856
795
296
301
646
120
312
794
672
337
101
738
283
406
61
705
645
757
815
886
811
675
232
42
778
647
835
592
714
211
64
365
189
153
610
855
881
224
948
321
481
869
467
800
62
88
395
657
302
329
925
194
978
734
975
15
171
796