973
24 29 26 38 50 40 49 55 2 21 73 99 3 72 18 75 46 9 66 32 57 22 92 82 98 36 74 12 79 20 4 27 81 76 25 0 95 7 87 63 14
114
438
110
858 897 894 849 882 836 887 805 883 845 830 813 809 890 884 853 818 822 826 868 844 885 848 846 851 829 839 820 817 880 823 891 875 872 892 866 878 874 871 852 898 889 837 806 828
873
903 984 960 988 913 965 979 908 902 931 964 912 906 995 989 939 985 924 921 982 911 938 930 929 983 974 919 996 949 962 959 934 958 940 986 936 971 944 968 972 901 926 920 956 981
205 277 288 236 242 238 299 275 284 282 298 225 235 237 253 210 280 272 204 266 281 291 262 278 252 245 249 208 229 200 222 221 293 250 256 227 217 258 219 203 246 207
149
746
165 162 119 138 150 106 154 132 173 115 155 127 166 174 160 141 116 167 144 147 195 143 133 183 109 185 169 161 135 125 148 163 134 104 131 126 124 157 112
670
802
954
420 422 445 457 486 470 405 479 456 498 437 465 415 441 460 491 475 431 487 478 442 414 404 433 483 474 401 476 494 499 425 439 490 403 482 459 435 419 464 489 473 468 480 448 427 428 466 485 430 426 424 434
593 586 566 534 569 536 518 540 544 506 525 537 588 543 556 580 570 530 594 542 589 549 591 545 596 532 563 516 595 560 559 557 582 578 571 554 529 508 531 512 579 574 521 599 517 584 590 509 577 511 505
8
379 307 394 342 340 339 343 317 346 388 367 375 398 341 345 326 389 369 357 314 361 318 393 396 356 353 323 330 338 324 332 381 359 366 351 363 350 327 354 392 390 360 334
994
941
264
548
665
71
17
703
709
651
950
803
895
740 787 762 731 774 772 721 736 788 732 768 701 786 783 744 761 760 791 799 773 749 776 717 702 720 715 722 735 753 782 767 755 739 712 765 756 728 743 784 769 781 704
206
128
915
469
313
922
33
386
636 697 659 699 671 601 628 669 631 668 666 640 622 678 677 633 632 620 615 649 643 658 638 695 637 667 674 629 662 681 614 660 692 663 635 691 698 684 661
676
708
322
833
285
612
90
801
152
223
747
111
564
56
230
319
932
611
139
347
719
202
421
832
377
679
51
503
418
694
865
336
793
355
39
304
151
471
656
123
295
231
689
812
146
168
458
957
384
507
562
497
621
239
515
810
100
444
970
867
91
52
248
619
254
1
987
585
710
918
129
587
145
180
552
565
724
286
287
831
700
685
268
706
716
368
391
916
597
680
159
726
504
436
488
648
770
863
827
108
583
274
653
764
693
860
86
808
838
711
933
745
777
999
370
142
893
196
260
240
520
608
216
790
857
980
172
429
137
947
397
35
814
259
83
609
748
320
854
107
30
639
683
308
212
226
477
279
514
164
16
193
47
265
613
602
190
461
70
371
122
797
955
306
11
209
573
34
158
759
197
215
568
348
864
191
550
754
750
819
362
53
399
383
547
186
255
6
937
325
290
737
581
951
198
84
60
5
664
378
707
528
551
65
935
634
792
78
998
690
967
276
117
527
688
841
41
502
604
909
241
522
463
270
352
501
13
412
952
156
233
923
182
618
432
519
214
45
870
243
696
413
493
847
896
990
407
555
181
953
539
19
451
513
59
789
723
58
257
942
859
900
372
730
840
713
376
575
558
400
297
244
533
450
510
440
535
626
876
946
331
997
387
600
408
335
624
927
652
94
976
798
121
77
411
188
10
443
85
843
267
68
969
328
175
201
546
945
977
603
170
69
409
500
655
416
455
130
447
598
616
452
495
779
991
741
617
315
31
718
344
623
89
572
526
576
992
333
804
492
907
966
187
220
228
373
271
654
727
644
842
309
402
118
43
446
607
385
305
105
358
453
523
136
261
538
311
192
899
785
263
48
758
423
44
213
928
766
80
771
850
905
103
673
686
627
449
294
733
641
961
102
382
28
606
410
310
484
561
218
888
687
251
234
821
273
861
349
472
825
877
780
914
824
462
993
23
269
625
140
179
184
97
247
725
67
650
904
910
364
316
54
374
807
96
93
541
605
729
742
496
682
763
879
567
524
752
303
775
113
300
380
630
176
37
963
177
289
178
417
199
862
292
553
642
917
816
834
454
943
751
856
795
296
301
646
120
312
794
672
337
101
738
283
406
61
705
645
757
815
886
811
675
232
42
778
647
835
592
714
211
64
365
189
153
610
855
881
224
948
321
481
869
467
800
62
88
395
657
302
329
925
194
978
734
975
15
171
796