973
29 87 66 22 92 63 20 38 73 74 99 72 75 7 98 49 24 36 55 76 12 27 50 95 14 4 9 18 40 25 57 2 79 32 82 46 0 26 81 21 3
114
438
110
851 818 823 828 852 866 839 817 868 897 820 878 853 805 882 858 846 845 887 829 898 844 894 872 836 891 826 813 880 822 875 849 809 889 871 874 837 848 890 883 806 885 884 830 892
873
981 986 913 930 983 988 949 939 995 938 996 965 902 903 985 972 944 940 959 960 921 919 982 924 962 968 906 956 989 958 964 934 984 911 912 920 929 974 926 936 908 901 971 931 979
262 245 282 249 250 277 272 200 284 256 207 280 222 246 221 208 258 275 236 204 229 235 252 266 203 281 298 242 227 217 237 288 225 219 299 253 293 210 291 278 205 238
149
746
138 106 143 131 166 133 173 174 183 165 132 141 169 144 185 163 148 109 119 160 127 134 162 155 126 167 104 150 147 135 124 161 112 115 125 116 157 195 154
670
802
954
489 494 473 490 470 478 464 466 431 435 491 476 498 486 468 457 437 427 479 460 475 426 405 499 422 414 415 401 424 419 420 483 474 434 459 441 448 428 465 430 456 480 439 485 482 487 445 425 403 404 433 442
549 590 542 532 534 529 511 594 596 580 531 591 545 563 578 530 525 599 588 570 512 544 557 577 566 584 579 543 560 509 593 506 571 536 595 586 540 537 569 582 574 556 505 521 554 518 517 516 559 589 508
8
353 324 357 359 323 381 326 341 354 334 390 396 345 389 307 314 346 363 398 343 318 375 393 332 339 350 369 327 338 330 342 367 360 361 356 392 366 340 317 388 379 394 351
994
941
264
548
665
71
17
703
709
651
950
803
895
702 774 712 776 743 755 767 772 735 756 749 783 740 765 773 791 782 760 744 768 788 731 762 717 799 753 761 720 715 784 722 781 701 732 736 769 786 704 739 728 787 721
206
128
915
469
313
922
33
386
668
676
708
322
833
285
612
678 637 660 671 620 631 677 628 635 633 662 658 661 692 643 615 666 667 629 691 663 638 669 698 684 632 674 695 699 601 649 697 614 622 636 659 681 640
90
801
152
223
747
111
564
56
230
319
932
611
139
347
719
202
421
832
377
679
51
503
418
694
865
336
793
355
39
304
151
471
656
123
295
231
689
812
146
168
458
957
384
507
562
497
621
239
515
810
100
444
970
867
91
52
248
619
254
1
987
585
710
918
129
587
145
180
552
565
724
286
287
831
700
685
268
706
716
368
391
916
597
680
159
726
504
436
488
648
770
863
827
108
583
274
653
764
693
860
86
808
838
711
933
745
777
999
370
142
893
196
260
240
520
608
216
790
857
980
172
429
137
947
397
35
814
259
83
609
748
320
854
107
30
639
683
308
212
226
477
279
514
164
16
193
47
265
613
602
190
461
70
371
122
797
955
306
11
209
573
34
158
759
197
215
568
348
864
191
550
754
750
819
362
53
399
383
547
186
255
6
937
325
290
737
581
951
198
84
60
5
664
378
707
528
551
65
935
634
792
78
998
690
967
276
117
527
688
841
41
502
604
909
241
522
463
270
352
501
13
412
952
156
233
923
182
618
432
519
214
45
870
243
696
413
493
847
896
990
407
555
181
953
539
19
451
513
59
789
723
58
257
942
859
900
372
730
840
713
376
575
558
400
297
244
533
450
510
440
535
626
876
946
331
997
387
600
408
335
624
927
652
94
976
798
121
77
411
188
10
443
85
843
267
68
969
328
175
201
546
945
977
603
170
69
409
500
655
416
455
130
447
598
616
452
495
779
991
741
617
315
31
718
344
623
89
572
526
576
992
333
804
492
907
966
187
220
228
373
271
654
727
644
842
309
402
118
43
446
607
385
305
105
358
453
523
136
261
538
311
192
899
785
263
48
758
423
44
213
928
766
80
771
850
905
103
673
686
627
449
294
733
641
961
102
382
28
606
410
310
484
561
218
888
687
251
234
821
273
861
349
472
825
877
780
914
824
462
993
23
269
625
140
179
184
97
247
725
67
650
904
910
364
316
54
374
807
96
93
541
605
729
742
496
682
763
879
567
524
752
303
775
113
300
380
630
176
37
963
177
289
178
417
199
862
292
553
642
917
816
834
454
943
751
856
795
296
301
646
120
312
794
672
337
101
738
283
406
61
705
645
757
815
886
811
675
232
42
778
647
835
592
714
211
64
365
189
153
610
855
881
224
948
321
481
869
467
800
62
88
395
657
302
329
925
194
978
734
975
15
171
796