973
50 2 21 27 46 26 24 92 18 63 79 57 0 74 20 55 22 82 9 36 73 12 7 25 14 32 38 3 72 81 40 4 76 87 95 29 66 75 99 98 49
114
438
110
878 848 820 871 844 839 885 872 813 845 866 822 805 837 894 884 868 887 846 892 889 806 828 897 891 836 882 898 883 880 890 818 874 829 849 817 823 809 851 830 852 826 858 875 853
873
959 939 911 968 929 988 924 940 995 949 920 919 971 934 903 912 944 962 958 901 989 985 960 936 996 974 926 913 938 902 906 921 986 930 983 984 979 981 982 964 931 956 972 965 908
258 250 278 277 237 298 252 236 219 203 256 249 225 222 272 238 235 299 284 200 227 245 280 275 207 205 281 253 229 291 246 210 217 208 266 282 221 242 204 288 262 293
149
746
124 126 155 109 106 147 154 125 138 169 148 134 183 185 133 132 104 166 195 173 160 165 157 174 115 119 161 167 112 135 162 144 141 150 143 163 116 127 131
670
802
954
401 468 404 403 491 420 428 490 483 499 480 435 424 441 474 442 456 415 425 430 494 465 475 486 482 464 473 433 422 414 485 439 479 419 487 459 457 431 437 489 478 426 434 498 460 405 466 470 476 427 445 448
584 595 590 571 532 516 579 577 512 531 511 588 540 569 525 530 580 589 517 559 509 549 505 554 508 542 596 529 543 560 566 556 594 593 518 545 537 570 536 521 591 574 586 563 544 534 506 582 578 599 557
8
327 396 339 340 379 359 324 318 323 393 361 381 334 369 346 332 394 367 350 390 338 317 353 388 341 314 307 345 360 366 354 343 392 363 356 330 357 389 375 326 342 351 398
994
941
264
548
665
71
17
703
709
651
950
803
895
721 755 704 769 784 776 722 739 712 772 720 736 783 702 731 782 760 744 732 781 788 786 743 773 717 762 787 767 715 756 749 768 740 761 774 735 701 799 765 728 791
206
128
915
469
313
922
33
386
668
676
708
322
833
285
612
615 660 692 677 643 632 658 681 662 666 697 667 684 601 659 640 629 636 663 628 622 620 614 631 633 678 661 637 674 669 671 649 698 691 695 635 699 638
90
801
152
223
747
111
564
56
230
319
932
611
139
347
719
202
421
832
377
679
51
503
418
694
865
336
793
355
39
304
151
471
656
123
295
231
689
812
146
168
458
957
384
507
562
497
621
239
515
810
100
444
970
867
91
52
248
619
254
1
987
585
710
918
129
587
145
180
552
565
724
286
287
831
700
685
268
706
716
368
391
916
597
680
159
726
504
436
488
648
770
863
827
108
583
274
653
764
693
860
86
808
838
711
933
745
777
999
370
142
893
196
260
240
520
608
216
790
857
980
172
429
137
947
397
35
814
259
83
609
748
320
854
107
30
639
683
308
212
226
477
279
514
164
16
193
47
265
613
602
190
461
70
371
122
797
955
306
11
209
573
34
158
759
197
215
568
348
864
191
550
754
750
819
362
53
399
383
547
186
255
6
937
325
290
737
581
951
198
84
60
5
664
378
707
528
551
65
935
634
792
78
998
690
967
276
117
527
688
841
41
502
604
909
241
522
463
270
352
501
13
412
952
156
233
923
182
618
432
519
214
45
870
243
696
413
493
847
896
990
407
555
181
953
539
19
451
513
59
789
723
58
257
942
859
900
372
730
840
713
376
575
558
400
297
244
533
450
510
440
535
626
876
946
331
997
387
600
408
335
624
927
652
94
976
798
121
77
411
188
10
443
85
843
267
68
969
328
175
201
546
945
977
603
170
69
409
500
655
416
455
130
447
598
616
452
495
779
991
741
617
315
31
718
344
623
89
572
526
576
992
333
804
492
907
966
187
753
220
228
373
271
654
727
644
842
309
402
118
43
446
607
385
305
105
358
453
523
136
261
538
311
192
899
785
263
48
758
423
44
213
928
766
80
771
850
905
103
673
686
627
449
294
733
641
961
102
382
28
606
410
310
484
561
218
888
687
251
234
821
273
861
349
472
825
877
780
914
824
462
993
23
269
625
140
179
184
97
247
725
67
650
904
910
364
316
54
374
807
96
93
541
605
729
742
496
682
763
879
567
524
752
303
775
113
300
380
630
176
37
963
177
289
178
417
199
862
292
553
642
917
816
834
454
943
751
856
795
296
301
646
120
312
794
672
337
101
738
283
406
61
705
645
757
815
886
811
675
232
42
778
647
835
592
714
211
64
365
189
153
610
855
881
224
948
321
481
869
467
800
62
88
395
657
302
329
925
194
978
734
975
15
171
796