973
95 74 87 82 75 73 55 76 66 32 20 92 63 26 14 7 38 98 12 40 50 72 0 3 99 4 46 57 9 27 22 21 79 24 49 36 81 18 2 25 29
114
438
110
866 883 844 852 818 830 828 836 813 823 868 858 851 849 837 809 887 878 805 894 884 874 829 848 846 882 806 872 885 889 871 898 880 897 892 839 820 890 826 853 845 891 822 875 817
873
971 972 974 958 919 960 995 985 903 939 981 944 938 906 984 936 901 988 979 913 929 911 930 968 902 983 924 931 962 956 912 940 964 996 989 965 921 908 986 982 949 920 926 959 934
275 217 245 225 238 252 222 253 280 256 284 258 210 221 219 249 205 262 229 207 293 200 236 246 272 277 281 235 204 242 278 288 299 227 250 208 237 282 266 298 203 291
149
746
155 106 116 154 160 174 112 126 133 104 135 138 144 124 143 165 148 127 150 183 173 185 109 169 147 125 161 134 119 131 141 162 195 166 163 115 132 167 157
670
802
954
442 435 468 498 482 494 405 401 483 465 478 420 474 456 439 431 427 425 424 479 414 473 466 475 499 437 480 476 464 434 419 485 426 445 433 457 489 490 441 491 404 415 428 460 486 487 403 470 430 422 448 459
571 516 540 545 569 506 531 556 599 591 521 554 570 518 584 559 530 566 505 536 534 593 578 549 595 563 542 560 594 512 574 532 557 596 577 508 529 588 544 589 509 517 586 580 525 590 537 511 543 579 582
8
357 342 389 330 350 339 356 396 359 307 398 343 393 390 375 334 346 353 354 351 323 317 338 327 388 379 360 392 366 318 394 326 314 345 369 324 332 381 361 367 341 363 340
994
941
264
548
665
71
17
703
709
651
950
803
895
787 772 749 791 768 717 704 765 735 736 715 786 701 760 728 756 767 702 743 781 774 739 721 732 722 799 773 744 776 720 762 783 755 731 712 761 740 784 788 782 769
206
128
915
469
313
922
33
386
668
676
708
322
833
285
612
699 671 663 666 667 698 678 628 633 692 629 660 697 640 649 635 695 637 632 601 681 643 636 659 615 669 661 684 622 662 658 674 691 677 631 614 620
90
801
152
223
747
111
564
56
230
319
932
611
139
347
719
202
421
832
377
679
51
503
418
694
865
336
793
355
39
304
151
471
656
123
295
231
689
812
146
168
458
957
384
507
562
497
621
239
515
810
100
444
970
867
91
52
248
619
254
1
987
585
710
918
129
587
145
180
552
565
724
286
287
831
700
685
268
706
716
368
391
916
597
680
159
726
504
436
488
648
770
863
827
108
583
274
653
764
693
860
86
808
838
711
933
745
777
999
370
142
893
196
260
240
520
608
216
790
857
980
172
429
137
947
397
35
814
259
83
609
748
320
854
107
30
639
683
308
212
226
477
279
514
164
16
193
47
265
613
602
190
461
70
371
122
797
955
306
11
209
573
34
158
759
197
215
568
348
864
191
550
754
750
819
362
53
399
383
547
186
255
6
937
325
290
737
581
951
198
84
60
5
664
378
707
528
551
65
935
634
792
78
998
690
967
276
117
527
688
841
41
502
604
909
241
522
463
270
352
501
13
412
952
156
233
923
182
618
432
519
214
45
870
243
696
413
493
847
896
990
407
555
181
953
539
19
451
513
59
789
723
58
257
942
859
900
372
730
840
713
376
575
558
400
297
244
533
450
510
638
440
535
626
876
946
331
997
387
600
408
335
624
927
652
94
976
798
121
77
411
188
10
443
85
843
267
68
969
328
175
201
546
945
977
603
170
69
409
500
655
416
455
130
447
598
616
452
495
779
991
741
617
315
31
718
344
623
89
572
526
576
992
333
804
492
907
966
187
753
220
228
373
271
654
727
644
842
309
402
118
43
446
607
385
305
105
358
453
523
136
261
538
311
192
899
785
263
48
758
423
44
213
928
766
80
771
850
905
103
673
686
627
449
294
733
641
961
102
382
28
606
410
310
484
561
218
888
687
251
234
821
273
861
349
472
825
877
780
914
824
462
993
23
269
625
140
179
184
97
247
725
67
650
904
910
364
316
54
374
807
96
93
541
605
729
742
496
682
763
879
567
524
752
303
775
113
300
380
630
176
37
963
177
289
178
417
199
862
292
553
642
917
816
834
454
943
751
856
795
296
301
646
120
312
794
672
337
101
738
283
406
61
705
645
757
815
886
811
675
232
42
778
647
835
592
714
211
64
365
189
153
610
855
881
224
948
321
481
869
467
800
62
88
395
657
302
329
925
194
978
734
975
15
171
796