973
29 50 74 4 20 98 14 25 75 12 2 0 38 55 76 26 9 81 46 3 21 36 27 32 73 92 63 79 22 99 40 95 57 72 49 66 87 18 24 82 7
114
438
110
889 849 897 805 848 891 887 806 813 898 868 892 852 882 817 866 853 836 839 851 871 858 884 894 830 837 890 828 880 820 846 823 829 818 809 878 872 844 883 885 826 874 822 875 845
873
958 949 956 996 906 912 913 965 926 964 984 959 920 981 960 989 931 988 903 911 962 986 901 934 924 919 930 929 971 921 968 979 944 995 908 972 936 985 938 974 902 939 940 983 982
277 205 249 237 210 246 256 222 200 236 207 299 262 298 275 280 217 253 235 221 229 204 238 284 219 291 208 282 203 288 225 281 266 227 272 258 293 252 242 250 245 278
149
746
109 112 126 160 119 155 132 147 131 125 134 141 157 116 143 106 148 104 150 127 174 138 144 154 135 169 166 162 133 161 183 173 167 115 124 165 195 185 163
670
802
954
441 426 405 487 482 448 486 431 415 437 442 460 470 422 494 490 474 485 430 476 480 420 499 414 456 489 479 445 425 473 419 466 428 498 468 478 427 404 457 434 491 475 403 401 483 459 433 464 439 465 435 424
554 591 571 588 525 530 577 511 529 508 543 578 505 589 517 537 542 560 534 593 531 518 594 582 549 509 580 556 584 532 512 521 586 557 563 536 596 599 574 540 545 516 569 559 544 595 590 570 579 506 566
8
324 363 390 356 323 353 327 317 392 389 339 346 307 340 357 360 381 341 350 343 332 367 351 393 330 334 394 398 369 359 354 375 326 345 379 314 338 361 396 366 388 342
994
941
264
548
665
71
17
703
709
651
950
803
895
761 744 776 755 728 720 799 774 787 721 781 783 743 791 717 701 749 731 735 772 715 765 773 736 740 788 712 784 786 739 762 767 722 769 782 704 732 760 702 756 768
206
128
915
469
313
922
33
386
668
676
708
322
833
285
612
614 628 658 678 667 681 666 677 660 669 629 636 633 662 601 640 661 635 698 622 659 674 631 692 637 684 643 691 695 620 649 699 632 663 697 671 615
90
801
152
223
747
111
564
56
230
319
932
611
139
347
719
202
421
832
377
679
51
503
418
694
865
336
793
355
39
304
151
471
656
123
295
231
689
812
146
168
458
957
384
507
562
497
621
239
515
810
100
444
970
867
91
52
248
619
254
1
987
585
710
918
129
587
145
180
552
565
724
286
287
831
700
685
268
706
716
368
391
916
597
680
159
726
504
436
488
648
770
863
827
108
583
274
653
764
693
860
86
808
838
711
933
745
777
999
370
142
893
196
260
240
520
608
216
790
857
980
172
429
137
947
397
318
35
814
259
83
609
748
320
854
107
30
639
683
308
212
226
477
279
514
164
16
193
47
265
613
602
190
461
70
371
122
797
955
306
11
209
573
34
158
759
197
215
568
348
864
191
550
754
750
819
362
53
399
383
547
186
255
6
937
325
290
737
581
951
198
84
60
5
664
378
707
528
551
65
935
634
792
78
998
690
967
276
117
527
688
841
41
502
604
909
241
522
463
270
352
501
13
412
952
156
233
923
182
618
432
519
214
45
870
243
696
413
493
847
896
990
407
555
181
953
539
19
451
513
59
789
723
58
257
942
859
900
372
730
840
713
376
575
558
400
297
244
533
450
510
638
440
535
626
876
946
331
997
387
600
408
335
624
927
652
94
976
798
121
77
411
188
10
443
85
843
267
68
969
328
175
201
546
945
977
603
170
69
409
500
655
416
455
130
447
598
616
452
495
779
991
741
617
315
31
718
344
623
89
572
526
576
992
333
804
492
907
966
187
753
220
228
373
271
654
727
644
842
309
402
118
43
446
607
385
305
105
358
453
523
136
261
538
311
192
899
785
263
48
758
423
44
213
928
766
80
771
850
905
103
673
686
627
449
294
733
641
961
102
382
28
606
410
310
484
561
218
888
687
251
234
821
273
861
349
472
825
877
780
914
824
462
993
23
269
625
140
179
184
97
247
725
67
650
904
910
364
316
54
374
807
96
93
541
605
729
742
496
682
763
879
567
524
752
303
775
113
300
380
630
176
37
963
177
289
178
417
199
862
292
553
642
917
816
834
454
943
751
856
795
296
301
646
120
312
794
672
337
101
738
283
406
61
705
645
757
815
886
811
675
232
42
778
647
835
592
714
211
64
365
189
153
610
855
881
224
948
321
481
869
467
800
62
88
395
657
302
329
925
194
978
734
975
15
171
796