973
82 72 32 92 29 12 25 73 98 21 55 0 7 87 95 76 4 27 75 46 18 40 3 9 63 79 26 14 81 50 57 49 20 24 66 36 2 22 74 38
114
438
110
836 809 898 837 871 826 872 889 828 887 853 880 823 839 891 849 890 829 892 845 818 805 852 882 820 858 884 885 830 822 848 851 817 894 897 846 844 883 813 868 878 806 874 866 875
873
913 919 981 972 940 996 971 974 939 964 908 902 931 934 903 984 965 901 995 944 983 962 911 906 930 958 921 929 959 912 938 949 926 936 988 986 979 989 968 956 982 960 920 924 985
293 277 249 275 245 262 291 256 227 237 222 219 229 200 203 298 210 280 217 250 235 284 266 253 238 208 225 258 252 288 242 282 278 221 207 272 236 281 299 246 204 205
149
746
126 112 138 127 115 174 160 109 104 116 150 183 132 165 134 163 166 155 157 161 195 125 169 106 143 162 167 173 148 185 119 141 154 133 144 124 131 147 135
670
802
954
405 465 403 482 457 434 415 476 459 420 470 494 473 489 486 404 475 439 474 480 422 490 430 499 445 487 433 456 441 460 435 424 483 414 437 448 427 464 431 401 428 478 425 442 468 419 466 479 426 485 491 498
531 570 559 537 591 505 508 593 525 509 534 540 544 511 578 580 577 586 543 590 549 596 566 512 542 556 521 517 595 557 594 560 532 571 574 588 506 599 582 563 589 518 536 554 569 530 516 545 529 584 579
8
351 341 324 340 398 332 334 343 323 392 327 307 389 390 366 375 394 326 357 361 345 330 369 339 388 396 381 314 363 379 317 354 346 367 350 359 353 356 360 393 342 338
994
941
264
548
665
71
17
703
709
651
950
803
99
895
761 773 783 740 701 744 776 787 735 720 772 712 728 704 739 784 769 721 762 736 715 722 774 731 791 786 743 768 717 756 749 781 755 732 799 782 767 765 702 788 760
206
128
915
469
313
922
33
386
668
676
708
322
833
285
612
622 643 636 620 631 677 678 684 628 649 681 659 692 666 658 663 629 669 640 691 637 698 695 699 674 661 601 660 667 671 662 633 697 635 615 614 632
90
801
152
223
747
111
564
56
230
319
932
611
139
347
719
202
421
832
377
679
51
503
418
694
865
336
793
355
39
304
151
471
656
123
295
231
689
812
146
168
458
957
384
507
562
497
621
239
515
810
100
444
970
867
91
52
248
619
254
1
987
585
710
918
129
587
145
180
552
565
724
286
287
831
700
685
268
706
716
368
391
916
597
680
159
726
504
436
488
648
770
863
827
108
583
274
653
764
693
860
86
808
838
711
933
745
777
999
370
142
893
196
260
240
520
608
216
790
857
980
172
429
137
947
397
318
35
814
259
83
609
748
320
854
107
30
639
683
308
212
226
477
279
514
164
16
193
47
265
613
602
190
461
70
371
122
797
955
306
11
209
573
34
158
759
197
215
568
348
864
191
550
754
750
819
362
53
399
383
547
186
255
6
937
325
290
737
581
951
198
84
60
5
664
378
707
528
551
65
935
634
792
78
998
690
967
276
117
527
688
841
41
502
604
909
241
522
463
270
352
501
13
412
952
156
233
923
182
618
432
519
214
45
870
243
696
413
493
847
896
990
407
555
181
953
539
19
451
513
59
789
723
58
257
942
859
900
372
730
840
713
376
575
558
400
297
244
533
450
510
638
440
535
626
876
946
331
997
387
600
408
335
624
927
652
94
976
798
121
77
411
188
10
443
85
843
267
68
969
328
175
201
546
945
977
603
170
69
409
500
655
416
455
130
447
598
616
452
495
779
991
741
617
315
31
718
344
623
89
572
526
576
992
333
804
492
907
966
187
753
220
228
373
271
654
727
644
842
309
402
118
43
446
607
385
305
105
358
453
523
136
261
538
311
192
899
785
263
48
758
423
44
213
928
766
80
771
850
905
103
673
686
627
449
294
733
641
961
102
382
28
606
410
310
484
561
218
888
687
251
234
821
273
861
349
472
825
877
780
914
824
462
993
23
269
625
140
179
184
97
247
725
67
650
904
910
364
316
54
374
807
96
93
541
605
729
742
496
682
763
879
567
524
752
303
775
113
300
380
630
176
37
963
177
289
178
417
199
862
292
553
642
917
816
834
454
943
751
856
795
296
301
646
120
312
794
672
337
101
738
283
406
61
705
645
757
815
886
811
675
232
42
778
647
835
592
714
211
64
365
189
153
610
855
881
224
948
321
481
869
467
800
62
88
395
657
302
329
925
194
978
734
975
15
171
796