973
9 63 92 75 27 21 40 26 87 79 4 2 57 98 32 29 74 3 49 20 36 66 82 18 76 12 46 38 7 81 22 50 72 55 24 25 14 73 0 95
114
438
110
820 858 880 885 823 878 875 849 830 844 852 837 891 826 845 868 848 872 874 887 839 822 890 851 853 898 829 889 813 818 805 884 836 866 871 846 892 817 809 828 882 883 806 894 897
873
996 908 964 986 903 940 989 930 906 968 944 929 988 995 912 959 962 984 983 971 974 926 985 924 936 938 965 979 901 939 958 949 921 902 920 981 913 972 956 960 934 931 982 911
293 288 217 203 204 238 237 272 249 210 227 253 278 299 245 229 236 205 281 280 246 200 225 258 277 221 252 282 250 291 219 256 242 207 284 266 275 262 208 298 222 235
149
746
144 183 138 173 141 125 106 154 127 155 195 132 166 104 116 135 185 169 163 115 109 143 150 119 167 161 112 157 160 134 174 147 124 165 148 126 131 133 162
670
802
954
426 405 401 487 430 491 437 433 441 465 445 474 466 439 434 489 498 442 468 459 478 424 431 403 476 415 475 427 483 422 464 482 428 414 404 480 425 420 457 499 479 460 470 494 448 486 419 490 456 473 435 485
557 589 531 560 569 578 537 536 584 532 530 556 596 590 599 509 591 505 529 508 580 512 549 544 577 594 518 566 540 516 574 571 554 534 559 543 588 517 525 586 506 593 595 545 511 521 542 579 582 570 563
8
396 346 389 398 388 361 369 326 381 332 343 394 390 353 317 351 363 307 357 379 393 360 375 338 392 314 366 354 356 345 342 339 334 359 350 323 367 327 330 324 340 341
994
941
264
548
665
71
17
703
919
709
651
950
803
99
895
744 786 765 776 743 702 772 782 768 732 720 721 781 740 735 788 756 722 755 712 773 774 731 736 739 762 728 749 701 784 791 787 704 769 717 715 799 760 783 761 767
206
128
915
469
313
922
33
386
668
676
708
322
833
285
612
678 684 667 660 629 637 662 636 633 681 601 622 669 635 632 628 659 615 631 671 691 692 661 643 666 614 699 663 698 697 620 640 695 658 677 649 674
90
801
152
223
747
111
564
56
230
319
932
611
139
347
719
202
421
832
377
679
51
503
418
694
865
336
793
355
39
304
151
471
656
123
295
231
689
812
146
168
458
957
384
507
562
497
621
239
515
810
100
444
970
867
91
52
248
619
254
1
987
585
710
918
129
587
145
180
552
565
724
286
287
831
700
685
268
706
716
368
391
916
597
680
159
726
504
436
488
648
770
863
827
108
583
274
653
764
693
860
86
808
838
711
933
745
777
999
370
142
893
196
260
240
520
608
216
790
857
980
172
429
137
947
397
318
35
814
259
83
609
748
320
854
107
30
639
683
308
212
226
477
279
514
164
16
193
47
265
613
602
190
461
70
371
122
797
955
306
11
209
573
34
158
759
197
215
568
348
864
191
550
754
750
819
362
53
399
383
547
186
255
6
937
325
290
737
581
951
198
84
60
5
664
378
707
528
551
65
935
634
792
78
998
690
967
276
117
527
688
841
41
502
604
909
241
522
463
270
352
501
13
412
952
156
233
923
182
618
432
519
214
45
870
243
696
413
493
847
896
990
407
555
181
953
539
19
451
513
59
789
723
58
257
942
859
900
372
730
840
713
376
575
558
400
297
244
533
450
510
638
440
535
626
876
946
331
997
387
600
408
335
624
927
652
94
976
798
121
77
411
188
10
443
85
843
267
68
969
328
175
201
546
945
977
603
170
69
409
500
655
416
455
130
447
598
616
452
495
779
991
741
617
315
31
718
344
623
89
572
526
576
992
333
804
492
907
966
187
753
220
228
373
271
654
727
644
842
309
402
118
43
446
607
385
305
105
358
453
523
136
261
538
311
192
899
785
263
48
758
423
44
213
928
766
80
771
850
905
103
673
686
627
449
294
733
641
961
102
382
28
606
410
310
484
561
218
888
687
251
234
821
273
861
349
472
825
877
780
914
824
462
993
23
269
625
140
179
184
97
247
725
67
650
904
910
364
316
54
374
807
96
93
541
605
729
742
496
682
763
879
567
524
752
303
775
113
300
380
630
176
37
963
177
289
178
417
199
862
292
553
642
917
816
834
454
943
751
856
795
296
301
646
120
312
794
672
337
101
738
283
406
61
705
645
757
815
886
811
675
232
42
778
647
835
592
714
211
64
365
189
153
610
855
881
224
948
321
481
869
467
800
62
88
395
657
302
329
925
194
978
734
975
15
171
796