973
49 18 81 92 50 87 46 20 25 24 2 12 55 29 26 79 7 38 14 40 4 74 98 36 76 9 57 21 72 32 73 82 27 75 95 66 63 0 3 22
114
438
110
872 805 820 871 852 866 823 887 837 839 891 889 849 898 880 844 892 809 826 874 897 828 836 830 875 878 829 894 890 848 858 822 882 845 868 884 817 853 883 885 806 846 813 818 851
873
924 949 926 920 901 938 902 959 995 960 956 940 974 965 968 982 944 962 985 989 908 984 934 971 988 936 996 964 929 983 958 939 931 906 986 979 903 911 972 913 981 930 921 912
252 275 266 245 293 246 298 207 236 284 225 262 203 229 237 250 253 249 277 299 291 235 272 280 282 278 258 242 205 281 217 227 204 221 238 256 219 288 208 222 210
149
746
125 167 143 154 157 115 161 141 133 119 166 124 195 148 104 165 150 147 163 131 160 126 183 112 138 185 173 106 132 135 174 162 169 127 155 144 134 109 116
670
802
954
470 445 474 430 419 486 457 428 425 456 427 476 489 426 442 494 490 478 464 414 433 480 491 466 420 475 404 459 424 483 498 437 487 415 465 401 448 422 439 482 403 468 434 435 441 473 479 499 460 405 431 485
529 591 508 590 517 537 543 571 557 560 593 563 577 574 556 544 532 531 509 554 534 595 559 570 588 512 582 545 596 579 566 542 599 540 549 586 525 580 569 589 594 536 505 521 516 511 578 518 584 530 506
8
341 340 361 375 345 381 324 359 363 396 360 346 354 357 390 343 334 350 307 388 327 394 317 326 342 392 353 314 332 366 323 369 389 351 330 393 367 398 356 339 379 338
994
941
264
548
665
71
17
703
919
709
651
950
803
99
895
791 728 762 788 799 743 776 787 761 701 720 783 732 744 768 781 772 786 767 773 712 704 774 784 731 721 769 755 756 717 782 765 736 740 760 702 715 722 749 735 739
206
128
915
469
313
922
33
386
668
676
708
322
833
285
612
681 614 659 633 643 695 635 663 620 632 636 674 684 615 658 662 671 629 691 697 637 698 661 666 649 631 601 678 622 677 699 667 669 660 640 628 692
90
801
152
223
747
111
564
56
230
319
932
611
139
347
719
202
421
832
377
679
51
503
418
694
865
336
793
355
39
304
151
471
656
123
295
231
689
812
146
168
458
957
384
507
562
497
621
239
515
810
100
444
970
867
91
52
248
619
254
1
987
585
710
918
129
587
145
180
552
565
724
286
287
831
700
685
268
706
716
368
391
916
597
680
159
726
504
436
488
648
770
863
827
108
583
274
653
764
693
860
86
808
838
711
933
745
777
999
370
142
893
196
260
240
520
608
216
790
857
980
172
429
137
947
397
318
35
814
259
83
609
748
320
854
107
30
639
683
308
212
226
477
279
514
164
16
193
47
265
613
602
190
461
70
371
122
797
955
306
11
209
573
34
158
759
197
215
568
348
864
191
550
754
750
819
362
53
399
383
547
186
255
6
937
325
290
737
581
951
198
84
60
5
664
378
707
528
551
65
935
634
792
78
998
690
967
276
117
527
688
841
41
502
604
909
241
522
463
270
352
501
13
412
952
156
233
923
182
618
432
519
214
45
870
243
696
413
493
847
896
990
407
555
181
953
539
19
451
513
59
789
723
58
257
942
859
900
372
730
840
713
376
575
558
400
297
244
533
450
510
638
440
535
626
876
946
331
997
387
600
408
335
624
927
652
94
976
798
121
77
411
188
10
443
85
843
267
68
969
328
175
201
546
945
977
603
170
69
409
500
655
416
455
130
447
598
616
452
495
779
991
741
617
315
31
718
344
623
89
572
526
576
992
333
804
492
907
966
187
753
220
228
373
271
654
727
644
842
309
402
118
43
446
607
385
305
105
358
453
523
136
261
538
311
192
899
785
263
48
758
423
44
213
928
766
80
771
850
905
103
673
686
627
449
294
733
641
961
102
382
28
606
410
310
484
561
218
888
687
251
234
821
273
861
349
472
825
877
780
914
824
462
200
993
23
269
625
140
179
184
97
247
725
67
650
904
910
364
316
54
374
807
96
93
541
605
729
742
496
682
763
879
567
524
752
303
775
113
300
380
630
176
37
963
177
289
178
417
199
862
292
553
642
917
816
834
454
943
751
856
795
296
301
646
120
312
794
672
337
101
738
283
406
61
705
645
757
815
886
811
675
232
42
778
647
835
592
714
211
64
365
189
153
610
855
881
224
948
321
481
869
467
800
62
88
395
657
302
329
925
194
978
734
975
15
171
796