973
72 79 75 49 25 50 26 18 36 21 63 74 66 20 29 9 7 0 2 40 76 14 22 46 82 38 87 3 4 32 73 12 27 81 57 55 24 98 92 95
114
438
110
898 846 830 805 887 829 891 813 844 884 871 889 809 806 823 875 822 849 839 828 883 868 882 852 818 866 897 845 836 894 817 880 837 878 848 851 874 892 826 853 820 872 885 858 890
873
912 968 902 959 995 996 944 986 934 962 988 929 964 940 906 960 971 984 911 979 972 920 974 985 981 949 926 931 921 913 958 903 989 938 908 965 983 901 924 982 939 956 936
246 293 280 204 225 208 275 277 282 272 256 238 210 221 217 249 237 252 205 222 266 235 242 253 299 284 298 291 219 227 288 207 258 236 262 245 203 281 250 278 229
149
746
183 119 132 144 134 106 155 138 161 160 133 104 141 157 127 169 148 112 116 125 162 173 163 115 135 167 165 131 166 124 147 154 185 109 126 150 195 143 174
670
802
954
456 428 430 426 486 483 489 474 468 439 442 478 494 470 465 459 464 473 441 490 448 404 479 445 476 435 419 457 424 499 498 475 480 491 485 403 425 401 466 405 433 420 422 437 434 415 460 414 431 487 427 482
540 584 569 599 594 505 521 512 577 516 557 570 517 509 578 531 571 537 593 525 549 560 589 545 579 543 556 554 529 574 534 591 544 580 559 532 563 595 588 506 530 511 586 582 508 596 536 590 566 542 518
8
340 353 343 379 330 342 367 388 396 359 317 338 356 393 369 323 357 366 314 326 332 339 334 392 327 360 361 363 398 307 341 394 346 345 381 390 324 354 389 350 351 375
994
941
264
548
665
71
17
703
919
709
651
950
803
99
895
732 704 761 740 760 755 787 769 786 743 736 774 717 749 791 715 768 762 721 773 799 735 702 781 756 767 701 765 722 776 784 788 739 731 712 772 783 728 744 720 782
206
128
915
469
313
922
33
386
668
676
708
322
833
285
612
636 692 635 684 677 671 614 601 661 658 633 622 631 660 637 666 620 662 628 691 659 667 632 695 669 615 649 681 674 698 663 629 699 697 678 643 640
90
801
152
223
747
111
564
56
230
319
932
611
139
347
719
202
421
832
377
679
51
503
418
694
865
336
793
355
39
304
151
471
656
123
295
231
689
812
146
168
458
957
384
507
562
497
621
239
515
810
100
444
970
867
91
52
248
619
254
1
987
585
710
918
129
587
145
180
552
565
724
286
287
831
700
685
268
706
716
368
391
916
597
680
159
726
504
436
488
648
770
863
827
108
583
274
653
764
693
860
86
808
838
711
933
745
777
999
370
142
893
196
260
930
240
520
608
216
790
857
980
172
429
137
947
397
318
35
814
259
83
609
748
320
854
107
30
639
683
308
212
226
477
279
514
164
16
193
47
265
613
602
190
461
70
371
122
797
955
306
11
209
573
34
158
759
197
215
568
348
864
191
550
754
750
819
362
53
399
383
547
186
255
6
937
325
290
737
581
951
198
84
60
5
664
378
707
528
551
65
935
634
792
78
998
690
967
276
117
527
688
841
41
502
604
909
241
522
463
270
352
501
13
412
952
156
233
923
182
618
432
519
214
45
870
243
696
413
493
847
896
990
407
555
181
953
539
19
451
513
59
789
723
58
257
942
859
900
372
730
840
713
376
575
558
400
297
244
533
450
510
638
440
535
626
876
946
331
997
387
600
408
335
624
927
652
94
976
798
121
77
411
188
10
443
85
843
267
68
969
328
175
201
546
945
977
603
170
69
409
500
655
416
455
130
447
598
616
452
495
779
991
741
617
315
31
718
344
623
89
572
526
576
992
333
804
492
907
966
187
753
220
228
373
271
654
727
644
842
309
402
118
43
446
607
385
305
105
358
453
523
136
261
538
311
192
899
785
263
48
758
423
44
213
928
766
80
771
850
905
103
673
686
627
449
294
733
641
961
102
382
28
606
410
310
484
561
218
888
687
251
234
821
273
861
349
472
825
877
780
914
824
462
200
993
23
269
625
140
179
184
97
247
725
67
650
904
910
364
316
54
374
807
96
93
541
605
729
742
496
682
763
879
567
524
752
303
775
113
300
380
630
176
37
963
177
289
178
417
199
862
292
553
642
917
816
834
454
943
751
856
795
296
301
646
120
312
794
672
337
101
738
283
406
61
705
645
757
815
886
811
675
232
42
778
647
835
592
714
211
64
365
189
153
610
855
881
224
948
321
481
869
467
800
62
88
395
657
302
329
925
194
978
734
975
15
171
796