907 936 951 958 978 995 990 934 992 977 909 988 964 994 911 928 941 945 940 991 901 922 968 949 953 986 908 929 915 989 983 961 927 959 999 997 903 942 962 965 996 917 954 971 912 966 993 916 924 902 920 980 976 967 944 963 925 905 930 913 960 972 935 982 981 918 969 946 947 985 938 974 943 906 973 975 931 956 937 952 919 926 955 904 932 910 921 998 939 914 984 987 950 923 979
59 3 36 33 74 37 38 60 69 88 9 8 56 47 31 67 49 89 6 65 15 87 24 72 76 2 13 64 48 78 92 17 99 45 51 68 20 22 50 90 25 39 12 4 54 83 52 32 85 16 63 42 28 95 73 11 96 21 30 34 53 26 27 0 75 86 40 57 71 19 79 29 82 62 98 58 97 66 61 94 44 10 77 41 23 91 84 43 81 7 46 14 18 55 80 35
199 153 143 168 108 104 132 123 178 181 176 126 113 184 130 192 198 156 188 187 149 155 173 150 124 134 103 135 175 197 177 164 110 131 122 118 125 136 186 190 169 138 157 146 115 105 166 148 144 111 174 102 182 171 114 167 106 183 112 142 165 137 139 147 162 185 179 160 180 196 109 121 117 193 163 119 170 141 116 140 194 133 154 152 128 127 161 145 172 195 120
409 428 446 491 460 468 494 445 414 465 470 492 453 424 463 454 466 496 408 431 488 432 442 480 475 476 425 490 427 452 439 498 423 486 404 448 415 487 410 434 407 444 482 464 443 473 441 451 412 471 458 481 497 440 433 438 450 429 449 469 479 419 430 474 484 456 405 401 402 472 420 495 455 462 426 459 483 436 416 422 417 485 413 447 403 493 467 477 457 461 499 489 406 437 411 435 478
824 899 891 851 893 832 830 889 864 854 813 863 892 828 833 852 878 883 815 872 811 849 810 820 807 840 869 803 890 800 896 808 876 880 885 873 806 871 888 895 848 862 804 865 874 882 842 831 845 814 857 819 823 834 858 827 866 877 841 884 861 816 886 826 867 837 853 838 829 812 835 805 822 825 894 879 887 881 855 839 818 817 836 850 870 847 868 844 846 898 821 809 859 875 843 860 897
224 272 296 222 278 299 219 270 258 212 206 298 293 263 261 210 207 283 279 275 240 266 286 282 259 267 284 230 250 294 248 242 265 217 236 228 205 235 211 262 243 229 289 295 247 274 246 280 237 227 238 249 239 273 226 297 252 257 200 232 281 241 208 244 221 204 218 213 214 202 225 285 233 253 290 245 256 268 292 231 234 264 223 291 288 269 203 277 287 254 255 216 251 209 276
719 707 730 756 742 782 776 711 725 788 762 740 704 752 728 778 757 702 759 799 790 795 794 754 767 786 780 781 741 713 714 777 791 797 766 748 738 749 751 792 763 744 734 731 765 769 745 737 785 775 721 770 796 723 715 747 793 760 710 729 736 705 720 783 733 717 722 718 724 701 750 779 753 798 768 771 712 735 739 746 758 732 784 708 787 764 743 774 709 755 703 772 761 716 773
620 627 676 698 608 650 656 662 695 661 697 666 699 659 634 615 611 630 645 667 605 617 681 612 616 609 647 636 678 692 694 603 624 672 652 663 631 669 653 674 639 688 640 690 689 625 602 637 641 673 618 643 614 651 682 613 646 696 668 635 648 607 658 693 691 628 649 684 632 644 679 654 677 680 670 626 660 604 642 657 686 655 685 629 665 633 687 622 664 638 671 675 621 601 683
802
511 579 561 595 553 525 530 547 505 533 555 564 507 578 537 594 519 510 598 503 545 501 516 521 534 563 557 582 502 560 551 515 568 539 517 544 597 569 527 581 506 566 504 522 588 591 528 535 589 576 586 556 565 526 518 529 593 538 536 523 554 584 540 552 512 532 531 580 571 542 587 583 558 596 575 570 520 549 509 599 573 514 590 567 541 543 585 508 550 559 577 574 524 562 513 546
334 344 398 380 322 341 346 310 382 378 351 372 303 317 367 391 302 313 377 397 396 360 363 327 330 395 358 356 333 349 338 331 324 381 309 350 357 371 307 345 394 335 308 365 392 343 348 312 336 383 387 389 384 370 366 340 375 321 379 320 306 304 305 342 355 326 329 393 353 328 361 386 399 385 352 332 359 347 376 325 354 388 337 362 314 300 319 311 364 390 369 339 315 318 323 368
548
801
421
418
151
957
100
970
619
1
129
700
706
159
726
933
260
107
70
158
215
191
5
789
900
400
600
201
500
623
572
220
373
271
727
606
316
374
93
856
301
101
592
189
610
948