973
3
114
438
110
848 885 826 805 892 882 806 830 823 891 884 809 852 829 890 818 868 874 894 878 880 822 898 875 849 820 837 851 889 836 813 844 846 872 866 897 871 817 883 828 853 858 845 887 839
873
971 986 912 908 936 959 956 940 972 903 989 920 913 974 965 911 964 996 902 938 906 934 995 984 960 982 968 931 924 985 949 962 921 958 944 939 979 926 981 929 901 988 983
249 298 293 280 284 221 235 242 278 222 282 245 207 256 266 275 210 225 262 291 203 236 219 227 250 253 205 258 208 281 229 272 288 252 237 299 246 277 204 217 238
149
746
195 154 109 147 115 131 143 163 112 150 106 132 166 141 104 126 127 133 165 119 174 162 124 169 155 144 183 157 167 134 125 135 148 138 160 161 173 116 185
670
802
954
439 448 476 427 430 464 468 466 499 486 426 478 480 465 425 457 404 483 485 470 489 491 441 456 487 475 494 473 474 405 433 445 498 490 401 434 422 482 414 403 424 419 435 415 428 437 442 459 420 431 460 479
530 521 544 588 518 554 543 512 566 542 506 578 580 593 570 577 574 531 591 529 517 540 569 571 536 582 596 537 525 563 579 594 509 599 505 508 545 534 584 557 559 560 532 586 549 595 516 589 556 590 511
8
327 366 334 323 394 314 369 392 332 350 379 390 326 351 307 388 356 375 393 339 363 330 360 346 367 398 317 341 342 396 389 357 338 324 354 359 353 343 381 361 340 345
994
941
264
548
665
71
17
703
919
709
651
950
803
99
895
704 722 736 782 783 768 743 735 744 760 731 787 721 762 732 799 781 740 749 717 784 767 769 774 715 761 791 701 772 728 756 776 720 712 765 739 755 773 702 788 786
206
128
915
469
313
922
33
386
668
676
708
322
833
285
612
629 697 635 666 614 632 620 677 631 691 643 698 622 699 636 667 661 695 615 678 692 659 649 669 637 628 633 671 658 660 601 674 684 662 663 640 681
90
801
152
223
747
111
564
56
230
319
932
611
139
347
719
202
421
832
57 82 20 12 50 29 14 75 2 9 55 24 25 4 72 18 46 76 7 27 0 81 49 40 63 21 98 66 79 38 74 22 95 73 32 87 92 26 36
377
679
51
503
418
694
865
336
793
355
39
304
151
471
656
123
295
231
689
812
146
168
458
957
384
507
562
497
621
239
515
810
100
444
970
867
91
52
248
619
254
1
987
585
710
918
129
587
145
180
552
565
724
286
287
831
700
685
268
706
716
368
391
916
597
680
159
726
504
436
488
648
770
863
827
108
583
274
653
764
693
860
86
808
838
711
933
745
777
999
370
142
893
196
260
930
240
520
608
216
790
857
980
172
429
137
947
397
318
35
814
259
83
609
748
320
854
107
30
639
683
308
212
226
477
279
514
164
16
193
47
265
613
602
190
461
70
371
122
797
955
306
11
209
573
34
158
759
197
215
568
348
864
191
550
754
750
819
362
53
399
383
547
186
255
6
937
325
290
737
581
951
198
84
60
5
664
378
707
528
551
65
935
634
792
78
998
690
967
276
117
527
688
841
41
502
604
909
241
522
463
270
352
501
13
412
952
156
233
923
182
618
432
519
214
45
870
243
696
413
493
847
896
990
407
555
181
953
539
19
451
513
59
789
723
58
257
942
859
900
372
730
840
713
376
575
558
400
297
244
533
450
510
638
440
535
626
876
946
331
997
387
600
408
335
624
927
652
94
976
798
121
77
411
188
10
443
85
843
267
68
969
328
175
201
546
945
977
603
170
69
409
500
655
416
455
130
447
598
616
452
495
779
991
741
617
315
31
718
344
623
89
572
526
576
992
333
804
492
907
966
187
753
220
228
373
271
654
727
644
842
309
402
118
43
446
607
385
305
105
358
453
523
136
261
538
311
192
899
785
263
48
758
423
44
213
928
766
80
771
850
905
103
673
686
627
449
294
733
641
961
102
382
28
606
410
310
484
561
218
888
687
251
234
821
273
861
349
472
825
877
780
914
824
462
200
993
23
269
625
140
179
184
97
247
725
67
650
904
910
364
316
54
374
807
96
93
541
605
729
742
496
682
763
879
567
524
752
303
775
113
300
380
630
176
37
963
177
289
178
417
199
862
292
553
642
917
816
834
454
943
751
856
795
296
301
646
120
312
794
672
337
101
738
283
406
61
705
645
757
815
886
811
675
232
42
778
647
835
592
714
211
64
365
189
153
610
855
881
224
948
321
481
869
467
800
62
88
395
657
302
329
925
194
978
734
975
15
171
796