973
3
114
438
110
823 828 837 887 875 897 817 882 871 892 868 878 805 849 846 885 845 898 829 839 820 894 836 851 890 891 826 813 884 874 853 889 866 858 818 872 809 848 830 852 806 883 822 880 844
873
931 956 995 985 979 926 936 968 911 982 934 913 986 912 924 964 929 983 908 959 971 944 958 962 920 921 939 901 965 984 981 940 960 903 996 988 972 949 974 938 902 906 989
204 282 275 272 245 222 205 262 278 293 229 266 249 207 298 219 217 227 236 253 256 277 237 221 238 288 291 210 280 299 242 250 208 284 203 235 225 258 252 246
149
746
169 132 173 131 104 148 116 115 109 134 157 162 124 163 167 125 127 155 160 135 154 195 150 112 161 166 183 119 174 138 147 144 143 141 185 133 106 126 165
670
802
954
424 498 491 473 437 434 487 499 489 482 483 435 426 428 441 486 442 470 427 403 476 490 404 445 425 474 405 401 460 433 448 466 430 431 419 465 456 457 459 475 420 485 439 464 468 422 494 480 478 479 415 414
588 563 595 580 577 521 532 566 578 517 599 596 559 589 590 545 540 509 506 544 543 508 537 586 534 594 579 530 511 518 525 584 570 557 560 516 536 591 549 505 542 554 574 529 512 593 569 582 571 556 531
8
330 398 361 334 323 366 338 317 326 381 388 389 390 346 367 342 379 314 307 353 392 357 327 343 332 339 356 393 340 363 324 396 350 394 375 345 360 351 359 341 354 369
994
941
264
548
665
71
17
703
919
709
651
950
803
99
895
755 721 701 732 768 774 744 720 722 787 799 736 781 776 728 773 717 784 756 765 712 740 731 715 772 762 786 761 783 704 767 791 760 769 782 735 749 702 788 739 743
206
128
915
469
313
922
33
386
668
676
708
322
833
285
612
615 671 692 658 662 660 669 698 632 628 699 659 691 678 681 601 636 631 695 633 629 620 622 640 649 677 666 637 697 614 643 635 667 674 663 661
90
801
281
152
223
747
111
564
56
230
319
932
611
139
347
719
202
421
832
74 63 12 27 21 26 36 40 95 79 55 18 22 66 98 25 0 9 57 82 50 24 38 46 29 81 72 2 87 20 7 14 73 32 92 76 49 4 75
377
679
51
503
418
694
865
336
793
355
39
304
151
471
656
123
295
231
689
812
146
168
458
957
384
507
562
497
621
239
515
810
100
444
970
867
91
52
248
619
254
1
987
585
710
918
129
587
145
180
552
565
724
286
287
831
700
685
268
706
716
368
391
916
597
680
159
726
504
436
488
648
770
863
827
108
583
274
653
764
693
860
86
808
838
711
933
745
777
999
370
142
893
196
260
930
240
520
608
216
790
857
980
172
429
137
947
397
318
35
814
259
83
609
748
320
854
107
30
639
683
308
212
226
477
279
514
164
16
193
47
265
613
602
190
461
70
371
122
797
955
306
11
209
573
34
158
759
197
215
568
348
864
191
550
754
750
819
362
53
399
383
547
186
255
6
937
325
290
737
581
951
198
84
60
5
664
378
707
528
551
65
935
634
792
78
998
690
967
276
117
527
688
841
41
502
604
909
241
522
463
270
352
501
13
412
952
156
233
923
182
618
432
519
214
45
870
243
696
413
493
847
896
990
407
555
181
953
539
19
451
513
59
789
723
58
257
942
859
900
372
730
840
713
376
575
558
400
297
244
533
450
510
638
440
535
626
876
946
331
997
387
600
408
335
624
927
652
94
976
798
121
77
411
188
10
443
85
843
267
68
969
328
175
201
546
945
977
603
170
69
409
500
655
416
455
130
447
598
616
452
495
779
991
741
617
315
31
718
344
623
89
572
526
576
992
333
804
492
907
966
187
753
220
228
373
271
654
727
644
842
309
402
118
43
446
607
385
305
105
358
453
523
136
261
538
311
192
899
785
263
48
758
423
44
213
928
766
80
771
850
905
103
673
686
627
449
294
733
641
961
102
382
28
606
410
310
484
561
218
888
687
251
234
821
273
861
349
472
825
877
780
914
824
462
200
993
23
269
625
140
179
184
97
247
725
67
650
904
910
364
316
54
374
807
96
93
541
605
729
742
496
682
763
879
567
524
752
303
775
113
300
380
630
176
37
963
177
289
178
417
199
862
292
553
642
917
816
834
454
943
751
856
795
296
301
646
120
312
794
672
337
101
738
283
406
61
705
645
757
815
886
811
675
232
42
778
647
835
592
714
211
64
365
189
153
610
855
881
224
948
321
481
869
467
800
62
88
395
657
302
329
925
194
978
734
975
15
171
796
684