973
3
114
438
110
809 866 806 823 837 852 897 878 846 898 826 822 858 880 818 851 813 829 890 882 892 871 868 889 844 848 839 849 883 836 891 875 853 887 872 820 830 884 894 885 874 805 817 845 828
873
968 959 936 965 985 989 920 901 931 972 902 984 906 958 960 962 921 911 983 988 956 981 903 979 982 974 929 996 913 940 944 939 934 964 971 995 938 986 908 949 926 912 924
282 272 222 236 284 278 298 256 237 225 204 250 280 299 245 249 238 229 288 227 210 217 277 262 221 275 252 291 207 258 242 266 246 203 293 208 219 235 253
149
746
112 173 116 185 161 131 115 143 148 138 125 163 169 133 135 162 127 104 165 109 132 144 195 167 124 160 166 183 154 126 150 155 119 134 106 174 157 141 147
670
802
954
401 485 486 468 441 437 435 483 430 480 465 433 431 474 445 404 434 422 427 494 478 439 425 459 424 414 498 442 456 460 487 476 415 419 473 457 428 426 491 466 470 490 420 479 403 448 475 482 464 499 489 405
532 580 516 591 534 582 579 505 554 557 588 549 511 569 531 574 517 578 540 599 508 566 571 586 584 512 596 594 577 595 521 518 543 559 509 506 589 537 560 542 590 556 563 545 530 525 544 529 536 570 593
8
394 341 360 323 351 324 381 357 363 334 314 353 390 346 369 389 332 396 359 350 398 343 379 317 327 338 375 342 361 354 307 367 330 340 388 345 366 326 392 356 393 339
994
941
264
548
665
71
17
703
919
709
651
950
803
99
895
756 720 704 749 783 701 799 740 715 721 782 743 761 731 772 774 791 722 787 702 744 765 773 760 735 786 784 768 762 755 732 781 712 788 728 767 776 717 769 739 736
206
128
915
469
313
922
33
386
668
676
708
322
833
285
612
666 699 691 697 677 632 636 620 659 614 631 633 622 658 669 671 640 649 678 661 698 601 695 615 635 643 663 637 628 660 662 674 629 667 692 681
90
801
281
152
223
747
111
564
56
230
319
932
611
139
347
719
202
421
832
36 4 49 79 50 46 9 21 63 25 73 75 57 72 7 27 20 76 26 14 98 81 55 87 74 82 92 18 2 32 29 24 22 12 0 66 38 40 95
377
679
51
503
418
694
865
336
793
355
39
304
151
471
656
123
295
231
689
812
146
168
458
957
384
507
562
497
621
239
515
810
100
444
970
867
91
52
248
619
254
1
987
585
710
918
129
587
145
180
552
565
724
286
287
831
700
685
268
706
716
368
391
916
597
680
159
726
504
436
488
648
770
863
827
108
583
274
653
764
693
860
86
808
838
711
933
745
777
999
370
142
893
196
260
930
240
520
608
216
790
857
980
172
429
137
947
397
318
35
814
259
83
609
748
320
854
107
30
639
683
308
212
226
477
279
514
164
16
193
47
265
613
602
190
461
70
371
122
797
955
306
11
209
573
34
158
759
197
215
568
348
864
191
550
754
750
819
362
53
399
383
547
186
255
6
937
325
290
737
581
951
198
84
60
5
664
378
707
528
551
65
935
634
792
78
998
690
967
276
117
527
688
205
841
41
502
604
909
241
522
463
270
352
501
13
412
952
156
233
923
182
618
432
519
214
45
870
243
696
413
493
847
896
990
407
555
181
953
539
19
451
513
59
789
723
58
257
942
859
900
372
730
840
713
376
575
558
400
297
244
533
450
510
638
440
535
626
876
946
331
997
387
600
408
335
624
927
652
94
976
798
121
77
411
188
10
443
85
843
267
68
969
328
175
201
546
945
977
603
170
69
409
500
655
416
455
130
447
598
616
452
495
779
991
741
617
315
31
718
344
623
89
572
526
576
992
333
804
492
907
966
187
753
220
228
373
271
654
727
644
842
309
402
118
43
446
607
385
305
105
358
453
523
136
261
538
311
192
899
785
263
48
758
423
44
213
928
766
80
771
850
905
103
673
686
627
449
294
733
641
961
102
382
28
606
410
310
484
561
218
888
687
251
234
821
273
861
349
472
825
877
780
914
824
462
200
993
23
269
625
140
179
184
97
247
725
67
650
904
910
364
316
54
374
807
96
93
541
605
729
742
496
682
763
879
567
524
752
303
775
113
300
380
630
176
37
963
177
289
178
417
199
862
292
553
642
917
816
834
454
943
751
856
795
296
301
646
120
312
794
672
337
101
738
283
406
61
705
645
757
815
886
811
675
232
42
778
647
835
592
714
211
64
365
189
153
610
855
881
224
948
321
481
869
467
800
62
88
395
657
302
329
925
194
978
734
975
15
171
796
684