973
3
114
438
110
868 813 806 894 891 836 818 817 887 874 866 823 898 822 849 851 882 829 890 826 875 837 878 848 889 809 884 845 820 828 892 872 883 846 885 880 830 853 839 897 871 805 844 858 852
873
903 985 958 971 968 929 926 962 989 996 902 934 960 949 944 924 959 912 974 938 981 986 931 982 911 906 964 936 939 901 983 984 921 940 920 913 908 988 956 972 995 965 979
221 250 282 219 237 229 258 203 284 272 217 293 242 227 235 222 266 238 291 210 280 207 208 204 298 225 278 253 256 249 275 288 262 246 299 245 277 236 252
149
746
106 148 160 109 104 167 183 115 157 135 143 166 124 125 141 163 195 138 116 165 162 154 127 173 161 174 126 133 119 134 144 147 150 185 132 169 112 155 131
670
802
954
448 457 433 498 424 466 439 464 483 494 403 475 482 442 428 486 478 476 404 441 479 435 473 491 430 401 487 425 490 422 431 485 414 489 445 468 460 474 456 465 420 499 480 434 419 426 415 459 405 437 427 470
530 574 578 560 586 599 590 542 579 554 509 596 537 591 506 508 577 540 505 589 532 563 594 518 559 529 531 525 570 511 536 543 517 516 582 584 512 534 521 595 580 545 588 571 566 549 556 593 557 544
8
334 343 350 363 346 375 356 323 327 359 314 393 338 354 324 339 367 341 394 342 361 330 351 389 369 396 381 366 392 340 307 345 332 379 317 353 357 388 360 390 398 326
994
941
264
548
665
71
17
703
919
709
651
950
803
99
895
715 767 761 791 782 701 731 760 787 768 772 704 799 740 735 749 756 743 739 736 728 765 776 702 774 720 755 784 732 762 783 722 781 721 788 769 712 786 717 773 744
206
128
915
469
313
922
33
386
668
676
708
322
833
285
612
620 658 601 662 699 692 671 691 636 649 697 674 666 681 663 628 695 633 660 698 614 643 661 622 678 631 635 677 640 659 629 615 669 667 637 632
90
801
281
152
223
747
111
564
56
230
319
932
611
139
347
719
202
421
832
55 22 26 27 9 49 25 82 2 29 92 21 20 40 4 57 72 46 73 79 95 38 98 36 66 12 24 32 74 75 63 0 87 50 18 7 76 14 81
377
679
51
503
418
694
865
336
793
355
39
304
151
471
656
123
295
231
689
812
146
168
458
957
384
507
562
497
621
239
515
810
100
444
970
867
91
52
248
619
254
1
987
585
710
918
129
587
145
180
552
565
724
286
287
831
700
685
268
706
716
368
391
916
597
680
159
726
504
436
488
648
770
863
827
108
583
274
653
764
693
860
86
808
838
711
933
745
777
999
370
142
893
196
260
930
240
520
608
216
790
857
980
172
429
137
947
397
318
35
814
259
83
609
748
320
854
107
30
639
683
308
212
226
477
279
514
164
16
193
47
265
613
602
190
461
70
371
122
797
955
306
11
209
573
34
158
759
197
215
568
348
864
191
550
754
750
819
362
53
399
383
547
186
255
6
937
325
290
737
581
951
198
84
60
5
664
378
707
528
551
65
935
634
792
78
998
690
967
276
117
527
688
205
841
41
502
604
909
241
522
463
270
352
501
13
412
952
156
233
923
182
618
432
519
214
45
870
243
696
413
493
847
896
990
407
555
181
953
539
569
19
451
513
59
789
723
58
257
942
859
900
372
730
840
713
376
575
558
400
297
244
533
450
510
638
440
535
626
876
946
331
997
387
600
408
335
624
927
652
94
976
798
121
77
411
188
10
443
85
843
267
68
969
328
175
201
546
945
977
603
170
69
409
500
655
416
455
130
447
598
616
452
495
779
991
741
617
315
31
718
344
623
89
572
526
576
992
333
804
492
907
966
187
753
220
228
373
271
654
727
644
842
309
402
118
43
446
607
385
305
105
358
453
523
136
261
538
311
192
899
785
263
48
758
423
44
213
928
766
80
771
850
905
103
673
686
627
449
294
733
641
961
102
382
28
606
410
310
484
561
218
888
687
251
234
821
273
861
349
472
825
877
780
914
824
462
200
993
23
269
625
140
179
184
97
247
725
67
650
904
910
364
316
54
374
807
96
93
541
605
729
742
496
682
763
879
567
524
752
303
775
113
300
380
630
176
37
963
177
289
178
417
199
862
292
553
642
917
816
834
454
943
751
856
795
296
301
646
120
312
794
672
337
101
738
283
406
61
705
645
757
815
886
811
675
232
42
778
647
835
592
714
211
64
365
189
153
610
855
881
224
948
321
481
869
467
800
62
88
395
657
302
329
925
194
978
734
975
15
171
796
684