973
3
114
438
110
858 818 826 853 883 880 809 828 891 829 806 848 868 849 892 846 820 845 894 897 852 889 884 822 836 898 878 851 830 844 839 805 823 866 872 837 875 817 887 813 882 890 871 874
873
974 965 981 913 926 939 931 964 984 989 908 982 972 940 902 979 968 959 985 924 911 934 995 996 986 960 958 920 936 906 938 944 983 901 971 929 921 956 962 988 912 949 903
282 221 236 235 253 266 237 278 252 280 299 225 284 291 207 256 250 219 262 229 217 245 222 249 277 298 238 208 203 258 204 272 288 293 242 210 246 227 275
149
746
167 183 173 124 162 155 104 143 133 115 144 160 138 126 157 163 134 195 112 125 131 106 185 116 165 119 161 132 166 169 127 174 147 135 148 141 150 154 109
670
802
954
437 460 473 420 486 448 403 401 490 442 476 456 422 464 426 433 475 479 499 427 424 465 414 405 494 457 430 480 431 435 434 468 487 445 419 474 478 498 459 441 466 485 491 489 470 482 428 425 404 415 439 483
534 588 512 586 509 566 521 517 582 577 537 595 570 525 556 584 599 579 580 549 559 540 578 594 516 574 591 506 505 531 590 596 563 542 554 518 529 532 545 536 557 530 571 544 511 560 593 589 543 508
8
323 334 326 307 330 338 360 367 353 369 317 396 351 356 340 346 394 363 314 343 388 350 390 375 357 327 366 389 332 379 398 341 392 342 339 359 381 345 324 354 393 361
994
941
264
548
665
71
17
703
919
709
651
950
803
99
895
783 702 731 721 784 720 722 786 701 772 715 736 774 760 788 744 740 749 767 712 728 787 761 735 743 756 762 765 781 732 717 799 773 739 776 768 782 755 704 769 791
206
128
915
469
313
922
33
386
668
676
708
322
833
285
612
661 628 699 671 659 632 691 678 631 697 622 695 636 633 658 660 692 614 637 681 649 640 643 615 601 620 667 666 635 629 669 698 677 663 662 674
90
801
281
152
223
747
111
564
56
230
319
932
611
139
347
719
202
421
832
73 22 95 76 74 40 14 32 55 20 0 79 81 27 9 46 82 75 38 36 66 18 24 25 72 63 87 26 21 98 29 12 49 4 50 2 57 92 7
377
679
51
503
418
694
865
336
793
355
39
304
151
471
656
123
295
231
689
812
146
168
458
957
384
507
562
497
621
239
515
810
100
444
970
867
91
52
248
619
254
1
987
585
710
918
129
587
145
180
552
565
724
286
287
831
700
685
268
706
716
368
391
916
597
680
159
726
504
436
488
648
770
863
827
108
583
274
653
764
693
860
86
808
838
711
933
745
777
999
370
142
893
196
260
930
240
520
608
216
790
857
980
172
429
137
947
397
318
35
814
259
83
609
748
320
854
107
30
639
683
308
212
226
477
279
514
164
16
193
47
265
613
602
190
461
70
371
122
797
955
306
11
209
573
34
158
759
197
215
568
348
864
191
550
754
750
819
362
53
399
383
547
186
255
6
937
325
290
737
581
951
198
84
60
5
664
378
707
528
551
65
935
634
792
78
998
690
967
276
117
527
688
205
841
41
502
604
909
241
522
463
270
352
501
13
412
952
156
233
923
182
618
432
519
214
45
870
243
696
413
493
847
896
990
407
555
181
953
539
569
19
451
513
59
789
723
58
257
942
859
900
372
730
840
713
376
575
558
400
297
244
533
450
510
638
440
535
626
876
946
331
997
387
600
408
335
624
927
652
94
976
798
121
77
411
188
10
443
85
843
267
68
969
328
175
201
546
945
977
603
170
69
409
500
655
416
455
130
447
598
616
452
495
779
991
741
617
315
31
718
344
623
89
572
526
576
992
333
804
492
907
966
187
753
220
228
373
271
654
727
644
842
309
402
118
43
446
607
385
305
105
358
453
523
136
261
538
311
192
899
785
263
48
758
423
44
213
928
766
80
771
850
905
103
673
686
627
449
294
733
641
961
102
382
28
606
410
310
484
561
218
888
687
251
234
821
273
861
349
472
825
877
780
914
824
462
200
993
23
269
625
140
179
184
97
247
725
67
885
650
904
910
364
316
54
374
807
96
93
541
605
729
742
496
682
763
879
567
524
752
303
775
113
300
380
630
176
37
963
177
289
178
417
199
862
292
553
642
917
816
834
454
943
751
856
795
296
301
646
120
312
794
672
337
101
738
283
406
61
705
645
757
815
886
811
675
232
42
778
647
835
592
714
211
64
365
189
153
610
855
881
224
948
321
481
869
467
800
62
88
395
657
302
329
925
194
978
734
975
15
171
796
684