973
3
114
438
110
826 884 853 806 818 849 875 830 852 894 878 848 891 829 889 866 845 880 892 839 851 823 871 813 836 822 805 882 846 874 897 898 820 872 828 883 868 844 890 887 809 837 858 817
873
913 983 934 989 971 920 979 944 956 959 968 938 929 974 960 996 903 908 921 940 964 981 972 901 939 936 995 988 912 958 926 965 962 984 906 986 985 982 911 902 949 924 931
225 256 217 250 278 236 219 277 282 208 284 275 291 266 299 210 246 298 249 242 293 280 229 262 288 258 204 207 203 245 221 272 237 222 235 227 252 238 253
149
746
134 163 183 124 126 174 150 119 106 167 154 185 104 162 161 116 147 133 169 131 125 141 166 155 115 132 135 160 112 138 148 195 109 143 165 127 144 157 173
670
802
954
482 404 445 494 464 490 424 491 466 426 442 485 419 478 479 425 435 422 498 465 499 427 448 459 457 460 489 480 430 468 470 473 437 476 441 405 439 428 475 456 434 420 487 483 486 414 401 474 433 431 415 403
506 549 508 529 570 599 505 589 595 559 544 596 543 578 532 577 509 571 590 537 516 557 545 512 531 594 536 591 566 579 521 518 582 560 517 586 530 580 588 542 574 534 563 556 511 540 554 593 525 584
8
327 393 392 351 343 367 356 361 390 338 330 366 346 394 379 340 389 350 396 334 314 345 398 360 353 324 323 326 342 317 332 359 388 307 363 375 381 341 369 357 339 354
994
941
264
548
665
71
17
703
919
709
651
950
803
99
895
720 728 702 783 704 744 772 765 767 791 721 768 731 735 749 762 701 773 761 769 799 756 755 736 722 782 732 760 774 787 715 788 776 740 781 784 717 739 786 743
206
128
915
469
313
922
33
386
668
676
708
322
833
285
612
629 615 622 671 631 662 637 601 691 663 632 658 659 614 674 699 635 697 643 660 628 669 620 695 633 640 677 666 649 681 667 661 692 698 636 678
90
801
281
152
223
747
111
564
56
230
319
932
611
139
347
719
202
421
832
21 27 7 82 98 9 25 66 75 87 46 36 55 2 38 24 20 26 63 95 32 14 76 72 92 12 4 81 73 0 57 50 40 49 18 79 22 29 74
377
679
51
503
418
694
865
336
793
355
39
304
151
471
656
123
295
231
689
812
146
168
458
957
384
507
562
497
621
239
515
810
100
444
970
867
91
52
248
619
254
1
987
585
710
918
129
587
145
180
552
565
724
286
287
831
700
685
268
706
716
368
391
916
597
680
159
726
504
436
488
648
770
863
827
108
583
274
653
764
693
860
86
808
838
711
933
745
777
999
370
142
893
196
260
930
240
520
608
216
790
857
980
172
429
137
947
397
318
35
814
259
83
609
748
320
854
107
30
639
683
308
212
226
477
279
514
164
16
193
47
265
613
602
190
461
70
371
122
797
955
306
11
209
573
34
158
759
197
215
568
348
864
191
550
754
750
819
362
53
399
383
547
186
255
6
937
325
290
737
581
951
198
84
60
5
664
378
707
528
551
65
935
634
792
78
998
690
967
276
117
527
688
205
841
41
502
604
909
241
522
463
270
352
501
13
412
952
156
233
923
182
618
432
519
214
45
870
243
696
413
493
847
896
990
407
555
181
953
539
569
19
451
513
59
789
723
58
257
942
859
900
372
730
840
713
376
575
558
400
297
244
533
450
510
638
440
535
626
876
946
331
997
387
600
408
335
624
927
652
94
976
798
121
77
411
188
10
443
85
843
267
68
969
328
175
201
546
945
977
603
170
69
409
500
655
416
455
130
447
598
616
452
495
779
991
741
617
315
31
718
344
623
89
572
526
576
992
333
804
492
907
966
187
753
220
228
373
271
654
727
644
842
309
402
118
43
446
607
385
305
105
358
453
523
136
261
538
311
192
899
785
263
48
758
423
44
213
928
712
766
80
771
850
905
103
673
686
627
449
294
733
641
961
102
382
28
606
410
310
484
561
218
888
687
251
234
821
273
861
349
472
825
877
780
914
824
462
200
993
23
269
625
140
179
184
97
247
725
67
885
650
904
910
364
316
54
374
807
96
93
541
605
729
742
496
682
763
879
567
524
752
303
775
113
300
380
630
176
37
963
177
289
178
417
199
862
292
553
642
917
816
834
454
943
751
856
795
296
301
646
120
312
794
672
337
101
738
283
406
61
705
645
757
815
886
811
675
232
42
778
647
835
592
714
211
64
365
189
153
610
855
881
224
948
321
481
869
467
800
62
88
395
657
302
329
925
194
978
734
975
15
171
796
684