973
3
114
438
110
884 830 897 889 871 852 837 868 866 882 836 853 878 848 858 805 898 820 883 892 890 817 844 822 813 818 887 829 828 891 846 875 894 809 874 839 823 845 826 806 849 851 880 872
873
983 938 968 982 931 996 901 920 912 944 913 981 960 986 974 939 995 959 962 903 929 940 965 911 956 971 979 924 958 984 972 989 985 988 908 921 934 902 926 906 964 949 936
291 219 210 204 278 298 252 221 246 282 256 299 225 235 207 280 288 237 258 253 227 217 275 249 208 229 284 238 272 262 293 242 203 245 250 222 277 266 236
149
746
157 131 109 166 195 116 160 115 169 163 135 119 147 185 112 126 132 144 134 138 173 125 104 165 183 127 106 155 124 162 154 141 150 167 161 133 143 148 174
670
802
954
434 420 498 430 470 433 457 475 437 483 473 468 464 460 499 431 487 428 476 427 479 478 465 466 415 494 491 448 426 424 425 482 490 480 404 459 445 489 486 414 456 485 441 405 439 422 435 419 474 403 442
574 590 599 591 556 518 517 537 580 521 505 534 554 506 532 508 594 516 511 540 566 595 545 536 582 579 559 529 509 589 584 571 542 512 543 586 557 578 563 544 525 588 577 530 596 531 593 570 560 549
8
345 356 332 396 334 346 323 317 363 388 314 350 353 379 326 307 369 339 381 367 359 351 393 354 389 338 398 357 343 342 327 324 340 366 341 394 392 375 361 390 360 330
994
941
264
548
665
71
17
703
919
709
651
950
803
99
895
731 781 755 728 721 769 739 773 767 787 720 722 765 784 704 760 776 762 761 736 772 774 791 783 799 786 743 702 740 749 788 756 701 744 732 768 717 735 782 715
206
128
915
469
313
922
33
386
668
676
708
322
833
285
612
667 622 671 691 677 637 692 674 631 643 697 620 601 662 615 659 663 614 699 636 635 628 669 681 698 661 633 678 640 695 658 660 629 649 632 666
90
801
281
152
223
747
111
564
56
230
319
932
611
139
347
719
202
421
832
81 27 66 18 87 26 7 92 36 2 29 79 21 32 57 0 14 12 40 98 73 22 9 38 72 25 63 76 75 95 4 50 74 82 55 49 20 46 24
377
679
51
503
418
694
865
336
793
355
39
304
151
471
656
123
295
231
689
812
146
168
458
957
384
507
562
497
621
239
515
810
100
444
970
867
91
52
248
619
254
1
987
585
710
918
129
587
145
180
552
565
724
286
287
831
700
685
268
706
716
368
391
916
597
680
159
726
504
436
488
648
770
863
827
108
583
274
653
764
693
860
86
808
838
711
933
745
777
999
370
142
893
196
260
930
240
520
608
216
790
857
980
172
429
137
947
397
318
35
814
259
83
609
748
320
854
107
30
639
683
308
212
226
477
279
514
164
16
193
47
265
613
602
190
461
70
371
122
797
955
306
11
209
573
34
158
759
197
215
568
348
864
191
550
754
750
819
362
53
399
383
547
186
255
6
937
325
290
737
581
951
198
84
60
5
664
378
707
528
551
65
935
634
792
78
998
690
967
276
117
527
688
205
841
41
502
604
909
241
522
463
270
352
501
13
412
952
156
233
923
182
618
432
519
214
45
870
243
696
413
493
847
896
990
407
555
181
953
539
569
19
451
513
59
789
723
58
257
942
859
900
372
730
840
713
376
575
558
400
297
244
533
450
510
638
440
535
626
876
946
331
997
387
600
408
335
624
927
652
94
976
798
121
77
411
188
10
443
85
843
267
68
969
328
175
201
546
945
977
603
170
69
409
500
655
416
455
130
447
598
616
452
495
779
991
741
617
315
31
718
344
623
89
572
526
576
992
333
804
492
907
966
187
753
220
228
373
271
654
727
644
842
309
402
118
43
446
607
385
305
105
358
453
523
136
261
538
311
192
899
785
263
48
758
423
44
213
401
928
712
766
80
771
850
905
103
673
686
627
449
294
733
641
961
102
382
28
606
410
310
484
561
218
888
687
251
234
821
273
861
349
472
825
877
780
914
824
462
200
993
23
269
625
140
179
184
97
247
725
67
885
650
904
910
364
316
54
374
807
96
93
541
605
729
742
496
682
763
879
567
524
752
303
775
113
300
380
630
176
37
963
177
289
178
417
199
862
292
553
642
917
816
834
454
943
751
856
795
296
301
646
120
312
794
672
337
101
738
283
406
61
705
645
757
815
886
811
675
232
42
778
647
835
592
714
211
64
365
189
153
610
855
881
224
948
321
481
869
467
800
62
88
395
657
302
329
925
194
978
734
975
15
171
796
684