973
3
114
438
110
828 887 897 880 813 829 868 874 871 851 839 817 806 822 805 878 891 889 892 858 818 883 852 882 875 844 872 837 820 845 853 898 826 894 849 836 866 890 846 823 830 848 884 809
873
949 958 972 968 983 944 926 974 936 959 934 903 924 940 986 979 902 982 981 984 956 971 962 988 960 906 939 995 996 913 908 985 911 989 912 938 929 965 920 964 901 931 921
207 204 217 298 278 275 262 293 252 253 236 227 266 258 210 235 208 237 272 256 288 284 222 238 225 203 299 249 250 280 221 291 219 277 282 245 246 242 229
149
746
106 148 119 126 155 167 115 134 173 144 157 147 127 195 174 183 160 143 132 166 138 185 169 135 154 161 131 125 162 112 165 104 150 124 141 109 133 163 116
670
802
954
498 457 494 491 437 435 420 466 431 474 442 426 427 456 479 483 485 489 473 405 475 430 441 499 403 490 459 445 486 476 465 487 424 425 415 470 482 414 448 422 419 480 434 439 404 460 478 464 433 428 468
593 570 582 589 590 549 540 508 557 537 518 563 588 532 586 559 534 542 529 530 584 545 536 531 594 591 595 599 578 580 506 505 596 579 577 556 521 554 525 509 516 543 560 566 517 571 574 511 512
8
394 354 340 332 381 367 375 350 342 360 392 389 361 330 345 359 351 369 388 341 396 324 379 317 343 307 327 353 398 338 393 357 366 334 390 323 346 339 326 314 356 363
994
941
264
548
665
71
17
703
919
709
651
950
803
99
895
755 749 731 701 744 762 736 788 791 781 782 732 768 728 743 756 702 720 799 704 787 767 783 735 740 761 774 721 722 715 772 784 739 760 773 776 786 765 769 717
206
128
915
469
313
922
33
386
668
676
708
322
833
285
612
698 695 649 640 661 658 659 633 691 629 601 663 622 637 677 632 681 692 614 674 669 667 620 628 666 671 635 631 643 699 660 636 697 662 615 678
90
801
281
152
223
747
111
564
56
230
319
932
611
139
347
719
202
421
832
14 38 72 82 25 66 50 55 0 75 32 87 74 12 26 21 40 95 79 92 81 29 18 98 2 27 20 73 9 4 7 63 76 46 22 36 49 24 57
377
679
51
503
418
694
865
336
793
355
39
304
151
471
656
123
295
231
689
812
146
168
458
957
384
507
562
497
621
239
515
810
100
444
970
867
91
52
248
619
254
1
987
585
710
918
129
587
145
180
552
565
724
286
287
831
700
685
268
706
716
368
391
916
597
680
159
726
504
436
488
648
770
863
827
108
583
274
653
764
693
860
86
808
838
711
933
745
777
999
370
142
893
196
260
930
240
520
608
216
790
857
980
172
429
137
947
397
318
35
814
259
83
609
748
320
854
107
30
639
683
308
212
226
477
279
514
164
16
193
47
265
613
602
190
461
70
371
122
797
955
306
11
209
573
34
158
759
197
215
568
348
864
191
550
754
750
819
362
53
399
383
547
186
255
6
937
325
290
737
581
951
198
84
60
5
664
378
707
528
551
65
935
634
792
78
998
690
967
276
117
527
688
205
841
41
502
604
909
241
522
463
270
352
501
13
412
952
156
233
923
182
618
432
519
214
45
870
243
696
413
493
847
896
990
407
555
181
953
539
569
19
451
513
59
789
723
58
257
942
859
900
372
730
840
713
376
575
558
400
297
244
544
533
450
510
638
440
535
626
876
946
331
997
387
600
408
335
624
927
652
94
976
798
121
77
411
188
10
443
85
843
267
68
969
328
175
201
546
945
977
603
170
69
409
500
655
416
455
130
447
598
616
452
495
779
991
741
617
315
31
718
344
623
89
572
526
576
992
333
804
492
907
966
187
753
220
228
373
271
654
727
644
842
309
402
118
43
446
607
385
305
105
358
453
523
136
261
538
311
192
899
785
263
48
758
423
44
213
401
928
712
766
80
771
850
905
103
673
686
627
449
294
733
641
961
102
382
28
606
410
310
484
561
218
888
687
251
234
821
273
861
349
472
825
877
780
914
824
462
200
993
23
269
625
140
179
184
97
247
725
67
885
650
904
910
364
316
54
374
807
96
93
541
605
729
742
496
682
763
879
567
524
752
303
775
113
300
380
630
176
37
963
177
289
178
417
199
862
292
553
642
917
816
834
454
943
751
856
795
296
301
646
120
312
794
672
337
101
738
283
406
61
705
645
757
815
886
811
675
232
42
778
647
835
592
714
211
64
365
189
153
610
855
881
224
948
321
481
869
467
800
62
88
395
657
302
329
925
194
978
734
975
15
171
796
684