973
3
114
438
110
829 878 809 882 822 820 871 849 846 828 894 887 805 883 823 830 891 889 836 813 845 817 826 806 892 852 872 853 858 880 851 837 866 818 890 884 875 874 898 844 848 839 897
873
962 974 902 913 960 986 912 996 936 985 938 968 920 926 921 971 989 956 903 949 944 964 958 934 983 988 984 965 911 929 995 972 931 906 939 982 908 959 981 924 940 901 979
236 242 258 284 288 207 204 280 222 275 256 282 299 272 253 238 278 208 291 246 217 266 203 221 250 227 235 293 277 298 237 229 252 210 225 219 245 249 262
149
746
167 157 166 183 173 115 133 165 143 116 195 150 169 125 124 132 126 109 134 162 160 106 155 147 127 144 104 112 141 135 119 154 185 163 131 138 161 148 174
670
802
954
427 498 482 434 456 437 468 428 442 470 426 479 480 433 425 466 487 474 448 460 422 405 476 441 435 439 424 475 485 457 465 464 491 499 414 459 473 478 415 494 483 431 489 490 404 445 419 486 420 430 403
574 590 559 570 549 511 531 566 594 542 596 534 589 579 588 563 537 560 586 530 557 556 599 580 540 554 518 593 508 591 525 543 512 582 584 506 505 577 521 578 529 517 595 536 571 545 516 509 532
8
334 353 398 393 346 369 392 379 330 356 394 381 307 396 351 354 360 341 357 363 332 314 324 350 342 327 343 326 338 361 345 389 388 390 323 367 339 366 375 317 340 359
994
941
264
548
665
71
17
703
919
709
651
950
803
99
895
744 767 776 783 781 787 769 782 765 761 732 721 728 720 722 739 715 755 740 731 799 786 788 791 736 762 768 743 701 749 702 756 772 773 774 760 717 784 735 704
206
128
915
469
313
922
33
386
868
668
676
708
322
833
285
612
699 637 615 628 636 692 649 678 677 697 601 662 633 658 629 674 622 632 681 631 695 635 667 663 671 666 691 698 661 640 659 620 643 669 614 660
90
801
281
152
223
747
111
564
56
230
319
932
611
139
347
719
202
421
832
74 27 40 21 95 18 57 22 92 7 24 49 26 55 79 81 46 2 98 63 4 9 73 36 0 29 14 76 38 72 32 20 50 25 66 75 12 82 87
377
679
51
503
418
694
865
336
793
355
39
304
151
471
656
123
295
231
689
812
146
168
458
957
384
507
562
497
621
239
515
810
100
444
970
867
91
52
248
619
254
1
987
585
710
918
129
587
145
180
552
565
724
286
287
831
700
685
268
706
716
368
391
916
597
680
159
726
504
436
488
648
770
863
827
108
583
274
653
764
693
860
86
808
838
711
933
745
777
999
370
142
893
196
260
930
240
520
608
216
790
857
980
172
429
137
947
397
318
35
814
259
83
609
748
320
854
107
30
639
683
308
212
226
477
279
514
164
16
193
47
265
613
602
190
461
70
371
122
797
955
306
11
209
573
34
158
759
197
215
568
348
864
191
550
754
750
819
362
53
399
383
547
186
255
6
937
325
290
737
581
951
198
84
60
5
664
378
707
528
551
65
935
634
792
78
998
690
967
276
117
527
688
205
841
41
502
604
909
241
522
463
270
352
501
13
412
952
156
233
923
182
618
432
519
214
45
870
243
696
413
493
847
896
990
407
555
181
953
539
569
19
451
513
59
789
723
58
257
942
859
900
372
730
840
713
376
575
558
400
297
244
544
533
450
510
638
440
535
626
876
946
331
997
387
600
408
335
624
927
652
94
976
798
121
77
411
188
10
443
85
843
267
68
969
328
175
201
546
945
977
603
170
69
409
500
655
416
455
130
447
598
616
452
495
779
991
741
617
315
31
718
344
623
89
572
526
576
992
333
804
492
907
966
187
753
220
228
373
271
654
727
644
842
309
402
118
43
446
607
385
305
105
358
453
523
136
261
538
311
192
899
785
263
48
758
423
44
213
401
928
712
766
80
771
850
905
103
673
686
627
449
294
733
641
961
102
382
28
606
410
310
484
561
218
888
687
251
234
821
273
861
349
472
825
877
780
914
824
462
200
993
23
269
625
140
179
184
97
247
725
67
885
650
904
910
364
316
54
374
807
96
93
541
605
729
742
496
682
763
879
567
524
752
303
775
113
300
380
630
176
37
963
177
289
178
417
199
862
292
553
642
917
816
834
454
943
751
856
795
296
301
646
120
312
794
672
337
101
738
283
406
61
705
645
757
815
886
811
675
232
42
778
647
835
592
714
211
64
365
189
153
610
855
881
224
948
321
481
869
467
800
62
88
395
657
302
329
925
194
978
734
975
15
171
796
684