907 905 953 916 987 952 941 925 947 979 974 909 918 904 999 989 930 910 903 946 978 939 960 969 994 986 973 923 901 964 932 956 936 950 985 921 908 968 961 942 967 963 915 934 962 913 935 975 991 926 977 943 929 911 919 983 927 971 945 958 993 951 996 990 976 995 920 997 981 924 992 931 959 988 928 944 955 972 906 922 938 937 949 980 912 902 984 965 917 966 998 914 940 982 954
74 22 98 78 68 53 33 8 38 67 32 64 46 43 30 61 83 24 3 47 76 42 95 37 71 52 48 87 20 91 19 80 14 26 65 18 86 4 39 94 59 36 49 82 31 88 90 35 72 0 23 96 10 62 15 54 7 60 12 92 84 85 73 77 28 34 51 56 75 45 44 97 29 16 79 2 58 81 25 40 13 41 69 89 66 9 21 55 6 17 27 50 57 63 99 11
195 140 109 145 120 138 104 171 175 193 157 105 124 132 147 135 199 169 156 183 114 144 116 149 111 102 186 198 185 181 184 178 139 188 122 126 136 187 177 160 141 197 166 106 168 143 127 190 130 162 154 131 180 142 152 164 112 161 118 108 119 103 115 176 110 155 163 146 133 153 134 148 174 182 113 170 167 194 150 117 128 137 121 192 123 179 165 125 196 172 173
476 439 479 466 463 451 401 493 414 489 453 478 450 423 483 452 430 429 434 477 403 402 428 404 459 490 413 471 442 458 464 457 496 417 454 484 443 468 460 472 437 480 474 410 440 419 431 488 494 473 475 470 499 424 482 467 407 465 409 455 441 461 495 446 426 481 415 445 425 491 420 485 411 416 449 448 487 492 469 412 456 427 433 432 486 444 497 405 422 406 447 435 436 438 408 462 498
858 841 842 888 838 847 815 859 824 879 875 821 869 850 893 898 835 808 892 871 862 832 817 814 854 887 843 872 806 894 896 809 840 891 826 819 828 825 812 813 884 874 870 880 822 846 885 864 827 897 820 852 849 878 883 823 834 860 876 818 804 851 845 831 837 863 807 873 865 805 867 803 848 857 800 855 811 895 839 868 882 836 833 816 829 810 890 899 861 881 866 877 889 853 830 844 886
251 250 283 206 287 252 288 274 200 238 213 297 225 208 219 294 210 269 265 292 207 268 276 209 237 242 286 233 240 261 224 284 262 275 296 231 266 267 249 204 226 279 246 289 214 212 272 222 234 223 216 229 282 236 221 257 255 248 228 253 245 217 256 241 278 258 247 205 295 239 211 293 298 270 281 244 202 230 291 232 290 218 263 299 203 243 280 227 259 277 285 273 254 235
735 798 724 769 749 745 786 708 712 704 733 744 796 787 799 762 785 755 713 797 725 753 758 782 741 750 747 760 773 794 791 768 781 707 740 783 732 729 774 717 777 776 793 716 751 715 779 718 780 765 720 761 730 792 778 739 772 714 743 752 719 702 736 756 770 788 731 763 775 748 722 784 703 771 721 790 738 728 737 754 701 767 759 746 757 711 723 705 734 742 710 709 795 764 766
636 694 638 692 625 697 695 611 616 609 648 635 646 633 605 643 640 661 652 698 641 612 686 681 660 658 653 690 618 604 634 615 627 637 676 628 668 682 644 645 665 650 685 670 663 691 608 683 673 622 647 659 656 617 603 693 662 631 680 629 666 678 601 655 657 677 602 649 669 621 613 675 696 687 614 689 671 630 679 624 667 639 654 664 674 699 626 651 632 642 607 684 688 620 672
802
526 553 596 528 534 510 551 575 511 576 540 546 527 578 520 544 537 555 538 542 591 543 536 521 579 583 501 557 598 507 531 513 514 577 502 593 560 566 512 584 595 532 582 587 571 516 594 503 523 525 554 564 561 535 563 556 504 550 568 585 530 599 518 562 569 580 517 558 515 533 565 586 547 597 559 552 509 545 589 539 529 524 574 549 541 508 573 588 522 590 519 505 567 506 570 581
362 344 338 341 365 331 391 302 394 357 399 312 300 350 348 329 367 318 360 314 305 354 342 370 384 395 330 304 339 311 343 319 317 387 363 389 379 347 321 364 320 327 334 380 390 375 393 322 377 335 351 349 324 332 369 328 356 323 353 368 382 346 371 359 336 383 388 340 325 355 333 358 381 345 386 398 385 396 308 315 366 337 372 307 392 378 309 303 313 306 352 361 326 397 310 376
264
548
801
421
418
151
957
100
970
619
1
129
700
706
159
726
933
260
107
70
158
215
191
5
789
900
400
600
201
500
623
572
220
373
271
727
606
316
374
93
856
301
101
592
189
610
948