973
3
114
438
110
851 845 875 853 892 818 846 890 894 871 872 844 874 897 880 866 805 806 836 898 839 813 809 837 820 849 878 887 829 889 826 882 828 817 883 852 858 830 884 822 823 848 891
873
901 979 939 971 938 958 959 908 956 995 962 989 981 913 926 931 984 920 974 912 902 921 972 903 965 985 964 924 911 934 988 986 940 982 983 929 936 968 906 949 960 996 944
242 250 221 246 298 284 225 258 237 208 217 219 288 262 277 278 227 272 266 299 207 210 275 204 229 245 280 252 222 238 249 203 235 293 291 253 282 256 236
149
746
112 126 173 124 143 157 134 169 195 119 125 144 154 127 150 133 131 135 106 148 109 138 104 185 162 163 166 160 116 165 155 132 174 141 161 167 183 147 115
670
802
954
431 485 435 414 494 473 404 441 430 466 489 476 474 427 475 405 457 478 499 445 465 498 437 433 439 428 420 460 468 442 448 479 415 491 486 464 490 482 470 487 425 483 456 426 480 422 459 424 419 403 434
525 512 589 595 532 560 591 590 554 582 536 530 593 509 571 574 517 537 543 505 566 518 529 586 580 531 594 556 511 588 540 584 579 596 506 559 570 563 542 549 516 599 521 534 508 557 545 578 577
8
340 327 390 359 350 341 369 324 389 342 366 388 354 334 398 360 393 330 394 307 339 375 392 357 338 379 346 345 353 361 326 323 332 363 343 351 367 356 314 396 317 381
994
941
264
548
665
71
17
703
919
709
651
950
803
99
895
735 765 787 782 731 756 767 791 739 717 760 768 761 783 799 728 702 743 720 774 740 736 701 784 755 721 704 744 786 776 722 788 781 762 769 732 772 749 715 773
206
128
915
469
313
922
33
386
868
668
676
708
322
833
285
612
631 699 636 666 661 692 698 629 632 671 660 667 674 658 643 663 620 662 677 615 681 697 659 622 640 633 637 691 669 635 601 649 678 614 628 695
90
801
281
152
223
747
111
564
56
230
319
932
611
139
347
719
202
421
832
18 66 81 95 9 38 20 74 98 79 22 49 24 57 82 63 72 0 26 92 4 46 76 40 25 50 55 32 2 12 87 73 21 29 14 7 27 36
377
679
51
503
418
694
865
336
793
355
39
304
151
471
656
123
295
231
689
812
146
168
458
957
384
507
562
497
621
239
515
810
100
444
970
867
91
52
248
619
254
1
987
585
710
918
129
587
145
180
552
565
724
286
287
831
700
685
268
706
716
368
391
916
597
680
159
726
504
436
488
648
770
863
827
108
583
274
653
764
693
860
86
808
838
711
933
745
777
999
370
142
893
196
260
930
240
520
608
216
790
857
980
172
429
137
947
397
318
35
814
259
83
609
748
320
854
107
30
639
683
308
212
226
477
279
514
164
16
193
47
265
613
602
190
461
70
371
122
797
955
306
11
209
573
34
158
759
197
215
568
348
864
191
550
754
750
819
362
53
399
383
547
186
255
6
937
325
290
737
581
951
198
84
60
5
664
378
707
528
551
65
935
634
792
78
998
690
967
276
117
527
688
205
841
41
502
604
909
241
522
463
270
352
501
13
412
952
156
233
923
182
618
432
519
214
45
870
243
696
413
493
847
896
990
407
555
181
953
539
569
19
451
513
75
59
789
723
58
257
942
859
900
372
730
840
713
376
575
558
400
297
244
544
533
450
510
638
440
535
626
876
946
331
997
387
600
408
335
624
927
652
94
976
798
121
77
411
188
10
443
85
843
267
68
969
328
175
201
546
945
977
603
170
69
409
500
655
416
455
130
447
598
616
452
495
779
991
741
617
315
31
718
344
623
89
572
526
576
992
333
804
492
907
966
187
753
220
228
373
271
654
727
644
842
309
402
118
43
446
607
385
305
105
358
453
523
136
261
538
311
192
899
785
263
48
758
423
44
213
401
928
712
766
80
771
850
905
103
673
686
627
449
294
733
641
961
102
382
28
606
410
310
484
561
218
888
687
251
234
821
273
861
349
472
825
877
780
914
824
462
200
993
23
269
625
140
179
184
97
247
725
67
885
650
904
910
364
316
54
374
807
96
93
541
605
729
742
496
682
763
879
567
524
752
303
775
113
300
380
630
176
37
963
177
289
178
417
199
862
292
553
642
917
816
834
454
943
751
856
795
296
301
646
120
312
794
672
337
101
738
283
406
61
705
645
757
815
886
811
675
232
42
778
647
835
592
714
211
64
365
189
153
610
855
881
224
948
321
481
869
467
800
62
88
395
657
302
329
925
194
978
734
975
15
171
796
684