973
3
114
438
110
817 830 845 813 898 828 874 871 875 846 805 826 836 884 818 823 844 837 892 849 852 894 890 878 872 866 809 851 883 853 882 829 891 822 887 889 848 806 839 858 897 820 880
873
936 901 958 983 940 971 968 981 949 931 908 959 921 995 939 912 984 926 988 934 985 902 986 920 989 913 911 944 938 972 929 906 956 964 979 903 996 974 965 924 960 962 982
272 237 203 217 278 293 235 266 236 250 219 208 256 222 225 291 227 249 262 277 282 275 242 298 252 299 210 238 246 288 280 245 258 284 229 204 207 253 221
149
746
174 135 167 160 163 109 124 141 131 169 155 132 144 154 173 161 138 115 165 126 116 147 150 104 183 148 127 185 134 125 133 166 119 162 195 157 112 106 143
670
802
954
464 468 435 494 460 427 434 430 431 404 480 485 474 457 428 490 459 415 478 433 419 498 479 424 491 420 422 456 487 442 445 486 425 466 403 448 475 499 476 405 483 426 437 473 489 465 482 414 439 441 470
540 521 557 554 584 578 593 508 529 588 574 563 543 542 594 531 566 517 596 591 506 559 505 545 549 532 525 534 590 560 530 511 599 582 509 556 577 586 595 537 571 512 580 589 570 579 516 536
8
340 314 350 359 363 307 356 341 338 394 396 389 326 327 330 334 393 351 388 360 323 345 381 357 398 392 353 379 367 343 332 375 361 366 342 369 354 339 346 317 390 324
994
941
264
548
665
71
17
703
919
709
651
950
803
99
895
739 704 784 702 786 776 791 781 722 731 782 728 743 756 765 761 774 772 769 736 740 767 721 799 717 773 735 744 762 715 720 755 783 787 768 749 788 701 760 732
206
128
915
469
313
922
33
386
868
668
676
708
322
833
285
612
636 643 678 628 699 661 674 692 635 697 629 631 640 614 649 677 698 666 660 633 632 659 667 695 671 662 681 691 601 620 615 637 658 622 663 669
90
801
281
152
223
747
111
564
56
230
319
932
611
139
347
719
202
421
832
26 92 57 46 24 22 36 55 73 87 38 21 81 76 4 27 50 7 18 49 2 72 98 0 14 40 25 29 66 20 12 79 63 82 9 74 32 95
377
679
51
503
418
694
865
336
793
355
39
304
151
471
656
123
295
231
689
812
146
168
458
957
384
507
562
497
621
239
515
810
100
444
970
867
91
52
248
619
254
1
987
585
710
918
129
587
145
180
552
565
724
286
287
831
700
685
268
706
716
368
391
916
597
680
159
726
504
436
488
648
770
863
827
108
583
274
653
764
693
860
86
808
838
711
933
745
777
999
370
142
893
196
260
930
240
520
608
216
790
857
980
172
429
137
947
397
318
35
814
259
83
609
748
320
854
107
30
639
683
308
212
226
477
279
514
164
16
193
47
265
613
602
190
461
70
371
122
797
955
306
11
209
573
34
158
759
197
215
568
348
864
191
550
754
750
819
362
53
399
383
547
186
255
6
937
325
290
737
581
951
198
84
60
5
664
378
707
528
551
65
935
634
792
78
998
690
967
276
117
527
688
205
841
41
502
604
909
241
522
463
270
518
352
501
13
412
952
156
233
923
182
618
432
519
214
45
870
243
696
413
493
847
896
990
407
555
181
953
539
569
19
451
513
75
59
789
723
58
257
942
859
900
372
730
840
713
376
575
558
400
297
244
544
533
450
510
638
440
535
626
876
946
331
997
387
600
408
335
624
927
652
94
976
798
121
77
411
188
10
443
85
843
267
68
969
328
175
201
546
945
977
603
170
69
409
500
655
416
455
130
447
598
616
452
495
779
991
741
617
315
31
718
344
623
89
572
526
576
992
333
804
492
907
966
187
753
220
228
373
271
654
727
644
842
309
402
118
43
446
607
385
305
105
358
453
523
136
261
538
311
192
899
785
263
48
758
423
44
213
401
928
712
766
80
771
850
905
103
673
686
627
449
294
733
641
961
102
382
28
606
410
310
484
561
218
888
687
251
234
821
273
861
349
472
825
877
780
914
824
462
200
993
23
269
625
140
179
184
97
247
725
67
885
650
904
910
364
316
54
374
807
96
93
541
605
729
742
496
682
763
879
567
524
752
303
775
113
300
380
630
176
37
963
177
289
178
417
199
862
292
553
642
917
816
834
454
943
751
856
795
296
301
646
120
312
794
672
337
101
738
283
406
61
705
645
757
815
886
811
675
232
42
778
647
835
592
714
211
64
365
189
153
610
855
881
224
948
321
481
869
467
800
62
88
395
657
302
329
925
194
978
734
975
15
171
796
684