973
3
114
438
110
822 871 849 805 823 891 817 853 809 878 882 892 890 828 848 837 852 846 829 826 820 897 880 845 872 844 898 839 894 889 830 884 818 875 887 874 858 866 851 806 883 836 813
873
971 934 931 965 972 936 958 959 913 985 988 901 912 982 968 908 949 938 921 983 903 962 924 926 960 984 995 911 920 956 986 939 989 940 964 974 981 929 902 944 996 906 979
221 235 282 284 280 262 258 288 252 298 278 250 227 204 293 256 237 203 210 225 299 266 272 275 245 229 217 242 207 246 253 208 219 238 291 277 222 249 236
149
746
132 163 109 126 124 112 104 169 138 174 131 133 157 135 162 127 148 161 195 115 167 106 125 141 144 185 160 116 143 155 150 134 119 147 154 173 165 183 166
670
802
954
466 499 424 494 464 419 403 480 425 498 474 457 414 420 475 483 478 415 465 487 445 459 482 439 456 460 468 476 427 422 448 435 430 485 489 441 491 433 428 486 470 404 473 431 405 437 490 479 426 434 442
554 556 512 584 508 557 570 560 591 505 566 534 532 543 571 531 596 559 590 586 511 599 593 579 516 580 542 540 549 545 578 577 537 595 525 594 517 582 563 521 530 529 509 589 506 588 574 536
8
360 366 354 327 340 357 350 317 396 359 332 363 353 334 356 367 338 398 323 392 381 314 345 379 389 393 346 351 388 324 339 390 307 361 326 330 342 341 343 394 375 369
994
941
264
548
665
71
17
703
919
709
651
950
803
99
895
799 773 731 736 762 788 768 702 744 720 739 787 722 740 732 735 717 728 743 769 749 776 765 774 767 782 791 772 715 760 781 755 704 783 701 784 756 761 786
206
128
915
469
313
922
33
386
868
668
676
708
322
833
285
612
697 671 692 633 629 699 635 615 636 681 663 678 628 674 691 658 660 666 632 662 661 643 631 659 620 614 637 601 649 640 695 667 677 669 622 698
90
801
281
152
223
747
111
564
56
230
319
932
611
139
347
719
202
421
832
36 63 40 87 55 18 49 24 0 98 2 21 81 74 9 20 25 14 32 76 38 82 7 4 72 27 22 79 57 12 26 46 66 29 95 92 73 50
377
679
51
503
418
721
694
865
336
793
355
39
304
151
471
656
123
295
231
689
812
146
168
458
957
384
507
562
497
621
239
515
810
100
444
970
867
91
52
248
619
254
1
987
585
710
918
129
587
145
180
552
565
724
286
287
831
700
685
268
706
716
368
391
916
597
680
159
726
504
436
488
648
770
863
827
108
583
274
653
764
693
860
86
808
838
711
933
745
777
999
370
142
893
196
260
930
240
520
608
216
790
857
980
172
429
137
947
397
318
35
814
259
83
609
748
320
854
107
30
639
683
308
212
226
477
279
514
164
16
193
47
265
613
602
190
461
70
371
122
797
955
306
11
209
573
34
158
759
197
215
568
348
864
191
550
754
750
819
362
53
399
383
547
186
255
6
937
325
290
737
581
951
198
84
60
5
664
378
707
528
551
65
935
634
792
78
998
690
967
276
117
527
688
205
841
41
502
604
909
241
522
463
270
518
352
501
13
412
952
156
233
923
182
618
432
519
214
45
870
243
696
413
493
847
896
990
407
555
181
953
539
569
19
451
513
75
59
789
723
58
257
942
859
900
372
730
840
713
376
575
558
400
297
244
544
533
450
510
638
440
535
626
876
946
331
997
387
600
408
335
624
927
652
94
976
798
121
77
411
188
10
443
85
843
267
68
969
328
175
201
546
945
977
603
170
69
409
500
655
416
455
130
447
598
616
452
495
779
991
741
617
315
31
718
344
623
89
572
526
576
992
333
804
492
907
966
187
753
220
228
373
271
654
727
644
842
309
402
118
43
446
607
385
305
105
358
453
523
136
261
538
311
192
899
785
263
48
758
423
44
213
401
928
712
766
80
771
850
905
103
673
686
627
449
294
733
641
961
102
382
28
606
410
310
484
561
218
888
687
251
234
821
273
861
349
472
825
877
780
914
824
462
200
993
23
269
625
140
179
184
97
247
725
67
885
650
904
910
364
316
54
374
807
96
93
541
605
729
742
496
682
763
879
567
524
752
303
775
113
300
380
630
176
37
963
177
289
178
417
199
862
292
553
642
917
816
834
454
943
751
856
795
296
301
646
120
312
794
672
337
101
738
283
406
61
705
645
757
815
886
811
675
232
42
778
647
835
592
714
211
64
365
189
153
610
855
881
224
948
321
481
869
467
800
62
88
395
657
302
329
925
194
978
734
975
15
171
796
684