973
3
114
438
110
839 880 884 813 828 817 887 844 822 892 846 872 889 837 845 882 866 858 848 818 849 878 898 823 805 826 874 853 871 875 894 891 851 890 897 883 806 820 830 852 836 829 809
873
959 931 920 939 913 940 924 981 949 902 960 926 929 996 958 962 906 979 911 971 988 908 989 982 986 968 983 984 972 995 944 934 938 912 903 936 901 956 985 964 974 965 921
262 277 245 256 221 227 246 280 258 266 238 293 250 203 210 207 275 249 278 217 235 204 272 252 288 236 253 299 291 222 225 242 229 237 298 282 208 219 284
149
746
173 125 124 144 115 143 155 134 163 109 127 160 106 112 167 150 162 131 161 148 141 132 138 154 195 104 157 166 133 126 183 174 165 135 169 119 116 147 185
670
802
954
431 437 448 456 424 498 426 465 445 404 487 490 468 425 405 482 470 459 480 457 420 475 479 422 433 419 491 427 434 473 483 414 486 464 499 439 415 442 474 428 478 430 485 441 476 403 435 489 460 494
593 557 559 521 595 549 582 554 511 588 505 586 508 579 540 571 599 580 545 590 560 574 584 525 512 529 543 589 542 591 516 578 537 536 596 509 517 570 532 531 594 566 530 506 556 563 534 577
8
332 389 359 392 356 343 323 351 366 314 393 350 360 334 340 357 346 342 317 379 367 398 394 345 326 396 363 307 361 390 327 324 339 330 388 375 369 354 381 338 353 341
994
941
264
548
665
71
17
703
919
709
651
950
803
99
895
761 744 749 799 717 776 731 762 769 782 772 704 740 732 739 715 768 735 783 736 702 722 701 728 767 773 760 755 720 787 791 784 743 774 786 788 781 765 756
206
128
915
469
313
922
33
386
868
668
676
708
322
833
285
612
659 692 681 663 601 660 671 615 697 661 698 695 691 633 632 674 629 662 643 622 658 620 649 640 667 678 677 637 628 614 666 669 636 635 699 631
90
801
281
152
223
747
111
564
56
230
319
932
611
139
347
719
202
421
832
87 55 27 49 20 82 40 32 81 72 74 38 14 92 36 57 21 7 79 63 50 12 4 9 22 46 26 95 73 66 18 98 25 24 2 29 76 0
377
679
51
503
418
721
694
865
336
793
355
39
304
151
471
656
123
295
231
689
812
146
168
458
957
384
507
562
497
621
239
515
810
100
444
970
867
91
52
248
619
254
1
987
585
710
918
129
587
145
180
552
565
724
286
287
831
700
685
268
706
716
368
391
916
597
680
159
726
504
436
488
648
770
863
827
108
583
274
653
764
693
860
86
808
838
711
933
745
777
999
370
142
893
196
260
930
240
520
608
216
790
857
980
172
429
137
947
397
318
35
814
259
83
609
748
320
854
107
30
639
683
308
212
226
477
279
514
164
16
193
47
265
613
602
190
461
70
371
122
797
955
306
11
209
573
34
158
759
197
215
568
348
864
191
550
754
750
819
362
53
399
383
547
186
255
6
937
325
290
737
581
951
198
84
60
5
664
378
707
528
551
65
935
634
792
78
998
690
967
276
117
527
688
205
841
41
502
604
909
241
522
463
270
518
352
501
13
412
952
156
233
923
182
618
432
519
214
45
870
243
696
413
493
847
896
990
407
555
181
953
539
569
19
451
513
75
59
789
723
58
257
942
859
900
372
730
840
713
376
575
558
400
297
244
544
533
450
510
638
440
535
626
876
946
331
997
387
600
408
335
624
927
652
94
976
798
121
77
411
188
10
443
85
843
267
68
969
328
175
201
546
945
977
603
170
69
409
500
655
416
455
130
447
598
616
452
495
779
991
741
617
315
31
718
344
623
89
572
526
576
992
333
804
492
907
966
187
753
220
228
373
271
654
727
644
842
309
402
118
43
446
607
385
305
105
358
453
523
136
261
538
311
192
899
785
263
48
758
423
44
213
401
928
712
766
80
771
850
905
103
673
686
627
449
294
733
641
961
102
382
28
606
410
310
484
561
218
888
687
251
234
821
273
861
349
472
825
877
780
914
824
462
200
993
23
269
625
140
179
184
97
247
725
67
885
650
904
910
364
316
54
374
807
96
93
541
605
729
742
496
682
763
879
567
524
752
303
775
113
300
380
630
176
37
963
177
289
178
417
199
862
292
553
642
917
816
834
454
466
943
751
856
795
296
301
646
120
312
794
672
337
101
738
283
406
61
705
645
757
815
886
811
675
232
42
778
647
835
592
714
211
64
365
189
153
610
855
881
224
948
321
481
869
467
800
62
88
395
657
302
329
925
194
978
734
975
15
171
796
684