973
3
114
438
110
874 880 830 890 892 818 891 844 806 805 836 898 826 839 845 897 820 846 884 849 858 878 809 871 851 828 853 883 829 882 822 852 894 866 889 848 872 817 837 823 813 875 887
873
968 912 906 984 926 962 972 956 989 986 913 982 995 988 985 958 960 903 911 983 964 920 936 981 929 908 939 971 965 979 996 944 938 949 959 931 924 934 921 940 901 902 974
280 207 242 246 217 250 204 236 222 252 235 284 245 277 272 249 227 293 253 238 203 256 208 266 278 210 299 229 225 288 291 219 262 237 282 221 258 298 275
149
746
143 127 160 195 132 138 133 150 144 154 135 125 162 169 147 134 148 155 104 163 161 126 131 183 141 174 173 185 166 119 167 124 116 109 165 115 112 157 106
670
802
954
491 457 420 435 460 490 434 475 445 482 414 437 473 470 485 426 422 476 499 459 427 480 474 430 433 415 428 424 419 483 448 479 404 431 456 465 489 405 468 478 439 498 441 486 425 494 487 442 403 464
582 525 509 557 521 556 534 593 545 512 574 591 537 536 577 571 596 578 586 517 508 506 529 563 589 530 531 579 505 542 590 511 549 595 588 560 566 559 599 580 594 540 543 570 584 554 532
8
375 356 338 350 339 390 366 379 354 388 361 346 393 323 392 353 351 389 314 330 398 326 324 396 332 340 367 317 357 369 342 341 307 345 327 343 334 394 363 360 359 381
994
941
264
548
665
71
17
703
919
709
651
950
803
99
895
736 791 782 769 743 788 701 756 786 762 774 732 784 760 744 767 772 773 739 702 717 731 768 704 728 765 799 781 787 722 715 720 735 761 740 755 783 749 776
206
128
915
469
313
922
33
386
868
668
676
708
322
833
285
612
649 692 691 632 678 635 640 633 628 698 699 614 659 695 622 637 661 667 666 662 677 615 663 681 643 601 629 674 697 620 671 669 636 658 660 631
90
801
281
152
223
747
111
564
56
230
319
932
611
139
347
719
202
421
832
32 72 50 92 63 2 74 12 26 40 36 49 55 27 46 82 4 38 79 25 22 81 98 7 24 14 9 29 87 73 18 57 76 0 66 21 20 95
377
679
51
503
418
721
694
865
336
793
355
39
304
151
471
656
123
295
231
689
812
146
168
458
957
516
384
507
562
497
621
239
515
810
100
444
970
867
91
52
248
619
254
1
987
585
710
918
129
587
145
180
552
565
724
286
287
831
700
685
268
706
716
368
391
916
597
680
159
726
504
436
488
648
770
863
827
108
583
274
653
764
693
860
86
808
838
711
933
745
777
999
370
142
893
196
260
930
240
520
608
216
790
857
980
172
429
137
947
397
318
35
814
259
83
609
748
320
854
107
30
639
683
308
212
226
477
279
514
164
16
193
47
265
613
602
190
461
70
371
122
797
955
306
11
209
573
34
158
759
197
215
568
348
864
191
550
754
750
819
362
53
399
383
547
186
255
6
937
325
290
737
581
951
198
84
60
5
664
378
707
528
551
65
935
634
792
78
998
690
967
276
117
527
688
205
841
41
502
604
909
241
522
463
270
518
352
501
13
412
952
156
233
923
182
618
432
519
214
45
870
243
696
413
493
847
896
990
407
555
181
953
539
569
19
451
513
75
59
789
723
58
257
942
859
900
372
730
840
713
376
575
558
400
297
244
544
533
450
510
638
440
535
626
876
946
331
997
387
600
408
335
624
927
652
94
976
798
121
77
411
188
10
443
85
843
267
68
969
328
175
201
546
945
977
603
170
69
409
500
655
416
455
130
447
598
616
452
495
779
991
741
617
315
31
718
344
623
89
572
526
576
992
333
804
492
907
966
187
753
220
228
373
271
654
727
644
842
309
402
118
43
446
607
385
305
105
358
453
523
136
261
538
311
192
899
785
263
48
758
423
44
213
401
928
712
766
80
771
850
905
103
673
686
627
449
294
733
641
961
102
382
28
606
410
310
484
561
218
888
687
251
234
821
273
861
349
472
825
877
780
914
824
462
200
993
23
269
625
140
179
184
97
247
725
67
885
650
904
910
364
316
54
374
807
96
93
541
605
729
742
496
682
763
879
567
524
752
303
775
113
300
380
630
176
37
963
177
289
178
417
199
862
292
553
642
917
816
834
454
466
943
751
856
795
296
301
646
120
312
794
672
337
101
738
283
406
61
705
645
757
815
886
811
675
232
42
778
647
835
592
714
211
64
365
189
153
610
855
881
224
948
321
481
869
467
800
62
88
395
657
302
329
925
194
978
734
975
15
171
796
684