973
3
114
438
110
820 889 828 884 882 836 875 845 848 853 806 897 894 826 809 852 883 846 887 871 858 818 872 866 830 822 851 878 817 823 844 892 898 849 829 805 874 837 880 891 890 813 839
873
903 924 996 981 911 939 956 936 938 934 949 906 985 921 968 902 971 920 944 962 913 964 929 965 986 901 908 988 979 940 960 959 926 984 912 958 983 989 995 931 982 974 972
288 249 278 210 222 217 250 246 275 221 291 298 204 272 293 284 235 236 253 256 266 227 252 277 219 237 242 238 282 203 299 225 229 208 280 258 262 245 207
149
746
104 148 150 124 127 155 143 109 133 163 112 162 154 166 173 131 125 161 160 183 119 135 141 116 115 147 132 144 174 165 195 167 134 169 106 126 138 157 185
670
802
954
414 403 448 478 479 435 460 459 498 480 445 404 419 426 456 473 475 457 485 424 420 474 470 476 491 430 425 490 489 468 487 494 465 433 428 437 483 405 441 499 442 486 422 415 482 464 431 439 434
532 557 591 580 579 530 584 529 512 511 537 589 549 588 586 559 560 545 517 563 521 508 554 593 536 582 531 595 509 540 525 599 577 542 590 505 578 571 570 596 566 574 594 543 506 534 556
8
398 393 375 392 388 359 350 341 345 356 363 379 338 339 357 360 396 390 314 361 327 381 343 307 317 334 330 326 394 332 366 340 389 369 342 354 353 346 324 367 323 351
994
941
264
548
665
71
17
703
919
709
651
950
803
99
895
786 787 762 765 761 788 784 760 702 756 772 717 782 768 744 720 728 722 736 783 739 767 740 776 774 791 743 701 769 704 749 781 715 732 731 773 799 735 755
206
128
915
469
313
922
33
386
868
668
676
708
322
833
285
612
631 697 695 698 649 622 658 691 640 601 699 674 637 632 614 635 620 643 615 667 663 692 636 662 661 678 681 677 628 633 666 629 671 659 660 669
90
801
281
152
223
747
111
564
56
230
319
932
611
139
347
719
202
421
832
76 73 24 79 63 38 66 25 36 95 22 27 7 40 9 92 82 21 2 50 72 0 12 98 74 14 87 4 26 18 81 57 29 46 32 20 55 49
377
679
51
503
418
721
694
865
336
793
355
39
304
151
471
656
123
295
427
231
689
812
146
168
458
957
516
384
507
562
497
621
239
515
810
100
444
970
867
91
52
248
619
254
1
987
585
710
918
129
587
145
180
552
565
724
286
287
831
700
685
268
706
716
368
391
916
597
680
159
726
504
436
488
648
770
863
827
108
583
274
653
764
693
860
86
808
838
711
933
745
777
999
370
142
893
196
260
930
240
520
608
216
790
857
980
172
429
137
947
397
318
35
814
259
83
609
748
320
854
107
30
639
683
308
212
226
477
279
514
164
16
193
47
265
613
602
190
461
70
371
122
797
955
306
11
209
573
34
158
759
197
215
568
348
864
191
550
754
750
819
362
53
399
383
547
186
255
6
937
325
290
737
581
951
198
84
60
5
664
378
707
528
551
65
935
634
792
78
998
690
967
276
117
527
688
205
841
41
502
604
909
241
522
463
270
518
352
501
13
412
952
156
233
923
182
618
432
519
214
45
870
243
696
413
493
847
896
990
407
555
181
953
539
569
19
451
513
75
59
789
723
58
257
942
859
900
372
730
840
713
376
575
558
400
297
244
544
533
450
510
638
440
535
626
876
946
331
997
387
600
408
335
624
927
652
94
976
798
121
77
411
188
10
443
85
843
267
68
969
328
175
201
546
945
977
603
170
69
409
500
655
416
455
130
447
598
616
452
495
779
991
741
617
315
31
718
344
623
89
572
526
576
992
333
804
492
907
966
187
753
220
228
373
271
654
727
644
842
309
402
118
43
446
607
385
305
105
358
453
523
136
261
538
311
192
899
785
263
48
758
423
44
213
401
928
712
766
80
771
850
905
103
673
686
627
449
294
733
641
961
102
382
28
606
410
310
484
561
218
888
687
251
234
821
273
861
349
472
825
877
780
914
824
462
200
993
23
269
625
140
179
184
97
247
725
67
885
650
904
910
364
316
54
374
807
96
93
541
605
729
742
496
682
763
879
567
524
752
303
775
113
300
380
630
176
37
963
177
289
178
417
199
862
292
553
642
917
816
834
454
466
943
751
856
795
296
301
646
120
312
794
672
337
101
738
283
406
61
705
645
757
815
886
811
675
232
42
778
647
835
592
714
211
64
365
189
153
610
855
881
224
948
321
481
869
467
800
62
88
395
657
302
329
925
194
978
734
975
15
171
796
684