973
3
114
438
110
897 805 894 846 822 887 829 837 830 809 845 836 828 818 878 851 882 823 844 852 853 889 883 891 849 880 874 826 866 806 872 890 871 817 839 892 820 848 858 898 813 884 875
873
903 964 971 911 912 920 968 959 913 988 944 931 902 983 996 924 981 958 906 940 995 982 965 938 962 984 974 986 901 979 939 934 908 936 949 989 985 926 929 960 972 956 921
219 252 250 258 221 278 229 246 236 298 262 272 237 288 204 275 291 282 227 208 225 242 299 266 217 253 203 284 207 280 235 238 293 245 256 222 277 249 210
149
746
183 116 162 133 160 134 141 138 169 135 155 126 185 166 150 124 167 173 163 195 161 109 119 106 115 148 157 127 131 125 165 154 132 112 104 147 144 174 143
670
802
954
479 464 448 475 445 480 426 414 428 465 422 415 494 435 460 419 483 442 468 404 491 430 439 470 459 424 456 403 474 425 434 433 482 405 457 499 485 473 420 498 441 476 478 431 489 490 437 487 486
588 557 577 543 536 589 559 554 512 580 570 532 517 579 582 571 595 556 505 521 529 525 599 590 563 537 549 545 542 584 596 586 574 508 591 534 594 566 593 506 540 509 531 560 578 511 530
8
324 369 366 375 392 350 394 379 389 342 326 314 353 340 390 307 330 367 363 323 338 359 317 356 381 361 334 345 396 343 327 351 360 393 339 332 388 398 346 357 341 354
994
941
264
548
665
71
17
703
919
709
651
950
803
99
895
783 755 772 722 732 767 704 773 749 739 762 731 769 781 728 774 702 761 786 776 768 787 717 740 715 765 784 799 736 760 788 743 735 756 744 720 782 791 701
206
128
915
469
313
922
33
386
868
668
676
708
322
833
285
612
620 666 633 692 698 695 667 669 635 622 697 662 699 691 631 614 601 615 640 678 643 637 681 659 671 649 661 628 660 677 636 632 663 629 658
90
801
281
152
223
747
111
564
56
230
319
932
611
139
347
719
202
421
832
74 63 72 20 27 12 4 55 81 24 95 79 66 29 73 21 14 7 49 98 92 26 36 9 32 87 0 38 82 46 2 22 40 50 25 76 57 18
377
679
51
503
418
721
694
865
336
793
355
39
304
151
471
656
123
295
427
231
689
812
146
168
458
957
516
384
507
562
497
621
239
515
810
100
444
970
867
91
52
248
619
254
1
987
585
710
918
129
587
145
180
552
565
724
286
287
831
700
685
268
706
716
368
391
916
597
680
159
726
504
436
488
648
770
863
827
108
583
274
653
764
693
860
86
808
838
711
933
745
777
999
370
142
893
196
260
930
240
520
608
216
790
857
980
172
429
137
947
397
318
35
814
259
83
609
748
320
854
107
30
639
683
308
212
226
477
279
514
164
16
193
47
265
613
602
190
461
70
371
122
797
955
306
11
209
573
34
158
759
197
215
568
348
864
191
550
754
750
819
362
53
399
383
547
186
255
6
937
325
290
737
581
951
198
84
60
5
664
378
707
528
551
65
935
634
792
78
998
690
967
276
117
527
688
205
841
41
502
604
909
241
522
463
270
518
352
501
13
412
952
156
233
923
182
618
432
519
674
214
45
870
243
696
413
493
847
896
990
407
555
181
953
539
569
19
451
513
75
59
789
723
58
257
942
859
900
372
730
840
713
376
575
558
400
297
244
544
533
450
510
638
440
535
626
876
946
331
997
387
600
408
335
624
927
652
94
976
798
121
77
411
188
10
443
85
843
267
68
969
328
175
201
546
945
977
603
170
69
409
500
655
416
455
130
447
598
616
452
495
779
991
741
617
315
31
718
344
623
89
572
526
576
992
333
804
492
907
966
187
753
220
228
373
271
654
727
644
842
309
402
118
43
446
607
385
305
105
358
453
523
136
261
538
311
192
899
785
263
48
758
423
44
213
401
928
712
766
80
771
850
905
103
673
686
627
449
294
733
641
961
102
382
28
606
410
310
484
561
218
888
687
251
234
821
273
861
349
472
825
877
780
914
824
462
200
993
23
269
625
140
179
184
97
247
725
67
885
650
904
910
364
316
54
374
807
96
93
541
605
729
742
496
682
763
879
567
524
752
303
775
113
300
380
630
176
37
963
177
289
178
417
199
862
292
553
642
917
816
834
454
466
943
751
856
795
296
301
646
120
312
794
672
337
101
738
283
406
61
705
645
757
815
886
811
675
232
42
778
647
835
592
714
211
64
365
189
153
610
855
881
224
948
321
481
869
467
800
62
88
395
657
302
329
925
194
978
734
975
15
171
796
684