973
3
114
438
110
851 875 852 820 809 872 818 890 822 883 830 871 866 887 837 858 849 846 853 848 882 892 839 889 898 836 884 897 845 894 844 891 878 817 829 880 813 874 806 828 826 823 805
873
940 920 971 936 944 913 908 949 921 938 911 903 986 972 962 960 995 984 929 974 965 985 983 939 934 931 958 968 989 906 964 924 988 981 956 996 959 902 979 901 982 926 912
229 272 293 203 245 222 291 284 246 236 258 235 249 207 282 210 266 278 252 298 280 299 204 277 238 208 242 288 250 219 225 256 227 217 237 253 262 275
149
746
195 126 157 124 162 112 119 183 132 155 106 109 125 143 160 163 148 161 173 167 104 147 116 166 154 134 150 174 144 135 185 141 133 131 127 169 138 115 165
670
802
954
414 426 431 422 403 433 478 475 437 479 439 448 482 460 425 476 456 494 430 491 486 457 434 442 470 459 483 499 489 490 465 404 445 464 474 480 415 405 424 498 420 419 441 473 468 435 487 428 485
588 580 545 578 525 594 532 556 531 536 563 542 596 584 589 557 543 537 591 512 506 579 511 508 529 534 582 570 586 571 590 595 559 517 566 530 574 505 554 599 521 577 549 593 540 560 509
8
324 359 375 389 350 393 342 360 392 388 346 345 369 332 366 354 356 317 307 323 341 340 396 357 343 363 390 338 339 381 367 351 398 330 326 327 314 379 353 334 394 361
994
941
264
548
665
71
17
703
919
709
651
950
803
99
895
736 704 767 701 735 774 768 788 732 799 731 787 791 781 728 717 761 786 715 702 743 749 744 783 722 769 773 765 782 762 772 776 739 720 740 760 755 784 756
206
128
915
469
313
922
33
386
868
668
676
708
322
833
285
612
699 666 615 678 698 660 695 662 671 601 667 677 643 636 640 658 635 692 691 629 631 661 632 628 669 697 633 614 649 620 622 681 659 637 663
90
801
281
152
223
747
111
564
56
230
319
932
611
139
347
719
202
421
832
98 38 9 63 25 29 2 82 76 36 49 0 66 32 40 74 95 79 57 20 27 12 46 7 81 18 22 72 21 26 55 87 92 24 50 14 73 4
377
679
51
503
418
721
694
865
336
793
355
39
304
151
471
656
123
295
427
231
689
812
146
168
458
957
516
384
507
562
497
621
239
515
810
100
444
970
867
91
52
248
619
254
1
987
585
710
918
129
587
145
180
552
565
724
286
287
831
700
685
268
706
716
368
391
916
597
680
159
726
504
436
488
648
770
863
827
108
583
274
653
764
693
860
86
808
838
711
933
745
777
999
370
142
893
196
260
930
240
520
608
216
790
857
980
172
429
137
947
397
318
35
814
259
83
609
748
320
854
107
30
639
683
308
212
226
477
279
514
164
16
193
47
265
613
602
190
461
70
371
122
797
955
306
11
209
573
34
158
759
197
215
568
348
864
191
550
754
750
819
362
53
399
383
547
186
255
6
937
325
290
737
581
951
198
84
60
5
664
378
707
528
551
65
935
634
792
78
998
690
967
276
117
527
688
205
841
41
502
604
909
241
522
463
270
518
352
501
13
412
952
156
233
923
182
618
432
519
674
214
45
870
243
696
413
493
847
896
990
407
555
181
953
539
569
19
451
513
75
59
789
221
723
58
257
942
859
900
372
730
840
713
376
575
558
400
297
244
544
533
450
510
638
440
535
626
876
946
331
997
387
600
408
335
624
927
652
94
976
798
121
77
411
188
10
443
85
843
267
68
969
328
175
201
546
945
977
603
170
69
409
500
655
416
455
130
447
598
616
452
495
779
991
741
617
315
31
718
344
623
89
572
526
576
992
333
804
492
907
966
187
753
220
228
373
271
654
727
644
842
309
402
118
43
446
607
385
305
105
358
453
523
136
261
538
311
192
899
785
263
48
758
423
44
213
401
928
712
766
80
771
850
905
103
673
686
627
449
294
733
641
961
102
382
28
606
410
310
484
561
218
888
687
251
234
821
273
861
349
472
825
877
780
914
824
462
200
993
23
269
625
140
179
184
97
247
725
67
885
650
904
910
364
316
54
374
807
96
93
541
605
729
742
496
682
763
879
567
524
752
303
775
113
300
380
630
176
37
963
177
289
178
417
199
862
292
553
642
917
816
834
454
466
943
751
856
795
296
301
646
120
312
794
672
337
101
738
283
406
61
705
645
757
815
886
811
675
232
42
778
647
835
592
714
211
64
365
189
153
610
855
881
224
948
321
481
869
467
800
62
88
395
657
302
329
925
194
978
734
975
15
171
796
684