973
3
114
438
110
875 898 874 822 820 851 892 884 809 826 839 891 882 813 878 883 836 872 846 828 871 830 849 858 844 823 805 852 853 837 848 880 817 829 845 806 894 887 866 890 889 818 897
873
964 906 984 936 902 921 971 911 938 920 960 939 908 965 968 956 959 982 958 974 913 926 931 996 934 985 986 912 903 901 983 944 988 929 949 924 989 981 940 995 979 972 962
278 222 242 246 298 280 266 207 204 227 237 253 238 245 252 258 299 203 208 277 210 272 225 282 284 293 235 291 236 250 275 256 262 229 249 288 217 219
149
746
157 133 163 109 132 115 119 147 126 143 138 134 169 165 112 167 150 160 131 116 161 195 144 135 106 148 124 166 104 183 185 174 155 173 127 141 162 125 154
670
802
954
459 442 491 483 431 430 490 489 404 464 473 468 482 437 434 476 424 439 499 475 478 485 419 405 465 498 426 487 425 456 470 460 479 415 486 403 435 494 420 433 474 480 448 441 428 445 422 457
571 594 529 584 579 525 578 557 563 512 590 588 517 536 574 595 554 582 509 566 549 545 506 537 589 505 580 511 593 540 570 596 542 577 586 530 560 521 508 534 591 531 532 599 556 559 543
8
392 356 390 359 363 324 353 350 342 396 323 351 357 379 354 341 394 345 393 366 326 338 369 334 367 398 381 360 332 339 375 314 361 343 340 317 327 307 388 330 389 346
994
941
264
548
665
71
17
703
919
709
651
950
803
99
895
799 744 715 728 722 755 768 743 774 736 767 776 786 740 702 701 720 782 704 731 765 788 762 783 784 717 739 773 761 732 756 781 791 760 735 749 769 772 787
206
128
915
469
313
922
33
386
868
668
676
708
322
833
285
612
695 697 614 628 666 601 667 636 620 662 622 681 663 677 629 640 631 637 643 632 659 669 699 661 698 635 678 649 633 660 691 671 615 692 658
90
801
281
152
223
747
111
564
56
230
319
932
611
139
347
719
202
421
832
82 81 0 18 55 24 29 4 32 92 50 74 79 36 98 57 25 76 14 72 46 21 9 49 2 40 66 22 87 20 63 38 12 27 7 95 73 26
377
679
51
503
418
721
694
865
336
793
355
39
304
151
471
656
123
295
427
231
689
812
146
168
458
957
516
384
507
562
497
621
239
515
810
100
444
970
867
91
52
248
619
254
1
987
585
710
918
129
587
145
180
552
565
724
286
287
831
700
685
268
706
716
368
391
916
597
680
159
726
504
436
488
648
770
863
827
108
583
274
653
764
693
860
86
808
838
711
933
745
777
999
370
142
893
196
260
930
240
520
608
216
790
857
980
172
429
137
947
397
318
35
814
259
83
609
748
320
854
107
30
639
683
308
212
226
477
279
514
164
16
193
47
265
613
602
190
461
70
371
122
797
955
306
11
209
573
34
158
759
197
215
568
348
864
191
550
754
750
819
362
53
399
383
547
186
255
6
937
325
290
737
581
951
198
84
60
5
664
378
707
528
551
65
935
634
792
78
998
690
967
276
117
527
688
205
841
41
502
604
909
241
522
463
270
518
352
501
13
412
952
156
233
923
182
618
432
519
674
214
45
870
243
696
413
493
847
896
990
407
555
181
953
539
569
19
451
513
75
59
789
221
723
58
257
942
859
900
372
730
840
713
376
575
558
400
297
244
544
533
450
510
638
440
535
626
876
946
331
997
387
600
408
335
624
927
652
94
976
798
121
77
411
188
10
443
85
843
267
68
969
328
175
201
546
945
977
603
170
414
69
409
500
655
416
455
130
447
598
616
452
495
779
991
741
617
315
31
718
344
623
89
572
526
576
992
333
804
492
907
966
187
753
220
228
373
271
654
727
644
842
309
402
118
43
446
607
385
305
105
358
453
523
136
261
538
311
192
899
785
263
48
758
423
44
213
401
928
712
766
80
771
850
905
103
673
686
627
449
294
733
641
961
102
382
28
606
410
310
484
561
218
888
687
251
234
821
273
861
349
472
825
877
780
914
824
462
200
993
23
269
625
140
179
184
97
247
725
67
885
650
904
910
364
316
54
374
807
96
93
541
605
729
742
496
682
763
879
567
524
752
303
775
113
300
380
630
176
37
963
177
289
178
417
199
862
292
553
642
917
816
834
454
466
943
751
856
795
296
301
646
120
312
794
672
337
101
738
283
406
61
705
645
757
815
886
811
675
232
42
778
647
835
592
714
211
64
365
189
153
610
855
881
224
948
321
481
869
467
800
62
88
395
657
302
329
925
194
978
734
975
15
171
796
684