973
3
114
438
110
839 849 848 897 894 858 837 817 874 872 887 892 826 818 806 822 871 878 883 820 898 823 829 852 889 884 851 809 805 845 846 880 828 882 844 891 875 866 836 830 853 890 813
873
903 902 995 901 996 965 983 906 938 964 956 911 934 929 931 988 974 921 926 908 924 960 912 989 939 944 920 936 984 968 986 940 913 972 958 979 949 962 985 959 981 971 982
275 299 237 203 293 208 242 217 284 235 272 262 222 249 291 219 204 238 210 207 258 227 282 266 225 278 288 246 280 236 298 229 253 277 252 250 245 256
149
746
157 132 154 124 125 112 195 166 138 169 131 162 127 147 185 148 104 173 163 143 165 174 133 155 161 119 126 183 116 135 115 134 109 150 141 144 160 167 106
670
802
954
448 460 474 465 426 424 439 478 475 457 445 430 404 473 433 487 468 437 441 428 483 415 431 480 464 434 486 435 494 419 485 489 456 422 405 498 420 442 403 459 491 490 482 499 470 479 476 425
570 596 531 532 580 536 588 563 589 584 578 557 521 545 508 590 566 543 511 534 556 525 599 559 509 530 540 591 517 512 506 560 593 577 537 586 571 549 574 594 505 554 529 595 582 542 579
8
381 367 398 323 393 353 394 317 326 343 396 351 363 388 392 356 357 341 360 389 327 332 346 314 334 390 375 350 345 366 324 330 361 379 339 342 338 369 354 307 359 340
994
941
264
548
665
71
17
703
919
709
651
950
803
99
895
772 704 717 743 773 749 786 731 739 722 720 761 781 782 728 791 765 755 701 776 735 740 760 732 767 768 736 774 787 784 702 788 783 756 744 715 799 762
206
128
915
469
313
922
33
386
868
668
676
708
322
833
285
612
659 681 698 677 631 632 671 622 661 667 660 663 637 666 692 628 640 620 697 643 629 614 699 601 649 636 633 669 662 635 691 695 678 658 615
90
801
281
152
223
747
111
564
56
230
319
932
611
139
347
719
202
421
832
27 18 72 74 92 36 40 7 63 29 98 57 14 81 76 50 66 22 73 49 2 32 87 26 55 46 12 0 95 4 24 20 25 21 9 79 38 82
377
679
51
503
418
721
694
865
336
793
355
39
304
151
471
656
123
295
427
231
689
812
146
168
458
957
516
384
507
562
497
621
239
515
810
100
444
970
867
91
52
248
619
254
1
987
585
710
918
129
587
145
180
552
565
724
286
287
831
700
685
268
706
716
368
391
916
597
680
159
726
504
436
488
648
770
863
827
108
583
274
653
764
693
860
86
808
838
711
933
745
777
999
370
142
893
196
260
930
240
520
608
216
790
857
980
172
429
137
947
397
318
35
814
259
83
609
748
320
854
107
30
639
683
308
212
226
477
279
514
164
16
193
47
265
613
602
190
461
70
371
122
797
955
306
11
209
573
34
158
759
197
215
568
348
864
191
550
754
750
819
362
53
399
383
547
186
255
6
937
325
290
737
581
951
198
84
60
5
664
378
707
528
551
65
935
634
792
78
998
690
967
276
117
527
688
205
841
41
502
604
909
241
522
463
270
518
352
501
13
412
952
156
233
923
182
618
432
519
674
214
45
870
243
696
413
493
847
896
990
407
555
181
953
539
569
19
451
513
75
59
789
221
723
58
257
942
859
900
372
730
840
713
376
575
558
400
297
244
544
533
450
510
638
440
535
626
876
946
331
997
387
600
408
335
624
927
652
94
976
798
121
77
411
188
10
443
85
843
267
68
969
328
175
201
546
945
977
603
170
414
69
409
500
655
416
455
130
447
598
616
452
495
779
991
741
617
315
31
718
344
623
89
572
526
576
992
333
804
492
907
966
187
753
220
228
373
271
654
727
644
842
309
402
118
43
446
607
385
305
105
358
453
523
136
261
538
311
192
899
785
263
769
48
758
423
44
213
401
928
712
766
80
771
850
905
103
673
686
627
449
294
733
641
961
102
382
28
606
410
310
484
561
218
888
687
251
234
821
273
861
349
472
825
877
780
914
824
462
200
993
23
269
625
140
179
184
97
247
725
67
885
650
904
910
364
316
54
374
807
96
93
541
605
729
742
496
682
763
879
567
524
752
303
775
113
300
380
630
176
37
963
177
289
178
417
199
862
292
553
642
917
816
834
454
466
943
751
856
795
296
301
646
120
312
794
672
337
101
738
283
406
61
705
645
757
815
886
811
675
232
42
778
647
835
592
714
211
64
365
189
153
610
855
881
224
948
321
481
869
467
800
62
88
395
657
302
329
925
194
978
734
975
15
171
796
684