906 961 937 989 927 918 941 947 996 958 936 935 968 955 999 903 988 945 913 979 901 923 951 940 973 991 978 992 969 980 954 960 972 902 993 949 952 938 905 922 944 939 908 967 917 962 956 943 916 984 986 998 987 924 911 966 915 926 977 909 910 974 965 975 953 942 983 976 964 985 981 990 995 963 982 934 950 929 907 925 930 997 912 920 946 904 921 928 931 919 994 959 971 914 932
2 96 76 99 60 19 66 91 31 72 47 52 42 89 79 30 11 37 73 40 15 54 88 6 10 39 77 74 3 22 46 65 62 71 35 92 9 25 16 81 86 75 68 36 41 59 17 69 23 64 94 80 21 14 67 13 8 44 56 48 26 32 95 90 85 58 50 84 82 33 12 78 38 43 28 29 87 27 83 53 98 34 63 49 51 20 61 57 97 55 4 24 18 7 0 45
183 123 173 145 131 118 176 119 112 149 187 186 178 195 169 170 142 105 152 106 171 182 103 163 113 114 134 194 104 102 164 137 184 160 115 147 124 162 190 155 144 180 174 117 140 116 154 181 197 130 120 165 188 161 148 166 146 143 110 132 198 127 196 177 139 185 199 192 126 109 138 128 179 175 193 141 156 121 168 122 135 111 167 136 150 133 125 157 172 108 153
439 442 481 425 448 443 401 479 461 488 487 454 478 484 407 474 433 420 469 465 499 408 498 497 490 414 415 445 482 447 423 411 467 492 463 435 436 458 494 441 427 419 432 485 489 410 422 402 475 464 495 496 406 460 449 457 455 476 493 428 486 480 424 413 417 438 462 446 452 403 426 472 491 404 450 444 470 456 440 416 468 434 477 459 430 437 409 412 405 473 429 451 483 431 471 466 453
824 814 886 862 844 822 815 843 876 847 831 835 836 841 877 854 879 829 845 896 880 865 858 840 893 870 817 853 821 861 882 875 852 826 804 888 806 867 810 816 828 805 873 848 872 820 866 808 878 898 892 839 837 881 889 869 897 868 811 833 883 838 851 894 850 890 899 842 809 885 823 830 891 827 857 812 884 860 825 807 818 874 895 864 803 855 834 871 819 849 846 800 863 832 813 887
214 276 240 273 298 269 272 247 280 230 243 295 285 296 293 278 237 226 218 233 244 200 265 207 270 234 231 228 227 289 255 277 224 286 275 256 241 249 222 223 216 225 236 292 283 219 261 290 266 288 235 284 268 252 209 208 282 257 281 203 212 291 279 205 232 246 253 287 297 238 263 274 250 217 262 259 204 206 248 294 213 211 258 251 239 267 210 221 299 245 202 242 254 229
733 778 786 725 723 761 776 763 744 715 772 711 750 736 735 716 722 773 721 753 766 793 748 780 742 710 762 718 770 724 777 731 743 709 781 759 714 751 779 746 704 734 797 794 798 768 754 757 707 717 747 713 730 785 741 799 760 745 758 737 755 796 749 702 752 732 728 792 782 756 774 788 795 764 775 740 729 783 705 771 767 719 701 784 708 765 769 738 739 703 712 790 720 791 787
698 608 646 622 663 641 653 668 624 644 651 638 695 689 659 648 696 661 655 621 635 629 631 660 686 618 670 680 678 633 654 625 632 679 657 603 671 662 650 630 652 645 683 676 636 604 692 605 609 643 688 677 687 614 616 690 627 693 666 656 613 647 658 640 664 642 673 694 637 611 681 617 634 674 639 685 665 626 607 699 684 615 620 601 682 697 602 667 628 669 675 612 672 649 691
802
598 576 566 507 513 589 538 565 580 594 514 533 549 519 599 582 525 552 587 556 561 591 541 564 502 515 511 526 551 546 568 504 521 581 508 595 563 503 523 585 554 575 522 536 571 584 505 567 530 506 531 577 590 558 574 573 539 524 518 547 540 534 578 529 579 532 570 559 545 562 520 527 550 588 593 597 537 583 517 528 501 544 586 510 509 569 543 516 555 542 596 560 535 512 557 553
363 304 344 392 340 386 352 310 319 303 324 332 396 383 336 378 320 365 397 314 393 335 300 333 356 349 308 394 359 318 391 346 367 339 348 329 357 306 353 380 361 309 389 370 376 354 330 399 384 342 381 362 387 372 325 317 337 312 355 385 307 322 311 328 305 321 315 331 382 345 366 358 360 390 350 323 371 379 377 343 302 398 334 326 369 395 327 364 375 347 341 313 368 388 351 338
264
548
801
421
418
151
957
100
970
619
1
129
700
706
159
726
933
260
107
70
158
215
191
5
789
859
900
400
600
201
500
623
572
220
373
271
727
606
316
374
93
856
301
101
592
189
610
948