973
3
114
438
110
820 889 884 890 817 875 866 852 846 887 828 883 880 826 874 882 844 894 830 822 818 813 848 823 872 878 853 858 809 837 829 849 897 839 892 836 845 851 805 871 891 898
873
986 956 912 988 906 940 944 982 985 972 913 939 958 921 960 989 996 908 968 936 920 949 995 983 929 903 965 962 902 938 901 959 924 911 934 984 981 931 974 926 964 979 971
225 229 203 282 245 207 252 217 298 278 210 222 249 291 227 237 238 284 280 242 275 236 288 235 299 258 256 204 266 208 219 277 293 250 262 246 253 272
149
746
143 155 133 173 119 160 141 124 126 174 195 161 162 185 112 134 166 131 138 165 154 157 144 135 116 163 147 167 150 183 169 125 127 132 106 109 104 148 115
670
802
954
422 426 403 448 468 476 482 498 487 404 441 459 475 431 425 485 489 430 460 415 424 419 433 437 490 470 478 479 465 486 445 434 428 473 439 435 442 457 464 480 405 456 420 491 483 499 494 474
532 556 579 593 596 560 571 577 512 563 589 525 574 554 534 584 529 566 521 531 506 540 511 536 595 517 586 509 588 582 557 559 591 545 505 580 543 590 537 594 530 570 599 578 542 508 549
8
366 340 317 345 334 338 343 339 367 398 350 394 396 359 356 379 342 381 360 307 323 390 346 363 369 354 327 330 314 392 375 361 326 357 353 393 341 332 389 324 351 388
994
941
264
548
665
71
17
703
919
709
651
950
803
99
895
739 731 732 773 756 776 720 749 772 704 774 702 761 728 782 784 715 722 767 735 755 781 799 743 791 765 744 701 768 760 740 717 786 762 783 788 787 736
206
128
915
469
313
922
33
386
868
668
676
708
322
833
285
612
695 614 691 697 663 662 601 698 615 659 666 678 628 649 661 640 643 622 632 681 636 629 631 660 669 667 620 677 635 671 637 633 658 692 699
90
801
281
152
223
747
111
564
56
230
319
932
611
139
347
719
202
421
832
26 9 66 57 95 55 46 82 29 87 22 36 49 7 98 27 50 12 32 72 14 21 18 63 24 0 79 92 38 76 40 81 74 2 25 73 4 20
377
679
51
503
418
721
694
865
336
793
355
39
304
151
471
656
123
295
427
231
689
812
146
168
458
957
516
384
507
562
497
621
239
515
810
100
444
970
867
91
52
248
619
254
1
987
585
710
918
129
587
145
180
552
565
724
286
287
831
700
685
268
706
716
368
391
916
597
680
159
726
504
436
488
648
770
863
827
108
583
274
653
764
693
860
86
808
838
711
933
745
777
999
370
142
893
196
260
930
240
520
608
216
790
857
980
172
429
137
947
397
318
35
814
259
83
609
748
320
854
107
30
639
683
308
212
226
477
279
514
164
16
193
47
265
613
602
190
461
70
371
122
797
955
306
11
209
573
34
158
759
197
215
568
348
864
191
550
754
750
819
362
53
399
383
547
186
255
6
937
325
290
737
581
951
198
84
60
5
664
378
707
528
551
65
935
634
792
78
998
690
967
276
117
527
688
205
841
41
502
604
909
241
522
463
270
518
352
501
13
412
952
156
233
923
182
618
432
519
674
214
45
870
243
696
413
493
847
896
990
407
555
181
953
539
569
19
451
513
75
59
789
221
723
58
257
942
859
900
372
730
840
713
376
575
558
400
297
244
544
533
450
510
638
440
535
626
876
946
331
997
387
600
408
335
624
927
652
94
976
798
121
77
411
188
10
443
85
843
267
68
969
328
175
201
546
945
977
603
170
414
69
409
500
655
416
455
130
447
598
616
452
495
779
991
741
617
315
31
718
344
623
89
572
526
576
992
333
804
492
907
966
187
753
220
228
373
271
654
727
644
842
309
402
118
43
446
607
385
305
105
358
453
523
136
261
538
311
192
899
785
263
769
48
758
423
44
213
401
928
712
766
80
771
850
905
103
673
686
627
449
294
733
641
961
102
382
28
606
410
310
484
561
218
888
687
251
234
821
273
861
349
472
825
877
780
914
824
462
200
993
23
269
625
140
179
184
97
247
725
67
885
650
904
910
364
316
54
374
807
96
93
541
605
729
742
496
682
763
879
567
524
752
303
775
113
300
380
630
176
37
963
177
289
178
417
199
862
292
553
642
917
816
834
454
466
943
751
856
795
296
301
806
646
120
312
794
672
337
101
738
283
406
61
705
645
757
815
886
811
675
232
42
778
647
835
592
714
211
64
365
189
153
610
855
881
224
948
321
481
869
467
800
62
88
395
657
302
329
925
194
978
734
975
15
171
796
684