973
3
114
438
110
883 891 874 828 837 898 848 836 851 853 826 892 822 890 846 866 817 829 805 878 852 894 880 830 813 871 875 844 809 889 858 882 818 845 820 823 884 872 849 897 839 887
873
936 901 920 944 902 912 931 960 988 934 903 996 984 981 982 972 974 926 906 956 921 971 968 929 940 985 965 911 949 983 938 958 989 979 939 962 959 913 908 964 986 995
266 262 208 278 225 280 219 210 249 237 229 250 282 293 253 275 277 246 235 258 242 298 204 238 252 284 236 217 299 291 245 288 256 222 203 227 272 207
149
746
134 173 161 126 183 165 138 125 109 104 160 162 185 174 132 167 115 169 150 148 106 119 166 147 116 163 131 133 155 157 195 135 124 154 144 112 141 143 127
670
802
954
445 473 403 457 483 490 468 494 486 441 424 476 478 499 431 459 420 430 448 498 428 489 482 465 475 442 422 433 464 491 470 487 480 474 426 479 435 460 419 485 434 437 404 439 456 405 415 425
593 512 588 530 557 542 543 584 506 537 586 549 566 580 525 590 509 582 532 559 577 570 595 578 563 536 540 529 556 545 511 591 554 505 599 589 596 531 521 508 517 571 560 594 574 534 579
8
330 317 353 388 356 389 307 341 369 381 345 346 375 360 363 334 326 351 357 338 350 379 390 359 396 343 342 314 340 332 354 339 366 393 324 361 398 323 394 367 327 392
994
941
264
548
665
71
17
703
919
709
651
950
803
99
895
736 765 782 739 788 772 776 791 787 761 781 767 768 783 760 715 728 735 701 702 799 717 704 786 720 722 774 744 762 731 784 743 749 740 773 755 732 756
206
128
915
469
313
922
33
386
868
668
676
708
322
833
285
612
659 671 661 695 631 669 636 632 666 635 615 649 692 628 633 643 640 658 698 667 614 660 663 629 637 662 691 697 622 677 699 601 681 678 620
90
801
281
152
223
747
111
564
56
230
319
932
611
139
347
719
202
421
832
92 9 73 18 87 20 49 14 72 7 50 76 98 38 24 26 57 21 2 55 12 4 29 36 46 66 79 32 95 27 25 63 0 40 74 22 82 81
377
679
51
503
418
721
694
865
336
793
355
39
304
151
471
656
123
295
427
231
689
812
146
168
458
957
516
384
507
562
497
621
239
515
810
100
444
970
867
91
52
248
619
254
1
987
585
710
918
129
587
145
180
552
565
724
286
287
831
700
685
268
706
716
368
391
916
597
680
159
726
504
436
488
648
770
863
827
108
583
274
653
764
693
860
86
808
838
711
933
745
777
999
370
142
893
196
260
930
240
520
608
216
790
857
980
172
429
137
947
397
318
35
814
259
83
609
748
320
854
107
30
639
683
308
212
226
477
279
514
164
16
193
47
265
613
602
190
461
70
371
122
797
955
306
11
209
573
34
158
759
197
215
568
348
864
191
550
754
750
819
362
53
399
383
547
186
255
6
937
325
290
737
581
951
198
84
60
5
664
378
707
528
551
65
935
634
792
78
998
690
967
276
117
527
688
205
841
41
502
604
909
241
522
463
270
518
352
501
13
412
952
156
233
923
182
618
432
519
674
214
45
870
243
696
413
493
847
896
990
407
555
181
953
539
569
19
451
513
75
59
789
221
723
58
257
942
859
900
372
730
840
713
376
575
558
400
297
244
544
533
450
510
638
440
535
626
876
946
331
997
387
600
408
335
624
927
652
94
976
798
121
77
411
188
10
443
85
843
267
68
969
328
175
201
546
945
977
603
170
414
69
409
500
655
416
455
130
447
598
616
452
495
779
991
741
617
315
31
718
344
623
89
572
526
576
992
333
804
492
907
966
187
753
220
228
373
271
654
727
644
842
309
402
118
43
446
607
385
305
105
358
453
523
136
261
538
311
192
899
785
263
769
48
758
423
44
213
401
928
712
766
80
771
850
905
103
673
686
627
449
294
733
641
961
102
382
28
606
410
310
484
561
218
888
687
251
234
821
273
861
349
472
825
877
780
914
824
462
200
993
23
269
625
140
179
184
97
247
725
67
885
650
904
910
364
316
54
374
807
96
93
541
605
729
742
496
682
763
879
567
524
752
303
775
113
300
380
630
176
37
963
177
289
178
417
199
862
292
553
642
917
816
834
454
466
943
751
856
795
296
301
806
646
120
312
794
672
337
101
738
283
406
61
705
645
757
815
886
811
675
232
42
778
647
835
592
714
211
64
365
924
189
153
610
855
881
224
948
321
481
869
467
800
62
88
395
657
302
329
925
194
978
734
975
15
171
796
684