973
3
114
438
110
872 882 890 887 858 836 839 820 818 898 851 846 845 884 897 822 849 828 875 874 853 809 871 852 878 817 823 883 891 880 866 826 813 894 837 889 892 848 829 805 830 844
873
959 949 956 958 972 906 929 931 926 944 968 903 983 934 908 902 920 985 960 913 936 989 996 995 982 911 965 912 979 938 964 988 986 974 971 939 901 962 984 981 940 921
217 288 207 280 222 238 227 299 203 282 278 229 284 252 262 275 204 210 298 258 266 249 256 277 225 245 291 293 237 235 236 272 208 253 219 250 242 246
149
746
157 124 104 167 143 162 183 133 195 112 147 127 144 134 126 125 132 166 148 135 106 174 138 154 141 165 161 119 115 131 163 150 160 109 173 155 116 185 169
670
802
954
486 439 468 490 428 445 465 479 475 442 474 459 494 473 433 476 404 422 419 435 491 485 470 437 426 448 441 431 420 403 498 487 405 482 456 460 457 464 424 489 425 430 478 434 483 499 480
521 530 595 532 525 559 563 537 554 586 588 599 566 582 509 570 589 506 511 594 534 505 529 579 580 574 536 508 593 557 571 590 543 596 577 549 591 542 517 540 556 584 512 545 578 531 560
8
394 381 338 375 353 351 357 330 396 346 369 379 317 342 392 345 388 341 360 367 389 390 350 393 343 354 307 398 326 324 334 314 361 323 332 327 339 359 363 340 356 366
994
941
264
548
665
71
17
703
919
709
651
950
803
99
895
773 762 735 765 722 787 784 720 776 772 760 739 732 749 701 704 702 736 743 728 756 783 767 715 781 791 761 740 774 782 768 799 788 755 731 717 744 786
206
128
915
469
313
922
33
386
868
668
676
708
322
833
285
612
663 692 699 643 629 601 631 628 659 633 660 681 677 620 637 614 632 649 669 697 658 695 661 698 635 615 671 678 622 691 636 662 667 640 666
90
801
281
152
223
747
111
564
56
230
319
932
611
139
347
719
202
421
832
14 21 63 87 20 32 72 95 74 38 46 25 81 55 0 2 92 40 49 82 22 98 7 18 4 24 76 57 9 79 27 36 73 29 12 66 26 50
377
679
51
503
418
721
694
865
336
793
355
39
304
151
471
656
123
295
427
231
689
812
146
168
458
957
516
384
507
562
497
621
239
515
810
100
444
970
867
91
52
248
619
254
1
987
585
710
918
129
587
145
180
552
565
724
286
287
831
700
685
268
706
716
368
391
916
597
680
159
726
504
436
488
648
770
863
827
108
583
274
653
764
693
860
86
808
838
711
933
745
777
999
370
142
893
196
260
930
240
520
608
216
790
857
980
172
429
137
947
397
318
35
814
259
83
609
748
320
854
107
30
639
683
308
212
226
477
279
514
164
16
193
47
265
613
602
190
461
70
371
122
797
955
306
11
209
573
34
158
759
197
215
568
348
864
191
550
754
750
819
362
53
399
383
547
186
255
6
937
325
290
737
581
951
198
84
60
5
664
378
707
528
551
65
935
634
792
78
998
690
967
276
117
527
688
205
841
41
502
604
909
241
522
463
270
518
352
501
13
412
952
156
233
923
182
618
432
519
674
214
45
870
243
696
413
493
847
896
990
407
555
181
953
539
569
19
451
513
75
59
789
221
723
58
257
942
859
900
372
730
840
713
376
575
558
400
297
244
544
533
450
510
638
440
535
626
876
946
331
997
387
600
408
335
624
927
652
94
976
798
415
121
77
411
188
10
443
85
843
267
68
969
328
175
201
546
945
977
603
170
414
69
409
500
655
416
455
130
447
598
616
452
495
779
991
741
617
315
31
718
344
623
89
572
526
576
992
333
804
492
907
966
187
753
220
228
373
271
654
727
644
842
309
402
118
43
446
607
385
305
105
358
453
523
136
261
538
311
192
899
785
263
769
48
758
423
44
213
401
928
712
766
80
771
850
905
103
673
686
627
449
294
733
641
961
102
382
28
606
410
310
484
561
218
888
687
251
234
821
273
861
349
472
825
877
780
914
824
462
200
993
23
269
625
140
179
184
97
247
725
67
885
650
904
910
364
316
54
374
807
96
93
541
605
729
742
496
682
763
879
567
524
752
303
775
113
300
380
630
176
37
963
177
289
178
417
199
862
292
553
642
917
816
834
454
466
943
751
856
795
296
301
806
646
120
312
794
672
337
101
738
283
406
61
705
645
757
815
886
811
675
232
42
778
647
835
592
714
211
64
365
924
189
153
610
855
881
224
948
321
481
869
467
800
62
88
395
657
302
329
925
194
978
734
975
15
171
796
684