973
3
114
438
110
866 882 826 828 875 849 836 829 894 839 858 823 822 897 853 891 820 898 887 874 817 872 813 889 830 880 805 837 848 818 844 852 809 871 846 890 892 845 851 884 883 878
873
960 984 938 949 940 936 968 931 974 985 944 902 906 956 996 929 965 983 982 959 903 979 958 921 986 920 908 971 962 913 939 995 926 981 912 989 988 964 934 901 911 972
284 262 293 278 225 298 249 245 253 222 210 275 236 299 217 258 238 237 208 227 229 203 272 256 246 282 207 288 242 291 235 266 252 280 250 277 204 219
149
746
169 133 154 119 150 115 155 144 174 195 160 124 147 185 163 127 167 106 131 125 126 162 183 134 138 109 135 143 141 104 112 132 148 166 116 157 161 165 173
670
802
954
441 482 480 403 422 435 445 468 404 439 474 419 405 420 442 479 494 456 459 473 485 428 434 476 433 430 483 489 490 486 437 478 448 431 426 457 460 498 465 424 425 487 499 491 470 464 475
512 594 525 599 545 579 557 595 560 570 577 509 571 566 511 542 589 531 574 556 554 529 586 508 559 532 537 591 563 588 580 590 549 593 543 584 534 578 505 530 596 506 536 540 517 521 582
8
356 342 389 375 346 314 350 366 345 393 360 326 361 354 334 381 338 351 340 379 357 369 388 396 323 392 363 339 390 341 394 343 353 398 330 307 324 332 327 359 367 317
994
941
264
548
665
71
17
703
919
709
651
950
803
99
895
749 762 701 760 781 739 768 783 740 732 761 784 736 788 787 765 774 786 799 715 704 728 720 773 744 731 756 735 782 791 767 717 776 772 743 755 722
206
128
915
469
313
922
33
386
868
668
676
708
322
833
285
612
692 695 699 633 628 649 666 631 681 614 663 697 698 661 601 660 671 620 632 669 636 691 678 643 659 637 662 667 629 677 640 635 658 622 615
90
801
281
152
223
747
111
564
56
230
319
932
611
139
347
719
202
421
832
14 25 4 92 2 7 66 9 57 81 18 22 76 98 36 55 32 40 46 87 74 26 24 29 12 49 79 27 21 95 0 63 82 50 20 72 38 73
377
679
51
503
418
721
694
865
336
793
355
39
304
151
471
656
123
295
427
231
689
812
146
168
458
957
516
384
507
562
497
621
239
515
810
100
444
970
867
91
52
248
619
254
1
987
585
710
918
129
587
145
180
552
565
724
286
287
831
700
685
268
706
716
368
391
916
597
680
159
726
504
436
488
648
770
863
827
108
583
274
653
764
693
860
86
808
838
711
933
745
777
999
370
142
893
196
260
930
240
520
608
216
790
857
980
172
429
137
947
397
318
35
814
259
83
609
748
320
854
107
30
639
683
308
212
226
477
279
514
164
16
193
47
265
613
602
190
461
70
371
122
797
955
306
11
209
573
34
158
759
197
215
568
348
864
191
550
754
750
819
362
53
399
383
547
186
255
6
937
325
290
737
581
951
198
84
60
5
664
378
707
528
551
65
935
634
792
78
998
690
967
276
117
527
688
205
841
41
502
604
909
241
522
463
270
518
352
501
13
412
952
156
233
923
182
618
432
519
674
214
45
870
243
696
413
493
847
896
990
407
555
181
953
539
569
19
451
513
75
59
789
221
723
58
257
942
859
900
372
730
840
713
376
575
558
400
297
244
544
533
450
510
638
440
535
626
876
946
331
997
387
600
408
335
624
927
652
94
976
798
415
121
77
411
188
10
443
85
843
267
68
969
328
175
201
546
945
977
603
170
414
69
409
500
655
416
455
130
447
598
616
452
495
779
991
741
617
315
31
718
344
623
89
572
526
576
992
333
804
492
907
966
187
753
220
228
373
271
654
727
644
842
309
402
118
43
446
607
385
305
105
358
453
523
136
261
538
311
192
899
785
263
769
48
758
423
44
213
401
928
712
766
80
771
850
905
103
673
686
627
449
294
733
641
961
102
382
28
606
410
310
484
561
218
888
687
251
234
821
273
861
349
472
825
877
780
914
824
462
200
993
23
269
625
140
179
184
702
97
247
725
67
885
650
904
910
364
316
54
374
807
96
93
541
605
729
742
496
682
763
879
567
524
752
303
775
113
300
380
630
176
37
963
177
289
178
417
199
862
292
553
642
917
816
834
454
466
943
751
856
795
296
301
806
646
120
312
794
672
337
101
738
283
406
61
705
645
757
815
886
811
675
232
42
778
647
835
592
714
211
64
365
924
189
153
610
855
881
224
948
321
481
869
467
800
62
88
395
657
302
329
925
194
978
734
975
15
171
796
684