973
3
114
438
110
809 874 889 866 894 890 887 817 822 830 898 849 852 853 872 882 871 858 818 826 848 880 836 844 813 828 851 846 820 892 845 878 829 823 897 837 884 875 805 839 883 891
873
965 971 929 962 908 996 983 979 968 903 986 959 920 958 972 988 902 938 944 906 913 981 964 936 982 901 989 960 995 939 949 931 940 974 912 934 984 911 921 926 956 985
225 280 237 293 235 277 236 284 242 222 219 249 266 262 238 203 299 250 217 258 208 229 245 282 256 246 288 210 291 227 253 298 275 252 207 204 272 278
149
746
133 174 125 119 138 154 127 126 162 167 148 109 185 115 155 134 147 161 141 124 169 173 131 112 106 132 150 157 163 160 195 166 116 143 165 144 183 104 135
670
802
954
464 422 486 434 435 404 473 437 428 442 499 448 457 483 485 482 475 478 441 494 487 445 424 419 430 498 405 480 474 433 460 425 431 420 468 491 479 465 489 456 490 476 403 439 459 426 470
580 566 536 594 543 591 508 532 556 588 540 560 586 599 554 529 512 530 509 557 517 589 579 582 584 595 593 542 505 521 534 525 570 577 506 511 596 578 571 537 549 590 563 574 559 545 531
8
369 326 375 388 392 334 323 341 390 379 394 343 330 332 346 356 340 396 357 389 338 345 381 317 360 307 339 327 351 363 353 354 393 366 361 342 314 350 367 324 398 359
994
941
264
548
665
71
17
703
919
709
651
950
803
99
895
732 760 755 773 768 774 767 791 728 739 799 783 740 787 720 701 735 749 736 744 743 762 731 722 765 782 704 776 772 756 715 761 786 784 781 717
206
128
915
469
313
922
33
386
868
668
676
708
322
833
285
612
622 632 620 635 658 661 663 649 691 660 677 699 631 636 637 697 662 629 698 692 666 615 669 614 695 671 601 659 681 628 633 643 640 678 667
90
801
281
152
223
747
111
564
56
230
319
932
611
139
347
719
202
421
832
38 40 81 36 98 87 63 26 21 74 82 14 22 49 29 2 92 20 95 73 50 12 79 0 57 4 72 32 55 27 7 76 66 25 18 9 46 24
377
679
51
503
418
721
694
865
336
793
355
39
304
151
471
656
123
295
427
231
689
812
146
168
458
957
516
384
507
562
497
621
239
515
810
100
444
970
867
91
52
248
619
254
1
987
585
710
918
129
587
145
180
552
565
724
286
287
831
700
685
268
706
716
368
391
916
597
680
159
726
504
436
488
648
770
863
827
108
583
274
653
764
693
860
86
808
838
711
933
745
777
999
370
142
893
196
260
930
240
520
608
216
790
857
980
172
429
137
947
397
318
35
814
259
83
609
748
320
854
107
30
639
683
308
212
226
477
279
514
164
16
193
47
265
613
602
190
461
70
371
122
797
955
306
11
209
573
34
158
759
197
215
568
348
864
191
550
754
750
819
362
53
399
383
547
186
255
6
937
325
290
737
581
951
198
84
60
5
664
378
707
528
551
65
935
634
792
78
998
690
967
276
117
527
688
205
841
41
788
502
604
909
241
522
463
270
518
352
501
13
412
952
156
233
923
182
618
432
519
674
214
45
870
243
696
413
493
847
896
990
407
555
181
953
539
569
19
451
513
75
59
789
221
723
58
257
942
859
900
372
730
840
713
376
575
558
400
297
244
544
533
450
510
638
440
535
626
876
946
331
997
387
600
408
335
624
927
652
94
976
798
415
121
77
411
188
10
443
85
843
267
68
969
328
175
201
546
945
977
603
170
414
69
409
500
655
416
455
130
447
598
616
452
495
779
991
741
617
315
31
718
344
623
89
572
526
576
992
333
804
492
907
966
187
753
220
228
373
271
654
727
644
842
309
402
118
43
446
607
385
305
105
358
453
523
136
261
538
311
192
899
785
263
769
48
758
423
44
213
401
928
712
766
80
771
850
905
103
673
686
627
449
294
733
641
961
102
382
28
606
410
310
484
561
218
888
687
251
234
821
273
861
349
472
825
877
780
914
824
462
200
993
23
269
625
140
179
184
702
97
247
725
67
885
650
904
910
364
316
54
374
807
96
93
541
605
729
742
496
682
763
879
567
524
752
303
775
113
300
380
630
176
37
963
177
289
178
417
199
862
292
553
642
917
816
834
454
466
943
751
856
795
296
301
806
646
120
312
794
672
337
101
738
283
406
61
705
645
757
815
886
811
675
232
42
778
647
835
592
714
211
64
365
924
189
153
610
855
881
224
948
321
481
869
467
800
62
88
395
657
302
329
925
194
978
734
975
15
171
796
684