973
3
114
438
110
880 820 887 829 875 871 853 836 818 822 844 839 852 809 883 889 828 849 848 858 872 884 851 866 892 897 817 878 805 894 823 826 830 813 890 837 874 846 882 845 898 891
873
949 986 960 911 934 988 902 931 921 982 912 939 995 974 958 985 965 908 920 929 964 979 944 940 968 996 926 962 984 983 981 906 936 938 901 989 903 971 956 959 913
282 246 291 237 258 217 278 256 299 293 250 208 262 204 225 252 280 249 203 238 288 272 298 227 235 222 253 207 277 210 284 229 266 236 275 245 219 242
149
746
125 104 141 109 126 195 161 143 119 131 127 134 155 183 169 116 173 133 174 157 147 166 167 165 185 148 132 160 150 163 138 162 124 115 135 112 106 144 154
670
802
954
439 482 456 480 445 433 419 426 430 441 420 487 474 448 468 434 489 428 442 490 473 470 457 479 464 476 485 459 498 437 424 404 491 403 486 478 465 475 435 483 405 499 494 422 460 431 425
595 593 584 537 582 557 525 509 506 529 566 521 570 542 560 534 543 556 511 596 578 517 594 512 540 536 580 532 588 554 590 545 589 559 579 571 549 577 530 574 531 586 563 599 591 505 508
8
341 317 388 324 353 338 369 392 390 339 345 359 340 330 393 323 334 357 343 326 361 351 360 342 379 346 381 354 332 356 396 350 363 394 307 398 327 314 389 375 366 367
994
941
264
548
665
71
17
703
919
709
651
950
803
99
895
755 701 783 776 774 743 732 761 765 749 736 744 717 731 756 715 740 791 787 786 768 773 735 781 799 704 728 767 762 722 739 760 782 784 772 720
206
128
915
469
313
922
33
386
868
668
676
708
322
833
285
612
678 698 637 601 628 662 636 681 649 622 640 666 691 669 697 677 671 658 631 663 667 632 660 692 659 614 643 629 635 699 620 661 615 695 633
90
801
281
152
223
747
111
564
56
230
319
932
611
139
347
719
202
421
832
79 29 36 22 50 27 4 12 0 20 82 72 18 38 81 98 74 57 46 9 95 63 32 14 2 73 24 66 40 87 7 26 92 55 25 76 49 21
377
679
51
503
418
721
694
865
336
793
355
39
304
151
471
656
123
295
427
231
689
812
146
168
458
957
516
384
507
562
497
621
239
515
810
100
444
970
867
91
52
248
619
254
1
987
585
710
918
129
587
145
180
552
565
724
286
287
831
700
685
268
706
716
368
391
916
597
680
159
726
504
436
488
648
770
863
827
108
583
274
653
764
693
860
86
808
838
711
933
745
777
999
370
142
893
196
260
930
240
520
608
216
790
857
980
172
429
137
947
397
318
35
814
259
83
609
748
320
854
107
30
639
683
308
212
226
477
279
514
164
16
193
47
265
613
602
190
461
70
371
122
797
955
306
11
209
573
34
158
759
197
972
215
568
348
864
191
550
754
750
819
362
53
399
383
547
186
255
6
937
325
290
737
581
951
198
84
60
5
664
378
707
528
551
65
935
634
792
78
998
690
967
276
117
527
688
205
841
41
788
502
604
909
241
522
463
270
518
352
501
13
412
952
156
233
923
182
618
432
519
674
214
45
870
243
696
413
493
847
896
990
407
555
181
953
539
569
19
451
513
75
59
789
221
723
58
257
942
859
900
372
730
840
713
376
575
558
400
297
244
544
533
450
510
638
440
535
626
876
946
331
997
387
600
408
335
624
927
652
94
976
798
415
121
77
411
188
10
443
85
843
267
68
969
328
175
201
546
945
977
603
170
414
69
409
500
655
416
455
130
447
598
616
452
495
779
991
741
617
315
31
718
344
623
89
572
526
576
992
333
804
492
907
966
187
753
220
228
373
271
654
727
644
842
309
402
118
43
446
607
385
305
105
358
453
523
136
261
538
311
192
899
785
263
769
48
758
423
44
213
401
928
712
766
80
771
850
905
103
673
686
627
449
294
733
641
961
102
382
28
606
410
310
484
561
218
888
687
251
234
821
273
861
349
472
825
877
780
914
824
462
200
993
23
269
625
140
179
184
702
97
247
725
67
885
650
904
910
364
316
54
374
807
96
93
541
605
729
742
496
682
763
879
567
524
752
303
775
113
300
380
630
176
37
963
177
289
178
417
199
862
292
553
642
917
816
834
454
466
943
751
856
795
296
301
806
646
120
312
794
672
337
101
738
283
406
61
705
645
757
815
886
811
675
232
42
778
647
835
592
714
211
64
365
924
189
153
610
855
881
224
948
321
481
869
467
800
62
88
395
657
302
329
925
194
978
734
975
15
171
796
684