973
3
114
438
110
817 829 883 809 898 839 848 826 822 889 852 894 836 828 891 858 892 823 872 882 851 845 890 871 820 846 880 813 887 874 866 853 878 805 884 897 844 837 875 818 849 830
873
921 902 982 958 938 983 934 929 988 986 939 965 931 981 960 989 974 926 985 912 996 979 949 908 984 962 968 971 920 911 944 959 956 903 995 964 936 913 940 906 901
203 278 258 217 246 204 222 277 282 249 229 288 298 253 208 245 242 280 236 272 275 225 237 266 284 235 227 219 293 207 299 291 250 210 262 238 252 256
149
746
150 161 126 154 141 166 124 134 169 112 135 163 143 131 133 119 144 155 104 157 160 185 148 162 183 174 147 106 125 116 132 173 165 127 109 167 195 138 115
670
802
954
460 476 499 483 490 426 419 439 491 475 456 487 498 485 434 425 486 445 478 437 465 403 433 480 404 470 422 468 459 482 430 494 474 448 464 405 442 441 435 424 428 420 431 473 489 457 479
537 594 599 506 578 530 511 542 589 590 582 563 549 591 509 554 517 556 532 579 508 595 588 593 566 596 543 540 545 580 574 529 536 584 577 534 559 525 571 521 586 570 512 531 557 560 505
8
361 390 369 356 389 307 342 396 359 314 332 398 334 360 381 317 327 350 394 341 393 343 367 375 353 330 323 340 354 392 366 338 339 357 324 326 345 388 346 351 379 363
994
941
264
548
665
71
17
703
919
709
651
950
803
99
895
768 762 772 755 787 776 704 715 781 761 784 773 722 701 799 728 717 756 731 749 720 786 739 732 735 767 791 744 740 736 760 782 743 774 765 783
206
128
915
469
313
922
33
386
868
668
676
708
322
833
285
612
695
90
801
281
152
223
747
111
564
56
230
319
932
611
139
347
719
202
421
832
40 74 27 73 63 32 87 72 26 7 57 66 21 92 55 81 46 18 20 79 98 25 95 4 2 9 0 14 29 24 36 82 38 22 50 49 76 12
377
679
51
503
418
658 692 620 628 671 601 681 678 697 669 629 667 633 659 699 698 635 662 661 614 622 615 666 691 663 637 643 677 632 631 640 636 649 660
721
694
865
336
793
355
39
304
151
471
656
123
295
427
231
689
812
146
168
458
957
516
384
507
562
497
621
239
515
810
100
444
970
867
91
52
248
619
254
1
987
585
710
918
129
587
145
180
552
565
724
286
287
831
700
685
268
706
716
368
391
916
597
680
159
726
504
436
488
648
770
863
827
108
583
274
653
764
693
860
86
808
838
711
933
745
777
999
370
142
893
196
260
930
240
520
608
216
790
857
980
172
429
137
947
397
318
35
814
259
83
609
748
320
854
107
30
639
683
308
212
226
477
279
514
164
16
193
47
265
613
602
190
461
70
371
122
797
955
306
11
209
573
34
158
759
197
972
215
568
348
864
191
550
754
750
819
362
53
399
383
547
186
255
6
937
325
290
737
581
951
198
84
60
5
664
378
707
528
551
65
935
634
792
78
998
690
967
276
117
527
688
205
841
41
788
502
604
909
241
522
463
270
518
352
501
13
412
952
156
233
923
182
618
432
519
674
214
45
870
243
696
413
493
847
896
990
407
555
181
953
539
569
19
451
513
75
59
789
221
723
58
257
942
859
900
372
730
840
713
376
575
558
400
297
244
544
533
450
510
638
440
535
626
876
946
331
997
387
600
408
335
624
927
652
94
976
798
415
121
77
411
188
10
443
85
843
267
68
969
328
175
201
546
945
977
603
170
414
69
409
500
655
416
455
130
447
598
616
452
495
779
991
741
617
315
31
718
344
623
89
572
526
576
992
333
804
492
907
966
187
753
220
228
373
271
654
727
644
842
309
402
118
43
446
607
385
305
105
358
453
523
136
261
538
311
192
899
785
263
769
48
758
423
44
213
401
928
712
766
80
771
850
905
103
673
686
627
449
294
733
641
961
102
382
28
606
410
310
484
561
218
888
687
251
234
821
273
861
349
472
825
877
780
914
824
462
200
993
23
269
625
140
179
184
702
97
247
725
67
885
650
904
910
364
316
54
374
807
96
93
541
605
729
742
496
682
763
879
567
524
752
303
775
113
300
380
630
176
37
963
177
289
178
417
199
862
292
553
642
917
816
834
454
466
943
751
856
795
296
301
806
646
120
312
794
672
337
101
738
283
406
61
705
645
757
815
886
811
675
232
42
778
647
835
592
714
211
64
365
924
189
153
610
855
881
224
948
321
481
869
467
800
62
88
395
657
302
329
925
194
978
734
975
15
171
796
684