973
3
114
438
110
892 890 882 898 852 894 809 849 813 875 884 897 836 851 846 880 889 830 805 848 844 883 891 845 828 837 817 858 866 878 826 818 887 872 829 823 874 839 871 853 822
873
959 920 982 964 958 971 901 906 921 974 996 949 938 911 944 912 929 979 913 986 981 903 939 902 931 962 956 960 934 984 936 968 983 940 908 989 985 926 988 995 965
222 277 210 242 256 225 235 217 219 203 275 272 236 238 299 258 227 278 252 208 284 280 245 250 253 246 266 262 298 229 282 293 204 249 288 207 291 237
149
746
157 155 135 126 131 143 160 165 169 148 134 163 147 144 109 115 132 127 138 174 167 150 161 195 133 116 106 119 104 162 166 173 124 125 185 141 112 154 183
670
802
954
491 420 487 405 403 445 490 428 460 474 470 433 448 478 468 424 476 475 473 494 480 419 483 441 426 499 464 431 430 489 498 482 485 439 456 425 479 459 435 442 465 486 422 437 404 434 457
594 580 584 578 543 521 505 595 540 571 508 525 589 554 534 536 599 537 588 590 549 545 579 591 557 582 577 532 517 593 570 563 530 512 596 574 560 529 509 511 556 559 586 542 531 506 566
8
363 340 367 389 392 343 357 341 345 390 394 356 307 346 338 324 332 388 330 342 339 381 317 351 366 393 398 350 361 369 327 354 334 353 379 375 359 314 396 360 323 326
994
941
264
548
665
71
17
703
919
709
651
950
803
99
895
765 749 772 715 756 791 732 761 744 787 722 773 740 783 720 774 799 717 782 781 786 704 767 731 784 739 743 735 701 755 762 768 736 728 776 760
206
128
915
469
313
922
33
386
868
668
676
708
322
833
285
612
695
90
801
281
152
223
747
111
564
56
230
319
932
611
139
347
719
202
421
832
25 4 7 55 12 26 81 24 32 38 76 49 29 79 9 95 98 14 2 46 72 18 82 50 21 87 20 0 57 63 36 74 22 66 92 40 73 27
377
679
51
503
418
697 620 643 628 671 629 667 635 692 663 681 649 658 640 637 615 622 631 669 677 601 678 660 632 698 691 614 633 699 666 661 659 636 662
721
694
865
336
793
355
39
304
151
471
656
123
295
427
231
689
812
146
168
458
957
516
384
507
562
497
621
239
515
810
100
444
970
867
91
52
248
619
254
1
987
585
710
918
129
587
145
180
552
565
724
286
287
831
700
685
268
706
716
368
391
916
597
680
159
726
504
436
488
648
770
863
827
108
583
274
653
764
693
860
86
808
838
711
933
745
777
999
370
142
893
196
260
930
240
520
608
216
790
857
980
172
429
137
947
397
318
35
814
259
83
609
748
320
854
107
30
639
683
308
212
226
477
279
514
164
16
193
47
265
613
602
190
461
70
371
122
797
955
306
11
209
573
34
158
759
197
972
215
568
348
864
191
550
754
750
819
362
53
399
383
547
186
255
6
937
325
290
737
581
951
198
84
60
5
664
378
707
528
551
65
935
634
792
78
998
690
967
276
117
527
688
205
841
41
788
502
604
909
241
522
463
270
518
352
501
13
412
952
156
233
923
182
618
432
519
674
214
45
870
243
696
413
493
847
896
990
407
555
181
953
539
569
19
451
513
75
59
789
221
723
58
257
942
859
900
372
730
840
713
376
575
558
400
297
244
544
533
450
510
638
440
535
626
876
946
331
997
387
600
408
335
624
927
652
94
976
798
415
121
77
411
188
10
443
85
843
267
68
969
328
175
201
546
945
977
603
170
414
69
409
500
655
416
455
130
447
598
616
452
495
779
991
741
617
315
31
718
344
623
89
572
526
576
992
333
804
492
907
966
187
753
220
228
373
271
654
727
644
842
309
402
118
43
446
607
385
305
105
358
453
523
136
261
538
311
192
899
785
263
769
48
758
423
44
213
401
928
712
766
80
771
820
850
905
103
673
686
627
449
294
733
641
961
102
382
28
606
410
310
484
561
218
888
687
251
234
821
273
861
349
472
825
877
780
914
824
462
200
993
23
269
625
140
179
184
702
97
247
725
67
885
650
904
910
364
316
54
374
807
96
93
541
605
729
742
496
682
763
879
567
524
752
303
775
113
300
380
630
176
37
963
177
289
178
417
199
862
292
553
642
917
816
834
454
466
943
751
856
795
296
301
806
646
120
312
794
672
337
101
738
283
406
61
705
645
757
815
886
811
675
232
42
778
647
835
592
714
211
64
365
924
189
153
610
855
881
224
948
321
481
869
467
800
62
88
395
657
302
329
925
194
978
734
975
15
171
796
684