973
3
114
438
110
822 853 894 858 845 883 890 837 805 887 844 889 826 880 839 898 823 848 849 809 817 836 818 846 829 852 830 891 813 875 878 892 884 882 874 871 866 828 851 897 872
873
986 959 964 944 911 906 960 974 968 988 958 989 995 938 971 956 939 982 912 984 985 929 983 903 940 962 934 921 902 965 981 949 936 913 931 920 908 996 901 926 979
225 245 250 266 262 278 222 280 275 288 252 229 284 291 299 277 298 227 236 217 237 238 272 256 207 203 258 208 253 210 242 249 246 219 282 235 293 204
149
746
132 162 154 115 195 165 144 148 109 125 147 160 163 174 169 183 131 166 124 173 167 119 157 161 134 135 143 104 185 141 126 112 150 133 127 155 116 106 138
670
802
954
482 480 489 499 485 433 439 430 405 442 487 486 474 479 422 424 475 460 456 420 483 425 426 494 434 435 478 428 470 403 498 465 437 457 459 491 448 464 404 473 468 419 431 490 445 441
537 556 590 512 574 511 506 525 540 554 563 560 549 517 580 530 595 588 579 586 584 571 591 543 508 534 582 578 593 557 566 596 570 531 536 542 505 532 599 529 559 545 589 509 577 594 521
8
375 367 388 366 393 346 342 332 396 356 317 389 369 359 354 314 341 338 390 339 394 392 343 340 363 327 307 357 345 324 350 323 360 379 351 334 330 398 361 381 326 353
994
941
264
548
665
71
17
703
919
709
651
950
803
99
895
717 760 776 768 774 772 765 701 791 720 761 736 743 784 781 704 744 756 762 739 755 731 799 715 782 732 783 786 787 767 735 773 749 722 740 728
206
128
915
469
313
922
33
386
868
668
676
708
322
833
285
612
695
90
801
281
152
223
747
111
564
56
230
319
932
611
139
347
719
202
421
832
25 74 50 66 20 18 22 32 12 0 87 27 29 46 57 14 7 79 9 76 21 38 98 81 82 49 26 36 95 73 40 4 24 2 92 63 55 72
377
679
51
503
418
643 659 633 697 677 631 636 649 662 667 628 658 681 632 637 669 629 640 661 660 678 698 620 614 692 615 666 663 699 622 601 671 635 691
721
694
865
336
793
355
39
304
151
471
656
123
295
427
231
689
812
146
168
458
957
516
384
507
562
497
621
239
515
810
100
444
970
867
91
52
248
619
254
1
987
585
710
918
129
587
145
180
552
565
724
286
287
831
700
685
268
706
716
368
391
916
597
680
159
726
504
436
488
648
770
863
827
108
583
274
653
764
693
860
86
808
838
711
933
745
777
999
370
142
893
196
260
930
240
520
608
216
790
857
980
172
429
137
947
397
318
35
814
259
83
609
748
320
854
107
30
639
683
308
212
226
477
279
514
164
16
193
47
265
613
602
190
461
70
371
122
797
955
306
11
209
573
34
158
759
197
972
215
568
348
864
191
550
754
750
819
362
53
399
383
547
186
255
6
937
325
290
737
581
951
198
84
60
5
664
378
707
528
551
65
935
634
792
78
998
690
967
276
117
527
688
205
841
41
788
502
604
909
241
522
463
270
518
352
501
13
412
952
156
233
923
182
618
432
519
674
214
45
870
243
696
413
493
847
896
990
407
555
181
953
539
569
19
451
513
75
59
789
221
723
58
257
942
859
900
372
730
840
713
376
575
558
400
297
244
544
533
450
510
638
440
535
626
876
946
331
997
387
600
408
335
624
927
652
94
976
798
415
121
77
411
188
10
443
85
476
843
267
68
969
328
175
201
546
945
977
603
170
414
69
409
500
655
416
455
130
447
598
616
452
495
779
991
741
617
315
31
718
344
623
89
572
526
576
992
333
804
492
907
966
187
753
220
228
373
271
654
727
644
842
309
402
118
43
446
607
385
305
105
358
453
523
136
261
538
311
192
899
785
263
769
48
758
423
44
213
401
928
712
766
80
771
820
850
905
103
673
686
627
449
294
733
641
961
102
382
28
606
410
310
484
561
218
888
687
251
234
821
273
861
349
472
825
877
780
914
824
462
200
993
23
269
625
140
179
184
702
97
247
725
67
885
650
904
910
364
316
54
374
807
96
93
541
605
729
742
496
682
763
879
567
524
752
303
775
113
300
380
630
176
37
963
177
289
178
417
199
862
292
553
642
917
816
834
454
466
943
751
856
795
296
301
806
646
120
312
794
672
337
101
738
283
406
61
705
645
757
815
886
811
675
232
42
778
647
835
592
714
211
64
365
924
189
153
610
855
881
224
948
321
481
869
467
800
62
88
395
657
302
329
925
194
978
734
975
15
171
796
684