973
3
114
438
110
809 853 889 852 890 837 887 878 898 880 817 845 836 883 892 822 848 851 846 829 882 844 826 813 823 849 839 872 871 858 805 891 884 866 830 818 875 897 874 828 894
873
949 964 996 929 981 908 958 983 938 956 989 988 901 944 931 913 959 911 962 920 986 960 995 971 926 984 936 985 965 902 903 974 982 906 939 912 968 934 979 940 921
235 278 266 227 252 236 219 242 250 262 277 217 256 249 204 272 210 208 293 245 207 225 253 229 284 288 280 237 238 282 258 299 298 222 246 291 275 203
149
746
174 169 173 157 166 150 162 135 131 143 127 126 165 112 148 138 147 132 167 144 160 116 141 109 106 185 115 195 163 134 155 119 154 104 183 124 161 125 133
670
802
954
439 405 424 428 457 456 483 430 474 465 485 473 470 445 431 441 487 494 437 479 482 434 426 475 403 498 419 422 460 459 425 404 433 478 491 420 468 490 464 442 448 435 480 489 499 486
521 556 580 532 579 595 525 517 574 554 594 559 529 506 593 566 536 599 584 588 557 512 577 570 543 542 505 534 571 591 560 582 511 540 531 509 586 596 563 578 537 545 530 589 508 590
8
350 388 345 346 340 314 366 307 343 330 363 339 389 361 323 338 327 356 394 341 317 342 393 351 379 326 354 332 353 360 398 392 396 381 375 334 390 324 359 369 357 367
994
941
264
548
665
71
17
703
919
709
651
950
803
99
895
772 722 717 762 749 756 791 787 744 731 776 774 704 743 739 765 784 755 786 782 720 761 736 715 732 728 735 740 768 781 767 701 783 799 773 760
206
128
915
469
313
922
33
386
868
668
676
708
322
833
285
612
695
90
801
281
152
223
747
111
564
56
230
319
932
611
139
347
719
202
421
832
95 2 25 66 55 38 9 40 27 29 0 76 57 14 82 24 98 81 18 87 26 79 73 36 46 49 20 74 92 63 50 21 22 7 32 12 72 4
377
679
51
503
418
637 640 622 660 633 699 678 662 692 615 629 697 658 663 631 698 614 677 601 636 667 666 649 681 620 669 659 628 691 643 635 661 632 671
721
694
865
336
793
355
39
304
151
471
656
123
295
427
231
689
812
146
168
458
957
516
384
507
562
497
621
239
515
810
100
444
970
867
91
52
248
619
254
1
987
585
710
918
129
587
145
180
552
565
724
286
287
831
700
685
268
706
716
368
391
916
597
680
159
726
504
436
488
648
770
863
827
108
583
274
653
764
693
860
86
808
838
711
933
745
777
999
370
142
893
196
260
930
240
520
608
216
790
857
980
172
429
137
947
397
318
35
814
259
83
609
748
320
854
107
30
639
683
308
212
226
477
279
514
164
16
193
47
265
613
602
190
461
70
371
122
797
955
306
11
209
573
34
158
759
197
972
215
568
348
864
191
550
754
750
819
362
53
399
383
547
186
255
6
937
325
290
737
581
951
198
84
60
5
664
378
707
528
551
65
935
634
792
78
998
690
967
276
117
527
688
205
841
41
788
502
604
909
241
522
463
270
518
352
501
13
412
952
156
233
923
182
618
432
519
674
214
45
870
243
696
413
493
847
896
990
407
555
181
953
539
569
19
451
513
75
59
789
221
723
58
257
942
859
900
372
730
840
713
376
575
558
400
297
244
544
533
450
510
638
440
535
626
876
946
331
997
387
600
408
335
624
927
652
94
976
798
415
121
77
411
188
10
443
85
476
843
267
68
969
328
175
201
546
945
977
603
170
414
69
409
500
655
416
455
130
447
598
616
452
495
779
991
741
617
315
31
718
344
623
89
572
526
576
992
333
804
492
907
966
187
753
220
228
373
271
654
727
644
842
309
402
118
43
446
607
385
305
105
358
453
523
136
261
538
311
192
549
899
785
263
769
48
758
423
44
213
401
928
712
766
80
771
820
850
905
103
673
686
627
449
294
733
641
961
102
382
28
606
410
310
484
561
218
888
687
251
234
821
273
861
349
472
825
877
780
914
824
462
200
993
23
269
625
140
179
184
702
97
247
725
67
885
650
904
910
364
316
54
374
807
96
93
541
605
729
742
496
682
763
879
567
524
752
303
775
113
300
380
630
176
37
963
177
289
178
417
199
862
292
553
642
917
816
834
454
466
943
751
856
795
296
301
806
646
120
312
794
672
337
101
738
283
406
61
705
645
757
815
886
811
675
232
42
778
647
835
592
714
211
64
365
924
189
153
610
855
881
224
948
321
481
869
467
800
62
88
395
657
302
329
925
194
978
734
975
15
171
796
684