945 972 923 937 956 936 916 917 971 974 940 918 951 905 953 941 966 968 921 961 911 991 903 934 939 985 914 919 924 910 906 912 982 944 981 909 942 907 977 904 938 915 920 926 952 947 946 978 993 980 958 932 995 990 949 959 925 975 935 922 996 989 930 983 988 901 950 986 998 902 929 965 928 967 992 994 913 908 954 960 976 963 999 973 997 943 931 987 964 927 962 955 969 984 979
83 91 10 86 89 23 56 95 50 28 14 92 67 25 71 8 7 4 18 68 76 43 32 20 90 17 96 19 31 88 42 77 81 49 75 34 72 37 36 73 62 55 11 21 69 12 87 85 3 9 33 66 39 97 48 82 78 35 53 52 44 6 15 54 51 38 63 99 57 29 22 58 47 94 45 2 74 41 27 79 24 30 16 13 64 59 80 26 61 60 84 40 98 0 65 46
102 125 174 128 142 134 178 124 116 165 182 156 183 117 105 145 161 131 184 185 147 193 132 170 190 137 172 187 166 149 180 113 122 152 121 108 160 141 162 169 195 111 197 175 155 104 109 114 115 135 136 143 198 112 181 127 133 148 103 188 196 199 120 164 177 179 126 123 154 106 138 118 139 150 168 153 119 140 173 157 171 130 144 167 192 194 146 163 110 176 186
405 498 441 465 493 449 430 488 496 499 437 416 448 407 459 445 402 478 480 429 410 473 426 494 443 476 458 460 423 432 470 450 451 475 453 482 414 444 464 427 436 491 411 456 422 403 463 435 433 434 409 431 484 413 438 487 424 492 447 420 495 440 469 490 481 472 477 419 489 439 483 467 486 404 442 468 446 474 406 425 415 455 471 452 461 412 428 401 497 417 479 457 466 462 485 408 454
834 897 875 826 890 820 827 816 836 832 842 847 822 831 824 821 839 828 876 854 893 815 829 894 811 845 884 866 810 871 863 855 860 864 888 892 877 848 896 878 807 883 899 809 841 838 880 818 887 885 882 830 861 870 891 808 867 865 814 881 868 805 803 817 800 804 857 872 846 849 873 844 852 850 895 840 819 858 889 862 833 851 825 869 812 874 823 898 837 843 879 835 853 806 886 813
228 202 218 259 208 217 299 204 242 224 212 241 269 261 297 279 278 222 268 203 262 235 247 288 286 283 231 216 274 251 221 249 230 209 210 240 298 284 246 232 291 211 276 257 272 293 207 252 282 205 255 227 263 273 244 229 214 250 258 290 238 225 206 245 287 277 294 223 285 266 226 200 236 280 248 281 233 237 213 253 219 289 243 267 295 239 292 270 234 265 275 256 254 296
707 729 751 754 723 736 752 742 702 774 788 730 796 750 720 785 733 749 746 712 776 755 743 721 758 753 756 787 764 794 739 786 798 722 770 793 766 792 761 718 734 781 780 783 763 775 771 735 725 779 738 744 711 777 716 732 757 747 762 741 745 709 759 799 714 704 717 790 705 773 760 767 768 765 701 782 713 715 795 778 710 784 724 791 797 740 731 703 772 728 708 769 737 748 719
615 622 662 651 692 601 689 642 699 632 602 624 672 635 684 681 688 691 604 630 695 652 618 607 663 628 697 654 693 674 649 690 647 612 677 609 667 634 621 694 660 625 682 629 655 627 664 603 680 643 611 673 637 679 669 638 670 645 608 668 678 631 614 613 636 698 616 675 640 656 686 620 658 641 605 648 696 633 661 665 657 617 683 659 653 639 687 666 644 671 650 646 685 626 676
802
583 515 560 508 562 506 553 573 558 501 525 545 590 598 577 576 550 543 563 551 507 519 574 585 538 537 591 544 521 554 524 584 579 528 536 542 547 527 511 581 582 505 588 559 595 514 569 523 502 504 565 594 575 516 552 597 503 510 593 529 541 512 549 564 546 530 599 570 518 532 520 586 531 509 557 578 517 526 561 566 589 535 513 533 540 556 567 539 534 555 568 587 580 571 596
300 314 327 351 391 369 370 330 319 329 364 320 360 362 343 304 389 355 325 309 333 305 385 336 307 328 372 376 382 318 313 361 345 308 322 381 340 375 310 377 323 352 342 357 380 371 398 347 331 341 394 393 359 326 366 396 399 312 349 363 354 311 379 324 383 395 317 390 386 339 368 378 392 321 353 367 356 344 388 350 384 397 365 348 346 332 337 334 303 335 358 302 387 315 338 306
264
548
801
421
418
151
957
100
970
619
1
129
700
706
159
726
933
260
107
70
158
215
191
5
522
789
859
900
400
600
201
500
623
572
220
373
271
727
606
316
374
93
856
301
101
592
189
610
948