973
3
114
438
110
837 805 818 866 872 852 871 883 836 851 882 889 829 890 826 875 894 880 878 874 845 848 891 830 892 844 897 822 809 839 817 887 828 823 898 884 849 853 858 813 846
873
929 901 962 956 989 968 964 985 938 981 988 965 984 920 958 996 960 986 913 995 949 940 912 979 903 936 921 982 911 906 959 926 934 974 939 971 944 902 908 983 931
288 245 207 227 272 236 278 250 217 203 210 277 253 238 299 275 284 256 235 219 282 293 266 237 298 262 280 222 225 249 204 291 242 252 258 208 229 246
149
746
183 143 162 104 185 195 154 165 127 112 155 160 119 174 124 115 161 163 109 125 147 135 116 144 132 131 167 133 173 148 169 138 126 141 134 150 106 166 157
670
802
954
441 485 478 482 403 486 480 448 491 425 433 457 468 437 473 490 431 420 428 445 487 498 474 483 475 424 442 464 460 405 430 465 434 435 456 419 479 404 459 439 494 499 422 426 470 489
542 505 563 537 545 556 595 586 557 591 596 517 579 525 554 511 588 506 530 559 540 574 584 566 599 508 594 531 590 578 512 560 529 532 534 543 582 521 509 571 577 593 570 589 580 536
8
363 356 330 360 388 326 366 379 398 394 369 332 381 361 340 357 317 343 353 351 367 390 393 346 338 396 392 342 334 350 345 341 327 323 314 324 354 359 339 307 389
994
941
264
548
665
71
17
703
919
709
651
950
803
99
895
749 760 731 701 722 720 755 732 743 740 799 717 783 768 735 704 773 715 781 767 762 765 784 756 761 739 744 776 786 791 782 728 772 787 736 774
206
128
915
469
313
922
33
386
868
668
676
708
322
833
285
612
695
90
801
281
152
223
747
111
564
56
230
319
932
375
611
139
347
719
202
421
832
4 7 27 82 22 9 40 0 26 95 18 66 32 74 20 79 24 46 38 73 63 29 57 92 2 87 14 98 25 76 36 55 49 12 50 21 72 81
377
679
51
503
418
662 628 659 661 601 681 629 649 622 669 697 620 677 658 666 614 643 671 636 640 663 635 678 637 691 699 698 692 632 667 615 631 660 633
721
694
865
336
793
355
39
304
151
471
656
123
295
427
231
689
812
146
168
458
957
516
384
507
562
497
621
239
515
810
100
444
970
867
91
52
248
619
254
1
987
585
710
918
129
587
145
180
552
565
724
286
287
831
700
685
268
706
716
368
391
916
597
680
159
726
504
436
488
648
770
863
827
108
583
274
653
764
693
860
86
808
838
711
933
745
777
999
370
142
893
196
260
930
240
520
608
216
790
857
980
172
429
137
947
397
318
35
814
259
83
609
748
320
854
107
30
639
683
308
212
226
477
279
514
164
16
193
47
265
613
602
190
461
70
371
122
797
955
306
11
209
573
34
158
759
197
972
215
568
348
864
191
550
754
750
819
362
53
399
383
547
186
255
6
937
325
290
737
581
951
198
84
60
5
664
378
707
528
551
65
935
634
792
78
998
690
967
276
117
527
688
205
841
41
788
502
604
909
241
522
463
270
518
352
501
13
412
952
156
233
923
182
618
432
519
674
214
45
870
243
696
413
493
847
896
990
407
555
181
953
539
569
19
451
513
75
59
789
221
723
58
257
942
859
900
372
730
840
713
376
575
558
400
297
244
544
533
450
510
638
440
535
626
876
946
331
997
387
600
408
335
624
927
652
94
976
798
415
121
77
411
188
10
443
85
476
843
267
68
969
328
175
201
546
945
977
603
170
414
69
409
500
655
416
455
130
447
598
616
452
495
779
991
741
617
315
31
718
344
623
89
572
526
576
992
333
804
492
907
966
187
753
220
228
373
271
654
727
644
842
309
402
118
43
446
607
385
305
105
358
453
523
136
261
538
311
192
549
899
785
263
769
48
758
423
44
213
401
928
712
766
80
771
820
850
905
103
673
686
627
449
294
733
641
961
102
382
28
606
410
310
484
561
218
888
687
251
234
821
273
861
349
472
825
877
780
914
824
462
200
993
23
269
625
140
179
184
702
97
247
725
67
885
650
904
910
364
316
54
374
807
96
93
541
605
729
742
496
682
763
879
567
524
752
303
775
113
300
380
630
176
37
963
177
289
178
417
199
862
292
553
642
917
816
834
454
466
943
751
856
795
296
301
806
646
120
312
794
672
337
101
738
283
406
61
705
645
757
815
886
811
675
232
42
778
647
835
592
714
211
64
365
924
189
153
610
855
881
224
948
321
481
869
467
800
62
88
395
657
302
329
925
194
978
734
975
15
171
796
684