973
3
114
438
110
849 839 805 889 883 845 880 866 809 892 830 871 853 894 823 872 813 826 837 858 846 878 890 844 828 822 851 875 817 848 898 852 891 884 897 836 874 818 829 882 887
873
936 903 974 908 979 983 921 986 984 939 929 940 996 938 949 956 958 901 926 962 971 934 931 960 989 995 985 912 920 982 964 968 988 965 911 902 944 906 913 981 959
256 222 284 219 272 203 293 278 208 210 258 277 282 225 266 236 288 262 227 280 245 238 242 275 235 252 250 253 207 217 291 299 204 249 298 229 237 246
149
746
163 154 112 119 195 169 173 132 115 131 160 109 143 126 167 185 135 150 133 125 155 116 144 165 157 147 166 141 104 124 183 174 161 127 148 106 134 162 138
670
802
954
439 460 499 464 420 441 457 424 459 483 485 489 498 422 480 405 465 448 431 456 482 478 490 428 445 434 479 404 430 491 433 403 426 419 487 475 486 494 474 470 437 473 435 442 468 425
509 536 593 579 591 508 532 595 599 594 554 563 582 589 556 529 521 584 577 559 596 571 512 505 570 530 590 566 542 578 588 537 540 545 557 506 534 580 517 574 511 560 543 525 531 586
8
350 369 330 367 360 323 366 345 363 394 351 392 324 346 332 317 379 396 388 341 359 339 381 390 334 398 340 307 357 342 338 314 353 354 393 326 361 356 389 343
994
941
264
548
665
71
17
703
919
709
651
950
803
99
895
791 773 772 799 776 784 783 731 735 765 774 720 755 739 786 749 736 740 768 743 781 761 704 760 762 722 767 732 717 756 728 715 782 744 701 787
206
128
915
469
313
922
33
386
868
668
676
708
322
833
285
612
695
90
801
281
152
223
747
111
564
56
230
319
932
375
611
139
347
719
202
421
832
20 73 98 0 32 81 50 55 82 72 36 29 9 26 95 14 2 74 76 12 7 21 38 4 18 57 22 49 87 27 46 92 66 79 40 24 63 25
377
679
51
503
418
698 691 636 620 643 629 649 671 658 601 615 662 633 659 661 666 669 699 628 632 622 692 677 678 637 697 660 667 640 635 631 614 663 681
721
694
865
336
793
355
39
304
151
471
656
123
295
427
231
689
812
146
168
458
957
516
384
507
562
497
621
239
515
810
100
444
970
867
91
52
248
619
254
1
987
585
710
918
129
587
145
180
552
565
724
286
287
831
700
685
268
706
716
368
391
916
597
680
159
726
504
436
488
648
770
863
827
108
583
274
653
764
693
860
86
808
838
711
933
745
777
999
370
142
893
196
260
930
240
520
608
216
790
857
980
172
429
137
947
397
318
35
814
259
83
609
748
320
854
107
30
639
683
308
212
226
477
279
514
164
16
193
47
265
613
602
190
461
70
371
122
797
955
306
11
209
573
34
158
759
197
972
215
568
348
864
191
550
754
750
819
362
53
399
383
547
186
255
6
937
325
290
737
581
951
198
84
60
5
664
378
707
528
551
65
935
634
792
78
998
690
967
276
117
527
688
205
841
41
788
502
604
909
241
522
463
270
518
352
501
13
412
952
156
233
923
182
618
432
519
674
214
45
870
243
696
413
493
847
896
990
407
555
181
953
539
569
19
451
513
75
59
789
221
723
58
257
942
859
900
372
730
840
713
376
575
558
400
297
244
544
533
450
510
638
440
535
626
876
946
331
997
387
600
408
335
624
927
652
94
976
798
415
121
77
411
188
10
443
85
476
843
267
68
969
328
175
201
546
945
977
603
170
414
69
409
500
655
416
455
130
447
598
616
452
495
779
991
741
617
315
31
718
344
623
89
572
526
576
992
333
804
492
907
966
187
753
220
228
373
271
654
727
644
842
309
402
118
43
446
607
385
305
105
358
453
523
136
261
538
311
192
549
899
785
263
769
48
758
423
44
213
401
928
712
766
80
771
820
850
905
103
673
686
627
449
294
733
641
961
102
382
28
606
410
310
484
561
218
888
687
251
234
821
273
861
349
472
825
877
780
914
824
462
200
993
23
269
625
140
179
184
702
97
247
725
67
885
650
904
910
327
364
316
54
374
807
96
93
541
605
729
742
496
682
763
879
567
524
752
303
775
113
300
380
630
176
37
963
177
289
178
417
199
862
292
553
642
917
816
834
454
466
943
751
856
795
296
301
806
646
120
312
794
672
337
101
738
283
406
61
705
645
757
815
886
811
675
232
42
778
647
835
592
714
211
64
365
924
189
153
610
855
881
224
948
321
481
869
467
800
62
88
395
657
302
329
925
194
978
734
975
15
171
796
684