973
3
114
438
110
813 836 823 817 829 837 884 874 809 889 844 897 898 887 826 805 890 848 891 818 822 853 883 858 851 892 849 871 866 878 845 882 839 894 880 875 828 846 830 852 872
873
908 926 921 981 983 989 949 956 965 944 995 986 960 903 985 968 902 979 940 929 964 911 971 938 901 939 931 974 959 936 906 934 982 962 913 920 958 984 996 988 912
217 250 266 246 298 278 227 253 277 236 225 235 219 299 203 258 242 222 272 252 280 288 207 291 208 210 262 293 282 229 284 256 249 245 275 238 204
149
746
162 115 174 147 125 119 173 144 161 124 166 183 160 143 141 126 134 169 150 116 154 148 157 195 155 138 167 135 127 112 163 133 106 109 131 132 104 165 185
670
802
954
489 437 474 422 468 494 479 475 431 405 442 403 490 430 482 404 419 425 424 435 473 420 439 499 457 485 470 491 486 498 460 487 480 441 445 448 465 428 478 459 464 456 433 426 434 483
586 593 596 543 521 532 589 554 534 566 574 579 509 512 577 591 563 531 536 525 599 560 570 517 511 578 556 557 595 582 506 584 588 590 537 530 545 559 594 542 540 505 508 529 580 571
8
330 323 367 359 334 363 324 390 357 389 360 350 340 343 392 366 393 356 345 317 307 346 398 342 326 396 388 351 353 354 341 361 381 314 369 338 332 339 379 394
994
941
264
548
665
71
17
703
919
709
651
950
803
99
895
728 731 761 704 735 756 744 720 736 715 774 762 760 740 768 783 787 717 701 772 782 765 799 739 743 784 791 773 755 732 749 776 722 767 786 781
206
128
915
469
313
922
33
386
868
668
676
708
322
833
285
612
695
90
801
281
152
223
747
111
564
56
230
319
932
375
611
139
347
719
202
421
832
87 82 7 40 0 98 14 92 26 50 4 24 36 38 72 57 95 76 9 29 63 81 22 66 74 55 18 46 79 12 25 32 20 73 2 21 49 27
377
679
51
503
418
601 659 614 698 615 691 629 678 671 631 637 622 666 663 636 669 643 692 662 633 649 635 697 620 628 658 660 677 640 661 681 667 632 699
721
694
865
336
793
355
39
304
151
471
656
123
295
427
231
689
812
146
168
458
957
516
384
507
562
497
621
239
515
810
100
444
970
867
91
52
248
619
254
1
987
585
710
918
129
587
145
180
552
565
724
286
287
831
700
685
268
706
716
237
368
391
916
597
680
159
726
504
436
488
648
770
863
827
108
583
274
653
764
693
860
86
808
838
711
933
745
777
999
370
142
893
196
260
930
240
520
608
216
790
857
980
172
429
137
947
397
318
35
814
259
83
609
748
320
854
107
30
639
683
308
212
226
477
279
514
164
16
193
47
265
613
602
190
461
70
371
122
797
955
306
11
209
573
34
158
759
197
972
215
568
348
864
191
550
754
750
819
362
53
399
383
547
186
255
6
937
325
290
737
581
951
198
84
60
5
664
378
707
528
551
65
935
634
792
78
998
690
967
276
117
527
688
205
841
41
788
502
604
909
241
522
463
270
518
352
501
13
412
952
156
233
923
182
618
432
519
674
214
45
870
243
696
413
493
847
896
990
407
555
181
953
539
569
19
451
513
75
59
789
221
723
58
257
942
859
900
372
730
840
713
376
575
558
400
297
244
544
533
450
510
638
440
535
626
876
946
331
997
387
600
408
335
624
927
652
94
976
798
415
121
77
411
188
10
443
85
476
843
267
68
969
328
175
201
546
945
977
603
170
414
69
409
500
655
416
455
130
447
598
616
452
495
779
991
741
617
315
31
718
344
623
89
572
526
576
992
333
804
492
907
966
187
753
220
228
373
271
654
727
644
842
309
402
118
43
446
607
385
305
105
358
453
523
136
261
538
311
192
549
899
785
263
769
48
758
423
44
213
401
928
712
766
80
771
820
850
905
103
673
686
627
449
294
733
641
961
102
382
28
606
410
310
484
561
218
888
687
251
234
821
273
861
349
472
825
877
780
914
824
462
200
993
23
269
625
140
179
184
702
97
247
725
67
885
650
904
910
327
364
316
54
374
807
96
93
541
605
729
742
496
682
763
879
567
524
752
303
775
113
300
380
630
176
37
963
177
289
178
417
199
862
292
553
642
917
816
834
454
466
943
751
856
795
296
301
806
646
120
312
794
672
337
101
738
283
406
61
705
645
757
815
886
811
675
232
42
778
647
835
592
714
211
64
365
924
189
153
610
855
881
224
948
321
481
869
467
800
62
88
395
657
302
329
925
194
978
734
975
15
171
796
684