973
3
114
438
110
890 813 809 883 897 826 837 875 878 898 846 830 829 884 817 874 822 887 872 894 851 848 871 818 892 845 839 828 853 849 882 823 844 836 891 889 852 866 805 858 880
873
901 956 949 983 913 921 939 958 938 968 964 903 912 911 974 926 902 936 934 959 920 962 979 986 908 944 965 940 995 931 982 929 989 981 985 988 906 960 971 996 984
293 229 246 278 258 207 298 203 225 217 227 256 299 222 272 219 204 253 266 280 242 252 235 249 250 208 282 236 291 275 262 238 245 210 288 284 277
149
746
134 135 124 148 160 126 131 173 147 104 157 112 155 127 109 138 195 154 166 165 167 115 125 163 144 116 162 119 132 183 143 169 150 174 133 185 141 161 106
670
802
954
498 448 486 485 404 464 435 487 403 460 474 431 426 445 494 430 422 424 459 433 420 405 456 480 457 442 465 419 439 434 482 468 483 489 425 479 428 437 490 473 491 475 499 478 441 470
599 540 563 542 521 529 559 512 578 590 525 543 596 508 588 556 557 545 571 517 560 589 532 531 591 570 505 554 534 582 530 537 593 566 509 586 579 577 595 580 584 511 506 594 536 574
8
394 307 342 367 324 323 389 361 356 369 338 334 393 381 330 360 353 341 357 350 363 317 343 398 388 354 351 326 340 392 366 346 345 332 339 396 314 359 379
994
941
264
548
665
71
17
703
919
709
651
950
803
99
895
715 701 735 749 772 776 720 781 774 760 740 791 786 731 755 768 744 762 743 765 739 784 782 722 704 799 773 736 732 756 761 717 783 767 728 787
206
128
915
469
313
922
33
386
868
668
676
708
322
833
285
612
695
90
801
281
152
223
747
111
564
56
230
319
932
375
611
139
347
719
202
421
832
27 21 55 29 0 72 49 66 74 76 92 9 24 82 36 22 46 79 81 73 63 14 25 32 7 57 2 87 20 26 50 98 4 95 18 40 12 38
377
679
51
503
418
662 632 629 661 658 666 640 631 620 649 614 622 659 628 633 667 663 635 637 677 681 678 699 692 698 643 615 636 669 601 691 697 671 660
721
694
865
336
793
355
39
304
151
471
656
123
295
427
231
689
812
146
168
458
957
516
384
507
562
497
621
239
515
810
100
444
970
867
91
52
248
619
254
1
987
585
710
918
129
587
145
180
552
565
724
286
287
831
700
685
268
706
716
237
368
391
916
597
680
159
726
504
436
488
648
770
863
827
108
583
274
653
764
693
860
86
808
838
711
933
745
777
999
370
142
893
196
260
930
240
520
608
216
790
857
980
172
429
137
947
397
318
35
814
259
83
609
748
320
854
107
30
639
683
308
212
226
477
279
514
164
16
193
47
265
613
602
190
461
70
371
122
797
955
306
11
209
573
34
158
759
197
972
215
568
348
864
191
550
754
750
819
362
53
399
383
547
186
255
6
937
325
290
737
581
951
198
84
60
5
664
378
707
528
551
65
935
634
792
78
998
690
967
276
117
527
688
205
841
41
788
502
604
909
241
522
463
270
518
352
501
13
412
952
156
233
923
182
618
432
519
674
214
45
870
243
696
413
493
847
896
990
407
555
181
953
539
569
19
451
513
75
59
789
221
723
58
257
942
859
900
372
730
840
713
376
575
558
400
297
244
544
533
450
510
638
440
535
626
876
946
331
997
387
600
408
335
624
927
652
94
976
798
415
121
77
411
188
10
443
85
476
843
267
68
969
328
175
201
546
945
977
603
170
414
69
409
500
655
416
455
130
447
598
616
452
495
779
991
741
617
315
31
718
344
623
89
572
526
576
992
333
804
492
907
966
187
753
220
228
373
271
654
727
644
842
309
402
118
43
446
607
385
305
105
358
453
523
136
261
538
311
192
549
899
785
263
769
48
758
423
44
213
401
928
712
766
80
771
820
850
905
103
673
686
627
449
294
733
641
961
102
382
28
606
410
310
484
561
218
888
687
251
234
821
273
861
349
472
825
877
780
914
824
462
200
993
23
269
625
140
179
184
702
97
247
725
67
885
650
904
910
327
364
316
54
374
807
96
93
541
605
729
742
496
682
763
879
567
524
752
303
775
113
300
380
630
176
37
963
177
289
178
417
199
862
292
553
642
917
816
834
454
466
390
943
751
856
795
296
301
806
646
120
312
794
672
337
101
738
283
406
61
705
645
757
815
886
811
675
232
42
778
647
835
592
714
211
64
365
924
189
153
610
855
881
224
948
321
481
869
467
800
62
88
395
657
302
329
925
194
978
734
975
15
171
796
684