973
3
114
438
110
878 891 851 813 839 883 884 829 871 817 809 818 830 874 822 890 882 805 866 836 897 849 846 892 887 852 889 858 845 894 880 875 823 826 828 872 898 853 848 837 844
873
983 926 962 995 974 903 913 936 985 901 908 968 906 960 964 959 981 931 902 929 979 938 912 920 982 911 921 996 934 989 965 956 984 986 988 958 944 971 949 939 940
207 246 272 236 225 298 238 293 219 288 208 203 282 258 229 250 291 262 245 242 222 275 278 227 277 249 284 299 280 235 204 256 266 253 217 210
149
746
126 133 150 174 116 166 169 163 165 127 119 162 185 134 155 167 161 144 132 183 143 138 131 157 125 109 148 173 135 195 115 154 160 124 106 147 112 104 141
670
802
954
457 489 494 456 464 459 424 419 482 491 460 433 498 434 479 442 439 499 485 445 422 435 437 420 430 470 428 475 403 483 486 465 404 490 478 441 425 480 405 431 474 426 473 468 487 448
506 545 578 577 511 542 593 590 586 543 556 554 534 559 589 595 570 584 509 530 594 579 566 582 574 591 508 540 531 563 532 521 560 580 536 571 596 512 557 505 529 537 588 517 599 525
8
314 369 345 367 354 343 389 353 330 361 307 357 393 350 323 363 340 351 360 398 332 339 396 392 324 334 346 341 342 338 317 379 388 381 356 394 359 366 326
994
941
264
548
665
71
17
703
919
709
651
950
803
99
895
772 755 749 732 743 787 782 720 740 799 739 701 781 717 783 756 776 791 704 773 774 744 722 762 765 767 715 735 768 736 786 728 731 760 784 761
206
128
915
469
313
922
33
386
868
668
676
708
322
833
285
612
695
90
801
281
152
223
747
111
564
56
230
319
932
375
611
139
347
719
202
421
832
36 14 38 66 46 4 7 57 49 26 20 32 50 73 92 22 18 24 79 72 40 74 0 55 27 81 98 76 63 12 2 25 87 21 82 9 95 29
377
679
51
503
418
669 697 663 678 620 666 649 643 698 692 628 632 659 699 677 633 661 635 637 601 658 622 671 631 691 615 640 662 629 660 681 614 667 636
721
694
865
336
793
355
39
304
151
471
656
123
295
427
231
689
812
146
168
458
957
516
384
507
562
497
621
239
515
810
100
444
970
867
91
52
248
619
254
1
987
585
710
918
129
587
145
180
552
565
724
286
287
831
700
685
268
706
716
237
368
391
916
597
680
159
726
504
436
488
648
770
863
827
108
583
274
653
764
693
860
86
808
838
711
933
745
777
999
370
142
893
196
260
930
240
520
608
216
790
857
980
172
429
137
947
397
318
35
814
259
83
609
748
320
854
107
30
639
683
308
212
226
477
279
514
164
16
193
47
265
613
602
190
461
70
371
122
797
955
306
11
209
573
34
158
759
197
972
215
568
252
348
864
191
550
754
750
819
362
53
399
383
547
186
255
6
937
325
290
737
581
951
198
84
60
5
664
378
707
528
551
65
935
634
792
78
998
690
967
276
117
527
688
205
841
41
788
502
604
909
241
522
463
270
518
352
501
13
412
952
156
233
923
182
618
432
519
674
214
45
870
243
696
413
493
847
896
990
407
555
181
953
539
569
19
451
513
75
59
789
221
723
58
257
942
859
900
372
730
840
713
376
575
558
400
297
244
544
533
450
510
638
440
535
626
876
946
331
997
387
600
408
335
624
927
652
94
976
798
415
121
77
411
188
10
443
85
476
843
267
68
969
328
175
201
546
945
977
603
170
414
69
409
500
655
416
455
130
447
598
616
452
495
779
991
741
617
315
31
718
344
623
89
572
526
576
992
333
804
492
907
966
187
753
220
228
373
271
654
727
644
842
309
402
118
43
446
607
385
305
105
358
453
523
136
261
538
311
192
549
899
785
263
769
48
758
423
44
213
401
928
712
766
80
771
820
850
905
103
673
686
627
449
294
733
641
961
102
382
28
606
410
310
484
561
218
888
687
251
234
821
273
861
349
472
825
877
780
914
824
462
200
993
23
269
625
140
179
184
702
97
247
725
67
885
650
904
910
327
364
316
54
374
807
96
93
541
605
729
742
496
682
763
879
567
524
752
303
775
113
300
380
630
176
37
963
177
289
178
417
199
862
292
553
642
917
816
834
454
466
390
943
751
856
795
296
301
806
646
120
312
794
672
337
101
738
283
406
61
705
645
757
815
886
811
675
232
42
778
647
835
592
714
211
64
365
924
189
153
610
855
881
224
948
321
481
869
467
800
62
88
395
657
302
329
925
194
978
734
975
15
171
796
684