973
3
114
438
110
839 892 878 890 849 844 875 891 882 823 851 871 883 818 817 848 828 887 880 826 874 853 813 852 805 845 884 822 872 889 858 837 866 846 830 829 898 897 809 836 894
873
903 901 960 988 936 986 940 989 983 964 984 982 959 949 912 971 944 938 965 931 996 962 906 929 913 920 981 939 911 968 934 974 908 958 985 995 979 902 956 921 926
246 235 236 203 266 291 217 219 253 204 207 275 258 282 280 299 208 298 256 250 262 277 210 249 225 229 227 288 245 238 272 242 284 278 293 222
149
746
106 147 183 169 132 131 160 104 127 157 134 143 165 155 135 174 166 161 150 167 124 141 173 112 133 126 125 115 144 195 148 163 138 185 109 154 116 119
670
802
954
448 425 437 499 419 445 422 494 404 482 473 475 405 428 480 431 474 464 478 465 459 435 487 470 439 491 420 456 479 441 433 498 457 403 424 490 486 485 442 483 426 430 460 434 468 489
580 537 521 529 584 566 508 556 595 589 599 590 560 536 511 557 559 571 570 531 579 530 540 593 512 596 578 586 517 509 574 532 545 534 506 588 594 554 543 525 563 505 577 582 542 591
8
388 330 342 367 354 392 343 324 379 359 307 356 341 314 366 369 351 340 398 317 361 345 353 326 357 360 346 338 332 350 323 339 396 334 381 363 394 389 393
994
941
264
548
665
71
17
703
919
709
651
950
803
99
895
791 720 722 749 799 783 760 774 762 717 755 731 787 739 701 772 704 728 756 786 776 761 715 781 736 765 768 767 773 743 782 732 744 735 740 784
206
128
915
469
313
922
33
386
868
668
676
708
322
833
285
612
695
90
801
281
152
223
747
111
564
56
230
319
932
375
611
139
347
719
202
421
832
29 0 72 2 63 14 24 98 22 66 9 55 49 87 95 57 21 18 32 25 26 74 82 73 4 38 7 81 50 46 40 12 27 20 36 76 79 92
377
679
51
503
418
677 635 661 698 629 699 633 691 620 601 660 659 666 636 640 667 628 631 615 663 632 637 649 658 614 669 697 671 692 662 681 678 643 622
721
694
865
336
793
355
39
304
151
471
656
123
295
427
231
689
812
146
168
458
957
516
384
507
562
497
621
239
515
810
100
444
970
867
91
52
248
619
254
1
987
585
710
918
129
587
145
180
552
565
724
286
287
831
700
685
268
706
716
237
368
391
916
597
680
159
726
504
436
488
648
770
863
827
108
583
274
653
764
693
860
86
808
838
711
933
745
777
999
370
142
893
196
260
930
240
520
608
216
790
857
980
172
429
137
947
397
318
35
814
259
83
609
748
320
854
107
30
639
683
308
212
226
477
279
514
164
16
193
47
265
613
602
190
461
70
371
122
797
955
306
11
209
573
34
158
759
197
972
215
568
252
348
864
191
550
754
750
819
362
53
399
383
547
186
255
6
937
325
290
737
581
951
198
84
60
5
664
378
707
528
551
65
935
634
792
78
998
690
967
276
117
527
688
205
841
41
788
502
604
909
241
522
463
270
518
352
501
13
412
952
156
233
923
182
618
432
519
674
214
45
870
243
696
413
493
847
896
990
407
555
181
953
539
569
19
451
513
75
59
789
221
723
58
257
942
859
900
372
730
840
713
376
575
558
400
297
244
544
533
450
510
638
440
535
626
876
946
331
997
387
600
408
335
624
927
652
94
976
798
415
121
77
411
188
10
443
85
476
843
267
68
969
328
175
201
546
945
977
603
170
414
69
409
500
655
416
455
130
447
598
616
452
495
779
991
741
617
315
31
718
344
623
89
572
526
576
992
333
804
492
907
966
187
753
220
228
373
271
654
727
644
842
309
402
118
43
446
607
385
305
105
358
453
523
136
261
538
311
192
549
899
785
263
769
48
758
423
44
213
401
928
712
766
80
771
820
850
905
103
673
686
627
449
294
733
641
961
102
382
28
606
410
310
484
561
218
888
687
251
234
821
273
861
349
472
825
877
780
914
824
462
200
993
23
269
625
140
179
184
702
97
247
725
67
885
650
904
910
327
364
316
54
374
807
96
162
93
541
605
729
742
496
682
763
879
567
524
752
303
775
113
300
380
630
176
37
963
177
289
178
417
199
862
292
553
642
917
816
834
454
466
390
943
751
856
795
296
301
806
646
120
312
794
672
337
101
738
283
406
61
705
645
757
815
886
811
675
232
42
778
647
835
592
714
211
64
365
924
189
153
610
855
881
224
948
321
481
869
467
800
62
88
395
657
302
329
925
194
978
734
975
15
171
796
684