973
3
114
438
110
830 853 837 858 829 836 878 809 822 898 871 894 891 851 845 826 866 883 805 828 817 887 813 880 875 846 892 872 889 882 844 884 823 890 848 818 839 852 897 849
873
986 982 912 968 929 944 956 971 965 903 984 988 938 920 911 959 985 979 974 906 934 995 913 983 981 926 962 921 901 902 940 989 960 996 908 958 949 931 936 964 939
272 298 219 250 208 256 253 217 280 278 293 229 236 288 225 249 203 262 235 299 291 258 284 246 242 282 266 275 204 210 227 245 222 277 207 238
149
746
115 166 147 183 127 116 185 163 133 126 119 169 154 109 104 174 124 141 131 106 112 144 155 132 195 167 157 150 160 173 143 165 138 148 125 134 161 135
670
802
954
422 460 479 459 473 490 439 448 437 474 425 494 464 441 445 433 419 457 431 478 435 486 475 480 434 428 470 424 456 491 489 405 442 468 485 420 487 404 426 430 403 483 465 499 482 498
590 589 593 588 506 577 579 543 509 586 511 599 512 537 534 505 508 566 530 557 532 521 517 578 591 542 582 571 570 525 563 536 560 574 580 554 594 529 540 556 584 595 531 545 596 559
8
332 330 361 317 350 393 339 346 314 360 398 389 369 396 343 326 388 307 359 367 356 351 363 334 338 342 340 324 366 341 392 394 345 379 381 357 323 353 354
994
941
264
548
665
71
17
703
919
709
651
950
803
99
895
755 768 728 762 715 756 765 787 743 773 735 799 774 783 720 772 776 786 722 781 767 749 744 717 760 736 739 704 784 782 732 701 731 761 791 740
206
128
915
469
313
922
33
386
868
668
676
708
322
833
285
612
695
90
801
281
152
223
747
111
564
56
230
319
932
375
611
139
347
719
202
421
832
2 57 49 82 12 55 87 66 63 14 73 36 81 25 24 21 79 9 46 0 7 50 4 20 92 26 95 32 38 27 40 72 98 74 18 22 76 29
377
679
51
503
418
678 699 691 671 666 620 660 697 667 637 677 632 614 629 649 669 698 662 635 659 636 633 622 658 615 692 663 631 640 643 661 601 681 628
721
694
865
336
793
355
39
304
151
471
656
123
295
427
231
689
812
146
168
458
957
516
384
507
562
497
621
239
515
810
100
444
970
867
91
52
248
619
254
1
987
585
710
918
129
587
145
180
552
565
724
286
287
831
700
685
268
706
716
237
368
391
916
597
680
159
726
504
436
488
648
770
863
827
108
583
274
653
764
693
860
86
808
838
711
933
745
777
999
370
142
893
196
260
930
240
520
608
216
790
857
980
172
429
137
947
397
318
35
814
259
83
609
748
320
854
107
30
639
683
308
212
226
477
279
514
164
16
193
47
265
613
602
190
461
70
371
122
797
955
306
11
209
573
34
158
759
197
972
215
568
252
348
864
191
550
754
750
819
362
53
399
383
547
186
255
6
937
325
290
737
581
951
198
84
874
60
5
664
378
707
528
551
65
935
634
792
78
998
690
967
276
117
527
688
205
841
41
788
502
604
909
241
522
463
270
518
352
501
13
412
952
156
233
923
182
618
432
519
674
214
45
870
243
696
413
493
847
896
990
407
555
181
953
539
569
19
451
513
75
59
789
221
723
58
257
942
859
900
372
730
840
713
376
575
558
400
297
244
544
533
450
510
638
440
535
626
876
946
331
997
387
600
408
335
624
927
652
94
976
798
415
121
77
411
188
10
443
85
476
843
267
68
969
328
175
201
546
945
977
603
170
414
69
409
500
655
416
455
130
447
598
616
452
495
779
991
741
617
315
31
718
344
623
89
572
526
576
992
333
804
492
907
966
187
753
220
228
373
271
654
727
644
842
309
402
118
43
446
607
385
305
105
358
453
523
136
261
538
311
192
549
899
785
263
769
48
758
423
44
213
401
928
712
766
80
771
820
850
905
103
673
686
627
449
294
733
641
961
102
382
28
606
410
310
484
561
218
888
687
251
234
821
273
861
349
472
825
877
780
914
824
462
200
993
23
269
625
140
179
184
702
97
247
725
67
885
650
904
910
327
364
316
54
374
807
96
162
93
541
605
729
742
496
682
763
879
567
524
752
303
775
113
300
380
630
176
37
963
177
289
178
417
199
862
292
553
642
917
816
834
454
466
390
943
751
856
795
296
301
806
646
120
312
794
672
337
101
738
283
406
61
705
645
757
815
886
811
675
232
42
778
647
835
592
714
211
64
365
924
189
153
610
855
881
224
948
321
481
869
467
800
62
88
395
657
302
329
925
194
978
734
975
15
171
796
684