973
3
114
438
110
817 853 818 866 839 845 809 898 836 890 891 828 829 826 813 848 805 887 897 871 880 837 858 830 822 882 875 883 889 846 852 872 851 844 892 878 849 823 884 894
873
956 968 988 901 903 934 931 913 974 908 926 962 979 940 986 936 995 985 912 944 939 983 958 959 960 949 929 906 921 938 984 989 981 911 996 902 982 965 920 964 971
208 210 242 235 217 275 227 219 203 293 277 266 256 288 253 282 229 280 284 245 204 222 236 278 246 238 272 249 207 258 298 291 262 225 250 299
149
746
155 133 185 195 106 109 150 173 138 104 141 131 116 167 143 154 112 144 160 147 126 165 134 166 127 163 135 124 174 119 125 132 161 115 183 148 157 169
670
802
954
445 494 474 468 428 424 490 459 464 479 442 420 403 482 473 431 435 426 480 465 434 422 433 483 405 430 485 487 470 437 478 460 486 499 498 448 439 425 456 475 489 441 457 419 491
536 540 586 560 563 593 570 525 559 590 556 537 534 566 588 557 532 580 584 596 543 545 591 509 577 530 529 579 595 531 554 582 506 512 521 505 508 589 594 599 511 517 574 542 571 578
8
394 381 396 354 359 363 388 332 342 367 314 357 340 398 353 369 341 343 389 339 379 392 330 307 346 317 393 345 351 324 338 356 361 334 366 326 323 360 350
994
941
264
548
665
71
17
703
919
709
651
950
803
99
895
749 739 768 783 773 740 760 743 799 772 762 784 728 715 701 782 761 704 767 735 756 755 774 717 744 786 781 736 776 720 765 722 787 791 732 731
206
128
915
469
313
922
33
386
868
668
676
708
322
833
285
612
695
90
801
281
152
223
747
111
564
56
230
319
932
375
611
139
347
719
202
421
832
18 2 66 74 27 25 26 57 7 4 95 49 21 46 32 76 63 55 82 98 87 50 22 79 29 40 92 14 24 36 20 81 72 9 73 0 38 12
377
679
51
503
418
643 635 678 659 681 628 699 671 637 631 660 636 692 669 658 661 691 663 622 698 632 620 614 667 666 649 601 629 615 697 633 662 640 677
721
694
865
336
793
355
39
304
151
471
656
123
295
427
231
689
812
146
168
458
957
516
384
507
562
497
621
239
515
810
100
444
970
867
91
52
248
619
254
1
987
585
710
918
129
587
145
180
552
565
724
286
287
831
700
685
268
706
716
237
368
391
916
597
680
159
726
504
436
488
648
770
863
827
108
583
274
653
764
693
860
86
808
838
711
933
745
777
999
370
142
893
196
260
930
240
520
608
216
790
857
980
172
429
137
947
397
318
35
814
259
83
609
748
320
854
107
30
639
683
308
212
226
477
279
514
164
16
193
47
265
613
602
190
461
70
371
122
797
955
306
11
209
573
34
158
759
197
972
215
568
252
348
864
191
550
754
750
819
362
53
399
383
547
186
255
6
937
325
290
737
581
951
198
84
874
60
5
664
378
707
528
551
65
935
634
792
78
998
690
967
276
117
527
688
205
841
41
788
502
604
909
241
522
463
270
518
352
501
13
412
952
156
233
923
182
618
432
519
674
214
45
870
243
696
413
493
847
896
990
407
555
181
953
539
569
19
451
513
75
59
789
221
723
58
257
942
859
900
372
730
840
713
376
575
558
400
297
244
544
533
450
510
638
440
535
626
876
946
331
997
387
600
408
335
624
927
652
94
976
798
415
121
77
411
188
10
443
85
476
843
267
68
969
328
175
201
546
945
977
603
170
414
69
409
500
655
416
455
130
447
598
616
452
495
779
991
741
617
315
31
718
344
623
89
572
526
576
992
333
804
492
907
966
187
753
220
228
373
271
654
727
644
842
309
402
118
43
446
607
385
305
105
358
453
523
136
261
538
311
192
549
899
785
263
769
48
758
423
44
213
401
928
712
766
80
771
820
850
905
103
673
686
627
449
294
733
641
961
102
382
28
606
410
310
484
561
218
888
687
251
234
821
273
861
349
472
825
877
780
914
824
462
200
993
23
269
625
140
179
184
702
97
247
725
67
885
650
904
910
327
364
316
54
374
807
96
162
93
541
605
729
742
496
682
763
879
567
524
752
303
775
113
300
380
630
176
37
963
177
289
178
417
199
862
292
553
642
917
816
834
454
466
390
404
943
751
856
795
296
301
806
646
120
312
794
672
337
101
738
283
406
61
705
645
757
815
886
811
675
232
42
778
647
835
592
714
211
64
365
924
189
153
610
855
881
224
948
321
481
869
467
800
62
88
395
657
302
329
925
194
978
734
975
15
171
796
684