973
3
114
438
110
866 844 897 882 846 871 826 828 853 805 898 839 817 848 884 887 889 875 849 845 880 813 823 837 894 883 872 822 851 830 858 829 878 809 891 892 852 818 836 890
873
995 981 989 985 956 934 906 982 936 921 959 958 931 974 902 901 971 979 926 960 965 962 988 920 911 986 939 983 949 968 996 944 964 929 938 912 908 903 984 940
298 280 219 288 282 238 222 210 284 203 208 253 245 225 235 262 293 249 275 256 299 242 207 291 250 266 246 236 217 229 227 258 277 272 204 278
149
746
125 157 173 150 183 109 127 185 112 144 141 106 167 195 124 143 138 119 154 135 104 160 161 163 126 134 155 132 148 133 166 174 165 131 116 115 147 169
670
802
954
445 420 498 474 441 487 485 482 456 486 480 494 465 473 433 499 459 468 475 470 442 464 483 424 479 403 490 448 434 419 439 460 430 489 491 426 405 478 437 422 425 435 457 431 428
574 511 554 582 595 512 545 560 537 557 579 559 577 586 540 588 599 594 596 532 508 570 534 591 590 584 517 571 589 530 509 580 525 505 563 543 556 593 506 578 566 536 521 542 531 529
8
330 369 381 389 398 396 346 366 340 317 354 388 361 343 334 326 323 339 359 379 363 353 393 350 392 357 341 324 367 314 356 332 394 345 351 307 360 342 338
994
941
264
548
665
71
17
703
919
709
651
950
803
99
895
782 776 736 717 749 701 755 772 731 743 739 720 765 732 799 781 783 744 768 715 728 704 760 787 774 767 784 786 773 735 762 722 740 761 791 756
206
128
915
469
313
922
33
386
868
668
676
708
322
833
285
612
695
90
801
281
152
223
747
111
564
56
230
319
932
375
611
139
347
719
202
421
832
46 25 66 0 2 20 92 40 9 98 18 50 73 12 55 14 95 49 27 7 29 82 38 21 24 72 76 81 36 63 87 74 79 26 22 57 32 4
377
679
51
503
418
636 671 697 660 698 663 666 622 643 677 633 620 640 637 632 699 628 649 681 614 662 631 691 692 678 667 635 669 629 659 601 661 615 658
721
694
865
336
793
355
39
304
151
471
656
123
295
427
231
689
812
146
168
458
957
516
384
507
562
497
621
239
515
810
100
444
970
867
91
52
248
619
254
1
987
585
710
918
129
587
145
180
552
565
724
286
287
831
700
685
268
706
716
237
368
391
916
597
680
159
726
504
436
488
648
770
863
827
108
583
274
653
764
693
860
86
808
838
711
933
745
777
999
370
142
893
196
260
930
240
520
608
216
790
857
980
172
429
137
947
397
318
35
814
259
83
609
748
320
854
107
30
639
683
308
212
226
477
279
514
164
16
193
47
265
613
602
190
461
70
371
122
797
955
306
11
209
573
34
158
759
197
972
215
568
252
348
864
191
550
754
750
819
362
53
399
383
547
186
255
6
937
325
290
737
581
951
198
84
874
60
5
664
378
707
528
551
65
935
634
792
78
998
690
967
276
117
527
688
205
841
41
788
502
604
909
241
522
463
270
518
352
501
13
412
952
156
233
923
182
618
432
519
674
214
45
870
243
696
413
493
847
896
990
407
555
181
953
539
569
19
451
513
75
59
789
221
723
58
257
942
859
900
372
730
840
713
376
575
558
400
297
244
544
533
450
510
638
440
535
626
876
946
331
997
387
600
408
335
624
927
652
94
976
798
415
121
77
411
188
10
443
85
476
843
267
68
969
328
175
201
546
945
977
603
170
414
69
409
500
655
416
455
130
447
598
616
452
495
779
991
741
617
315
31
718
344
623
89
572
526
576
992
333
804
492
907
966
187
753
220
228
373
271
654
727
644
842
309
402
118
43
446
607
385
305
105
358
453
523
136
261
538
311
192
549
899
785
263
769
48
758
423
44
213
401
928
712
766
80
771
820
850
905
103
673
686
627
449
294
733
641
961
102
382
28
606
410
310
484
561
218
888
687
251
234
821
273
861
349
472
825
877
780
914
824
462
200
993
23
269
625
140
179
184
702
97
247
725
67
885
650
904
910
327
364
316
54
374
807
96
162
93
541
605
729
742
496
682
763
879
567
524
752
303
775
113
300
380
630
176
37
963
177
289
178
417
199
862
292
553
642
917
816
834
454
466
390
404
943
751
856
795
296
301
806
646
120
312
794
672
337
101
738
283
406
61
705
645
757
815
886
811
675
913
232
42
778
647
835
592
714
211
64
365
924
189
153
610
855
881
224
948
321
481
869
467
800
62
88
395
657
302
329
925
194
978
734
975
15
171
796
684