973
3
114
438
110
872 897 883 848 889 871 830 890 837 846 887 828 805 818 813 884 849 882 822 852 836 817 809 898 875 892 891 894 851 878 823 826 858 866 844 853 880 839 829 845
873
908 986 964 958 982 968 965 981 949 926 959 996 944 912 939 931 979 960 906 989 971 962 936 901 903 938 940 974 956 988 984 995 985 902 983 934 921 911 920 929
246 284 272 275 208 203 291 293 288 207 238 298 249 245 219 280 266 204 236 225 250 299 262 210 242 278 217 277 235 253 258 229 227 222 256 282
149
746
155 160 148 135 112 143 109 119 138 131 185 166 133 154 144 163 132 116 174 150 126 183 141 167 195 134 161 104 157 125 115 169 106 124 127 173 147 165
670
802
954
422 437 442 457 483 431 470 448 487 494 486 420 489 490 478 434 498 425 430 428 465 499 464 473 459 480 474 456 485 424 403 479 482 460 435 419 433 475 441 491 468 445 426 439 405
529 525 571 537 588 596 577 536 579 578 590 574 595 570 580 593 563 594 557 505 521 560 582 589 543 559 530 511 556 599 586 591 554 531 534 512 566 545 517 584 509 506 542 540 508 532
8
343 351 369 339 361 392 356 396 341 346 345 307 366 363 332 330 342 388 317 338 367 350 381 393 389 323 334 394 357 326 353 379 314 354 360 340 324 359 398
994
941
264
548
665
71
17
703
919
709
651
950
803
99
895
732 760 776 735 774 772 781 755 784 787 736 749 762 731 786 720 761 799 728 773 791 768 783 743 715 704 739 740 701 765 722 782 767 717 744 756
206
128
915
469
313
922
33
386
868
668
676
708
322
833
285
612
695
90
801
281
152
223
747
111
564
56
230
319
932
375
611
139
347
719
202
421
832
36 18 49 21 9 7 26 12 2 74 55 82 57 32 40 72 79 66 76 4 81 27 92 0 63 24 95 38 22 50 14 46 87 29 98 20 73
377
679
51
503
418
662 640 649 663 698 643 615 697 661 629 628 658 667 671 699 677 691 692 636 660 622 632 635 620 637 659 601 614 633 631 681 669 666 678
721
694
865
336
793
355
39
304
151
471
656
123
295
427
231
689
812
146
168
458
957
516
384
507
562
497
621
239
515
810
100
444
970
867
91
52
248
619
254
1
987
585
710
918
129
587
145
180
552
565
724
286
287
831
700
685
268
706
716
237
368
391
916
597
680
159
726
504
436
488
648
770
863
827
108
583
274
653
764
693
860
86
808
838
711
933
745
777
999
370
142
893
196
260
930
240
520
608
216
790
857
980
172
429
137
947
397
318
35
814
259
83
609
748
320
854
107
30
639
683
308
212
226
477
279
514
164
16
193
47
265
613
602
190
461
70
371
122
797
955
306
11
209
573
34
158
759
197
972
215
568
252
348
864
191
550
754
750
819
362
53
399
25
383
547
186
255
6
937
325
290
737
581
951
198
84
874
60
5
664
378
707
528
551
65
935
634
792
78
998
690
967
276
117
527
688
205
841
41
788
502
604
909
241
522
463
270
518
352
501
13
412
952
156
233
923
182
618
432
519
674
214
45
870
243
696
413
493
847
896
990
407
555
181
953
539
569
19
451
513
75
59
789
221
723
58
257
942
859
900
372
730
840
713
376
575
558
400
297
244
544
533
450
510
638
440
535
626
876
946
331
997
387
600
408
335
624
927
652
94
976
798
415
121
77
411
188
10
443
85
476
843
267
68
969
328
175
201
546
945
977
603
170
414
69
409
500
655
416
455
130
447
598
616
452
495
779
991
741
617
315
31
718
344
623
89
572
526
576
992
333
804
492
907
966
187
753
220
228
373
271
654
727
644
842
309
402
118
43
446
607
385
305
105
358
453
523
136
261
538
311
192
549
899
785
263
769
48
758
423
44
213
401
928
712
766
80
771
820
850
905
103
673
686
627
449
294
733
641
961
102
382
28
606
410
310
484
561
218
888
687
251
234
821
273
861
349
472
825
877
780
914
824
462
200
993
23
269
625
140
179
184
702
97
247
725
67
885
650
904
910
327
364
316
54
374
807
96
162
93
541
605
729
742
496
682
763
879
567
524
752
303
775
113
300
380
630
176
37
963
177
289
178
417
199
862
292
553
642
917
816
834
454
466
390
404
943
751
856
795
296
301
806
646
120
312
794
672
337
101
738
283
406
61
705
645
757
815
886
811
675
913
232
42
778
647
835
592
714
211
64
365
924
189
153
610
855
881
224
948
321
481
869
467
800
62
88
395
657
302
329
925
194
978
734
975
15
171
796
684