955 966 959 917 913 979 938 950 911 977 969 912 951 962 919 983 954 942 915 952 975 998 924 972 996 905 903 974 960 931 941 929 980 922 918 901 939 921 989 947 923 995 945 965 936 988 997 982 961 973 928 984 935 953 914 937 908 934 920 907 986 963 990 968 940 992 985 930 943 926 978 916 906 956 909 904 999 976 967 981 971 958 902 949 987 946 932 927 993 964 925 944 991 994 910
34 66 29 55 87 20 72 26 27 79 9 84 74 44 92 57 14 95 30 45 11 54 86 6 64 7 43 94 2 37 47 56 13 76 10 52 40 61 15 41 96 63 32 99 25 68 81 39 53 91 16 62 73 33 98 4 22 18 19 28 69 59 51 42 60 3 67 71 8 31 78 24 21 46 58 89 12 80 0 90 88 75 23 35 97 49 48 85 77 65 38 36 82 17 50 83
199 122 110 148 104 139 147 172 161 163 184 144 162 131 198 181 169 106 153 165 195 178 117 113 180 145 146 173 111 105 185 168 141 177 140 128 132 118 160 123 125 115 137 187 133 143 154 109 126 119 152 130 142 190 179 120 136 192 170 108 156 116 164 114 103 183 135 174 127 175 186 171 176 155 134 197 150 188 182 102 167 194 157 166 149 121 124 196 193 138 112
444 453 472 412 476 460 479 474 435 452 416 437 457 494 480 403 485 447 482 410 451 409 450 458 459 471 441 483 427 405 466 434 415 477 413 420 455 498 481 486 456 463 411 417 423 439 469 449 468 438 429 492 487 424 432 489 488 490 425 402 484 408 436 495 422 446 442 401 467 443 431 478 433 493 448 465 497 430 499 419 404 440 491 428 406 496 470 454 461 414 426 473 445 475 464 407 462
867 896 827 846 880 888 816 842 831 836 887 809 810 873 852 877 830 854 833 826 884 898 839 862 872 805 869 835 866 853 889 868 848 821 834 806 894 807 832 865 808 881 883 811 885 819 895 875 837 847 851 828 871 858 863 855 823 840 870 879 857 850 861 817 813 864 878 876 804 818 897 844 849 829 812 822 874 886 899 843 800 892 893 882 841 890 838 891 815 803 860 825 820 814 845 824
207 200 291 208 213 287 297 277 263 296 295 242 286 294 227 285 250 243 278 274 268 282 259 273 241 211 236 261 265 230 293 210 246 219 266 221 205 258 284 203 204 202 234 289 279 275 233 206 245 248 252 229 288 270 225 292 253 298 276 262 255 299 272 212 256 223 249 232 226 247 254 222 281 235 217 269 237 238 280 209 257 216 283 231 251 224 290 240 214 244 228 218 239 267
766 736 734 720 772 702 784 760 773 757 713 705 730 708 722 788 798 749 724 735 746 737 753 776 780 732 717 782 759 769 740 728 718 790 745 742 748 704 744 752 716 725 779 731 756 765 750 754 774 741 791 799 793 707 767 777 758 719 762 761 783 781 712 795 739 747 797 768 715 703 710 709 792 733 755 721 763 796 743 778 751 738 714 770 785 786 787 729 771 701 764 711 794 775 723
605 671 661 672 603 669 666 670 686 625 699 668 665 617 618 601 674 642 648 614 696 616 641 643 662 694 652 698 651 693 607 692 629 638 637 649 624 664 653 677 613 682 655 678 636 620 639 632 681 687 691 650 647 612 646 684 657 602 689 685 608 633 621 611 697 667 622 663 660 609 679 635 695 690 680 656 673 634 659 644 631 628 645 683 688 675 615 654 630 640 658 676 604 626 627
802
543 539 571 595 538 526 578 590 550 588 510 532 582 552 596 527 519 574 513 555 556 502 591 579 544 580 565 503 507 518 529 598 520 501 516 561 515 542 509 581 547 587 558 557 577 545 583 567 564 551 570 573 521 559 593 546 504 508 523 594 536 589 562 535 584 537 585 528 506 569 586 511 549 599 505 554 534 560 524 517 575 512 530 566 540 531 597 514 563 568 541 533 576 525
343 371 326 368 304 357 387 366 333 321 380 360 398 314 399 356 355 348 341 364 377 393 323 340 365 332 331 370 317 320 346 384 392 372 318 309 397 379 335 362 350 345 352 328 363 308 325 361 396 381 329 334 312 394 386 306 383 351 303 390 347 337 349 344 310 375 353 388 327 354 336 302 315 342 389 311 376 382 391 313 395 322 367 330 307 324 338 305 369 385 339 359 319 358 300 378
264
548
801
421
418
151
957
100
970
619
1
129
700
706
159
726
933
260
107
70
158
215
191
5
522
789
859
900
400
600
201
500
623
572
220
373
271
727
606
316
374
93
553
856
301
101
592
189
610
948