973
3
114
438
110
852 837 889 891 823 851 829 828 858 822 894 882 826 818 805 845 892 809 890 884 853 872 887 830 878 875 866 898 844 813 817 846 836 880 871 839 849 897 848 883
873
983 988 981 912 939 921 958 936 911 959 985 906 995 901 971 926 964 920 934 986 931 929 982 979 968 996 938 956 965 989 984 944 940 949 962 960 974 908 903 902
277 275 278 236 282 227 225 208 210 222 280 204 203 207 258 299 238 272 245 219 253 291 288 217 246 250 235 229 242 266 284 262 298 256 293 249
149
746
124 125 150 160 167 157 154 161 112 155 135 173 165 127 195 109 166 163 185 131 134 169 119 144 183 174 116 147 133 106 138 132 141 148 126 115 104
670
802
954
430 435 448 422 459 419 475 478 405 456 494 441 489 480 474 486 442 439 482 460 479 468 498 437 424 473 491 465 428 470 434 420 483 485 426 431 457 433 403 445 487 425 490 464 499
588 577 589 586 505 594 584 545 590 566 506 557 595 579 570 560 559 599 591 512 537 540 582 580 509 596 543 525 571 517 530 574 536 556 532 511 531 521 508 593 563 578 529 554 534 542
8
343 342 381 392 388 332 326 323 330 324 389 394 339 341 351 338 314 340 396 393 350 363 354 360 367 307 361 359 379 357 346 369 334 345 366 353 356 398 317
994
941
264
548
665
71
17
703
919
709
651
950
803
99
895
772 720 728 740 799 739 791 755 782 761 781 722 776 749 768 774 786 765 787 783 736 715 767 701 762 743 756 704 773 744 784 731 760 732 735 717
206
128
915
469
313
922
33
386
868
668
676
708
322
833
285
612
695
90
801
281
152
223
747
111
564
56
230
319
932
375
611
139
347
719
202
421
832
92 21 29 18 38 82 22 79 14 12 57 98 63 72 66 95 87 46 73 24 2 32 40 50 74 36 55 7 4 9 0 49 26 20 81 76 27
377
679
51
503
418
614 677 681 622 662 661 635 631 699 615 666 649 678 660 692 632 628 663 669 620 629 667 691 640 633 643 697 671 601 698 658 636 659 637
721
694
865
336
793
355
39
304
151
471
656
123
295
427
231
689
812
146
168
458
957
516
384
507
562
497
621
239
515
810
100
444
970
867
91
52
248
619
254
1
987
585
710
918
129
587
145
180
552
565
724
286
287
831
700
685
268
706
716
237
368
391
916
597
680
159
726
504
436
488
648
770
863
827
108
583
274
653
764
693
860
86
808
838
711
933
745
777
999
370
142
893
196
260
930
240
520
608
216
790
857
980
172
429
137
947
397
318
35
814
259
83
609
748
320
854
107
30
639
683
308
212
226
477
279
514
164
16
193
47
265
613
602
190
461
70
371
122
797
955
306
11
209
573
34
158
759
197
972
215
568
252
348
864
191
550
754
750
819
362
53
399
25
383
547
186
255
6
937
325
290
737
581
951
198
84
874
60
5
664
378
707
528
551
65
935
634
792
78
998
690
967
276
117
527
688
205
841
41
788
502
604
909
241
522
463
270
518
352
501
13
412
952
156
233
923
182
618
432
519
674
214
45
870
243
696
413
493
847
896
990
407
555
181
953
539
569
19
451
513
75
59
789
221
723
58
257
942
859
900
372
730
840
713
376
575
558
400
297
244
544
533
450
510
638
440
535
626
876
946
331
997
387
600
408
335
624
927
652
94
976
798
415
121
77
411
188
10
443
85
476
843
267
68
969
328
175
201
546
945
977
603
170
414
69
409
500
655
416
455
130
447
598
616
452
495
779
991
741
617
315
31
718
344
623
89
572
526
576
992
333
804
492
907
966
187
753
220
228
373
271
654
727
644
842
309
402
118
43
446
607
385
305
105
358
453
523
136
261
538
311
192
549
899
785
263
769
48
758
423
44
213
401
928
712
766
80
771
820
850
905
103
673
686
627
449
294
733
641
961
102
382
28
606
410
310
143
484
561
218
888
687
251
234
821
273
861
349
472
825
877
780
914
824
462
200
993
23
269
625
140
179
184
702
97
247
725
67
885
650
904
910
327
364
316
54
374
807
96
162
93
541
605
729
742
496
682
763
879
567
524
752
303
775
113
300
380
630
176
37
963
177
289
178
417
199
862
292
553
642
917
816
834
454
466
390
404
943
751
856
795
296
301
806
646
120
312
794
672
337
101
738
283
406
61
705
645
757
815
886
811
675
913
232
42
778
647
835
592
714
211
64
365
924
189
153
610
855
881
224
948
321
481
869
467
800
62
88
395
657
302
329
925
194
978
734
975
15
171
796
684