973
3
114
438
110
837 882 889 883 846 829 894 890 891 839 872 823 844 809 878 828 848 836 830 849 853 897 871 852 851 805 858 892 887 866 880 822 875 845 818 826 898 817 813 884
873
995 979 901 983 985 984 944 926 949 936 988 974 906 908 986 902 956 940 964 929 958 971 996 968 962 989 903 959 931 938 921 920 981 934 982 912 960 965 939 911
288 299 262 256 236 253 266 245 219 280 250 272 246 208 298 217 278 207 293 235 282 204 275 242 225 284 222 238 249 229 291 258 277 203 210 227
149
746
165 106 155 161 163 109 126 138 183 115 150 125 185 169 148 135 132 173 154 134 157 174 160 166 116 147 144 167 119 195 131 141 133 124 127 104 112
670
802
954
473 479 465 475 470 425 487 457 474 498 434 480 460 435 483 490 428 489 442 419 486 482 426 494 464 468 424 478 420 491 430 433 445 499 439 431 485 437 441 459 405 448 456 403 422
594 536 556 530 559 560 529 542 588 563 593 584 595 511 582 571 537 521 589 590 532 543 580 586 534 540 557 574 545 591 525 570 554 506 517 577 566 512 596 599 578 531 505 508 579 509
8
353 367 332 392 346 369 338 396 359 334 323 381 341 379 342 394 398 393 356 350 389 326 330 351 363 339 345 317 360 307 388 366 357 314 324 343 361 340 354
994
941
264
548
665
71
17
703
919
709
651
950
803
99
895
731 722 783 760 717 728 773 767 784 791 720 799 786 755 782 749 761 765 772 768 740 774 743 756 776 704 732 715 762 781 744 736 739 787 735 701
206
128
915
469
313
922
33
386
868
668
676
708
322
833
285
612
695
90
801
281
152
223
747
111
564
56
230
319
932
375
611
139
347
719
202
421
832
74 95 29 7 92 79 46 81 57 4 98 26 63 38 0 73 72 49 40 14 20 82 2 9 76 12 18 32 24 50 87 27 21 55 22 66 36
377
679
51
503
418
669 640 660 620 667 622 636 649 698 631 663 661 691 615 614 671 637 601 658 678 635 697 659 633 629 643 692 677 662 628 681 632 666
721
694
865
336
793
355
39
304
151
471
656
123
295
427
231
689
812
146
168
458
957
516
384
507
562
497
621
239
515
810
100
444
970
867
91
52
248
619
254
1
987
585
710
918
129
587
145
180
552
565
724
286
287
831
700
685
268
706
716
237
368
391
916
597
680
159
726
504
436
488
648
770
863
827
108
583
274
653
764
693
860
86
808
838
711
933
745
777
999
370
142
893
196
260
930
240
520
608
216
790
857
980
172
429
137
947
397
318
35
814
259
83
609
748
320
854
107
30
639
683
308
212
226
477
279
514
164
16
193
47
265
613
602
190
461
70
371
122
797
955
306
11
209
573
34
158
759
699
197
972
215
568
252
348
864
191
550
754
750
819
362
53
399
25
383
547
186
255
6
937
325
290
737
581
951
198
84
874
60
5
664
378
707
528
551
65
935
634
792
78
998
690
967
276
117
527
688
205
841
41
788
502
604
909
241
522
463
270
518
352
501
13
412
952
156
233
923
182
618
432
519
674
214
45
870
243
696
413
493
847
896
990
407
555
181
953
539
569
19
451
513
75
59
789
221
723
58
257
942
859
900
372
730
840
713
376
575
558
400
297
244
544
533
450
510
638
440
535
626
876
946
331
997
387
600
408
335
624
927
652
94
976
798
415
121
77
411
188
10
443
85
476
843
267
68
969
328
175
201
546
945
977
603
170
414
69
409
500
655
416
455
130
447
598
616
452
495
779
991
741
617
315
31
718
344
623
89
572
526
576
992
333
804
492
907
966
187
753
220
228
373
271
654
727
644
842
309
402
118
43
446
607
385
305
105
358
453
523
136
261
538
311
192
549
899
785
263
769
48
758
423
44
213
401
928
712
766
80
771
820
850
905
103
673
686
627
449
294
733
641
961
102
382
28
606
410
310
143
484
561
218
888
687
251
234
821
273
861
349
472
825
877
780
914
824
462
200
993
23
269
625
140
179
184
702
97
247
725
67
885
650
904
910
327
364
316
54
374
807
96
162
93
541
605
729
742
496
682
763
879
567
524
752
303
775
113
300
380
630
176
37
963
177
289
178
417
199
862
292
553
642
917
816
834
454
466
390
404
943
751
856
795
296
301
806
646
120
312
794
672
337
101
738
283
406
61
705
645
757
815
886
811
675
913
232
42
778
647
835
592
714
211
64
365
924
189
153
610
855
881
224
948
321
481
869
467
800
62
88
395
657
302
329
925
194
978
734
975
15
171
796
684