973
3
114
438
110
887 898 851 845 823 822 875 891 883 892 830 826 884 853 889 828 871 849 872 894 848 805 817 818 839 858 829 878 882 890 837 846 866 897 844 813 836 880 852 809
873
920 981 944 931 989 988 986 903 996 971 934 962 921 985 901 936 979 911 974 906 960 995 965 908 926 983 984 940 902 959 956 912 929 938 968 982 958 939 964 949
229 250 235 299 284 275 298 238 288 227 217 210 203 204 236 282 246 272 242 256 249 208 253 266 278 258 291 207 225 245 262 222 277 219 293 280
149
746
115 161 183 135 195 150 133 148 127 167 106 155 173 119 147 163 174 157 138 160 141 132 154 116 165 109 185 104 124 166 169 134 126 125 112 131 144
670
802
954
490 487 441 434 437 424 482 419 456 483 491 422 425 464 486 445 480 479 485 442 439 473 428 448 474 470 435 498 403 426 478 457 475 499 405 431 459 460 430 494 420 468 489 433 465
593 599 577 540 508 580 517 591 574 530 590 556 586 545 529 596 525 532 509 557 579 542 571 534 595 536 543 584 582 566 559 505 588 512 521 570 560 594 589 537 506 554 531 578 511 563
8
343 330 346 381 339 396 369 334 307 360 361 353 332 359 350 326 367 398 356 314 388 340 354 324 338 317 323 342 363 379 357 392 394 341 351 366 389 393
994
941
264
548
665
71
17
703
919
709
651
950
803
99
895
767 787 739 731 717 791 732 755 715 760 704 784 774 756 765 736 768 728 799 782 743 773 776 722 762 772 749 786 701 783 744 735 761 781 740 720
206
128
915
469
313
922
33
386
868
668
676
708
322
833
285
612
695
90
801
281
152
223
747
111
564
56
230
319
932
375
611
139
347
719
202
421
832
0 66 82 36 73 57 9 20 27 92 98 24 29 49 46 14 95 2 26 76 50 72 7 12 4 63 55 81 21 32 87 18 22 79 38 40 74
377
679
51
503
418
601 663 614 698 697 666 636 632 631 637 662 692 669 649 620 677 678 671 615 691 681 635 633 667 643 660 661 640 629 659 622 658 628
721
694
865
336
793
355
39
304
151
471
656
123
295
427
231
689
812
146
168
458
957
516
384
507
562
497
621
239
515
810
100
444
970
867
91
52
248
619
254
1
987
585
710
918
129
587
145
180
552
565
724
286
287
831
700
685
268
706
716
237
368
391
916
597
680
159
726
504
436
488
648
770
863
827
108
583
274
653
764
693
860
86
808
838
711
933
745
777
999
370
142
893
196
260
930
240
520
608
216
790
857
980
172
429
137
947
397
318
35
814
259
83
609
748
320
854
107
30
639
683
308
212
226
477
279
514
164
16
193
47
265
613
602
190
461
70
371
122
797
955
306
11
209
573
34
158
759
699
197
972
215
568
252
348
864
191
550
754
750
819
362
53
399
25
383
547
186
255
6
937
325
290
737
581
951
198
84
874
60
5
664
378
707
528
551
65
935
634
792
78
998
690
967
276
117
527
688
205
841
41
788
502
604
909
241
522
463
270
518
352
501
13
412
952
156
233
923
182
618
432
519
674
214
45
870
243
696
413
493
847
896
990
407
555
181
953
539
569
19
451
513
75
59
789
221
723
58
257
942
859
900
372
730
840
713
376
575
558
400
297
244
544
533
450
510
638
345
440
535
626
876
946
331
997
387
600
408
335
624
927
652
94
976
798
415
121
77
411
188
10
443
85
476
843
267
68
969
328
175
201
546
945
977
603
170
414
69
409
500
655
416
455
130
447
598
616
452
495
779
991
741
617
315
31
718
344
623
89
572
526
576
992
333
804
492
907
966
187
753
220
228
373
271
654
727
644
842
309
402
118
43
446
607
385
305
105
358
453
523
136
261
538
311
192
549
899
785
263
769
48
758
423
44
213
401
928
712
766
80
771
820
850
905
103
673
686
627
449
294
733
641
961
102
382
28
606
410
310
143
484
561
218
888
687
251
234
821
273
861
349
472
825
877
780
914
824
462
200
993
23
269
625
140
179
184
702
97
247
725
67
885
650
904
910
327
364
316
54
374
807
96
162
93
541
605
729
742
496
682
763
879
567
524
752
303
775
113
300
380
630
176
37
963
177
289
178
417
199
862
292
553
642
917
816
834
454
466
390
404
943
751
856
795
296
301
806
646
120
312
794
672
337
101
738
283
406
61
705
645
757
815
886
811
675
913
232
42
778
647
835
592
714
211
64
365
924
189
153
610
855
881
224
948
321
481
869
467
800
62
88
395
657
302
329
925
194
978
734
975
15
171
796
684