973
3
114
438
110
817 858 890 846 897 805 883 851 898 809 892 829 830 871 884 822 849 882 887 836 844 875 818 845 823 878 866 880 891 894 852 839 889 828 837 813 872 826 853 848
873
979 903 956 926 940 989 965 960 995 902 901 908 931 962 988 982 938 921 985 944 974 968 996 934 949 911 959 939 929 936 983 920 912 986 964 906 958 981 971 984
210 207 253 208 236 288 280 275 278 298 217 291 222 258 235 225 282 266 277 272 227 299 249 293 256 250 203 242 262 284 229 238 245 219 246 204
149
746
119 195 112 161 125 165 132 169 166 155 183 141 124 131 174 157 133 154 126 104 138 173 147 160 135 167 134 116 185 115 144 148 150 109 106 127 163
670
802
954
433 426 464 441 435 424 457 490 499 485 422 482 486 498 468 445 419 420 480 465 459 405 491 425 474 431 478 470 489 475 434 430 479 460 428 483 442 494 448 403 437 487 439 456 473
521 570 580 506 537 532 525 596 509 511 556 554 529 536 593 599 578 534 589 531 517 577 574 594 543 595 557 582 566 579 571 542 512 588 560 505 508 584 591 590 563 540 586 559 545 530
8
359 332 398 338 363 317 330 326 369 314 346 393 341 353 392 324 388 342 394 381 366 350 340 351 343 354 356 334 339 360 379 367 361 389 307 323 396 357
994
941
264
548
665
71
17
703
919
709
651
950
803
99
895
701 740 787 728 731 772 783 786 784 782 773 765 781 760 749 756 799 720 767 744 761 715 736 768 743 776 755 717 762 722 791 735 774 732 739 704
206
128
915
469
313
922
33
386
868
668
676
708
322
833
285
612
695
90
801
281
152
223
747
111
564
56
230
319
932
375
611
139
347
719
202
421
832
95 20 57 26 7 21 24 2 98 79 72 18 92 50 29 66 0 36 49 38 22 46 9 4 63 76 12 32 14 73 81 87 27 82 74 40 55
377
679
51
503
418
698 671 628 662 615 692 601 677 663 631 660 637 622 659 633 632 666 658 697 614 669 681 667 620 691 649 678 636 629 640 643 661
721
694
865
336
793
355
39
304
151
471
656
123
295
427
231
689
812
146
168
458
957
516
384
507
562
497
621
239
515
810
100
444
970
867
91
52
248
619
254
1
987
585
710
918
129
587
145
180
552
565
724
286
287
831
700
685
268
706
716
237
368
391
916
597
680
159
726
504
436
488
648
770
863
827
108
583
274
653
764
693
860
86
808
838
711
933
745
777
999
370
142
893
196
260
930
240
520
608
216
790
857
980
172
429
137
947
397
318
35
814
259
83
609
748
320
854
107
30
639
683
308
212
226
477
279
514
164
16
193
47
265
613
602
190
461
70
371
122
797
955
306
11
209
573
34
158
759
699
197
972
215
568
252
348
864
191
550
754
750
819
362
53
399
25
383
547
186
255
6
937
325
290
737
581
951
198
84
874
60
5
664
378
707
528
551
65
935
634
792
78
998
690
967
276
117
527
688
205
841
41
788
502
604
909
241
522
463
270
518
352
501
13
412
952
156
233
923
182
618
432
519
674
214
45
870
243
696
413
493
847
896
990
407
555
181
953
539
569
19
451
513
75
59
789
221
723
58
257
942
859
900
372
730
840
713
376
575
558
400
297
244
544
533
635
450
510
638
345
440
535
626
876
946
331
997
387
600
408
335
624
927
652
94
976
798
415
121
77
411
188
10
443
85
476
843
267
68
969
328
175
201
546
945
977
603
170
414
69
409
500
655
416
455
130
447
598
616
452
495
779
991
741
617
315
31
718
344
623
89
572
526
576
992
333
804
492
907
966
187
753
220
228
373
271
654
727
644
842
309
402
118
43
446
607
385
305
105
358
453
523
136
261
538
311
192
549
899
785
263
769
48
758
423
44
213
401
928
712
766
80
771
820
850
905
103
673
686
627
449
294
733
641
961
102
382
28
606
410
310
143
484
561
218
888
687
251
234
821
273
861
349
472
825
877
780
914
824
462
200
993
23
269
625
140
179
184
702
97
247
725
67
885
650
904
910
327
364
316
54
374
807
96
162
93
541
605
729
742
496
682
763
879
567
524
752
303
775
113
300
380
630
176
37
963
177
289
178
417
199
862
292
553
642
917
816
834
454
466
390
404
943
751
856
795
296
301
806
646
120
312
794
672
337
101
738
283
406
61
705
645
757
815
886
811
675
913
232
42
778
647
835
592
714
211
64
365
924
189
153
610
855
881
224
948
321
481
869
467
800
62
88
395
657
302
329
925
194
978
734
975
15
171
796
684