973
3
114
438
110
882 828 894 818 866 898 892 829 883 845 830 852 817 805 822 844 897 823 887 849 851 880 826 878 871 858 853 839 846 836 890 813 884 875 872 809 837 889 848 891
873
960 908 988 984 949 986 996 971 901 964 944 958 939 979 985 921 968 989 982 926 981 936 995 962 906 956 934 938 974 911 903 912 983 920 929 902 965 931 940 959
219 250 253 272 275 293 280 235 284 227 222 291 238 278 225 210 262 277 299 249 266 258 242 203 236 256 204 288 282 245 207 229 298 217 208 246
149
746
104 174 119 144 169 173 106 124 150 167 127 185 195 135 112 134 141 165 155 126 131 125 116 157 132 161 138 160 115 166 183 133 147 163 148 154 109
670
802
954
426 442 498 433 434 483 459 480 445 456 490 437 486 499 428 419 473 403 439 470 465 457 468 494 430 424 485 482 441 425 487 464 420 475 478 479 491 431 489 435 474 460 422 405 448
511 542 591 505 595 525 593 594 540 571 556 574 589 554 531 534 559 586 537 582 521 536 545 517 563 577 508 566 529 570 578 599 580 590 512 506 579 584 560 530 557 509 532 596 543 588
8
354 339 367 334 379 323 326 388 338 396 392 393 357 359 342 369 351 366 350 363 389 361 341 317 394 381 340 353 356 398 307 324 343 332 314 360 346 330
994
941
264
548
665
71
17
703
919
709
651
950
803
99
895
767 701 765 739 786 715 756 776 743 791 799 749 732 744 774 762 784 768 722 728 736 731 772 704 720 755 773 782 717 781 760 783 735 787 740 761
206
128
915
469
313
922
33
386
868
668
676
708
322
833
285
612
695
90
801
281
152
223
747
111
564
56
230
319
932
375
611
139
347
719
202
421
832
95 57 9 4 73 7 46 27 0 98 22 24 76 36 79 66 74 20 50 55 92 63 81 12 82 18 2 32 26 40 14 29 38 21 72 87
377
679
51
503
418
671 677 631 614 620 628 661 640 633 666 660 698 659 629 658 601 615 697 662 692 636 643 632 622 663 681 678 691 637 649 669 667
721
694
865
336
793
355
39
304
151
471
656
123
295
427
231
689
812
146
168
458
957
516
384
507
562
497
621
239
515
810
100
444
970
867
91
52
248
619
254
1
987
585
710
918
129
587
145
180
552
565
724
286
287
831
700
685
268
706
716
237
368
391
916
597
680
159
726
504
436
488
648
770
863
827
108
583
274
653
764
693
860
86
808
838
711
933
745
777
999
370
142
893
196
260
930
240
520
608
216
790
857
980
172
429
137
947
397
318
35
814
259
83
609
748
320
854
107
30
639
683
308
212
226
477
279
514
164
16
193
47
265
613
602
190
461
70
371
122
797
955
306
11
209
573
34
158
759
699
197
972
215
568
252
348
864
191
550
754
750
819
362
53
399
25
383
547
186
255
6
937
325
290
737
581
951
198
84
874
60
5
664
378
707
528
551
65
935
634
792
78
998
690
49
967
276
117
527
688
205
841
41
788
502
604
909
241
522
463
270
518
352
501
13
412
952
156
233
923
182
618
432
519
674
214
45
870
243
696
413
493
847
896
990
407
555
181
953
539
569
19
451
513
75
59
789
221
723
58
257
942
859
900
372
730
840
713
376
575
558
400
297
244
544
533
635
450
510
638
345
440
535
626
876
946
331
997
387
600
408
335
624
927
652
94
976
798
415
121
77
411
188
10
443
85
476
843
267
68
969
328
175
201
546
945
977
603
170
414
69
409
500
655
416
455
130
447
598
616
452
495
779
991
741
617
315
31
718
344
623
89
572
526
576
992
333
804
492
907
966
187
753
220
228
373
271
654
727
644
842
309
402
118
43
446
607
385
305
105
358
453
523
136
261
538
311
192
549
899
785
263
769
48
758
423
44
213
401
928
712
766
80
771
820
850
905
103
673
686
627
449
294
733
641
961
102
382
28
606
410
310
143
484
561
218
888
687
251
234
821
273
861
349
472
825
877
780
914
824
462
200
993
23
269
625
140
179
184
702
97
247
725
67
885
650
904
910
327
364
316
54
374
807
96
162
93
541
605
729
742
496
682
763
879
567
524
752
303
775
113
300
380
630
176
37
963
177
289
178
417
199
862
292
553
642
917
816
834
454
466
390
404
943
751
856
795
296
301
806
646
120
312
794
672
337
101
738
283
406
61
705
645
757
815
886
811
675
913
232
42
778
647
835
592
714
211
64
365
924
189
153
610
855
881
224
948
321
481
869
467
800
62
88
395
657
302
329
925
194
978
734
975
15
171
796
684