973
3
114
438
110
884 829 851 891 822 898 892 890 889 818 853 887 828 844 872 880 813 845 883 846 875 839 817 858 894 897 871 823 805 826 849 882 809 837 866 878 852 836 848 830
873
965 940 964 956 920 979 936 983 981 971 903 901 986 958 988 939 949 989 974 912 959 944 906 926 985 984 982 996 929 931 911 962 908 921 960 938 995 968 902 934
298 242 229 250 280 245 253 204 207 219 227 225 208 222 278 288 256 282 277 217 203 293 235 299 238 249 291 258 272 275 262 266 284 210 236 246
149
746
154 163 109 169 150 167 138 127 157 185 132 112 133 161 165 131 166 173 124 106 126 155 125 147 148 141 104 195 183 115 119 135 116 134 160 144 174
670
802
954
437 428 468 460 456 482 465 480 478 405 479 425 433 491 420 459 439 430 485 448 475 441 431 442 473 489 445 419 422 426 499 403 434 474 470 435 483 486 498 464 424 490 487 494 457
591 582 577 540 530 521 589 570 525 531 560 511 512 557 584 529 534 588 509 506 556 508 579 595 594 532 554 599 545 559 574 571 586 590 566 505 593 580 578 517 537 563 542 543 536 596
8
326 314 353 367 341 354 360 388 363 356 317 394 396 338 379 334 330 343 342 389 339 392 357 366 361 307 324 381 398 346 369 351 340 323 350 332 359
994
941
264
548
665
71
17
703
919
709
651
950
803
99
895
773 782 756 768 799 781 761 731 740 760 722 755 701 720 791 732 786 735 787 772 736 717 739 704 784 749 744 728 765 743 715 767 776 762 783 774
206
128
915
469
313
922
33
386
868
668
676
708
322
833
285
612
695
90
801
281
152
223
747
111
564
56
230
319
932
375
611
139
347
719
202
421
832
92 24 57 18 12 27 14 0 40 76 82 79 29 36 46 66 38 50 72 98 32 21 9 7 95 20 55 4 81 73 2 26 63 22 74 87
377
679
51
503
418
667 649 615 633 677 629 692 658 660 659 632 661 678 631 601 662 614 628 636 681 697 620 691 643 666 663 698 622 669 671 637 640
721
694
865
336
793
355
39
304
151
471
656
123
295
427
231
689
812
146
168
458
957
516
384
507
562
497
621
239
515
810
100
444
970
867
91
52
248
619
254
1
987
585
710
918
129
587
145
180
552
565
724
286
287
831
700
685
268
706
716
237
368
391
916
597
680
159
726
504
436
488
648
770
863
827
108
583
274
653
764
693
860
86
808
838
711
933
745
777
999
370
142
893
196
260
930
240
520
608
216
790
857
980
172
429
137
947
397
318
35
814
259
83
609
748
320
854
107
30
639
683
308
212
226
477
279
514
164
16
193
47
265
613
602
190
461
70
371
122
797
955
306
11
209
573
34
158
759
699
197
972
215
568
252
348
864
191
550
754
750
819
362
53
399
25
383
547
186
255
6
937
325
290
737
581
951
198
84
874
60
5
664
378
707
528
551
65
935
634
792
78
998
690
49
967
276
117
527
688
205
841
41
788
502
604
909
241
522
463
270
518
352
501
13
412
952
156
233
923
182
618
432
519
674
214
45
870
243
696
413
493
847
896
990
407
555
181
953
539
569
19
451
513
75
59
789
221
723
58
257
942
859
900
372
730
840
713
376
575
558
400
297
244
544
533
635
450
510
638
345
440
535
626
876
946
331
997
387
600
408
335
624
927
652
94
976
798
415
121
77
411
188
10
443
85
476
843
267
68
969
328
175
201
546
945
977
603
170
414
69
409
500
655
416
455
130
447
598
616
452
495
779
991
741
617
315
31
718
344
623
89
572
526
576
992
333
804
492
907
966
187
753
220
228
373
271
654
727
644
842
309
402
118
43
446
607
385
305
105
358
453
523
136
261
538
311
192
549
899
785
263
769
48
758
423
44
213
401
928
712
766
80
771
820
850
905
103
673
686
627
449
294
733
641
961
102
382
28
606
410
310
143
484
561
218
393
888
687
251
234
821
273
861
349
472
825
877
780
914
824
462
200
993
23
269
625
140
179
184
702
97
247
725
67
885
650
904
910
327
364
316
54
374
807
96
162
93
541
605
729
742
496
682
763
879
567
524
752
303
775
113
300
380
630
176
37
963
177
289
178
417
199
862
292
553
642
917
816
834
454
466
390
404
943
751
856
795
296
301
806
646
120
312
794
672
337
101
738
283
406
61
705
645
757
815
886
811
675
913
232
42
778
647
835
592
714
211
64
365
924
189
153
610
855
881
224
948
321
481
869
467
800
62
88
395
657
302
329
925
194
978
734
975
15
171
796
684