973
3
114
438
110
817 897 846 836 809 826 884 892 829 839 852 894 844 822 875 858 890 871 866 849 848 878 830 872 828 853 813 891 818 882 898 805 883 887 851 880 837 823 845 889
873
908 931 988 962 981 983 901 912 921 974 934 911 960 936 926 995 902 920 949 965 944 940 979 982 938 939 985 984 986 929 959 996 956 971 968 903 906 958 964 989
291 246 242 203 272 298 284 208 299 250 266 235 288 253 219 275 245 277 217 229 238 222 262 210 256 249 282 293 278 280 227 236 258 204 207 225
149
746
119 155 165 116 167 144 115 124 127 169 106 148 132 141 133 125 154 195 135 138 150 166 104 174 126 147 160 109 173 157 112 131 134 183 185 163 161
670
802
954
478 426 465 490 445 475 498 442 480 441 424 485 439 487 437 486 457 431 425 405 494 459 419 434 448 430 422 403 482 456 470 474 491 468 433 420 479 483 473 428 499 489 464 435 460
529 517 545 588 570 512 578 584 590 537 571 556 591 589 560 594 554 509 536 542 559 580 577 593 566 595 596 543 582 525 511 540 557 505 506 586 521 579 531 532 530 574 599 508 534 563
8
379 351 398 330 326 338 367 339 354 357 392 343 323 394 396 381 314 363 324 332 346 307 369 389 342 360 359 340 317 366 388 361 356 353 334 350 341
994
941
264
548
665
71
17
703
919
709
651
950
803
99
895
772 799 774 756 776 784 722 728 765 761 787 786 768 744 782 704 767 783 717 736 701 739 773 743 740 720 760 755 735 715 731 732 762 781 791 749
206
128
915
469
313
922
33
386
868
668
676
708
322
833
285
612
695
90
801
281
152
223
747
111
564
56
230
319
932
375
611
139
347
719
202
421
832
82 66 29 27 2 87 4 76 72 20 57 18 9 92 36 7 74 63 55 40 46 12 24 26 98 79 81 32 14 50 73 0 22 95 38
377
679
51
503
418
677 659 669 671 658 691 631 628 640 643 667 615 637 636 633 681 662 692 661 663 698 601 666 622 629 649 660 614 678 697 632
721
694
865
336
793
355
39
304
151
471
656
123
295
427
231
689
812
146
168
458
957
516
384
507
562
497
621
239
515
810
100
444
970
867
91
52
248
619
254
1
987
585
710
918
129
587
145
180
552
565
724
286
21
287
831
700
685
268
706
716
237
368
391
916
597
680
159
726
504
436
488
648
770
863
827
108
583
274
653
764
693
860
86
808
838
711
933
745
777
999
370
142
893
196
260
930
240
520
608
216
790
857
980
172
429
137
947
397
318
35
814
259
83
609
748
320
854
107
30
639
683
308
212
226
477
279
514
164
16
193
47
265
613
602
190
461
70
371
122
797
955
306
11
209
573
34
158
759
699
197
972
215
568
252
348
864
191
550
754
750
819
362
53
399
25
383
547
186
255
6
937
325
290
737
581
951
198
84
874
60
5
664
378
707
528
551
65
935
634
792
78
998
690
49
967
276
117
527
688
205
841
41
788
502
604
909
241
522
463
270
518
352
501
13
412
952
156
233
923
182
618
432
519
674
214
45
870
243
696
413
493
847
896
990
407
555
181
953
539
569
19
451
513
75
59
789
221
723
58
257
942
859
900
372
730
840
713
376
575
558
400
297
244
544
533
635
450
510
638
345
440
535
626
876
946
331
997
387
600
408
335
624
927
652
94
976
798
415
121
77
411
188
10
443
85
476
843
267
68
969
328
175
201
546
945
977
603
170
414
69
409
500
655
416
455
130
447
598
616
452
495
779
991
741
617
315
31
718
344
623
89
572
526
576
992
333
804
492
907
966
187
753
220
228
373
271
654
727
644
842
309
402
118
43
446
607
385
305
105
358
453
523
136
261
538
311
192
549
899
785
263
769
48
758
423
44
213
401
928
712
766
80
620
771
820
850
905
103
673
686
627
449
294
733
641
961
102
382
28
606
410
310
143
484
561
218
393
888
687
251
234
821
273
861
349
472
825
877
780
914
824
462
200
993
23
269
625
140
179
184
702
97
247
725
67
885
650
904
910
327
364
316
54
374
807
96
162
93
541
605
729
742
496
682
763
879
567
524
752
303
775
113
300
380
630
176
37
963
177
289
178
417
199
862
292
553
642
917
816
834
454
466
390
404
943
751
856
795
296
301
806
646
120
312
794
672
337
101
738
283
406
61
705
645
757
815
886
811
675
913
232
42
778
647
835
592
714
211
64
365
924
189
153
610
855
881
224
948
321
481
869
467
800
62
88
395
657
302
329
925
194
978
734
975
15
171
796
684