973
3
114
438
110
890 892 839 837 830 858 805 848 884 883 853 822 817 818 851 845 882 872 875 829 813 852 809 846 889 828 871 844 823 849 897 878 898 887 866 836 891 826 880 894
873
911 958 983 989 968 903 934 926 940 965 985 988 939 949 908 982 936 959 971 986 920 996 906 931 956 960 979 974 901 938 929 962 995 981 912 984 902 944 964
293 245 227 272 284 262 210 222 249 250 288 299 258 278 229 298 225 280 217 207 242 253 282 204 236 219 266 238 256 208 246 235 277 275 203 291
149
746
148 132 154 157 150 133 119 169 161 124 134 141 125 174 112 115 185 195 127 106 173 116 167 155 109 183 160 165 138 163 135 144 131 126 147 166 104
670
802
954
487 489 470 482 460 420 494 425 459 439 426 457 490 422 442 433 491 448 486 437 441 475 434 464 435 480 483 498 403 478 479 424 428 419 431 485 445 430 499 465 468 473 474 405 456
543 577 556 529 536 595 593 506 559 521 531 589 586 557 599 594 596 530 512 505 534 525 582 570 580 511 563 591 532 579 584 574 588 508 540 517 554 545 509 537 566 578 590 560 571 542
8
360 340 330 314 363 341 353 367 398 317 379 388 381 361 346 332 351 369 357 354 392 389 396 339 338 366 323 343 356 326 307 394 342 324 350 359 334
994
941
264
548
665
71
17
703
919
709
651
950
803
99
895
743 749 735 720 740 744 762 768 772 783 722 717 799 731 701 732 739 784 756 704 787 774 786 755 791 736 767 715 760 773 776 781 761 765 782 728
206
128
915
469
313
922
33
386
868
668
676
708
322
833
285
612
695
90
801
281
152
223
747
111
564
56
230
319
932
375
611
139
347
719
202
421
832
66 27 87 81 32 12 92 73 38 20 46 50 79 14 82 24 55 95 98 63 18 72 4 74 2 36 0 22 7 29 76 40 26 57 9
377
679
51
503
418
632 660 615 662 666 669 671 629 637 622 681 649 691 631 643 678 697 677 659 661 667 640 628 658 663 698 614 692 601 636 633
721
694
865
336
793
355
39
304
151
471
656
123
295
427
231
689
812
146
168
458
957
516
384
507
562
497
621
239
515
810
100
444
970
867
91
52
248
619
254
1
987
585
710
918
129
587
145
180
552
565
724
286
21
287
831
700
685
268
706
716
237
368
391
916
597
680
159
726
504
436
488
648
770
863
827
108
583
274
653
764
693
860
86
808
838
711
933
745
777
999
370
142
893
196
260
930
240
520
608
216
790
857
980
172
429
137
947
397
318
35
814
259
83
609
748
320
854
107
30
639
683
308
212
226
477
279
514
164
16
193
47
265
613
602
190
461
70
371
122
797
955
306
11
209
573
34
158
759
699
197
972
215
568
252
348
864
191
550
754
750
819
362
53
399
25
921
383
547
186
255
6
937
325
290
737
581
951
198
84
874
60
5
664
378
707
528
551
65
935
634
792
78
998
690
49
967
276
117
527
688
205
841
41
788
502
604
909
241
522
463
270
518
352
501
13
412
952
156
233
923
182
618
432
519
674
214
45
870
243
696
413
493
847
896
990
407
555
181
953
539
569
19
451
513
75
59
789
221
723
58
257
942
859
900
372
730
840
713
376
575
558
400
297
244
544
533
635
450
510
638
345
440
535
626
876
946
331
997
387
600
408
335
624
927
652
94
976
798
415
121
77
411
188
10
443
85
476
843
267
68
969
328
175
201
546
945
977
603
170
414
69
409
500
655
416
455
130
447
598
616
452
495
779
991
741
617
315
31
718
344
623
89
572
526
576
992
333
804
492
907
966
187
753
220
228
373
271
654
727
644
842
309
402
118
43
446
607
385
305
105
358
453
523
136
261
538
311
192
549
899
785
263
769
48
758
423
44
213
401
928
712
766
80
620
771
820
850
905
103
673
686
627
449
294
733
641
961
102
382
28
606
410
310
143
484
561
218
393
888
687
251
234
821
273
861
349
472
825
877
780
914
824
462
200
993
23
269
625
140
179
184
702
97
247
725
67
885
650
904
910
327
364
316
54
374
807
96
162
93
541
605
729
742
496
682
763
879
567
524
752
303
775
113
300
380
630
176
37
963
177
289
178
417
199
862
292
553
642
917
816
834
454
466
390
404
943
751
856
795
296
301
806
646
120
312
794
672
337
101
738
283
406
61
705
645
757
815
886
811
675
913
232
42
778
647
835
592
714
211
64
365
924
189
153
610
855
881
224
948
321
481
869
467
800
62
88
395
657
302
329
925
194
978
734
975
15
171
796
684