973
3
114
438
110
848 887 852 823 813 882 844 884 853 866 897 805 871 898 809 891 894 849 880 829 875 889 836 828 830 892 818 826 851 837 883 858 890 817 822 872 839 845 878 846
873
964 936 949 934 902 903 956 929 974 931 906 971 912 958 986 911 944 996 901 968 989 959 908 939 985 965 962 981 960 938 983 926 920 984 940 982 995 979 988
280 262 256 210 238 235 258 291 282 250 229 217 275 284 207 242 204 299 203 249 208 236 227 246 245 225 298 266 288 277 293 222 219 272 278 253
149
746
144 173 132 147 165 104 154 119 161 109 185 131 106 125 167 124 134 148 135 195 112 166 127 160 133 138 183 157 169 155 116 115 141 174 150 126
670
802
954
428 491 485 442 475 431 422 487 459 419 425 460 441 479 494 439 403 478 405 457 482 490 426 437 456 480 470 486 499 465 489 420 448 464 435 483 468 474 473 424 445 433 430 498 434
517 589 543 578 591 570 540 537 580 593 584 579 532 557 563 574 595 571 586 566 545 560 506 577 511 542 521 531 512 536 508 588 529 530 509 559 505 582 525 556 596 590 594 599 554 534
8
353 323 363 361 346 339 367 317 354 366 324 381 369 338 326 341 314 343 330 392 356 388 379 357 398 334 340 350 389 332 351 396 359 307 342 360 394
994
941
264
548
665
71
17
703
919
709
651
950
803
99
895
761 762 772 736 722 715 767 783 768 799 760 781 774 791 728 749 731 755 704 701 756 744 740 786 720 732 773 739 776 782 743 717 765 784 787 735
206
128
915
469
313
922
33
386
868
668
676
708
322
833
285
612
695
90
801
281
152
223
747
111
564
56
230
319
932
375
611
139
347
719
202
421
832
63 81 24 36 0 14 55 66 26 7 2 92 72 4 27 73 79 22 50 38 18 20 95 40 9 98 82 76 57 12 87 46 29 32 74
377
679
51
503
418
691 614 681 677 636 697 678 637 628 692 663 643 632 629 698 601 661 667 622 660 633 615 666 649 662 669 659 671 631 640 658
721
694
865
336
793
355
39
304
151
471
656
123
295
427
231
689
812
146
168
458
957
516
384
507
562
497
621
239
515
810
100
444
970
867
91
52
248
619
254
1
987
585
710
918
129
587
145
180
552
565
724
286
21
287
831
700
685
268
706
716
237
368
391
916
597
680
159
726
504
436
488
648
770
863
827
108
583
274
653
764
693
860
86
808
838
711
933
745
777
999
370
142
893
196
260
930
240
520
608
216
790
857
980
172
429
137
947
397
318
35
814
259
83
609
748
320
854
107
30
639
683
308
212
226
477
279
514
164
16
193
47
265
613
602
190
461
70
371
122
797
955
306
11
209
573
34
158
759
699
197
972
215
568
252
348
864
191
550
754
750
819
362
53
399
25
921
383
547
186
255
6
937
325
290
737
581
951
198
84
874
60
5
664
378
707
528
551
65
935
634
792
78
998
690
49
967
276
117
527
688
205
841
41
788
502
604
909
241
522
463
270
518
352
501
13
412
952
156
233
923
182
618
432
519
674
214
45
870
243
696
413
493
847
896
990
407
555
181
953
539
569
19
451
513
75
59
789
221
723
58
257
942
859
900
372
730
840
713
376
575
558
400
297
244
544
533
635
450
510
638
345
440
535
626
876
946
331
997
387
600
408
335
624
927
652
94
976
798
415
121
77
411
188
10
443
85
476
843
267
68
969
328
175
201
546
945
977
603
170
414
69
409
500
655
416
455
130
447
598
616
452
495
779
991
741
617
315
31
718
344
623
89
572
526
576
992
333
804
492
907
966
187
753
220
163
228
373
271
654
727
644
842
309
402
118
43
446
607
385
305
105
358
453
523
136
261
538
311
192
549
899
785
263
769
48
758
423
44
213
401
928
712
766
80
620
771
820
850
905
103
673
686
627
449
294
733
641
961
102
382
28
606
410
310
143
484
561
218
393
888
687
251
234
821
273
861
349
472
825
877
780
914
824
462
200
993
23
269
625
140
179
184
702
97
247
725
67
885
650
904
910
327
364
316
54
374
807
96
162
93
541
605
729
742
496
682
763
879
567
524
752
303
775
113
300
380
630
176
37
963
177
289
178
417
199
862
292
553
642
917
816
834
454
466
390
404
943
751
856
795
296
301
806
646
120
312
794
672
337
101
738
283
406
61
705
645
757
815
886
811
675
913
232
42
778
647
835
592
714
211
64
365
924
189
153
610
855
881
224
948
321
481
869
467
800
62
88
395
657
302
329
925
194
978
734
975
15
171
796
684