988 966 983 916 958 962 981 971 990 956 931 930 998 937 919 915 968 934 940 918 921 985 969 925 904 922 944 939 942 959 987 906 977 991 928 975 984 974 945 960 929 997 999 924 943 947 952 941 909 912 914 907 954 994 976 963 995 932 923 965 979 910 953 989 992 908 978 949 993 927 902 950 936 913 964 926 911 920 903 955 973 980 986 935 982 938 967 946 972 961 917 901 905 996
55 95 80 19 40 11 73 98 43 63 54 10 61 29 59 83 22 76 14 68 84 24 50 31 46 21 48 51 20 26 82 7 8 87 78 2 4 16 34 74 3 58 49 69 97 60 81 72 64 85 33 86 67 9 52 79 99 92 62 89 13 30 35 44 71 88 32 15 12 77 27 38 96 6 45 17 75 90 0 18 56 39 57 41 91 66 25 65 37 42 47 36 28 23 53 94
140 178 184 170 131 118 141 196 116 187 122 120 169 132 179 135 124 121 103 188 186 183 174 114 150 162 185 105 134 181 138 127 175 199 161 142 139 190 111 164 128 152 195 148 156 109 108 166 126 177 168 113 171 155 123 192 106 172 154 198 137 160 165 143 102 144 145 104 157 133 130 115 136 110 125 117 147 173 182 180 194 163 149 146 193 119 153 197 176 167 112
481 401 414 473 426 444 416 492 452 490 433 420 446 415 412 472 417 456 486 457 499 487 449 430 410 451 466 463 485 404 461 437 458 476 450 442 411 469 464 405 477 497 498 435 424 439 459 495 438 407 448 462 419 484 465 453 402 425 443 471 409 470 422 489 455 428 403 488 436 427 480 493 423 440 491 460 474 479 445 467 406 441 408 413 431 482 494 483 454 429 447 468 475 434 432 496 478
849 877 889 835 845 855 879 896 823 867 807 829 861 806 824 822 872 808 897 862 882 870 827 899 891 880 874 828 832 898 844 812 864 821 887 886 800 818 895 852 866 888 883 814 811 853 854 850 894 817 878 834 820 813 875 876 825 804 869 830 868 803 809 893 810 839 838 881 836 858 831 846 847 815 843 884 863 860 885 871 848 826 873 892 841 833 842 837 840 865 819 857 816 851 805 890
262 256 277 294 254 233 297 266 243 244 292 298 210 234 221 205 283 282 223 228 291 247 280 299 206 259 232 239 212 287 222 295 238 275 229 250 237 267 284 274 248 213 209 281 268 293 251 231 252 286 202 279 263 204 278 200 217 285 253 249 265 214 296 236 208 255 216 276 218 240 270 242 258 227 290 211 207 257 219 269 224 225 235 203 289 272 245 246 241 288 226 230 273 261
704 764 742 759 779 720 792 787 750 776 785 737 714 790 723 741 775 709 734 765 780 777 788 798 717 768 778 795 749 770 781 716 719 708 772 760 731 769 746 707 711 762 722 757 743 738 748 740 729 761 796 794 797 712 763 752 724 702 791 747 725 755 793 766 736 784 733 721 744 786 799 782 703 713 701 751 718 773 783 767 758 745 710 728 735 774 732 715 730 771 705 754 753 739 756
652 648 641 661 603 634 640 667 647 693 633 666 644 660 690 611 612 620 651 628 646 675 669 631 602 688 642 657 622 637 615 636 698 655 685 650 609 671 662 684 601 605 626 695 686 670 654 681 616 677 665 643 674 653 691 630 664 689 604 697 617 614 696 627 625 638 639 682 629 645 692 649 608 672 613 658 673 687 680 679 618 607 676 621 699 663 659 678 683 635 632 694 624 656 668
802
524 566 598 579 531 589 507 549 502 515 519 525 573 557 599 529 541 585 577 534 568 587 506 510 576 509 582 563 511 546 558 583 565 575 570 516 521 532 517 547 550 569 513 508 580 597 591 586 520 512 571 537 593 552 518 562 526 528 542 564 590 539 559 595 584 578 561 594 544 560 551 536 501 581 540 567 523 504 527 533 545 530 535 596 588 554 574 514 505 538 543 503 555 556
324 339 341 396 392 390 383 353 350 361 377 394 337 305 311 359 300 357 352 381 317 347 313 356 398 333 386 385 363 334 342 388 327 321 348 375 322 376 368 346 391 366 332 358 362 323 360 312 354 331 382 370 378 372 325 328 304 397 395 380 307 345 379 351 335 308 318 355 371 393 309 389 364 349 384 369 315 343 310 344 306 336 302 303 326 365 329 340 319 367 399 320 330 314 387 338
264
548
801
421
418
151
957
100
970
619
1
129
700
706
159
726
933
260
107
70
158
215
191
951
5
522
789
859
900
400
600
201
500
623
572
220
373
271
727
606
316
374
93
553
856
301
101
592
189
610
948