973
3
114
438
110
826 887 898 817 846 829 884 882 897 866 858 813 872 839 848 823 809 880 845 890 853 849 836 805 818 851 871 883 894 830 828 837 844 822 889 878 852 875 892 891
873
979 982 901 964 986 908 995 959 956 974 988 981 902 934 940 996 931 971 939 965 983 920 903 929 938 968 926 936 984 985 911 989 958 906 962 949 912 960 944
282 280 258 245 210 275 291 235 227 236 284 272 262 293 238 298 278 249 207 225 246 203 256 288 242 217 266 250 222 277 219 253 229 299 208 204
149
746
174 135 154 167 134 125 169 112 150 126 166 144 124 165 183 119 173 116 195 138 147 157 148 104 160 127 133 132 185 141 115 109 106 155 131 161
670
802
954
420 431 426 428 441 442 465 489 470 425 435 424 468 456 478 494 405 464 475 473 433 419 422 448 474 479 445 403 460 459 457 491 480 490 483 485 439 486 482 437 498 487 434 499 430
534 545 506 577 509 556 529 540 508 530 589 536 570 580 588 591 582 578 599 557 560 594 584 543 542 559 566 593 517 537 574 505 521 579 531 571 590 596 586 511 563 532 512 525 595 554
8
351 324 360 367 354 350 359 323 353 314 341 366 326 363 389 338 357 369 343 342 398 340 356 394 330 346 334 388 332 339 317 361 307 392 381 396 379
994
941
264
548
665
71
17
703
919
709
651
950
803
99
895
735 767 784 765 774 701 736 749 744 722 731 782 781 732 728 787 715 786 762 720 768 760 717 799 756 772 704 755 743 791 761 783 740 776 773
206
128
915
469
313
922
33
386
868
668
676
708
322
833
285
612
695
90
801
281
152
223
747
111
564
56
230
319
932
375
611
139
347
719
202
421
832
14 18 81 82 66 63 7 79 32 9 73 27 38 72 55 4 57 40 74 22 76 26 95 0 29 92 36 12 20 98 2 24 46 87 50
377
679
51
503
418
692 637 649 671 698 662 669 636 661 667 660 677 615 640 614 622 681 666 659 658 601 678 691 633 628 631 629 697 632 643 663
721
694
865
336
793
355
39
304
151
471
656
123
295
427
231
689
812
146
168
458
957
516
384
507
562
497
621
239
515
810
100
444
970
867
91
52
248
619
254
1
987
585
710
918
129
587
145
180
552
565
724
286
21
287
831
700
685
268
706
716
237
368
391
916
597
680
159
726
504
436
488
648
770
863
827
108
583
274
653
764
693
860
86
808
838
711
933
745
777
999
370
142
893
196
260
930
240
520
608
216
790
857
980
172
429
137
947
397
318
35
814
259
83
609
748
320
854
107
30
639
683
308
212
226
477
279
514
164
16
193
47
265
613
602
190
461
70
371
122
797
955
306
11
209
573
34
158
759
699
197
972
215
568
252
348
864
191
550
754
750
819
362
53
399
25
921
383
547
186
255
6
937
325
290
737
581
951
198
84
874
60
5
664
378
707
528
551
65
935
634
792
78
998
690
49
967
276
117
527
688
205
841
41
788
502
604
909
241
522
463
270
518
352
501
13
412
952
156
233
923
182
618
432
519
674
214
45
870
243
696
413
493
847
896
990
407
555
181
953
539
569
19
451
513
75
59
789
221
723
58
257
942
859
900
372
730
840
713
376
575
558
400
297
244
544
533
635
450
510
638
345
440
535
626
876
946
331
997
387
600
408
335
624
927
652
94
976
798
415
121
77
411
188
10
443
85
476
843
267
68
969
328
175
201
546
945
977
603
170
414
69
409
500
655
416
455
130
447
598
616
452
495
779
991
741
617
315
31
718
344
623
89
572
526
576
992
333
804
492
907
966
187
753
220
163
228
373
271
654
727
644
842
309
402
118
43
446
607
385
305
105
358
453
523
136
261
538
311
192
549
899
785
263
769
48
758
423
44
213
401
928
712
766
80
620
771
820
850
905
103
673
686
627
449
294
733
641
961
739
102
382
28
606
410
310
143
484
561
218
393
888
687
251
234
821
273
861
349
472
825
877
780
914
824
462
200
993
23
269
625
140
179
184
702
97
247
725
67
885
650
904
910
327
364
316
54
374
807
96
162
93
541
605
729
742
496
682
763
879
567
524
752
303
775
113
300
380
630
176
37
963
177
289
178
417
199
862
292
553
642
917
816
834
454
466
390
404
943
751
856
795
296
301
806
646
120
312
794
672
337
101
738
283
406
61
705
645
757
815
886
811
675
913
232
42
778
647
835
592
714
211
64
365
924
189
153
610
855
881
224
948
321
481
869
467
800
62
88
395
657
302
329
925
194
978
734
975
15
171
796
684