973
3
114
438
110
848 872 829 844 852 898 822 894 817 851 887 890 809 845 836 828 897 889 823 882 875 849 805 866 818 871 846 837 830 883 826 813 884 858 853 839 880 892 891 878
873
901 981 931 962 988 968 903 911 920 902 934 949 989 979 956 985 986 960 940 938 936 926 964 939 912 974 958 959 929 984 944 908 982 983 906 995 965 971 996
284 299 277 291 266 208 282 256 250 272 207 236 242 246 235 222 278 217 298 280 293 227 238 262 288 210 204 225 258 249 229 219 253 203 245 275
149
746
116 144 161 157 173 112 150 125 195 133 147 132 106 155 131 141 134 104 169 167 135 115 127 165 160 154 185 138 148 109 126 174 124 119 183 166
670
802
954
419 445 425 431 491 422 498 442 474 490 426 470 434 420 485 478 424 489 459 460 482 479 403 405 439 435 465 475 480 456 486 473 437 464 433 499 428 430 448 441 487 468 483 494
542 590 574 580 543 508 595 563 512 570 556 554 578 589 506 521 566 559 532 594 525 584 531 599 588 579 557 560 529 517 536 577 534 591 596 530 505 537 582 545 571 586 540 509 593 511
8
360 334 388 353 356 363 392 354 326 342 381 317 379 339 332 338 314 398 389 359 343 330 394 323 307 357 350 341 367 351 369 340 324 366 396 361 346
994
941
264
548
665
71
17
703
919
709
651
950
803
99
895
761 791 786 773 783 715 728 749 774 735 782 755 736 767 784 722 772 756 744 720 787 760 768 743 765 781 704 740 701 762 732 731 717 776 799
206
128
915
469
313
922
33
386
868
668
676
708
322
833
285
612
695
90
801
281
152
223
747
111
564
56
230
319
932
375
611
139
347
719
202
421
832
82 79 92 0 14 12 26 55 24 87 36 46 73 18 63 40 22 4 32 66 2 98 95 50 7 74 9 20 27 29 57 81 38 76 72
377
679
51
503
418
669 661 660 667 643 614 636 666 629 622 628 671 633 662 681 649 631 637 632 678 658 677 601 698 663 640 691 659 615 692 697
721
694
865
336
793
355
39
304
151
471
656
123
295
427
231
689
812
146
168
458
957
516
384
507
562
497
621
239
515
810
100
444
970
867
91
52
248
619
254
1
987
585
710
918
129
587
145
180
552
565
724
286
21
287
831
700
685
268
706
716
237
368
391
916
597
680
159
726
504
436
488
648
770
863
827
108
583
274
653
764
693
860
86
808
838
711
933
745
777
999
370
142
893
196
260
930
240
520
608
216
790
857
980
172
429
137
947
397
318
35
814
259
83
609
748
320
854
107
30
639
683
308
212
226
477
279
514
164
16
193
47
265
613
602
190
461
70
371
122
797
955
306
11
209
573
34
158
759
699
197
972
215
568
252
348
864
191
550
754
750
819
362
53
399
25
921
383
547
186
255
6
937
325
290
737
581
951
198
84
874
60
5
664
378
707
528
551
65
935
634
792
78
998
690
49
967
276
117
527
688
205
841
41
788
502
604
909
241
522
463
270
518
352
501
13
412
952
156
233
923
182
618
432
519
674
214
45
870
243
696
413
493
847
896
990
407
457
555
181
953
539
569
19
451
513
75
59
789
221
723
58
257
942
859
900
372
730
840
713
376
575
558
400
297
244
544
533
635
450
510
638
345
440
535
626
876
946
331
997
387
600
408
335
624
927
652
94
976
798
415
121
77
411
188
10
443
85
476
843
267
68
969
328
175
201
546
945
977
603
170
414
69
409
500
655
416
455
130
447
598
616
452
495
779
991
741
617
315
31
718
344
623
89
572
526
576
992
333
804
492
907
966
187
753
220
163
228
373
271
654
727
644
842
309
402
118
43
446
607
385
305
105
358
453
523
136
261
538
311
192
549
899
785
263
769
48
758
423
44
213
401
928
712
766
80
620
771
820
850
905
103
673
686
627
449
294
733
641
961
739
102
382
28
606
410
310
143
484
561
218
393
888
687
251
234
821
273
861
349
472
825
877
780
914
824
462
200
993
23
269
625
140
179
184
702
97
247
725
67
885
650
904
910
327
364
316
54
374
807
96
162
93
541
605
729
742
496
682
763
879
567
524
752
303
775
113
300
380
630
176
37
963
177
289
178
417
199
862
292
553
642
917
816
834
454
466
390
404
943
751
856
795
296
301
806
646
120
312
794
672
337
101
738
283
406
61
705
645
757
815
886
811
675
913
232
42
778
647
835
592
714
211
64
365
924
189
153
610
855
881
224
948
321
481
869
467
800
62
88
395
657
302
329
925
194
978
734
975
15
171
796
684