973
3
114
438
110
866 892 837 871 897 884 836 882 890 849 894 830 872 839 826 898 852 805 822 846 875 823 880 889 844 817 853 813 851 848 809 829 858 891 887 845 878 828 818 883
873
920 958 934 926 912 962 985 960 974 979 939 959 944 982 971 931 936 906 956 938 911 964 903 940 965 902 908 901 929 989 988 995 981 968 984 986 949 983 996
249 225 204 245 256 280 235 293 284 291 298 282 272 238 210 278 236 266 227 246 275 203 208 217 277 253 222 242 250 288 262 299 258 219 229 207
149
746
132 195 112 169 141 166 135 131 160 157 116 144 106 147 127 134 174 138 133 185 148 109 173 126 104 119 125 124 150 161 115 155 165 167 183 154
670
802
954
485 448 433 470 445 425 426 494 491 498 482 475 435 468 480 439 442 419 431 483 434 478 403 428 464 460 420 499 473 487 490 422 456 405 479 424 459 474 430 437 465 489 486
595 566 543 532 511 542 521 570 560 530 508 529 512 584 537 554 579 590 577 588 540 594 589 596 525 563 536 580 593 531 586 578 509 571 557 517 574 599 591 559 506 582 545 505 556 534
8
332 394 340 339 353 360 351 389 317 357 366 356 342 323 307 379 388 334 324 314 367 396 381 341 338 359 350 354 346 361 363 326 330 398 369 343 392
994
941
264
548
665
71
17
703
919
709
651
950
803
99
895
761 728 704 772 782 799 776 740 756 744 701 765 715 732 722 784 787 791 731 720 767 760 762 786 743 768 755 717 773 749 736 774 735 781 783
206
128
915
469
313
922
33
386
868
668
676
708
322
833
285
612
695
90
801
281
152
223
747
111
564
56
230
319
932
375
611
139
347
719
202
421
832
82 72 24 50 98 22 20 40 87 18 92 66 55 95 12 46 7 73 81 0 29 32 36 9 57 74 4 38 26 79 76 63 2 27
377
679
51
503
418
678 614 633 662 649 691 659 669 697 631 671 601 660 637 698 661 667 663 681 615 629 677 636 632 658 666 628 640 622 692 643
721
694
865
336
793
355
39
304
151
471
656
123
295
427
231
689
812
146
168
458
957
516
384
507
562
497
621
239
515
810
100
444
970
867
91
52
248
619
254
1
987
585
710
918
129
587
145
180
552
565
724
286
21
287
831
700
685
268
706
716
237
368
391
916
597
680
159
726
504
436
488
648
770
863
827
108
583
274
653
764
693
860
86
808
838
711
933
745
777
999
370
142
893
196
260
930
240
520
608
216
790
857
980
172
429
137
947
397
318
35
814
259
83
609
748
320
854
107
30
639
683
308
212
226
477
279
514
164
16
193
47
265
613
602
190
461
70
371
122
797
955
306
11
209
573
34
158
759
699
197
972
215
568
252
348
864
191
550
754
750
819
362
53
399
25
921
383
547
186
255
6
441
937
325
290
737
581
951
198
84
874
60
5
664
378
707
528
551
65
935
634
792
78
998
690
49
967
276
117
527
688
205
841
41
788
502
604
909
241
522
463
270
518
352
501
13
412
952
156
233
923
182
618
432
519
674
214
45
870
243
696
413
493
847
896
990
407
457
555
181
953
539
569
19
451
513
75
59
789
221
723
58
257
942
859
900
372
730
840
713
376
575
558
400
297
244
544
533
635
450
510
638
345
440
535
626
876
946
331
997
387
600
408
335
624
927
652
94
976
798
415
121
77
411
188
10
443
85
476
843
267
68
969
328
175
201
546
945
977
603
170
414
69
409
500
655
416
455
130
447
598
616
452
495
779
991
741
617
315
31
718
344
623
89
572
526
576
992
333
804
492
907
966
187
753
220
163
228
373
271
654
727
644
842
309
402
118
43
446
607
385
305
105
358
453
523
136
261
538
311
192
549
899
785
263
769
48
758
423
44
213
401
928
712
766
80
620
771
820
850
905
103
673
686
627
449
294
733
641
961
739
102
382
28
606
410
310
143
484
561
218
393
888
687
251
234
821
273
861
349
472
825
877
780
914
824
462
200
993
23
269
625
140
179
184
702
97
247
725
67
885
650
904
910
327
364
316
54
374
807
96
162
93
541
605
729
742
496
682
763
879
567
524
752
303
775
113
300
380
630
176
37
963
177
289
178
417
199
862
292
553
642
917
816
834
454
466
390
404
943
751
856
795
296
301
806
646
120
312
794
672
337
101
738
283
406
61
705
645
757
815
886
811
675
913
232
42
778
647
835
592
714
211
64
365
924
189
153
610
855
881
224
948
321
481
869
467
800
14
62
88
395
657
302
329
925
194
978
734
975
15
171
796
684