973
3
114
438
110
889 839 849 882 813 828 897 830 853 844 818 866 884 846 875 836 871 809 872 892 817 887 878 826 829 822 852 858 851 845 898 837 894 823 890 883 805 880 891 848
873
940 934 964 981 911 968 985 960 965 949 920 929 982 971 974 903 912 926 901 986 989 906 938 908 931 988 996 962 983 936 956 944 939 902 995 958 959 984 979
291 298 208 236 278 242 238 275 284 229 250 272 225 256 253 207 299 235 210 222 249 277 219 246 217 280 227 282 245 258 262 266 204 288 203 293
149
746
116 125 134 144 119 104 126 167 147 155 174 165 106 166 133 154 112 127 138 135 148 183 173 160 132 157 195 109 115 131 150 185 141 124 161 169
670
802
954
445 490 459 405 433 499 485 489 468 428 419 430 422 431 439 426 478 425 494 479 487 498 491 475 474 442 437 470 480 424 483 482 465 403 486 434 460 435 473 456 464 420 448
593 580 596 543 599 589 532 577 588 566 590 591 582 530 529 594 595 511 579 525 571 508 534 506 586 512 560 521 536 531 537 542 570 584 545 557 517 578 509 563 556 505 554 559 540 574
8
389 326 394 369 367 360 346 317 334 332 392 357 351 323 340 353 388 338 361 307 339 396 359 379 381 356 341 363 343 354 398 366 350 330 324 342 314
994
941
264
548
665
71
17
703
919
709
651
950
803
99
895
701 731 761 762 791 728 720 784 717 735 781 756 783 715 765 776 786 704 772 787 782 768 760 799 740 736 743 773 749 744 767 722 732 755
206
128
915
469
313
922
33
386
868
668
676
708
322
833
285
612
695
90
801
281
152
223
747
111
564
56
230
319
932
375
611
139
347
719
202
421
832
22 26 7 73 50 24 66 18 46 55 98 74 9 81 57 2 38 40 32 20 29 76 79 36 92 82 72 87 12 95 27 4 63 0
377
679
51
503
418
622 659 697 669 633 677 671 632 601 631 658 614 660 640 691 667 698 628 636 692 637 663 661 681 678 662 649 643 615 666 629
721
694
865
336
793
355
39
304
151
471
656
123
295
427
231
689
812
146
168
458
957
516
384
507
562
497
621
239
515
810
100
444
970
867
91
52
248
619
254
1
987
585
710
918
129
587
145
180
552
565
724
286
21
287
831
700
685
268
706
716
237
368
391
916
597
680
159
726
504
436
488
648
770
863
827
108
583
274
653
764
693
860
86
808
838
711
933
745
777
999
370
142
893
196
260
930
240
520
608
216
790
857
980
172
429
137
947
397
318
35
814
259
83
609
748
320
854
107
30
639
683
308
212
226
477
279
514
164
16
193
47
265
613
602
190
461
70
371
122
797
955
306
11
209
573
34
158
759
699
197
972
215
568
252
348
864
191
550
754
750
819
362
53
399
25
921
383
547
186
255
6
441
937
325
290
737
581
951
198
84
874
60
5
664
378
707
528
551
65
935
634
792
78
998
690
49
967
276
117
527
688
205
841
41
788
502
604
909
241
522
463
270
518
352
501
13
412
952
156
233
923
182
618
432
519
674
214
45
870
243
696
413
493
847
896
990
407
457
555
181
953
539
569
19
451
513
75
59
789
221
723
58
257
942
859
900
372
730
840
713
376
575
558
400
297
244
544
533
635
450
510
638
345
440
535
626
876
946
331
997
387
600
408
335
624
927
652
94
976
798
415
121
77
411
188
10
443
85
476
843
267
68
969
328
175
201
546
945
977
603
170
414
69
409
500
655
416
455
130
447
598
616
452
495
779
991
741
617
315
31
718
344
623
89
572
526
576
992
333
804
492
907
966
187
753
220
163
228
373
271
654
727
644
842
309
402
118
43
446
607
385
305
105
358
453
523
136
261
538
311
192
549
899
785
263
769
48
758
423
44
213
401
928
712
766
80
620
771
820
850
905
103
673
686
627
449
294
733
641
961
739
102
382
28
606
410
310
143
484
561
218
393
888
687
251
234
821
273
861
349
472
825
877
780
914
824
462
200
993
23
269
625
140
179
184
702
97
247
725
67
885
650
904
910
327
364
316
54
374
807
96
162
93
541
605
729
742
496
682
763
879
567
524
752
303
775
113
300
380
630
176
37
963
177
289
178
417
199
862
292
553
642
917
816
834
454
466
390
404
943
751
856
795
296
301
806
646
120
312
794
672
337
101
738
283
406
61
705
645
757
815
886
811
675
913
232
42
778
647
835
592
714
211
64
365
924
189
153
610
855
881
224
948
321
481
869
467
800
14
62
88
395
657
302
329
925
194
978
734
975
15
774
171
796
684