973
3
114
438
110
852 884 871 837 897 849 898 826 882 878 883 875 845 817 846 829 805 880 890 851 813 822 891 839 858 894 866 809 828 818 848 889 892 872 836 887 853 823 830 844
873
964 974 939 995 938 902 968 985 983 931 956 960 934 906 911 962 903 982 989 949 986 981 979 926 959 958 929 912 936 920 996 965 940 988 971 984 908 901 944
236 238 277 207 282 293 262 204 298 225 203 258 245 299 280 256 284 266 210 275 288 278 219 253 242 272 217 249 227 246 291 229 250 208 235
149
746
135 132 106 154 119 148 161 173 147 167 125 133 160 174 166 185 195 124 141 109 131 144 169 126 112 183 116 155 138 104 127 150 134 115 165 157
670
802
954
468 428 470 422 426 430 494 405 478 464 491 480 475 499 431 485 490 445 487 498 482 433 437 424 474 435 442 434 419 456 448 483 486 473 489 460 459 465 420 479 425 439 403
545 540 543 505 512 593 589 577 559 560 537 530 574 586 588 563 556 521 594 599 506 508 596 578 584 525 532 595 571 536 529 591 566 509 517 557 554 582 580 542 534 531 511 570 590 579
8
359 330 340 307 342 351 366 357 379 361 394 356 389 324 363 388 353 360 369 334 350 338 326 392 323 398 354 332 339 396 381 341 314 343 346 367 317
994
941
264
548
665
71
17
703
919
709
651
950
803
99
895
743 783 782 744 787 773 799 784 791 701 761 772 728 755 756 736 715 732 740 735 762 767 768 781 765 717 786 776 720 704 722 731 760 749
206
128
915
469
313
922
33
386
868
668
676
708
322
833
285
612
695
90
801
281
152
223
747
111
564
56
230
319
932
375
611
139
347
719
202
421
832
63 92 0 20 50 46 57 66 72 18 79 73 38 74 29 82 76 81 7 4 26 87 98 40 95 22 24 55 2 32 12 36 9 27
377
679
51
503
418
637 632 643 636 629 663 615 671 649 614 681 691 677 658 692 622 601 678 666 669 662 631 640 698 667 633 660 628 697 661 659
721
694
865
336
793
355
39
304
151
471
656
123
295
427
231
689
812
146
168
458
957
516
384
507
562
497
621
239
515
810
100
444
970
867
91
52
248
619
254
1
987
585
710
918
129
587
145
180
552
565
724
286
21
287
831
700
685
268
706
716
237
368
391
916
597
680
159
726
504
436
488
648
770
863
827
108
583
274
653
764
693
860
86
808
838
711
933
745
777
999
370
142
893
196
260
930
240
520
608
216
790
857
980
172
429
137
947
397
318
35
814
259
83
609
748
320
854
107
30
639
683
308
212
226
477
279
514
164
16
193
47
265
613
602
190
461
70
371
122
797
955
306
11
209
573
34
158
759
699
197
972
215
568
252
348
864
191
550
754
750
819
362
53
399
25
921
383
547
186
255
6
441
937
325
290
737
581
951
198
84
874
60
5
664
378
707
528
551
65
935
634
792
78
998
690
49
967
276
117
527
688
205
841
41
788
502
604
909
241
522
463
270
518
352
501
13
412
952
156
233
923
182
618
432
519
674
214
45
870
243
696
413
493
847
896
990
407
457
555
181
953
539
569
19
451
513
75
59
789
221
723
58
257
942
859
900
372
730
840
713
376
575
558
400
297
244
544
533
635
450
510
638
345
440
535
626
876
946
331
997
387
600
408
335
624
927
652
94
976
798
415
121
77
411
188
10
443
85
476
843
267
68
969
328
175
201
546
945
977
603
170
414
69
409
500
655
416
455
130
447
598
616
452
495
779
991
741
617
315
31
718
344
623
89
572
526
576
992
333
804
492
907
966
187
753
220
163
228
373
271
654
727
644
842
309
402
118
43
446
607
385
305
105
358
453
523
136
261
538
311
192
549
899
785
263
769
48
758
423
44
213
401
928
712
766
80
620
771
820
850
905
103
673
686
627
449
294
733
641
961
739
102
382
28
606
410
310
143
484
561
218
393
888
687
251
234
821
273
861
349
472
825
877
780
914
824
462
200
993
23
269
625
140
179
184
702
97
247
725
67
885
650
904
910
327
364
316
54
374
222
807
96
162
93
541
605
729
742
496
682
763
879
567
524
752
303
775
113
300
380
630
176
37
963
177
289
178
417
199
862
292
553
642
917
816
834
454
466
390
404
943
751
856
795
296
301
806
646
120
312
794
672
337
101
738
283
406
61
705
645
757
815
886
811
675
913
232
42
778
647
835
592
714
211
64
365
924
189
153
610
855
881
224
948
321
481
869
467
800
14
62
88
395
657
302
329
925
194
978
734
975
15
774
171
796
684