973
3
114
438
110
828 878 883 845 809 851 887 894 889 853 830 844 837 884 813 897 849 898 871 846 805 823 890 882 829 848 839 875 818 891 836 872 858 880 892 817 866 852 822
873
984 940 958 959 931 988 926 944 989 912 965 979 968 974 995 903 982 949 996 983 938 920 962 964 936 960 985 908 902 906 911 934 939 901 986 981 929 956 971
266 204 275 225 253 280 250 293 210 207 219 238 277 284 227 246 208 272 256 229 282 236 242 278 249 298 291 217 235 203 288 245 258 262 299
149
746
138 109 112 157 134 166 141 154 132 131 165 185 195 161 127 160 155 119 116 135 125 147 126 133 115 144 148 173 106 169 150 167 174 104 124 183
670
802
954
422 445 431 465 437 489 460 435 478 487 425 494 479 490 498 434 439 486 474 424 468 403 419 433 448 456 491 430 464 485 483 480 442 459 426 405 475 499 420 470 428 482 473
593 543 578 532 530 529 574 563 557 506 588 579 545 580 559 521 556 508 554 525 512 582 537 542 534 566 560 509 505 589 591 570 517 584 594 599 531 577 586 536 590 596 511 540 571 595
826
8
351 389 307 363 359 332 357 317 356 369 361 360 346 388 340 398 379 314 353 343 339 338 396 392 326 381 366 367 350 323 334 341 342 354 324 330 394
994
941
264
548
665
71
17
703
919
709
651
950
803
99
895
722 762 736 782 717 787 772 768 740 799 732 735 749 783 786 728 704 776 791 760 744 784 781 765 701 720 715 767 773 743 756 761 755 731
206
128
915
469
313
922
33
386
868
668
676
708
322
833
285
612
695
90
801
281
152
223
747
111
564
56
230
319
932
375
611
139
347
719
202
421
832
12 32 98 18 22 87 27 57 46 2 79 9 63 20 4 92 55 74 82 72 73 40 36 0 7 76 50 95 81 24 66 29 26 38
377
679
51
503
418
628 698 643 629 659 677 615 662 601 663 640 632 691 622 637 667 636 661 649 671 633 631 681 614 697 692 678 658 666 660 669
721
694
865
336
793
355
39
304
151
471
656
123
295
427
231
689
812
146
168
458
957
516
384
507
562
497
621
239
515
810
100
444
970
867
91
52
248
619
254
1
987
585
710
918
129
587
145
180
552
565
724
286
21
287
831
700
685
268
706
716
237
368
391
916
597
680
159
726
504
436
488
648
770
863
827
108
583
274
653
764
693
860
86
808
838
711
933
745
777
999
370
142
893
196
260
930
240
520
608
216
790
857
980
172
429
137
947
397
318
35
814
259
83
609
748
320
854
107
30
639
683
308
212
226
477
279
514
164
16
193
47
265
613
602
190
461
70
371
122
797
955
306
11
209
573
34
158
759
699
197
972
215
568
252
348
864
191
550
754
750
819
362
53
399
25
921
383
547
186
255
6
441
937
325
290
737
581
951
198
84
874
60
5
664
378
707
528
551
65
935
634
792
78
998
690
49
967
276
117
527
688
205
841
41
788
502
604
909
241
522
463
270
518
352
501
13
412
952
156
233
923
182
618
432
519
674
214
45
870
243
696
413
493
847
896
990
407
457
555
181
953
539
569
19
451
513
75
59
789
221
723
58
257
942
859
900
372
730
840
713
376
575
558
400
297
244
544
533
635
450
510
638
345
440
535
626
876
946
331
997
387
600
408
335
624
927
652
94
976
798
415
121
77
411
188
10
443
85
476
843
267
68
969
328
175
201
546
945
977
603
170
414
69
409
500
655
416
455
130
447
598
616
452
495
779
991
741
617
315
31
718
344
623
89
572
526
576
992
333
804
492
907
966
187
753
220
163
228
373
271
654
727
644
842
309
402
118
43
446
607
385
305
105
358
453
523
136
261
538
311
192
549
899
785
263
769
48
758
423
44
213
401
928
712
766
80
620
771
820
850
905
103
673
686
627
449
294
733
641
961
739
102
382
28
606
410
310
143
484
561
218
393
888
687
251
234
821
273
861
349
472
825
877
780
914
824
462
200
993
23
269
625
140
179
184
702
97
247
725
67
885
650
904
910
327
364
316
54
374
222
807
96
162
93
541
605
729
742
496
682
763
879
567
524
752
303
775
113
300
380
630
176
37
963
177
289
178
417
199
862
292
553
642
917
816
834
454
466
390
404
943
751
856
795
296
301
806
646
120
312
794
672
337
101
738
283
406
61
705
645
757
815
886
811
675
913
232
42
778
647
835
592
714
211
64
365
924
189
153
610
855
881
224
948
321
481
869
467
800
14
62
88
395
657
302
329
925
194
978
734
975
15
774
171
796
684