973
3
114
438
110
882 817 849 858 892 880 818 829 889 852 836 898 897 894 875 851 848 891 805 837 884 839 871 866 845 830 890 822 813 878 844 883 823 872 828 809 853 846 887
873
931 983 920 956 940 981 929 988 996 960 965 995 903 968 944 911 912 926 984 958 985 906 974 979 962 901 936 902 964 908 939 949 982 986 938 959 989 934 971
288 208 266 204 245 249 235 278 217 256 282 250 253 272 227 275 203 298 229 280 246 219 284 262 293 236 258 210 277 291 225 242 207 238 299
149
746
169 165 109 133 183 150 138 154 160 127 185 174 144 148 141 131 161 155 195 167 116 157 125 134 135 104 124 126 119 166 106 115 173 112 132 147
670
802
954
468 486 403 405 428 494 482 426 491 422 434 439 425 437 456 420 499 465 419 490 459 498 445 483 460 442 487 474 478 475 448 464 473 431 424 485 480 435 489 479 470 430 433
563 511 584 571 560 586 537 532 591 570 521 529 505 578 566 574 557 594 517 506 593 580 596 595 531 542 540 536 525 582 556 579 545 559 590 589 554 534 588 509 530 543 599 512 508 577
826
8
343 324 366 367 307 353 396 350 338 351 356 341 334 392 326 369 360 379 342 398 317 354 330 314 361 363 339 381 388 346 340 359 357 394 332 389 323
994
941
264
548
665
71
17
703
919
709
651
950
803
99
895
783 765 799 786 715 732 743 760 749 761 720 728 735 704 744 717 781 701 722 772 784 787 740 767 762 756 776 731 791 755 782 768 736 773
206
128
915
469
313
922
33
386
868
668
676
708
322
833
285
612
695
90
801
281
152
223
747
111
564
56
230
319
932
375
611
139
347
719
202
421
832
98 95 66 72 24 12 22 50 20 55 26 73 0 32 40 38 87 29 36 2 7 79 18 63 76 27 82 57 46 9 92 81 4
377
679
51
503
418
662 649 667 678 661 631 614 671 622 632 692 629 660 669 691 633 677 698 615 697 601 636 640 659 628 643 637 681 658 663 666
721
694
865
336
793
355
39
304
151
471
656
123
295
427
231
689
812
146
168
458
957
516
384
507
562
497
621
239
515
810
100
444
970
867
91
52
248
619
254
1
987
585
710
918
129
587
145
180
552
565
724
286
21
287
831
700
685
268
706
716
237
368
391
916
597
680
159
726
504
436
488
648
770
863
827
108
583
274
653
764
693
860
86
808
838
711
933
745
777
999
370
142
893
196
260
930
240
520
608
216
790
857
980
172
429
137
947
397
318
35
814
259
83
74
609
748
320
854
107
30
639
683
308
212
226
477
279
514
164
16
193
47
265
613
602
190
461
70
371
122
797
955
306
11
209
573
34
158
759
699
197
972
215
568
252
348
864
191
550
754
750
819
362
53
399
25
921
383
547
186
255
6
441
937
325
290
737
581
951
198
84
874
60
5
664
378
707
528
551
65
935
634
792
78
998
690
49
967
276
117
527
688
205
841
41
788
502
604
909
241
522
463
270
518
352
501
13
412
952
156
233
923
182
618
432
519
674
214
45
870
243
696
413
493
847
896
990
407
457
555
181
953
539
569
19
451
513
75
59
789
221
723
58
257
942
859
900
372
730
840
713
376
575
558
400
297
244
544
533
635
450
510
638
345
440
535
626
876
946
331
997
387
600
408
335
624
927
652
94
976
798
415
121
77
411
188
10
443
85
476
843
267
68
969
328
175
201
546
945
977
603
170
414
69
409
500
655
416
455
130
447
598
616
452
495
779
991
741
617
315
31
718
344
623
89
572
526
576
992
333
804
492
907
966
187
753
220
163
228
373
271
654
727
644
842
309
402
118
43
446
607
385
305
105
358
453
523
136
261
538
311
192
549
899
785
263
769
48
758
423
44
213
401
928
712
766
80
620
771
820
850
905
103
673
686
627
449
294
733
641
961
739
102
382
28
606
410
310
143
484
561
218
393
888
687
251
234
821
273
861
349
472
825
877
780
914
824
462
200
993
23
269
625
140
179
184
702
97
247
725
67
885
650
904
910
327
364
316
54
374
222
807
96
162
93
541
605
729
742
496
682
763
879
567
524
752
303
775
113
300
380
630
176
37
963
177
289
178
417
199
862
292
553
642
917
816
834
454
466
390
404
943
751
856
795
296
301
806
646
120
312
794
672
337
101
738
283
406
61
705
645
757
815
886
811
675
913
232
42
778
647
835
592
714
211
64
365
924
189
153
610
855
881
224
948
321
481
869
467
800
14
62
88
395
657
302
329
925
194
978
734
975
15
774
171
796
684