973
3
114
438
110
892 818 898 817 887 829 839 871 851 872 813 897 894 880 830 852 875 848 891 846 882 845 849 844 884 889 853 878 823 890 836 866 809 822 883 837 805 828 858
873
920 901 979 974 931 956 934 984 988 960 938 989 981 912 971 926 906 936 959 958 965 908 940 964 982 902 995 996 903 944 929 983 962 968 986 985 911 949 939
282 204 293 288 219 298 225 229 235 227 299 246 245 275 238 207 236 250 217 280 203 266 253 291 262 249 277 272 258 210 242 284 278 256
149
746
141 126 104 147 138 148 116 167 133 134 125 132 124 115 135 106 155 150 166 174 183 109 185 119 169 157 165 127 131 161 160 112 173 144 154 195
670
802
954
470 428 474 426 435 483 420 468 439 465 405 475 494 499 460 480 419 491 490 478 445 456 473 431 485 482 403 479 459 424 489 433 448 442 434 430 486 498 425 464 487 437 422
536 578 557 579 566 537 525 577 521 505 529 594 593 584 570 512 534 563 595 531 589 571 532 590 582 586 545 509 540 588 506 599 542 591 559 517 530 574 556 543 511 508 596 554 580 560
826
8
359 314 338 351 357 392 324 361 379 317 369 366 367 330 350 326 398 307 394 389 332 381 341 343 363 334 354 356 388 346 353 323 340 360 396 339
994
941
264
548
665
71
17
703
919
709
651
950
803
99
895
786 762 767 704 701 715 756 791 731 760 744 776 765 735 749 720 773 740 784 799 722 761 787 772 768 728 743 717 781 755 732 783 736 782
206
128
915
469
313
922
33
386
868
668
676
708
322
833
285
612
695
90
801
281
152
223
747
111
564
56
230
319
932
375
611
139
347
719
202
421
832
29 7 4 63 36 87 24 66 12 55 27 0 92 76 72 22 46 79 38 98 82 9 18 20 57 2 26 50 81 95 32 40 73
377
679
51
503
418
660 691 640 614 661 637 633 649 629 632 681 677 666 659 622 601 667 698 678 697 615 636 631 692 662 671 643 663 628 669 658
721
694
865
336
793
355
39
304
151
471
656
123
295
427
231
689
812
146
168
458
957
516
384
507
562
497
621
239
515
810
100
444
970
867
91
52
248
619
254
1
987
585
710
918
129
587
145
180
552
565
724
286
21
287
831
700
685
268
706
716
237
368
391
916
597
680
159
726
504
436
488
648
770
863
827
108
583
274
653
764
693
860
86
808
838
711
933
745
777
999
370
142
893
196
260
930
240
520
608
216
790
857
980
172
429
137
947
397
318
35
814
259
83
74
609
748
320
854
107
30
639
683
308
212
226
477
279
514
164
16
193
47
265
613
602
190
461
70
371
122
797
955
306
11
209
573
34
158
759
699
197
972
215
568
252
348
864
191
550
754
750
819
362
53
399
25
921
383
547
186
255
6
441
937
325
290
737
581
951
198
84
874
60
5
664
378
707
528
551
65
935
634
792
78
998
690
49
967
276
117
527
688
205
841
41
788
502
604
909
241
522
463
270
518
352
501
13
412
952
156
233
923
182
618
432
519
674
214
45
870
243
696
413
493
847
896
990
407
457
555
181
953
539
569
19
451
513
75
59
789
221
723
58
257
942
859
900
372
730
840
713
376
575
558
400
297
244
544
533
635
450
510
638
345
440
535
342
626
876
946
331
997
387
600
408
335
624
927
652
94
976
798
415
121
77
411
188
10
443
85
476
843
267
68
969
328
175
201
546
945
977
603
170
414
69
409
500
655
416
455
130
447
598
616
452
495
779
991
741
617
315
31
718
344
623
89
572
526
576
992
333
804
492
907
966
187
753
220
163
228
373
271
654
727
644
842
309
402
118
43
446
607
385
305
105
358
453
523
136
261
538
311
192
549
899
785
263
769
48
758
423
44
213
401
928
712
766
80
620
771
820
850
905
103
673
686
627
449
294
733
641
961
739
102
382
28
606
410
310
143
484
561
218
393
888
687
251
234
821
273
861
349
472
825
877
780
914
824
462
200
993
23
269
625
140
179
184
702
97
247
725
67
885
650
904
910
327
364
316
54
374
222
807
96
162
93
541
605
729
742
496
682
763
879
567
524
208
752
303
775
113
300
380
630
176
37
963
177
289
178
417
199
862
292
553
642
917
816
834
454
466
390
404
943
751
856
795
296
301
806
646
120
312
794
672
337
101
738
283
406
61
705
645
757
815
886
811
675
913
232
42
778
647
835
592
714
211
64
365
924
189
153
610
855
881
224
948
321
481
869
467
800
14
62
88
395
657
302
329
925
194
978
734
975
15
774
171
796
684