953 994 956 959 923 997 963 915 999 906 996 904 938 950 995 941 905 947 916 926 914 952 985 954 966 986 977 984 921 965 939 983 968 919 925 929 982 918 901 958 962 924 993 988 976 940 990 943 931 902 991 903 964 971 979 989 944 946 974 927 936 969 937 934 998 930 945 960 975 980 907 942 913 909 920 928 992 967 912 917 922 932 987 961 911 972 955 908 973 910 981 949 935 978
99 72 49 62 24 48 85 79 26 56 51 4 27 58 22 38 7 64 83 67 66 10 13 68 42 25 8 54 74 20 78 31 29 6 59 88 34 50 21 0 28 76 23 46 40 45 90 3 41 80 75 18 91 81 60 9 94 44 98 11 86 84 37 55 96 14 87 12 95 57 36 73 16 52 53 65 61 77 82 15 47 17 2 92 97 39 19 71 35 69 33 32 30 63 43 89
112 173 110 194 170 177 180 133 115 118 126 186 138 149 120 124 119 198 163 137 141 185 176 135 168 108 145 188 102 183 104 174 184 140 116 113 127 114 111 172 148 153 147 121 144 165 103 154 117 106 196 161 132 162 134 152 182 164 143 190 105 155 146 195 125 139 175 128 130 193 192 197 171 150 156 160 123 178 142 166 109 199 167 187 181 179 131 136 122 157 169
494 462 434 490 416 451 442 473 484 443 482 413 474 441 492 478 450 419 485 425 436 460 459 417 408 479 468 428 449 470 444 477 496 410 439 464 426 412 437 480 424 456 497 463 403 445 495 491 432 423 452 486 435 430 414 461 431 483 471 488 481 411 438 493 448 476 407 454 415 467 422 402 453 489 475 466 498 405 458 487 427 404 446 420 472 429 433 469 447 406 440 401 465 455 499 409 457
888 815 834 813 811 809 843 825 858 839 881 835 803 831 869 885 840 884 805 836 817 896 814 800 889 878 887 897 844 812 832 882 851 830 861 820 827 837 822 863 880 804 865 894 886 838 821 877 891 806 854 808 867 828 853 874 860 892 898 826 879 864 870 883 895 807 868 846 899 871 833 829 893 816 849 824 862 845 866 842 847 876 873 818 819 841 852 857 823 872 890 848 855 850 875 810
247 200 212 274 248 273 297 249 282 252 242 270 291 262 267 240 299 261 229 245 209 241 222 263 243 228 219 279 253 284 278 211 268 288 250 246 231 227 290 289 217 266 285 269 257 255 281 256 294 259 226 237 213 207 210 221 208 286 275 295 225 239 205 272 235 280 283 238 203 296 234 276 258 230 206 218 214 233 216 293 251 287 224 223 236 298 202 277 232 204 265 292 244 254
791 701 764 796 748 708 757 734 774 722 730 729 723 751 777 783 745 767 740 797 752 735 720 759 719 739 798 707 761 788 715 717 721 782 732 712 771 773 733 702 758 794 787 725 779 795 754 753 743 741 709 731 776 762 775 772 710 736 704 705 749 793 799 737 780 756 713 755 718 728 742 781 769 716 785 770 714 778 703 763 790 747 724 750 765 746 766 744 760 738 786 711 792 768 784
612 678 616 644 643 672 669 664 635 658 629 641 695 614 605 696 602 631 666 639 691 618 675 689 656 661 609 663 685 622 653 690 670 603 667 640 682 679 636 651 665 627 673 680 660 654 611 650 699 638 649 645 681 657 676 693 632 625 634 671 630 683 668 698 615 608 688 674 647 655 694 637 687 642 684 659 633 697 620 607 646 601 604 652 621 677 692 626 648 613 628 617 686 662
802
569 585 575 509 530 549 502 541 562 555 512 544 554 586 528 558 501 518 557 593 551 588 550 519 563 571 547 523 556 564 579 508 570 580 594 534 526 514 531 503 539 595 527 535 597 583 589 565 577 546 568 560 587 525 596 543 532 559 573 582 533 536 513 599 591 506 524 561 567 521 584 590 516 598 511 581 545 517 510 576 578 507 520 552 542 540 505 537 538 574 515 504 529 566
318 363 313 309 334 348 346 385 394 338 397 322 359 351 390 331 352 315 329 399 345 357 325 376 355 380 361 300 370 396 388 324 367 356 333 366 327 343 389 341 381 364 307 304 395 310 378 354 375 386 377 368 305 311 358 347 362 391 360 365 344 317 323 342 382 387 302 384 339 328 320 353 340 306 349 326 330 379 303 312 383 337 319 336 335 398 392 314 350 369 371 321 372 308 393 332
264
548
801
421
418
151
957
100
970
619
1
129
700
706
159
726
933
260
107
70
158
215
191
951
5
522
789
859
900
400
600
624
201
500
623
572
220
373
271
727
606
316
374
93
553
856
301
101
592
189
610
948