973
3
114
438
110
848 852 891 822 830 858 853 839 846 871 892 805 866 883 884 836 880 875 890 844 851 828 889 817 872 897 813 898 894 837 809 849 878 882 823 829 845 887 818
873
902 964 901 996 960 944 920 986 968 929 939 983 956 903 988 965 959 958 974 940 985 971 912 982 911 906 936 949 995 989 984 908 962 938 934 981 931 979 926
207 246 298 256 249 219 238 299 280 204 242 203 282 245 250 229 235 258 272 288 253 293 217 266 278 210 291 275 284 262 236 227 277 225
149
746
185 132 165 125 141 183 154 127 119 169 126 144 160 166 150 157 116 131 134 133 109 135 106 167 147 124 173 138 161 195 148 155 115 174 112 104
670
802
954
442 430 405 473 490 459 479 489 437 403 474 445 499 434 468 480 465 419 491 426 460 494 478 485 425 431 456 424 470 475 483 435 487 433 428 448 422 439 482 486 420 498
582 594 566 536 591 529 530 560 540 554 525 506 599 596 545 542 570 577 543 531 517 588 534 559 578 579 511 532 593 584 590 580 512 505 563 589 521 509 508 556 595 571 557 537 586 574
826
8
326 363 317 330 307 398 361 339 341 394 354 356 338 332 324 314 323 396 392 340 334 357 360 367 366 353 350 379 369 343 388 381 389 351 359 346
994
941
264
548
665
71
17
703
919
709
651
950
803
99
895
720 735 715 784 717 744 772 782 762 728 773 701 768 704 722 761 787 799 749 756 783 767 760 743 731 786 776 781 740 755 732 765 791 736
206
128
915
469
313
922
33
386
868
668
676
708
322
833
285
612
695
90
801
281
152
223
747
111
564
56
230
319
932
375
611
139
347
719
202
421
832
9 87 27 24 26 29 22 82 40 12 36 66 20 7 18 2 55 0 4 57 98 46 81 76 73 38 50 72 63 32 79 92 95
377
679
51
503
418
659 629 631 663 632 636 640 691 697 643 678 622 633 601 614 660 698 615 677 637 628 669 666 662 667 649 692 671 681 658 661
721
694
865
336
793
355
39
304
151
471
656
123
295
427
231
689
812
146
168
458
957
516
384
507
562
497
621
239
515
810
100
444
970
867
91
52
248
619
254
1
987
585
710
918
129
587
145
180
552
565
724
286
21
287
831
700
685
268
706
716
237
368
391
916
597
680
159
726
504
436
488
648
770
863
827
108
583
274
653
764
693
860
86
808
838
711
933
745
777
999
370
142
893
196
260
930
240
520
608
216
790
857
980
172
429
137
947
397
318
35
814
259
83
74
609
748
320
854
107
30
639
683
308
212
226
477
279
514
164
16
193
47
265
613
602
190
461
70
371
122
797
955
306
11
209
573
34
158
759
699
197
972
215
568
252
348
864
191
550
754
750
819
362
53
399
25
921
383
547
186
255
6
441
937
325
290
737
581
951
198
84
874
60
5
664
378
707
528
551
65
935
634
792
78
998
690
49
967
276
117
527
688
205
841
41
788
502
604
909
241
522
463
270
518
352
501
13
412
952
156
233
923
182
618
432
519
674
214
45
870
243
696
413
493
847
896
990
407
457
555
181
953
539
569
19
451
513
75
59
789
221
723
58
257
942
859
900
372
730
840
713
376
575
558
400
297
244
544
533
635
450
510
638
345
440
535
342
626
876
946
331
997
387
600
408
335
624
927
652
94
976
798
415
121
77
411
188
10
443
85
476
843
267
68
969
328
175
201
546
945
977
603
170
414
69
409
500
655
416
455
130
447
598
616
452
495
779
991
741
617
315
31
718
344
623
89
572
526
576
992
333
804
492
907
966
187
753
220
163
228
373
271
654
727
644
842
309
402
118
43
446
607
385
305
105
358
453
523
136
261
538
311
192
549
899
785
263
769
48
758
423
44
213
401
928
712
766
80
620
771
820
850
905
103
673
686
627
449
294
733
641
961
739
102
382
28
606
410
310
143
484
561
218
393
888
687
251
234
821
464
273
861
349
472
825
877
780
914
824
462
200
993
23
269
625
140
179
184
702
97
247
725
67
885
650
904
910
327
364
316
54
374
222
807
96
162
93
541
605
729
742
496
682
763
879
567
524
208
752
303
775
113
300
380
630
176
37
963
177
289
178
417
199
862
292
553
642
917
816
834
454
466
390
404
943
751
856
795
296
301
806
646
120
312
794
672
337
101
738
283
406
61
705
645
757
815
886
811
675
913
232
42
778
647
835
592
714
211
64
365
924
189
153
610
855
881
224
948
321
481
869
467
800
14
62
88
395
657
302
329
925
194
978
734
975
15
774
171
796
684