973
3
114
438
110
878 884 892 872 889 883 875 887 853 848 851 829 823 890 844 822 818 880 805 898 830 809 897 813 858 828 882 871 852 817 846 839 837 866 836 849 845 894 891
873
902 984 944 911 939 985 996 989 936 982 929 938 962 959 956 995 934 903 979 958 912 965 908 968 974 988 971 986 983 949 906 960 940 926 901 981 964 920 931
280 253 299 203 293 236 250 235 207 249 278 210 258 227 238 272 288 282 245 256 217 225 298 242 291 219 246 277 229 284 266 275 204 262
149
746
138 106 157 126 185 161 169 141 133 174 147 127 183 119 148 104 167 115 150 166 134 165 132 160 173 144 124 195 109 116 154 155 131 112 125 135
670
802
954
460 459 435 434 439 470 420 445 475 431 485 494 498 490 448 487 456 422 482 425 474 403 473 426 419 430 499 465 433 489 491 428 424 483 479 468 437 486 480 405 442 478
556 579 599 506 543 534 595 588 593 578 542 559 560 574 532 525 563 571 545 508 590 530 554 517 566 582 537 511 584 509 531 512 536 505 521 586 570 557 594 591 580 577 540 529 596 589
826
8
361 353 307 363 343 394 366 332 339 396 346 350 317 340 354 324 359 357 389 398 388 334 367 323 356 330 369 351 381 341 326 379 338 360 314
994
941
264
548
665
71
17
703
919
709
651
950
803
99
895
768 786 715 760 773 781 772 791 755 743 704 735 756 720 765 782 731 783 736 787 762 717 740 701 722 767 799 728 784 761 776 732 749 744
206
128
915
469
313
922
33
386
868
668
676
708
322
833
285
612
695
90
801
281
152
223
747
111
564
56
230
319
932
375
611
139
347
719
202
421
832
24 95 72 36 40 32 79 22 27 20 2 12 4 66 57 0 46 98 9 7 82 76 26 50 87 92 29 38 63 18 55 73 81
377
679
51
503
418
692 601 636 691 633 628 678 615 622 663 667 637 614 649 681 697 632 671 643 661 669 677 640 660 629 698 662 631 658 659 666
721
694
865
336
793
355
39
304
151
471
656
123
295
427
231
689
812
146
168
458
957
516
384
507
562
497
621
239
515
810
100
444
970
867
91
52
248
619
254
1
987
585
710
918
129
587
145
180
552
565
724
286
21
287
831
700
685
268
706
716
237
368
391
916
597
680
159
726
504
436
488
648
770
863
827
108
583
274
653
764
693
860
86
808
838
711
933
745
777
999
370
142
893
196
260
930
240
520
608
216
790
857
980
172
429
137
947
397
318
35
814
259
83
74
609
748
320
854
107
30
639
683
308
212
226
477
279
514
164
16
193
47
265
613
602
190
461
70
371
122
797
955
306
11
209
573
34
158
759
699
197
972
215
568
252
348
864
191
550
754
750
819
362
53
399
25
921
383
547
186
255
6
441
937
325
290
737
581
951
198
84
874
60
5
664
378
707
528
551
65
935
634
792
78
998
690
49
967
276
117
527
688
205
841
41
788
502
604
909
241
522
463
270
518
352
501
13
412
952
156
233
923
182
618
432
519
674
214
45
870
243
696
413
493
847
896
990
407
457
555
181
953
539
569
19
451
513
75
59
789
221
723
58
257
942
859
900
372
730
840
713
376
575
558
400
297
244
544
533
635
450
510
638
345
440
535
342
626
876
946
331
997
387
600
408
335
624
927
652
94
976
798
415
121
77
411
188
10
443
85
476
843
267
68
969
328
175
201
546
945
977
603
170
414
69
409
500
655
416
455
130
447
598
616
452
495
779
991
741
617
315
31
718
344
623
89
572
526
576
992
333
804
492
907
966
187
753
220
163
228
373
271
654
727
644
842
309
402
118
43
446
607
385
305
105
358
453
523
136
261
538
311
192
549
899
785
263
769
48
758
423
44
213
401
928
712
766
80
620
771
820
850
905
103
673
686
627
449
294
733
641
961
739
102
382
28
606
410
310
143
484
561
218
393
888
687
251
234
821
464
273
861
349
472
825
877
780
914
824
462
200
993
23
269
625
140
179
184
702
97
247
725
67
885
650
904
910
327
364
316
54
374
222
807
96
162
93
541
605
729
742
496
392
682
763
879
567
524
208
752
303
775
113
300
380
630
176
37
963
177
289
178
417
199
862
292
553
642
917
816
834
454
466
390
404
943
751
856
795
296
301
806
646
120
312
794
672
337
101
738
283
406
61
705
645
757
815
886
811
675
913
232
42
778
647
835
592
714
211
64
365
924
189
153
610
855
881
224
948
321
481
869
467
800
14
62
88
395
657
302
329
925
194
978
734
975
15
774
171
796
684