973
3
114
438
110
872 848 830 890 845 805 897 852 883 822 884 849 851 887 837 828 891 866 878 858 880 889 882 829 836 823 846 875 853 894 817 813 892 871 844 809 818 898 839
873
964 985 965 958 911 949 968 908 902 956 903 984 983 960 920 912 995 982 936 979 974 940 944 971 988 938 929 931 939 962 986 981 996 906 989 959 934 926 901
204 242 249 207 250 217 266 272 278 203 229 262 219 238 245 277 293 284 299 258 253 235 298 210 282 236 227 280 291 225 256 275 246
149
746
195 173 132 133 115 104 161 124 148 119 174 147 141 169 135 167 131 126 165 183 185 112 109 138 125 106 160 134 116 154 144 157 166 127 155 150
670
802
954
424 485 490 448 428 425 422 442 487 468 474 478 437 419 420 491 430 479 435 499 431 498 470 475 494 473 405 456 426 460 465 483 445 403 486 434 459 433 482 439 489 480
511 578 595 530 509 560 594 593 591 512 531 517 596 571 574 559 599 577 554 529 505 580 579 566 563 542 536 534 590 557 588 537 584 525 508 556 532 586 540 506 589 545 582 570 521 543
826
8
334 340 317 361 360 366 326 356 359 363 381 367 346 394 332 379 357 353 330 339 354 350 338 398 341 369 389 324 323 307 396 388 314 351 343
994
941
264
548
665
71
17
703
919
709
651
950
803
99
895
744 781 765 732 768 762 717 772 799 755 784 743 749 773 715 728 786 740 736 787 731 704 776 791 735 782 701 720 761 767 756 783 760 722
206
128
915
469
313
922
33
386
868
668
676
708
322
833
285
612
695
90
801
281
152
223
747
111
564
56
230
319
932
375
611
139
347
719
202
421
832
22 92 20 12 4 63 32 73 29 9 79 18 50 82 72 40 46 7 76 0 81 38 36 95 27 57 55 26 87 66 98 2 24
377
679
51
503
418
677 622 636 649 628 661 666 662 615 614 681 629 698 659 692 691 678 697 631 658 667 663 643 671 660 637 601 640 669 632 633
721
694
865
336
793
355
39
304
151
471
656
123
295
427
231
689
812
146
168
458
957
516
384
507
562
497
621
239
515
810
100
444
970
867
91
52
248
619
254
1
987
585
710
918
129
587
145
180
552
565
724
286
21
287
831
700
685
268
706
716
237
368
391
916
597
680
159
726
504
436
488
648
770
863
827
108
583
274
653
764
693
860
86
808
838
711
933
745
777
999
370
142
893
196
260
930
240
520
608
216
790
857
980
172
429
137
947
397
318
35
814
259
83
74
609
748
320
854
107
30
639
683
308
212
226
477
279
514
164
16
193
47
265
613
602
190
461
70
371
122
797
955
306
11
209
573
34
158
759
699
197
972
215
568
252
348
864
191
550
754
750
819
362
53
399
25
921
383
547
186
255
6
441
937
325
290
737
581
951
198
84
874
60
5
664
378
707
528
551
65
935
634
792
78
998
690
49
967
276
117
527
688
205
841
41
788
502
604
909
241
522
463
270
518
352
501
13
412
952
156
233
923
182
618
432
519
674
214
45
870
243
696
413
493
847
896
990
407
457
555
181
953
539
569
19
451
513
75
59
789
221
723
58
257
942
859
900
372
730
840
713
376
575
558
400
297
244
544
533
635
450
510
638
345
440
535
342
626
876
946
331
997
387
600
408
335
624
927
652
94
976
798
415
121
77
411
188
10
443
85
476
843
267
68
969
328
175
201
546
945
977
603
170
414
69
409
500
655
416
455
130
447
598
616
452
495
779
991
741
617
315
31
718
344
623
89
572
526
576
992
333
804
492
907
966
187
753
220
163
228
373
271
654
727
644
842
309
402
118
43
446
607
385
305
105
358
453
523
136
261
538
311
192
549
899
785
263
769
48
758
423
44
213
401
928
712
766
80
620
771
820
850
905
103
673
686
627
449
294
733
641
961
739
102
382
28
606
410
310
143
484
561
218
393
888
687
251
234
821
464
273
861
349
472
825
877
780
914
824
462
200
993
23
269
625
140
179
184
702
97
247
725
67
885
650
904
910
327
364
316
54
374
222
807
96
288
162
93
541
605
729
742
496
392
682
763
879
567
524
208
752
303
775
113
300
380
630
176
37
963
177
289
178
417
199
862
292
553
642
917
816
834
454
466
390
404
943
751
856
795
296
301
806
646
120
312
794
672
337
101
738
283
406
61
705
645
757
815
886
811
675
913
232
42
778
647
835
592
714
211
64
365
924
189
153
610
855
881
224
948
321
481
869
467
800
14
62
88
395
657
302
329
925
194
978
734
975
15
774
171
796
684