973
3
114
438
110
878 823 822 858 837 871 866 880 813 851 875 844 852 887 839 872 892 805 830 891 884 853 849 836 898 828 889 848 883 846 894 809 845 829 818 817 897 882 890
873
906 984 971 986 965 926 903 901 996 974 911 939 902 983 956 962 929 938 979 912 964 981 940 944 958 982 968 920 995 908 960 931 949 959 989 988 934 985 936
207 246 291 235 299 298 284 219 217 225 258 272 280 293 210 236 275 278 229 282 250 253 242 277 238 249 227 262 203 204 245 256 266
149
746
132 127 160 165 185 169 112 131 167 106 157 147 174 166 133 173 150 115 155 119 134 125 141 161 116 148 104 154 195 124 109 144 183 135 138 126
670
802
954
494 490 473 491 437 431 403 422 439 480 489 456 486 468 487 465 426 428 433 405 498 479 435 445 460 470 425 434 430 420 474 459 482 475 499 485 448 478 419 483 424 442
595 508 579 591 557 593 537 578 556 580 509 571 599 505 531 588 570 574 532 589 545 525 586 563 594 543 566 536 511 530 554 506 560 559 529 584 542 512 540 517 534 596 590 577 521 582
826
8
357 353 340 389 341 388 343 323 396 361 360 356 314 381 394 379 346 332 339 307 359 398 330 363 367 317 366 334 350 369 351 324 354 338 326
994
941
264
548
665
71
17
703
919
709
651
950
803
99
895
720 783 784 765 735 755 749 744 768 704 787 740 782 776 701 731 772 732 786 736 762 722 761 767 756 728 760 799 791 773 717 715 781 743
206
128
915
469
313
922
33
386
868
668
676
708
322
833
285
612
695
90
801
281
152
223
747
111
564
56
230
319
932
375
611
139
347
719
202
421
832
29 63 22 76 50 87 81 27 73 24 55 0 38 92 40 12 57 20 7 82 36 9 79 66 46 18 32 98 4 2 95 72 26
377
679
51
503
418
691 692 659 636 661 666 615 640 628 669 643 667 671 632 681 677 601 697 698 678 637 614 633 622 629 631 660 649 662 658
721
694
865
336
793
355
39
304
151
471
656
123
295
427
231
689
812
146
168
458
957
516
384
507
562
497
621
239
515
810
100
444
970
867
91
52
248
619
254
1
987
585
710
918
129
587
145
180
552
565
724
286
21
287
831
700
685
268
706
716
237
368
391
916
597
680
159
726
504
436
488
648
770
863
827
108
583
274
653
764
693
860
86
808
838
711
933
745
777
999
370
142
893
196
260
930
240
520
608
216
790
857
980
172
429
137
947
397
318
35
814
259
83
74
609
748
320
854
107
30
639
683
308
212
226
477
279
514
164
16
193
47
265
613
602
190
461
70
371
122
797
955
306
11
209
573
34
158
759
699
197
972
215
568
252
348
864
191
550
754
750
819
362
53
399
25
921
383
547
186
255
6
441
937
325
290
737
581
951
198
84
874
60
5
664
378
707
528
551
65
935
634
792
78
998
690
49
967
276
117
527
688
205
841
41
788
502
604
909
241
522
463
270
518
352
501
13
412
952
156
233
923
182
618
432
519
674
214
45
870
243
696
413
493
847
896
990
407
457
555
181
953
539
569
19
451
513
75
59
789
221
723
58
257
942
859
900
372
730
840
713
376
575
558
400
297
244
544
533
635
450
510
638
345
440
535
342
626
876
946
331
997
387
600
408
335
624
927
652
94
976
798
415
121
77
411
188
10
443
85
476
843
267
68
969
328
175
201
546
945
977
603
170
414
69
409
500
655
416
455
130
447
598
616
452
495
779
991
741
617
315
31
718
344
623
89
572
526
576
992
333
804
492
907
966
187
753
220
163
228
373
271
654
727
644
842
309
402
118
43
446
607
385
305
105
358
453
523
136
261
538
311
192
549
899
785
263
769
48
758
423
44
213
401
928
712
766
80
620
771
820
850
905
103
673
686
627
449
294
733
641
961
739
102
382
28
606
410
310
143
484
561
218
393
888
687
251
234
821
464
273
861
349
472
825
877
663
780
914
824
462
200
993
23
269
625
140
179
184
702
97
247
725
67
885
650
904
910
327
364
316
54
374
222
807
96
288
162
93
541
605
729
742
496
392
682
763
879
567
524
208
752
303
775
113
300
380
630
176
37
963
177
289
178
417
199
862
292
553
642
917
816
834
454
466
390
404
943
751
856
795
296
301
806
646
120
312
794
672
337
101
738
283
406
61
705
645
757
815
886
811
675
913
232
42
778
647
835
592
714
211
64
365
924
189
153
610
855
881
224
948
321
481
869
467
800
14
62
88
395
657
302
329
925
194
978
734
975
15
774
171
796
684