973
3
114
438
110
852 836 871 898 887 818 878 829 846 892 849 817 828 883 823 884 889 839 897 853 858 809 805 837 894 813 875 851 880 882 890 866 891 830 848 844 872 822 845
873
989 958 926 902 968 929 920 912 931 908 995 939 911 986 962 960 934 984 936 974 959 981 906 996 956 940 903 983 944 971 965 988 979 964 985 901 982 949 938
272 253 204 203 236 245 217 266 284 262 293 238 210 225 278 299 249 219 229 282 235 207 256 280 258 227 277 275 246 298 291 250
149
746
161 106 160 157 131 141 185 132 124 150 134 127 133 169 104 183 148 138 116 126 112 155 166 135 144 115 147 195 125 167 119 173 165 174 154 109
670
802
954
434 425 430 486 475 480 456 473 428 439 403 483 470 491 465 435 468 489 437 478 445 405 482 431 485 494 460 422 487 459 474 448 498 433 499 442 490 479 426 419 424 420
578 574 560 505 599 577 571 531 570 530 506 579 525 580 590 542 512 584 537 540 586 566 591 511 557 593 536 521 508 588 582 517 545 554 509 543 589 596 529 534 595 559 532 556 594 563
826
8
379 398 346 323 361 324 351 394 366 363 389 396 353 307 367 357 338 334 354 369 360 317 314 343 388 330 341 340 326 332 359 339 381 350 356
994
941
264
548
665
71
17
703
919
709
651
950
803
99
895
781 731 761 773 743 715 740 772 732 760 736 728 749 704 765 744 767 756 755 735 783 776 722 786 791 782 720 701 768 717 784 762 787 799
206
128
915
469
313
922
33
386
868
668
676
708
322
833
285
612
695
90
801
281
152
223
747
111
564
56
230
319
932
375
611
139
347
719
202
421
832
0 7 57 36 29 2 18 72 26 27 46 73 98 55 92 9 63 4 40 95 79 24 76 82 50 20 38 12 87 81 32 66 22
377
679
51
503
418
678
721
694
865
336
793
355
39
304
151
471
656
123
295
427
231
689
812
146
168
458
957
516
662 629 614 692 643 633 661 622 637 671 669 631 636 658 697 640 628 632 659 698 681 677 649 666 601 660 615 667 691
384
507
562
497
621
239
515
810
100
444
970
867
91
52
248
619
254
1
987
585
710
918
129
587
145
180
552
565
724
286
21
287
831
700
685
268
706
716
237
368
391
916
597
680
159
726
504
436
488
648
770
863
827
108
583
274
653
764
693
860
86
808
838
711
933
745
777
999
370
142
893
196
260
930
240
520
608
216
790
857
980
172
429
137
947
397
318
35
814
259
83
74
609
748
320
854
107
30
639
683
308
212
226
477
279
514
164
16
193
47
265
613
602
190
461
70
371
122
797
955
306
11
209
573
34
158
759
699
197
972
215
568
252
348
864
191
550
754
750
819
362
53
399
25
921
383
547
186
255
6
441
937
325
290
737
581
951
198
84
874
60
5
664
378
707
528
551
65
935
634
792
78
998
690
49
967
276
117
527
688
205
841
41
788
502
604
909
241
522
463
270
518
352
501
13
412
952
156
233
923
182
618
432
519
674
214
45
870
243
696
413
493
847
896
990
407
457
555
181
953
539
569
19
451
513
75
59
789
221
723
58
257
942
859
900
372
730
840
713
376
575
558
400
297
244
544
533
635
450
510
638
345
440
535
342
626
876
946
331
997
387
600
408
335
624
927
652
94
976
798
415
121
77
411
188
10
443
85
476
843
267
68
969
328
175
201
546
945
977
603
170
414
69
409
500
655
416
455
130
447
598
616
452
495
779
991
741
617
315
31
718
344
623
89
572
526
576
992
333
804
492
907
966
187
753
220
163
228
373
271
654
727
644
842
309
402
118
43
446
607
385
305
105
358
453
523
136
261
538
311
192
549
899
785
263
769
48
758
423
44
213
401
928
712
766
80
620
771
820
850
905
103
673
686
627
449
294
733
641
961
739
102
382
28
606
410
310
143
484
561
218
393
888
687
251
234
821
464
273
861
349
472
825
877
663
780
914
824
462
200
993
23
269
625
140
179
184
702
97
247
725
67
885
650
904
910
327
364
316
54
374
222
807
96
288
162
93
541
605
729
742
496
392
682
763
879
567
524
208
752
303
775
113
300
380
630
176
37
963
177
289
178
417
199
862
292
553
642
917
816
834
454
466
390
404
943
751
856
795
296
301
806
646
120
312
794
672
337
101
738
283
406
61
705
645
757
815
886
811
675
913
232
42
778
647
835
592
242
714
211
64
365
924
189
153
610
855
881
224
948
321
481
869
467
800
14
62
88
395
657
302
329
925
194
978
734
975
15
774
171
796
684