973
3
114
438
110
882 898 848 837 883 889 894 823 805 884 809 839 845 851 897 846 813 844 828 822 853 871 817 858 818 849 890 875 872 836 852 880 830 891 878 829 887 892 866
873
901 964 982 940 949 989 979 908 960 938 958 983 903 934 956 911 971 939 962 965 988 996 944 968 929 974 931 959 986 981 985 912 906 984 902 936 920 926 995
262 277 229 246 219 225 204 210 203 245 258 207 253 280 266 293 275 256 236 217 235 249 298 282 291 272 278 299 227 238 284 250
149
746
157 133 148 125 185 155 104 174 150 167 116 144 112 138 135 166 109 126 154 127 147 115 106 183 160 134 141 169 165 131 173 132 119 195 161 124
670
802
954
475 431 474 487 468 405 460 428 419 445 465 490 479 483 499 422 482 420 437 403 442 494 434 485 425 470 491 489 498 486 433 430 448 439 473 426 459 456 480 424 435 478
577 534 556 579 590 595 560 517 530 557 589 578 559 599 537 505 596 570 532 536 545 588 511 594 593 586 563 512 582 506 542 584 574 591 521 531 543 554 525 509 508 529 540 566 580 571
826
8
324 381 341 314 353 334 350 343 366 307 346 338 339 396 359 394 357 389 363 354 323 356 330 367 388 379 326 360 332 369 398 351 317 361 340
994
941
264
548
665
71
17
703
919
709
651
950
803
99
895
761 768 743 756 715 755 783 773 735 722 740 799 776 772 720 784 786 767 791 781 787 731 701 732 704 765 728 744 717 782 762 760 749 736
206
128
915
469
313
922
33
386
868
668
676
708
322
833
285
612
695
90
801
281
152
223
747
111
564
56
230
319
932
375
611
139
347
719
202
421
832
20 24 0 18 87 27 55 26 46 36 22 66 73 29 76 7 92 82 50 63 9 57 79 81 40 2 38 95 98 4 72 32 12
377
679
51
503
418
678
721
694
865
336
793
355
39
304
151
471
656
123
295
427
231
689
812
146
168
458
957
516
666 677 691 681 628 669 640 632 615 643 659 636 698 658 667 671 697 662 622 661 649 631 692 633 660 614 629 637
384
507
562
497
621
239
515
810
100
444
970
867
91
52
248
619
254
1
987
585
710
918
129
587
145
180
552
565
724
286
21
287
831
700
685
268
706
716
237
368
391
916
597
680
159
726
504
436
488
648
770
863
827
108
583
274
653
764
693
860
86
808
838
711
933
745
777
999
370
142
893
196
601
260
930
240
520
608
216
790
857
980
172
429
137
947
397
318
35
814
259
83
74
609
748
320
854
107
30
639
683
308
212
226
477
279
514
164
16
193
47
265
613
602
190
461
70
371
122
797
955
306
11
209
573
34
158
759
699
197
972
215
568
252
348
864
191
550
754
750
819
362
53
399
25
921
383
547
186
255
6
441
937
325
290
737
581
951
198
84
874
60
5
664
378
707
528
551
65
935
634
792
78
998
690
49
967
276
117
527
688
205
841
41
788
502
604
909
241
522
463
270
518
352
501
13
412
952
156
233
923
182
618
432
519
674
214
45
870
243
696
413
493
847
896
990
407
457
555
181
953
539
569
19
451
513
75
59
789
221
723
58
257
942
859
900
372
730
840
713
376
575
558
400
297
244
544
533
635
450
510
638
345
440
535
342
626
876
946
331
997
387
600
408
335
624
927
652
94
976
798
415
121
77
411
188
10
443
85
476
843
267
68
969
328
175
201
546
945
977
603
170
414
69
409
500
655
416
455
130
447
598
616
452
495
779
991
741
617
315
31
718
344
623
89
572
526
576
992
333
804
492
907
966
187
753
220
163
228
373
271
654
727
644
842
309
402
118
43
446
607
385
305
105
358
453
523
136
261
538
311
192
549
899
785
263
769
48
758
423
44
213
401
928
712
766
80
620
771
820
850
905
103
673
686
627
449
294
733
641
961
739
102
382
28
606
410
310
143
484
561
218
393
888
687
251
234
821
464
273
861
349
472
825
877
663
780
914
824
462
200
993
23
269
625
140
179
184
702
97
247
725
67
885
650
904
910
327
364
316
54
374
222
807
96
288
162
93
541
605
729
742
496
392
682
763
879
567
524
208
752
303
775
113
300
380
630
176
37
963
177
289
178
417
199
862
292
553
642
917
816
834
454
466
390
404
943
751
856
795
296
301
806
646
120
312
794
672
337
101
738
283
406
61
705
645
757
815
886
811
675
913
232
42
778
647
835
592
242
714
211
64
365
924
189
153
610
855
881
224
948
321
481
869
467
800
14
62
88
395
657
302
329
925
194
978
734
975
15
774
171
796
684