973
3
114
438
110
894 875 883 845 837 871 829 898 846 852 849 809 817 836 882 897 878 830 858 892 853 805 844 884 889 891 851 848 890 823 839 828 866 813 872 822 880 887 818
873
934 931 902 938 939 988 964 906 908 986 901 981 949 968 985 926 956 965 982 971 911 959 903 996 929 912 989 974 979 940 960 995 936 962 984 944 958 920 983
253 219 262 277 225 272 236 266 229 299 278 235 245 280 282 298 256 204 293 238 207 258 250 291 227 275 249 210 246 217 203 284
149
746
141 135 109 161 106 155 165 132 154 157 195 126 150 115 133 183 185 160 131 119 116 112 134 173 138 148 125 124 169 127 144 174 166 147 104 167
670
802
954
486 480 465 419 482 459 422 470 491 475 437 483 431 485 460 405 499 489 426 433 434 442 473 403 474 425 420 439 487 494 430 468 490 448 456 478 428 479 424 435 498 445
508 593 578 512 580 543 559 594 529 589 530 506 545 582 537 591 505 542 532 588 521 596 577 554 534 570 584 586 574 517 531 557 566 595 599 509 590 571 563 536 525 560 511 540 556
826
8
340 361 367 366 338 381 326 394 351 330 369 343 332 314 388 356 360 317 350 357 379 341 389 324 339 396 323 398 307 363 354 346 353 334 359
994
941
264
548
665
71
17
703
919
709
651
950
803
99
895
744 781 761 765 731 760 767 743 756 776 762 720 799 787 773 715 784 755 701 791 704 783 735 736 722 772 786 717 732 749 728 782 740
206
128
915
469
313
922
33
386
868
668
676
708
322
833
285
612
695
90
801
281
152
223
747
111
564
56
230
319
932
375
611
139
347
719
202
421
832
82 92 63 81 72 40 79 26 87 95 4 66 7 32 57 98 29 2 27 9 46 73 12 0 22 36 20 76 55 24 50 38 18
377
679
51
503
418
678
721
694
865
336
793
355
39
304
151
471
656
123
295
427
231
689
812
146
168
458
957
516
691 662 667 637 631 633 660 659 643 681 628 615 692 640 671 622 632 698 614 658 677 666 629 669 636 697 661 649
384
507
562
497
621
239
515
810
100
444
970
867
91
52
248
619
254
1
987
585
710
918
129
587
145
180
552
565
724
286
21
287
831
700
685
268
706
716
237
368
391
916
597
680
159
726
504
436
488
648
770
863
827
108
583
274
653
764
693
860
86
808
838
711
933
745
777
999
370
142
893
196
601
260
930
240
520
608
216
790
857
980
172
429
137
947
397
318
35
814
259
83
74
609
748
320
854
107
30
639
683
308
212
226
477
279
514
164
16
193
47
265
613
602
190
461
70
371
122
797
955
306
11
209
573
34
158
759
699
197
972
215
568
252
348
864
191
550
754
750
819
362
53
399
25
921
383
547
186
255
6
441
937
325
290
737
581
951
198
84
874
60
5
664
378
707
528
551
65
935
634
792
78
998
690
49
967
276
117
527
688
205
841
41
788
502
604
909
241
522
463
270
518
352
501
13
412
952
156
233
923
182
618
432
519
674
214
45
870
243
696
413
493
847
896
990
407
457
555
181
953
539
569
19
451
513
75
59
789
221
723
58
257
942
859
900
372
730
840
713
376
575
558
400
297
244
544
533
635
450
510
638
345
440
535
342
626
876
946
331
768
997
387
600
408
335
624
927
652
94
976
579
798
415
121
77
411
188
10
443
85
476
843
267
68
969
328
175
201
546
945
977
603
170
414
69
409
500
655
416
455
130
447
598
616
452
495
779
991
741
617
315
31
718
344
623
89
572
526
576
992
333
804
492
907
966
187
753
220
163
228
373
271
654
727
644
842
309
402
118
43
446
607
385
305
105
358
453
523
136
261
538
311
192
549
899
785
263
769
48
758
423
44
213
401
928
712
766
80
620
771
820
850
905
103
673
686
627
449
294
733
641
961
739
102
382
28
606
410
310
143
484
561
218
393
888
687
251
234
821
464
273
861
349
472
825
877
663
780
914
824
462
200
993
23
269
625
140
179
184
702
97
247
725
67
885
650
904
910
327
364
316
54
374
222
807
96
288
162
93
541
605
729
742
496
392
682
763
879
567
524
208
752
303
775
113
300
380
630
176
37
963
177
289
178
417
199
862
292
553
642
917
816
834
454
466
390
404
943
751
856
795
296
301
806
646
120
312
794
672
337
101
738
283
406
61
705
645
757
815
886
811
675
913
232
42
778
647
835
592
242
714
211
64
365
924
189
153
610
855
881
224
948
321
481
869
467
800
14
62
88
395
657
302
329
925
194
978
734
975
15
774
171
796
684