930 935 997 950 959 976 985 998 974 927 960 928 934 947 966 920 993 956 994 922 977 907 971 989 967 908 990 943 968 955 918 938 931 962 902 988 944 926 906 914 910 945 924 958 937 969 991 952 949 913 919 903 973 941 965 909 964 946 925 986 979 978 916 984 905 904 975 911 923 942 901 981 929 917 999 992 940 996 932 982 972 961 980 912 963 939 953 987 915 995 936 983 921 954
11 31 45 52 87 91 76 10 80 3 56 53 2 40 74 95 63 16 94 29 21 46 35 4 14 6 26 39 85 50 20 24 79 41 83 17 71 44 42 57 48 92 61 75 37 23 98 89 19 8 82 9 13 58 81 66 7 68 34 38 32 54 49 72 51 28 27 96 60 22 84 67 99 69 62 0 25 30 88 64 12 77 73 33 18 43 15 55 65 59 47 86 97 36 90
154 122 114 156 166 113 185 134 133 155 102 105 183 115 153 126 109 119 106 164 173 186 116 161 125 127 112 196 193 157 174 120 177 143 163 140 182 124 171 108 137 141 187 165 149 132 175 190 117 130 178 167 110 142 169 118 138 198 181 188 147 111 131 180 170 148 123 128 136 199 179 192 150 152 184 146 139 103 172 194 176 195 162 144 104 197 160 121 135 168 145
446 462 464 466 483 488 414 411 497 469 479 420 458 499 486 406 443 448 402 413 410 441 455 444 485 459 487 409 477 427 426 456 429 450 435 430 403 424 437 432 452 489 490 493 478 476 472 423 428 460 470 484 481 436 415 491 474 445 496 407 401 433 475 438 442 412 419 408 463 495 468 417 431 465 482 453 494 416 447 449 471 461 492 457 498 404 467 440 425 451 454 480 405 434 422 473 439
821 823 830 824 847 899 818 891 892 858 806 819 854 882 862 831 864 846 851 825 834 855 850 813 848 877 867 889 871 886 860 836 840 884 883 803 874 833 832 845 868 837 804 887 809 878 814 876 893 863 828 865 812 839 835 838 852 895 896 844 872 873 807 894 897 869 811 822 885 875 827 870 881 815 808 898 879 800 849 810 841 890 826 820 842 805 816 817 843 866 829 853 857 880 888 861
219 238 208 211 225 210 204 299 250 229 293 284 244 240 212 289 275 206 297 294 254 232 282 231 256 223 237 269 268 216 227 266 278 234 259 245 243 295 217 273 228 233 296 270 265 209 226 285 283 202 258 298 281 200 214 248 262 287 276 241 279 205 274 272 224 235 222 267 247 203 261 213 221 292 218 290 257 263 236 277 253 252 249 291 230 288 280 246 239 242 251 255 207 286
731 782 790 766 712 729 754 793 770 798 764 708 736 751 779 792 758 748 767 741 755 780 717 761 747 737 744 752 783 773 728 718 774 721 713 734 775 760 750 763 743 710 715 781 703 762 724 719 786 757 771 746 714 749 791 725 796 742 776 794 709 722 745 730 740 784 799 735 701 702 756 733 716 738 711 732 765 768 769 704 795 777 753 707 772 739 759 778 788 723 785 797 787 720 705
649 650 697 672 675 691 657 604 651 654 602 659 689 685 612 693 694 668 630 638 678 608 622 681 641 625 663 645 670 609 635 621 683 614 684 633 627 671 636 698 658 643 646 632 617 644 676 686 661 605 656 620 667 674 673 655 629 639 690 618 647 648 626 613 660 653 611 664 677 679 662 616 631 699 687 601 640 607 669 637 642 682 696 628 666 688 680 634 665 615 692 603 652 695
802
561 577 514 501 568 521 509 541 504 503 587 596 576 530 519 517 502 593 573 542 578 563 510 544 505 584 579 559 513 557 566 591 534 595 538 562 547 525 549 599 539 582 585 570 535 512 540 532 588 589 564 526 528 597 529 545 560 518 507 537 523 527 569 598 536 515 580 581 506 531 567 524 511 554 551 508 590 555 546 571 552 594 575 543 533 520 516 583 565 550 558 574 556 586
399 355 365 325 327 376 361 388 304 307 309 322 349 345 329 360 390 379 326 382 386 389 313 363 338 332 371 384 336 334 366 311 346 344 321 330 331 300 350 369 324 305 339 348 398 310 387 351 306 385 396 328 372 394 378 353 335 341 395 377 357 364 303 302 370 359 367 320 347 397 352 383 358 392 354 391 381 323 340 337 318 375 356 368 342 308 314 380 362 315 312 317 319 333 393 343
264
548
801
421
418
151
957
100
970
619
1
129
700
706
159
726
933
260
107
70
158
215
191
951
5
78
522
789
859
900
400
600
624
201
500
623
572
220
373
271
727
606
316
374
93
553
856
301
101
592
189
610
948