973
3
114
438
110
866 884 878 823 805 817 851 872 846 829 844 813 809 848 880 828 839 897 891 822 836 889 882 818 871 853 875 858 887 845 852 894 830 849 883 892 898 890 837
873
995 940 981 974 944 903 964 911 971 983 962 906 985 956 996 959 920 939 984 902 965 960 912 982 986 926 989 988 938 934 979 968 929 901 949 908 931 958 936
229 298 207 291 278 217 236 282 249 299 219 235 284 293 253 277 275 203 258 266 256 250 225 227 204 272 246 245 262 280 210 238
149
746
155 183 157 169 115 167 195 161 166 141 125 173 112 104 160 165 119 124 154 116 126 135 133 174 148 127 147 138 131 109 185 144 134 106 132 150
670
802
954
424 486 498 487 428 435 474 470 479 478 419 442 445 448 434 473 468 420 439 437 403 494 426 422 465 459 433 475 483 499 490 405 482 456 491 460 430 431 485 425 489 480
566 511 545 559 542 532 509 580 537 563 508 531 582 517 594 556 512 506 574 560 591 554 588 577 543 589 557 595 540 584 586 529 578 590 570 525 505 534 530 599 593 571 536 596 521
826
8
341 363 359 317 398 343 326 357 332 307 353 369 360 330 314 367 334 356 361 323 394 366 381 379 354 396 351 388 338 339 324 350 346 340 389
994
941
264
548
665
71
17
703
919
709
651
950
803
99
895
786 740 717 704 761 735 722 728 782 787 767 783 731 732 784 756 749 743 701 715 791 765 772 760 773 781 720 755 776 736 744
206
128
915
469
313
922
33
386
868
668
676
708
322
833
285
612
695
90
801
281
152
223
747
111
564
56
230
319
932
375
611
139
347
719
202
421
832
87 20 82 26 63 38 81 27 4 50 55 79 76 2 7 0 66 57 98 18 12 95 46 40 32 29 92 72 73 36 22 24 9
377
679
51
503
418
678
721
694
865
336
793
355
39
304
151
471
656
123
295
427
231
689
812
146
168
458
957
516
633 662 615 632 661 649 631 640 692 637 636 671 698 658 629 677 681 659 697 660 622 643 669 614 667 628 666 691
384
507
562
497
621
239
515
810
100
444
970
867
91
52
248
619
254
1
987
585
710
918
129
587
145
180
552
565
724
286
21
287
831
700
685
268
706
716
237
368
391
916
597
680
159
726
504
436
488
648
770
863
827
108
583
274
653
764
693
860
86
808
838
711
933
745
777
999
370
142
893
196
601
260
930
240
520
608
216
790
857
980
172
429
137
947
397
318
35
814
259
83
74
609
748
320
854
107
30
639
683
308
212
226
477
279
514
164
16
193
47
265
613
602
190
461
70
371
122
797
955
306
11
209
573
34
158
759
699
197
972
215
568
252
348
864
191
550
754
750
819
362
53
399
25
921
383
547
186
255
6
441
937
325
290
737
581
951
198
84
874
60
5
664
378
707
528
551
65
935
634
792
78
998
690
49
967
276
117
527
688
205
841
41
788
502
604
909
241
522
463
270
518
352
501
13
412
762
952
156
233
923
182
618
432
519
674
214
45
870
243
696
413
493
847
896
990
407
457
555
181
953
539
569
19
451
513
75
59
789
221
723
58
257
942
859
900
372
730
840
713
376
575
558
400
297
244
544
533
635
450
510
638
345
440
535
342
626
876
946
331
768
997
387
600
408
335
624
927
652
94
976
579
798
415
121
77
411
188
10
443
85
476
843
267
68
969
328
175
201
546
945
977
603
170
414
69
409
500
655
416
455
130
447
598
616
452
495
779
991
741
617
315
31
718
344
623
89
572
526
576
992
333
804
492
907
966
187
753
220
163
228
373
271
654
727
644
842
309
402
118
43
446
607
385
305
105
358
453
523
136
261
538
311
192
549
899
785
263
769
48
758
423
44
213
401
928
712
766
80
620
771
799
820
850
905
103
673
686
627
449
294
733
641
961
739
102
382
28
606
410
310
143
484
561
218
393
888
687
251
234
821
464
273
861
349
472
825
877
663
780
914
824
462
200
993
23
269
625
140
179
184
702
97
247
725
67
885
650
904
910
327
364
316
54
374
222
807
96
288
162
93
541
605
729
742
496
392
682
763
879
567
524
208
752
303
775
113
300
380
630
176
37
963
177
289
178
417
199
862
292
553
642
917
816
834
454
466
390
404
943
751
856
795
296
301
806
646
120
312
794
672
337
101
738
283
406
61
705
645
757
815
886
811
675
913
232
42
778
647
835
592
242
714
211
64
365
924
189
153
610
855
881
224
948
321
481
869
467
800
14
62
88
395
657
302
329
925
194
978
734
975
15
774
171
796
684