973
3
114
438
110
817 830 823 875 897 890 829 805 858 866 844 887 851 845 848 852 837 889 853 891 882 846 878 898 892 894 884 809 828 872 871 883 836 818 849 880 822 813 839
873
920 964 995 926 929 956 988 936 971 939 901 986 960 982 985 996 908 958 949 959 934 984 979 903 989 944 940 962 983 911 968 906 965 974 931 938 912 902 981
250 291 227 256 299 204 272 249 253 235 229 298 258 246 217 275 207 210 262 293 266 238 203 280 278 282 225 236 284 219 245 277
149
746
167 165 141 109 126 174 160 104 127 106 183 155 124 131 147 115 132 166 169 133 185 125 157 138 173 112 148 150 119 135 134 116 154 144 161 195
670
802
954
439 473 480 420 489 424 433 470 483 419 460 474 456 445 486 422 430 465 499 478 435 405 494 426 490 425 485 482 442 487 468 403 448 479 491 437 475 431 428 459 498
537 595 542 580 536 586 563 589 554 560 525 530 596 511 574 599 505 532 534 512 557 577 559 594 509 529 556 540 578 531 543 570 593 545 584 506 508 582 591 571 590 566 588 517 521
826
8
332 394 343 379 350 353 323 366 334 338 381 339 396 324 367 389 330 351 326 357 356 363 314 361 354 307 359 341 369 340 346 317 398 360 388
994
941
264
548
665
71
17
703
919
709
651
950
803
99
895
791 776 735 767 743 732 717 740 749 784 760 728 772 715 761 701 782 731 783 787 756 781 755 736 722 765 744 720 704 786
206
128
915
469
313
922
33
386
868
668
676
708
322
833
285
612
695
90
801
281
152
223
747
111
564
56
230
319
932
375
611
139
347
719
202
421
832
92 72 22 76 20 73 24 38 2 63 66 40 81 79 95 26 9 12 82 32 18 27 57 46 98 87 36 55 50 4 0 7 29
377
679
51
503
418
678
721
694
865
336
793
355
39
304
151
471
656
123
295
427
231
689
812
146
168
458
957
516
681 660 658 692 628 629 614 636 661 667 649 631 640 691 666 615 697 669 633 643 659 622 637 671 632 662 698 677
384
507
562
497
621
239
515
810
100
444
970
867
91
52
248
619
254
1
987
585
710
918
129
587
145
180
552
565
724
286
21
287
831
700
685
268
706
716
237
368
391
916
597
680
159
726
504
436
488
648
770
863
827
108
583
274
653
764
693
860
86
808
838
711
933
745
777
999
370
142
893
196
601
260
930
240
520
608
216
790
857
980
172
429
137
947
397
318
35
814
259
83
74
609
748
434
320
854
107
30
639
683
308
212
226
477
279
514
164
16
193
47
265
613
602
190
461
70
371
122
797
955
306
11
209
573
34
158
759
699
197
972
215
568
252
348
864
191
550
754
750
819
362
53
399
25
921
383
547
186
255
6
441
937
325
290
737
581
951
198
84
874
60
5
664
378
707
528
551
65
935
634
792
78
998
690
49
967
276
117
527
688
205
841
41
788
502
604
909
241
522
463
270
518
352
501
13
412
762
952
156
233
923
182
618
432
519
674
214
45
870
243
696
413
493
847
896
990
407
457
555
181
953
539
569
19
451
513
75
59
789
221
723
58
257
942
859
900
372
730
840
713
376
575
558
400
297
244
544
533
635
450
510
638
345
440
535
342
626
876
946
331
768
997
387
600
408
335
624
927
652
94
976
579
798
415
121
77
411
188
10
443
85
476
843
267
68
969
328
175
201
546
945
977
603
170
414
69
409
500
655
416
455
130
447
598
616
452
495
779
991
741
617
315
31
718
344
623
89
572
526
576
992
333
804
492
907
966
187
753
220
163
228
373
271
654
727
644
842
309
402
118
43
446
607
385
305
105
358
453
523
136
261
538
311
192
549
899
785
263
769
48
758
423
44
213
401
928
712
766
80
620
771
799
820
850
905
103
673
686
627
449
294
733
641
961
739
102
382
28
606
410
310
143
484
561
218
393
888
687
251
234
821
464
273
861
349
472
825
877
663
780
914
824
462
200
993
23
269
625
140
179
184
702
97
247
725
67
885
650
904
910
327
364
316
54
374
222
807
96
288
162
93
541
605
729
742
496
392
682
763
879
567
524
208
752
303
775
113
300
380
630
176
37
963
177
289
178
417
199
862
292
553
642
917
816
834
454
466
390
404
943
751
856
795
296
301
806
646
120
312
794
672
337
101
738
283
406
61
705
645
757
815
886
811
675
913
232
42
778
773
647
835
592
242
714
211
64
365
924
189
153
610
855
881
224
948
321
481
869
467
800
14
62
88
395
657
302
329
925
194
978
734
975
15
774
171
796
684