973
3
114
438
110
866 887 889 829 884 853 813 822 839 828 809 871 894 805 891 845 872 852 846 836 883 823 848 890 817 851 830 892 818 844 875 897 878 858 882 837 898 880
873
983 920 964 958 974 936 912 968 949 940 996 902 971 959 982 908 911 926 962 979 944 965 986 985 903 901 988 981 938 934 931 939 960 906 956 984 995 929 989
204 203 291 275 256 277 249 250 246 207 262 238 280 282 293 258 278 284 225 217 253 298 299 236 245 272 227 235 229 266 219
149
746
119 169 155 106 109 126 173 167 148 147 133 116 166 138 185 125 195 165 132 135 124 127 154 150 134 141 144 157 161 183 115 174 131 112 160
670
802
954
482 448 460 435 479 470 424 420 459 494 403 456 439 433 490 431 478 437 428 405 425 491 473 442 486 480 426 468 422 430 419 475 487 483 499 485 489 498 474 465 445
505 554 596 531 537 599 532 566 536 591 595 571 590 521 593 508 525 530 506 509 570 578 563 529 577 540 574 534 557 543 588 545 589 560 542 517 594 584 582 580 512 511 586 556 559
826
8
307 356 341 396 360 398 381 324 334 388 353 379 361 338 332 346 323 326 314 317 367 389 339 343 363 394 369 351 330 359 340 366 350 357 354
994
941
264
548
665
71
17
703
919
709
651
950
803
99
895
765 704 767 722 776 787 760 720 735 740 728 736 743 772 786 731 715 781 791 701 784 782 744 755 717 783 732 756 749 761
206
128
915
469
313
922
33
386
868
668
676
708
322
833
285
612
695
90
801
281
152
223
747
111
564
56
230
319
932
375
611
139
347
719
202
421
832
12 95 55 29 66 4 38 87 0 40 46 73 81 22 82 9 32 57 92 20 98 36 27 72 24 79 7 76 50 26 2 63 18
377
679
51
503
418
678
721
694
865
336
793
355
39
304
151
471
656
123
295
427
231
689
849
812
146
168
458
957
516
671 640 669 697 631 622 629 691 677 628 633 659 698 614 692 632 637 643 661 681 662 667 615 658 666 649 660 636
384
507
562
497
621
239
515
810
100
444
970
867
91
52
248
619
254
1
987
585
710
918
129
587
145
180
552
565
724
286
21
287
831
700
685
268
706
716
237
368
391
916
597
680
159
726
504
436
488
648
770
863
827
108
583
274
653
764
693
860
86
808
838
711
933
745
777
999
370
142
893
196
601
260
930
240
520
608
216
790
857
980
172
429
137
947
397
318
35
814
259
83
74
609
748
434
320
854
107
30
639
683
308
212
226
477
279
514
164
16
193
47
265
613
602
190
461
70
371
122
797
955
306
11
209
573
34
158
759
699
197
972
215
568
252
348
864
191
550
754
750
819
362
53
399
25
921
383
547
186
255
6
441
937
325
290
737
581
951
198
84
874
60
5
664
378
707
528
551
65
935
634
792
78
998
690
49
967
276
117
527
688
205
841
41
788
502
604
909
241
522
463
270
518
352
501
13
412
762
952
156
233
923
182
618
432
519
674
214
45
870
243
696
413
493
847
896
990
407
457
555
181
953
539
569
19
451
513
75
59
789
221
723
58
257
942
859
900
372
730
840
713
376
575
558
400
297
244
544
533
635
450
510
638
345
440
535
342
626
876
946
331
768
997
387
600
408
335
624
927
652
94
976
579
798
415
121
77
411
188
10
443
85
476
843
267
68
969
328
175
201
546
945
977
603
170
414
69
409
500
655
416
455
130
447
598
616
452
495
779
991
741
617
315
31
718
344
623
89
572
526
576
992
333
804
492
907
966
187
753
220
163
228
373
271
654
727
644
842
309
402
118
43
446
607
385
305
105
358
453
523
136
261
538
311
192
549
899
785
263
769
48
758
423
44
213
401
928
712
766
80
620
771
799
820
850
905
103
673
686
627
449
294
733
641
961
739
102
382
28
606
410
310
143
484
561
218
393
888
687
251
234
821
464
273
861
349
472
825
877
663
780
914
824
462
200
993
23
269
625
140
179
184
702
97
247
725
67
885
650
904
910
327
364
316
54
374
222
807
96
288
162
93
541
605
729
742
496
392
682
763
879
567
524
208
752
303
775
113
300
380
630
176
37
963
177
289
178
417
199
862
292
553
642
917
816
834
454
466
390
404
943
751
856
795
296
301
806
646
120
312
794
672
337
101
738
283
406
61
705
645
757
815
886
811
675
913
232
42
778
773
104
647
835
592
242
714
211
64
365
924
189
153
610
855
881
224
948
321
481
869
467
800
14
62
88
395
657
302
329
925
194
978
734
975
15
774
171
210
796
684