973
3
114
438
110
837 817 828 858 897 892 880 813 805 851 853 823 822 844 836 818 872 889 809 852 887 871 894 830 890 884 866 845 878 883 846 839 848 891 882 898 829
873
988 982 996 902 903 908 936 965 926 981 974 949 956 960 971 912 901 934 995 911 931 984 964 989 929 920 985 939 959 979 906 986 940 938 962 983 944 968 958
278 249 256 217 284 275 282 235 227 225 245 250 207 266 272 258 203 253 299 280 204 262 298 238 293 291 246 219 229 277 236
149
746
155 154 115 131 134 138 109 132 167 127 173 185 147 116 119 106 195 183 126 174 124 169 125 133 112 157 144 141 160 161 166 150 148 135 165
670
802
954
425 489 486 403 405 485 479 459 431 456 426 480 465 483 420 470 422 448 478 433 491 499 474 437 490 424 482 430 460 494 487 442 419 498 445 468 428 473 435 475 439
532 596 560 593 586 534 540 529 566 545 577 542 512 563 556 509 594 589 536 595 559 517 530 588 578 511 590 599 570 582 580 571 537 574 531 525 506 591 521 554 584 557 543 505 508
826
8
351 379 334 354 330 350 360 307 326 317 363 398 394 366 346 388 324 353 332 381 361 340 356 343 389 341 339 367 323 369 314 396 338 359 357
994
941
264
548
665
71
17
703
919
709
651
950
803
99
895
760 749 736 784 722 782 781 744 765 787 701 728 783 715 755 740 704 735 791 776 756 717 786 731 732 772 767 720 743 761
206
128
915
469
313
922
33
386
868
668
676
708
322
833
285
612
695
90
801
281
152
223
747
111
564
56
230
319
932
375
611
139
347
719
202
421
832
46 79 20 95 9 57 76 7 72 26 81 12 4 82 36 98 18 87 0 55 63 40 24 38 92 27 29 66 73 50 2 32 22
377
679
51
503
418
678
721
694
865
336
793
355
39
304
151
471
656
123
295
427
231
689
849
812
146
168
458
957
516
659 622 681 649 660 643 637 669 640 666 658 633 614 698 662 667 629 677 691 671 636 631 632 692 697 615 661 628
384
507
562
497
621
239
515
810
100
444
970
867
91
52
248
619
254
1
987
585
710
918
129
587
145
180
552
565
724
286
21
287
831
700
685
268
706
716
237
368
391
916
597
680
159
726
504
436
488
648
770
863
827
108
583
274
653
764
693
860
86
808
838
711
933
745
777
999
370
142
893
196
601
260
930
240
520
608
216
790
857
980
172
429
137
947
397
318
35
814
259
83
74
609
748
434
320
854
107
30
639
683
308
212
226
477
279
514
164
16
193
47
265
613
602
190
461
70
371
122
797
955
306
11
209
573
34
158
759
699
875
197
972
215
568
252
348
864
191
550
754
750
819
362
53
399
25
921
383
547
186
255
6
441
937
325
290
737
581
951
198
84
874
60
5
664
378
707
528
551
65
935
634
792
78
998
690
49
967
276
117
527
688
205
841
41
788
502
604
909
241
522
463
270
518
352
501
13
412
762
952
156
233
923
182
618
432
519
674
214
45
870
243
696
413
493
847
896
990
407
457
555
181
953
539
569
19
451
513
75
59
789
221
723
58
257
942
859
900
372
730
840
713
376
575
558
400
297
244
544
533
635
450
510
638
345
440
535
342
626
876
946
331
768
997
387
600
408
335
624
927
652
94
976
579
798
415
121
77
411
188
10
443
85
476
843
267
68
969
328
175
201
546
945
977
603
170
414
69
409
500
655
416
455
130
447
598
616
452
495
779
991
741
617
315
31
718
344
623
89
572
526
576
992
333
804
492
907
966
187
753
220
163
228
373
271
654
727
644
842
309
402
118
43
446
607
385
305
105
358
453
523
136
261
538
311
192
549
899
785
263
769
48
758
423
44
213
401
928
712
766
80
620
771
799
820
850
905
103
673
686
627
449
294
733
641
961
739
102
382
28
606
410
310
143
484
561
218
393
888
687
251
234
821
464
273
861
349
472
825
877
663
780
914
824
462
200
993
23
269
625
140
179
184
702
97
247
725
67
885
650
904
910
327
364
316
54
374
222
807
96
288
162
93
541
605
729
742
496
392
682
763
879
567
524
208
752
303
775
113
300
380
630
176
37
963
177
289
178
417
199
862
292
553
642
917
816
834
454
466
390
404
943
751
856
795
296
301
806
646
120
312
794
672
337
101
738
283
406
61
705
645
757
815
886
811
675
913
232
42
778
773
104
647
835
592
242
714
211
64
365
924
189
153
610
855
881
224
948
321
481
869
467
800
14
62
88
395
657
302
329
925
194
978
734
975
15
774
171
210
796
684