973
3
114
438
110
844 853 813 871 878 829 822 830 848 852 892 809 836 890 872 883 884 889 823 858 880 891 866 887 818 898 805 894 839 817 882 846 845 837 897 828 851
873
985 959 984 982 901 911 962 902 903 931 938 949 958 981 965 920 988 971 939 940 926 936 908 912 929 906 983 960 996 995 979 944 974 934 989 956 964 968 986
284 246 235 272 282 275 293 299 207 253 203 256 250 238 291 298 266 258 249 236 278 225 204 227 280 262 217 277 219 229 245
149
746
106 161 119 160 138 150 155 132 167 135 185 157 116 173 124 109 127 126 183 134 169 133 154 166 115 144 125 147 195 174 112 148 131 141
670
802
954
487 426 479 473 420 428 430 486 490 482 498 474 425 424 485 439 478 456 445 403 459 435 465 448 405 499 422 437 460 433 468 419 475 483 431 494 480 442 470 491 489
531 570 554 537 589 596 530 590 536 512 543 509 559 577 574 571 563 580 593 556 586 517 540 566 588 591 508 578 511 532 506 542 521 505 560 599 525 545 584 582 595 557 594 534 529
826
8
356 341 394 388 346 323 366 359 367 324 369 398 334 338 332 314 330 353 354 389 396 340 357 317 350 360 381 379 326 363 361 339 351 343 307
994
941
264
548
665
71
17
703
919
709
651
950
803
99
895
731 786 782 728 756 744 717 784 701 720 736 772 787 722 749 755 743 761 735 740 760 765 715 767 732 704 783 791 776 781
206
128
915
469
313
922
33
386
868
668
676
708
322
833
285
612
695
90
801
281
152
223
747
111
564
56
230
319
932
375
611
139
347
719
202
421
832
2 87 27 63 22 12 72 29 7 92 79 76 66 20 38 18 46 0 9 32 40 4 36 95 55 98 82 81 24 57 26 73 50
377
679
51
503
418
678
721
694
865
336
793
355
39
304
151
471
656
123
295
427
231
689
849
812
146
168
458
957
516
636 628 697 677 631 669 692 643 662 661 637 640 691 622 659 632 671 698 614 633 658 667 666 681 615 629 649 660
384
507
562
497
621
239
515
810
100
444
970
867
91
52
248
619
254
1
987
585
710
918
129
587
145
180
552
565
724
286
21
287
831
700
685
268
706
716
237
368
391
916
597
680
159
726
504
436
488
648
770
863
827
108
583
274
653
764
693
860
86
808
838
711
933
745
777
999
370
142
893
196
601
260
930
240
520
608
216
790
857
980
172
429
137
947
397
318
35
814
259
83
74
609
748
434
320
854
107
30
639
683
308
212
226
477
279
514
164
16
193
47
265
613
602
190
461
70
371
122
797
955
306
11
209
573
34
158
759
699
875
197
972
215
568
252
348
864
191
550
754
750
819
362
53
399
25
921
383
547
186
255
6
441
937
325
290
737
581
951
198
84
874
60
5
664
378
707
528
551
65
935
634
792
78
998
690
49
967
276
117
527
688
205
841
41
788
502
604
909
241
522
463
270
518
352
501
13
412
762
952
156
233
923
182
618
432
519
674
214
45
870
243
696
413
493
847
896
990
407
457
555
181
953
539
569
19
451
513
75
59
789
221
723
58
257
942
859
900
372
730
840
713
376
575
558
400
297
244
544
533
635
450
510
638
345
440
535
342
626
876
946
331
768
997
387
600
408
335
624
927
652
94
976
579
798
415
121
77
411
188
10
443
85
476
843
267
68
969
328
175
201
546
945
977
603
170
414
69
409
500
655
416
455
130
447
598
616
452
495
779
991
741
617
315
31
718
344
623
89
572
526
576
992
333
804
492
907
966
187
753
220
163
228
373
271
654
727
644
842
309
402
118
43
446
607
385
305
105
358
453
523
136
261
538
311
192
549
899
785
263
769
48
758
423
44
213
401
928
712
766
80
620
771
799
820
850
905
103
673
686
627
449
294
733
641
961
739
102
382
28
606
410
310
143
484
561
218
393
888
687
251
234
821
464
273
861
349
472
825
877
663
780
914
824
462
200
993
23
269
625
140
179
184
702
97
247
725
67
885
650
904
910
327
364
316
54
374
222
807
96
288
162
93
541
605
729
742
496
392
682
763
879
567
524
208
752
303
775
113
300
380
630
176
37
963
177
289
178
417
199
862
292
553
642
917
816
834
454
466
390
404
943
751
856
795
296
301
806
646
120
312
794
672
337
101
738
283
406
61
705
645
757
815
886
811
675
913
232
42
778
773
104
647
835
592
242
714
211
64
365
924
189
153
610
855
881
224
948
321
481
869
467
800
14
62
88
395
657
302
329
925
194
978
734
975
165
15
774
171
210
796
684