973
3
114
438
110
829 883 878 817 844 892 894 805 848 836 818 853 880 823 882 890 871 828 898 872 839 891 813 822 897 837 851 887 809 830 852 858 846 884 845 889 866
873
956 962 944 934 903 982 979 901 938 971 958 995 929 968 908 902 906 983 996 949 974 936 965 988 920 911 960 940 964 931 986 959 926 989 984 939 981 912
277 278 299 207 266 227 225 256 280 219 235 262 238 275 250 258 229 291 246 236 282 204 272 245 249 253 298 217 284 203 293
149
746
173 167 116 126 148 144 166 195 115 112 169 174 125 127 109 106 141 155 150 133 131 138 135 185 119 161 147 134 132 183 154 160 157 124
670
802
954
431 445 459 489 499 460 424 485 428 435 430 478 494 465 473 456 422 425 437 474 486 468 482 439 419 487 426 498 490 475 403 480 433 405 470 479 442 448 483 420
560 589 571 540 505 545 574 595 594 511 584 536 542 506 554 534 543 563 590 532 556 559 596 593 525 557 509 580 570 588 591 521 531 586 577 582 517 578 530 599 508 512 529 537 566
826
8
381 396 379 324 317 389 334 394 366 350 356 332 351 307 330 363 346 367 388 339 369 354 357 398 323 360 314 326 338 341 343 353 340 361 359
994
941
264
548
665
71
17
703
919
709
651
950
803
99
895
701 728 749 755 756 761 735 772 740 760 722 776 715 783 704 743 765 744 781 767 720 784 717 782 731 732 787 791 786 736
206
128
915
469
313
922
33
386
868
668
676
708
322
833
285
612
695
90
801
281
152
223
747
111
564
56
230
319
932
375
611
139
347
719
202
421
832
98 32 4 29 57 63 0 18 27 36 50 38 73 9 55 12 82 76 72 7 81 92 40 2 79 20 26 24 46 22 87 95 66
377
679
51
503
418
678
721
694
865
336
793
355
39
304
151
471
656
123
295
427
231
689
849
812
146
168
458
957
516
637 667 660 666 698 697 615 640 677 681 661 643 632 622 671 658 628 649 662 631 692 669 691 636 659 629 614 633
384
507
562
497
621
239
515
810
100
444
970
867
91
52
248
619
254
1
987
585
710
918
129
587
145
180
552
565
724
286
21
287
831
700
685
268
706
716
237
368
391
916
597
680
159
726
504
436
488
648
770
863
827
108
583
274
653
764
693
860
86
808
838
711
933
745
777
999
370
142
893
196
601
260
930
240
520
608
216
790
857
980
172
429
137
947
397
318
35
814
259
83
74
609
748
434
320
854
107
30
639
683
308
212
226
477
279
514
164
16
193
47
265
613
602
190
461
70
371
122
797
955
306
11
209
573
34
158
759
699
875
197
972
215
568
252
348
864
191
550
754
750
819
362
53
399
25
921
383
547
186
255
6
441
937
325
290
737
581
951
198
84
874
60
5
664
378
707
528
551
65
935
634
792
78
998
690
49
967
276
117
527
688
205
841
41
788
502
604
909
241
522
463
270
518
352
501
13
412
762
952
156
233
923
182
618
432
519
674
214
45
870
243
696
413
493
847
896
990
407
457
555
181
953
539
569
19
451
513
75
59
789
221
723
58
257
942
985
859
900
372
730
840
713
376
575
558
400
297
244
544
533
635
450
510
638
345
440
535
342
626
876
946
331
768
997
387
600
408
335
624
927
652
94
976
579
798
415
121
77
411
188
10
443
85
476
843
267
68
969
328
175
201
546
945
977
603
170
414
69
409
500
655
416
455
130
447
598
616
452
495
779
991
741
617
315
31
718
344
623
89
572
526
576
992
333
804
492
907
966
187
753
220
163
228
373
271
654
727
644
842
309
402
118
43
446
607
385
305
105
358
453
523
136
261
538
311
192
549
899
785
263
769
48
758
423
44
213
401
928
712
766
80
620
771
799
820
850
905
103
673
686
627
449
294
733
641
961
739
102
382
28
606
410
310
143
484
561
218
393
888
687
251
234
821
464
273
861
349
472
825
877
663
780
914
824
462
200
993
23
269
625
140
179
184
702
97
247
725
67
885
650
904
910
327
364
316
54
374
222
807
96
288
162
93
541
605
729
742
496
392
682
763
879
567
524
208
752
303
775
113
300
380
630
176
37
963
177
289
178
417
199
862
292
553
642
917
816
834
454
466
390
404
943
751
856
795
296
301
806
646
120
312
794
672
337
101
738
283
406
61
705
645
757
815
886
811
675
913
232
42
778
773
104
647
835
592
242
714
211
64
365
924
189
153
610
855
881
224
948
321
481
869
467
800
14
62
88
395
657
302
491
329
925
194
978
734
975
165
15
774
171
210
796
684