992 958 978 918 996 976 973 949 959 931 963 935 920 997 938 964 930 956 908 994 968 942 921 983 987 991 911 905 917 910 926 953 901 986 903 923 971 914 912 944 995 913 993 954 988 966 982 950 941 985 961 929 939 967 927 906 936 924 965 909 975 919 990 969 928 984 979 972 940 916 998 945 925 946 947 922 955 999 934 981 974 977 960 932 980 907 962 902 915 943 989 937 904 952
19 57 25 55 58 15 30 77 49 41 3 95 26 35 82 18 27 87 44 84 79 40 17 4 89 9 74 86 67 72 53 96 47 97 88 56 39 66 63 62 48 73 28 92 2 12 37 60 80 7 64 90 65 21 50 20 54 16 34 43 10 38 33 46 52 85 45 99 31 13 14 81 22 76 94 75 0 71 42 24 51 91 83 98 68 69 61 59 6 29 36 23 32 11 8
184 138 110 121 125 139 135 199 131 145 179 128 195 156 155 148 114 175 165 147 111 142 162 160 178 103 163 176 109 133 119 181 130 174 170 115 113 185 134 141 127 118 157 193 152 188 150 104 164 173 137 187 171 177 124 146 108 102 136 180 116 144 192 105 168 153 106 167 182 122 117 112 126 183 186 172 190 161 154 196 140 169 166 194 120 123 143 149 198 197 132
475 432 496 498 407 433 488 462 402 470 451 484 471 427 415 408 445 474 486 485 452 489 465 455 457 444 404 491 431 493 441 439 456 423 453 490 473 482 434 461 463 443 483 413 403 448 409 494 410 460 425 405 426 458 487 481 477 406 440 479 497 476 416 469 424 414 464 420 401 429 447 412 417 411 446 422 438 450 495 442 430 467 435 472 459 466 437 428 480 454 478 492 419 499 449 468 436
806 824 831 832 865 810 877 811 817 833 888 887 823 822 875 872 852 876 841 804 838 898 851 891 826 895 819 844 842 845 885 863 820 848 803 862 868 850 892 800 867 818 886 828 843 854 889 858 836 814 821 894 830 880 857 809 839 807 883 896 890 853 837 827 847 815 881 813 812 866 805 860 825 816 874 846 829 835 893 834 870 808 882 878 899 873 840 884 849 897 855 864 869 871 861
236 281 216 217 261 254 205 221 245 228 250 200 208 291 275 278 242 272 293 210 263 257 237 282 235 247 288 231 213 273 286 251 207 283 222 277 219 226 255 232 209 259 204 202 292 233 239 269 265 296 252 279 224 289 294 246 225 253 266 243 267 238 223 298 256 218 274 280 258 206 241 227 212 203 248 287 229 240 285 270 230 290 211 262 295 249 234 244 214 268 276 299 297 284
702 783 799 722 780 757 777 774 753 717 747 704 715 798 795 754 787 723 792 714 767 701 708 748 736 707 742 766 773 744 759 710 711 797 758 796 718 724 749 776 769 779 755 720 719 782 752 728 764 794 703 793 760 734 751 729 784 746 737 750 705 756 732 712 716 788 731 761 762 772 743 778 781 733 770 713 738 771 725 721 791 741 740 735 709 768 745 739 775 730 790 765 785 786 763
637 670 651 657 668 636 625 686 697 677 685 631 639 675 645 689 678 692 674 613 698 611 667 601 634 608 632 605 627 650 644 696 658 663 629 660 640 690 699 647 694 618 621 664 681 669 680 676 628 622 688 607 604 682 679 666 691 638 659 687 662 646 654 695 655 609 656 603 617 673 661 672 649 643 633 683 614 626 641 671 652 620 612 653 642 665 684 602 630 616 615 635 648 693
802
595 530 540 535 565 516 511 504 505 503 585 533 562 523 550 554 573 564 576 577 555 538 580 551 515 506 590 545 541 514 579 517 549 559 520 594 583 513 519 581 571 567 528 529 596 586 558 502 542 591 531 557 578 539 534 509 525 544 582 518 574 547 587 552 584 537 507 593 560 501 521 543 510 524 556 570 599 575 589 598 566 508 546 536 568 561 588 569 526 597 527 563 532 512
380 343 366 342 384 322 324 360 388 353 308 375 355 317 356 346 328 332 331 318 300 312 307 305 326 399 363 357 321 340 379 310 320 382 385 370 338 377 336 335 303 348 329 393 369 315 311 334 358 394 383 395 323 390 365 345 339 364 341 330 359 362 372 350 386 389 313 381 354 309 352 306 344 351 392 327 337 391 319 333 398 361 368 349 367 396 347 304 397 314 325 387 378 376 302 371
264
548
801
421
418
151
957
100
970
619
1
129
700
706
159
726
933
260
107
70
158
215
191
951
5
78
522
789
859
900
400
600
624
201
500
623
572
220
373
271
727
606
316
374
93
879
553
856
301
101
592
189
610
948