973
3
114
438
110
836 858 828 890 844 829 878 830 809 889 853 892 887 817 882 823 872 837 851 897 846 805 813 866 845 818 822 891 871 848 839 883 852 880 898 884 894
873
996 906 931 982 912 981 960 958 988 934 959 939 926 903 964 962 944 949 974 911 956 984 940 902 929 920 986 971 908 989 995 965 983 901 968 979 936 938
253 258 219 298 299 207 282 235 249 203 293 291 246 284 225 262 217 272 278 227 250 204 266 277 275 229 238 245 280 236 256
149
746
109 134 127 173 131 124 154 144 183 135 160 174 155 161 147 157 132 169 166 150 185 112 126 141 133 167 115 106 148 119 116 138 195 125
670
802
954
498
586 542 559 545 593 531 543 566 530 577 563 532 537 591 584 505 595 582 580 517 511 556 540 570 525 508 596 506 536 599 557 529 588 571 589 521 512 578 590 509 574 534 554 560 594
826
8
339 356 354 330 389 326 361 360 351 379 367 350 307 346 334 340 323 314 396 338 381 369 324 394 353 398 363 332 341 366 357 317 343 359 388
994
941
264
548
665
459 470 439 473 485 479 490 456 489 482 448 474 428 424 487 494 403 405 483 426 422 480 475 420 442 431 460 478 445 435 486 430 419 465 425 437 433 499 468
71
17
703
919
709
651
950
803
99
895
728 761 767 784 735 717 786 701 781 783 760 740 722 743 772 715 776 744 756 736 720 755 704 782 731 787 791 765 732 749
206
128
915
469
313
922
33
386
868
668
676
708
322
833
285
612
695
90
801
281
152
223
747
111
564
56
230
319
932
375
611
139
347
719
202
421
832
12 72 82 22 66 27 73 79 40 38 36 57 55 2 92 46 87 81 26 24 29 20 63 50 18 76 0 4 32 98 9 7 95
377
679
51
503
418
678
721
694
865
336
793
355
39
304
151
471
656
123
295
427
231
689
849
812
146
168
458
957
516
661 631 649 643 698 637 691 633 692 629 677 669 659 615 614 662 697 658 681 666 622 667 628 660 640 671 632 636
384
507
562
497
621
239
515
810
100
444
970
867
91
52
248
619
254
1
987
585
710
918
129
587
145
180
552
565
724
286
21
287
831
700
685
268
706
716
237
368
391
916
597
680
159
726
504
436
488
648
770
863
827
108
583
274
653
764
693
860
86
808
838
711
933
745
777
999
370
142
893
196
601
260
930
240
520
608
216
790
857
980
172
429
137
947
397
318
35
814
259
83
74
609
748
434
320
854
107
30
639
683
308
212
226
477
279
514
164
16
193
47
265
613
602
190
461
70
371
122
797
955
306
11
209
573
34
158
759
699
875
197
972
215
568
252
348
864
191
550
754
750
819
362
53
399
25
921
383
547
186
255
6
441
937
325
290
737
581
951
198
84
874
60
5
664
378
707
528
551
65
935
634
792
78
998
690
49
967
276
117
527
688
205
841
41
788
502
604
909
241
522
463
270
518
352
501
13
412
762
952
156
233
923
182
618
432
519
674
214
45
870
243
696
413
493
847
896
990
407
457
555
181
953
539
569
19
451
513
75
59
789
221
723
58
257
942
985
859
900
372
730
840
713
376
575
558
400
297
244
544
533
635
450
510
638
345
440
535
342
626
876
946
331
768
997
387
600
408
335
624
927
652
94
976
579
798
415
121
77
411
188
10
443
85
476
843
267
68
969
328
175
201
546
945
977
603
170
414
69
409
500
655
416
455
130
447
598
616
452
495
779
991
741
617
315
31
718
344
623
89
572
526
576
992
333
804
492
907
966
187
753
220
163
228
373
271
654
727
644
842
309
402
118
43
446
607
385
305
105
358
453
523
136
261
538
311
192
549
899
785
263
769
48
758
423
44
213
401
928
712
766
80
620
771
799
820
850
905
103
673
686
627
449
294
733
641
961
739
102
382
28
606
410
310
143
484
561
218
393
888
687
251
234
821
464
273
861
349
472
825
877
663
780
914
824
462
200
993
23
269
625
140
179
184
702
97
247
725
67
885
650
904
910
327
364
316
54
374
222
807
96
288
162
93
541
605
729
742
496
392
682
763
879
567
524
208
752
303
775
113
300
380
630
176
37
963
177
289
178
417
199
862
292
553
642
917
816
834
454
466
390
404
943
751
856
795
296
301
806
646
120
312
794
672
337
101
738
283
406
61
705
645
757
815
886
811
675
913
232
42
778
773
104
647
835
592
242
714
211
64
365
924
189
153
610
855
881
224
948
321
481
869
467
800
14
62
88
395
657
302
491
329
925
194
978
734
975
165
15
774
171
210
796
684