973
3
114
438
110
805 872 837 844 884 878 845 822 882 887 866 898 892 897 883 829 852 880 891 813 894 848 809 839 851 828 817 823 890 830 836 818 858 853 871 889 846
873
971 965 964 911 986 982 931 983 929 944 920 974 908 949 936 906 989 956 984 995 979 939 938 962 959 934 981 988 968 996 940 926 901 958 960 912 902 903
298 291 236 256 219 207 280 299 266 229 258 293 238 204 284 282 203 250 245 217 235 272 277 275 262 227 249 278 253 225 246
149
746
160 195 166 155 109 150 141 144 132 125 119 112 134 138 185 124 169 183 173 133 157 174 161 131 116 106 127 147 115 167 154 148 135
670
802
954
498
540 563 580 525 506 508 531 571 594 512 584 543 570 556 591 588 530 595 589 545 577 582 509 578 560 517 586 574 529 521 542 593 557 554 534 537 559 590 511 536 505 596 566 532 599
826
8
330 341 339 354 361 346 359 367 389 334 350 324 369 351 356 381 332 396 398 366 317 307 379 326 314 340 394 363 360 357 338 353 323 343 388
994
941
264
548
665
456 439 483 490 430 431 426 435 448 480 420 403 422 428 485 487 445 478 494 433 474 437 470 486 459 499 424 425 442 479 489 482 468 473 405 460 419 475 465
71
17
703
919
709
651
950
803
99
895
765 728 767 722 791 756 761 772 786 755 781 732 784 743 744 787 717 735 715 749 720 731 704 783 776 701 736 782 760 740
206
128
915
469
313
922
33
386
868
668
676
708
322
833
285
612
695
90
801
281
152
223
747
111
564
56
230
319
932
375
611
139
347
719
202
421
832
66 92 27 38 98 57 26 46 12 0 76 22 9 87 40 81 36 32 95 82 7 63 18 55 29 50 2 72 4 73 24 79 20
377
679
51
503
418
678
721
694
865
336
793
355
39
304
151
471
656
123
295
427
231
689
849
812
146
168
458
957
516
636 697 631 698 649 667 677 660 662 637 681 658 692 628 659 629 614 640 615 671 643 632 633 661 666 669 622 691
384
507
562
497
621
239
515
810
100
444
970
867
91
52
248
619
254
1
987
585
710
918
129
587
145
180
552
565
724
286
21
287
831
700
685
268
706
716
237
368
391
916
597
680
159
726
504
436
488
648
770
863
827
108
583
274
653
764
693
860
86
808
838
711
933
745
777
999
370
142
893
196
601
260
930
240
520
608
216
790
857
980
172
429
137
947
397
318
35
814
259
83
74
609
748
434
320
854
107
30
639
683
308
212
226
477
279
514
164
16
193
47
265
613
602
190
461
70
371
122
797
955
306
11
209
573
34
158
759
699
875
197
972
215
568
252
348
864
191
550
754
750
819
362
53
399
25
921
383
547
186
255
6
441
937
325
290
737
581
951
198
84
874
60
5
664
378
707
528
551
65
935
634
792
78
998
690
49
967
276
117
527
688
205
841
41
788
502
604
909
241
522
463
270
518
352
501
13
412
762
952
156
233
923
182
618
432
519
674
214
45
870
243
696
413
493
847
896
990
407
457
555
181
953
539
569
19
451
513
75
59
789
221
126
723
58
257
942
985
859
900
372
730
840
713
376
575
558
400
297
244
544
533
635
450
510
638
345
440
535
342
626
876
946
331
768
997
387
600
408
335
624
927
652
94
976
579
798
415
121
77
411
188
10
443
85
476
843
267
68
969
328
175
201
546
945
977
603
170
414
69
409
500
655
416
455
130
447
598
616
452
495
779
991
741
617
315
31
718
344
623
89
572
526
576
992
333
804
492
907
966
187
753
220
163
228
373
271
654
727
644
842
309
402
118
43
446
607
385
305
105
358
453
523
136
261
538
311
192
549
899
785
263
769
48
758
423
44
213
401
928
712
766
80
620
771
799
820
850
905
103
673
686
627
449
294
733
641
961
739
102
382
28
606
410
310
143
484
561
218
393
888
687
251
234
821
464
273
861
349
472
825
877
663
780
914
824
462
200
993
23
269
625
140
179
184
702
97
247
725
67
885
650
904
910
327
364
316
54
374
222
807
96
288
162
93
541
605
729
742
496
392
682
763
879
567
524
208
752
303
775
113
300
380
630
176
37
963
177
289
178
417
199
862
292
553
642
917
816
834
454
466
390
404
943
751
856
795
296
301
806
646
120
312
794
672
337
101
738
283
406
61
705
645
757
815
886
811
675
913
232
42
778
773
104
647
835
592
242
714
211
64
365
924
189
153
610
855
881
224
948
321
481
869
467
800
14
62
88
395
657
302
491
329
925
194
978
734
975
165
15
774
171
210
796
684