973
3
114
438
110
845 891 836 839 813 890 809 818 837 871 880 830 829 892 882 883 846 822 805 852 853 851 817 872 878 848 898 894 897 844 828 866 823 887 858 884 889
873
988 938 956 944 968 965 986 981 908 996 960 983 982 911 902 903 979 940 995 931 906 989 901 912 971 920 974 958 936 964 949 926 929 962 939 959 984 934
272 284 245 256 280 249 235 227 293 236 246 217 229 282 253 204 225 262 298 258 275 207 219 266 291 299 277 250 278 203 238
149
746
138 125 116 141 135 133 185 174 150 147 169 134 166 119 195 161 112 132 131 157 106 167 173 183 124 144 127 148 160 115 109 155 154
670
802
954
498
577 584 595 588 596 508 570 532 517 536 563 582 545 574 542 556 589 599 529 590 559 566 506 560 586 509 537 505 521 557 578 593 543 571 530 525 554 512 540 594 511 531 591 534 580
826
8
314 389 354 341 343 350 326 396 332 340 357 360 338 317 351 353 363 398 334 361 369 346 367 323 379 339 388 394 359 366 381 330 356 324 307
994
941
264
548
665
479 433 425 478 482 422 473 435 465 430 445 419 448 456 431 426 483 490 468 460 474 480 439 403 428 470 475 494 405 442 459 420 499 485 489 486 487 437
71
17
703
919
709
651
950
803
99
895
728 787 715 767 720 755 704 744 781 784 743 756 731 776 783 791 772 749 717 722 740 761 786 732 760 735 701 765 736 782
206
128
915
469
313
922
33
386
868
668
676
708
322
833
285
612
695
90
801
281
152
223
747
111
564
56
230
319
932
375
611
139
347
719
202
421
832
50 72 36 63 73 12 29 81 76 9 38 27 24 79 98 4 20 82 0 95 32 26 7 46 55 40 18 22 87 92 2 66 57
377
679
51
503
418
678
721
694
865
336
793
355
39
304
151
471
656
123
295
427
231
689
849
812
146
168
458
957
516
660 640 691 614 667 692 666 628 631 643 615 633 629 649 659 677 669 698 622 636 697 632 662 671 637 658 681 661
384
507
562
497
621
239
515
810
100
444
970
867
91
52
248
619
254
1
987
585
710
918
129
587
145
180
552
565
724
286
21
287
831
700
685
268
706
716
237
368
391
916
597
680
159
726
504
436
488
648
770
863
827
108
583
274
653
764
693
860
86
808
838
711
933
745
777
999
370
142
893
196
601
260
930
240
520
608
216
790
857
980
172
429
137
947
397
318
35
814
259
83
74
609
748
434
320
854
107
30
639
683
308
212
226
477
279
514
164
16
193
47
265
613
602
190
461
70
371
122
797
955
306
11
209
573
34
158
759
699
875
197
972
215
568
252
348
864
191
550
754
750
819
362
53
399
25
921
383
547
186
255
6
441
937
325
290
737
581
951
198
84
874
60
5
664
378
707
528
551
65
935
634
792
78
998
690
49
967
276
117
527
688
205
841
41
788
502
604
909
241
522
463
270
518
352
501
13
412
762
952
156
233
923
182
618
432
519
674
214
45
870
243
696
413
493
847
896
990
407
457
555
181
953
539
569
19
451
513
75
59
789
221
126
723
58
257
942
985
859
900
372
730
840
713
376
575
558
400
297
244
544
533
635
450
510
638
345
440
535
342
626
876
946
331
768
997
387
600
408
335
424
624
927
652
94
976
579
798
415
121
77
411
188
10
443
85
476
843
267
68
969
328
175
201
546
945
977
603
170
414
69
409
500
655
416
455
130
447
598
616
452
495
779
991
741
617
315
31
718
344
623
89
572
526
576
992
333
804
492
907
966
187
753
220
163
228
373
271
654
727
644
842
309
402
118
43
446
607
385
305
105
358
453
523
136
261
538
311
192
549
899
785
263
769
48
758
423
44
213
401
928
712
766
80
620
771
799
820
850
905
103
673
686
627
449
294
733
641
961
739
102
382
28
606
410
310
143
484
561
218
393
888
687
251
234
821
464
273
861
349
472
825
877
663
780
914
824
462
200
993
23
269
625
140
179
184
702
97
247
725
67
885
650
904
910
327
364
316
54
374
222
807
96
288
162
93
541
605
729
742
496
392
682
763
879
567
524
208
752
303
775
113
300
380
630
176
37
963
177
289
178
417
199
862
292
553
642
917
816
834
454
466
390
404
943
751
856
795
296
301
806
646
120
312
794
672
337
101
738
283
406
61
705
645
757
815
886
811
675
913
232
42
778
773
104
647
835
592
242
714
211
64
365
924
189
153
610
855
881
224
948
321
481
869
467
800
14
62
88
395
657
302
491
329
925
194
978
734
975
165
15
774
171
210
796
684