973
3
114
438
110
844 853 889 872 866 846 837 892 882 887 830 884 822 805 883 880 897 845 836 828 852 809 813 890 823 817 851 871 829 839 898 858 848 878 894 891 818
873
936 968 983 996 901 949 906 911 995 908 958 974 934 929 938 939 912 965 984 902 986 920 989 964 956 971 940 962 931 960 959 979 981 988 982 944 926 903
229 245 262 227 298 280 235 246 266 225 204 219 238 272 278 256 249 253 291 275 217 293 207 282 250 203 299 277 284 236 258
149
746
183 160 144 150 174 167 131 125 147 135 127 112 115 155 119 138 169 141 109 132 154 157 106 148 133 173 116 166 161 124 134 195 185
670
802
954
498
586 595 596 525 582 506 588 571 589 532 584 545 580 530 534 540 517 511 578 559 574 563 557 591 542 512 537 505 529 536 531 556 509 554 593 508 590 577 543 594 570 560 521 599 566
826
8
388 334 326 339 363 323 357 340 389 307 367 317 369 356 330 396 354 359 343 381 346 360 338 394 324 351 341 379 332 361 398 314 366 353
994
941
264
548
665
422 405 475 485 442 425 465 430 473 420 486 459 479 428 489 435 490 456 482 448 431 480 419 403 494 474 483 439 445 478 487 426 499 470 433 437 468 460
71
17
703
919
709
651
950
803
99
895
744 704 717 781 782 767 755 740 786 776 784 787 728 761 743 720 736 732 722 760 765 701 715 772 731 783 735 749 756 791
206
128
915
469
313
922
33
386
868
668
676
708
322
833
285
612
695
90
801
281
152
223
747
111
564
56
230
319
932
375
611
139
347
719
202
421
832
50 57 72 55 0 87 20 63 27 12 98 4 22 81 24 82 18 36 9 32 46 66 95 79 92 76 73 2 40 38 26 7 29
377
679
51
503
418
678
721
694
865
336
793
355
39
304
151
471
656
123
295
427
231
689
849
812
146
168
458
957
516
640 666 643 671 698 632 633 614 661 629 628 667 681 631 669 637 691 692 697 649 615 659 636 622 658 677 662 660
384
507
562
497
621
239
515
810
100
444
970
867
91
52
248
619
254
1
987
585
710
918
129
587
145
180
552
565
724
286
21
287
831
700
685
268
706
716
237
368
391
916
597
680
159
726
504
436
488
648
770
863
827
108
583
274
653
764
693
860
86
808
838
711
933
745
777
999
370
142
893
196
601
260
930
240
520
608
216
790
857
980
172
429
137
947
397
318
35
814
259
83
74
609
748
434
320
854
107
30
639
683
308
212
226
477
279
514
164
16
193
47
265
613
602
190
461
70
371
122
797
955
306
11
209
573
34
158
759
699
875
197
972
215
568
252
348
864
191
550
754
750
819
362
53
399
25
921
383
547
186
255
6
441
937
325
290
737
581
951
198
84
874
60
5
664
378
707
528
551
65
935
634
792
78
998
690
49
967
276
117
527
688
205
841
41
788
502
604
909
241
522
463
270
518
352
501
13
412
762
952
156
233
923
182
618
432
519
674
214
45
870
243
696
413
493
847
896
990
407
457
555
181
953
539
569
19
451
513
75
59
789
221
126
723
58
257
942
985
859
900
372
730
840
713
376
575
558
400
297
244
544
533
635
450
510
638
345
440
535
342
626
876
946
331
768
997
387
600
408
335
424
624
927
652
94
976
579
798
415
121
77
411
188
10
443
85
476
843
267
68
969
328
175
201
546
945
977
603
170
414
69
409
500
655
416
455
130
447
598
616
452
495
779
991
741
617
315
31
718
344
623
89
572
526
576
992
333
804
492
907
966
187
753
220
163
228
373
271
654
727
644
842
309
402
118
43
446
607
385
305
105
358
453
523
136
261
538
311
192
549
899
785
263
769
48
758
423
44
213
401
928
712
766
80
620
771
799
820
850
905
103
673
686
627
449
294
733
641
961
739
102
382
28
606
410
310
143
484
561
218
393
888
687
251
234
821
464
273
861
349
472
825
877
663
780
914
824
462
200
993
23
269
625
140
179
184
702
97
247
725
67
885
650
904
910
327
364
316
54
374
222
807
96
288
162
93
541
605
729
742
496
392
682
763
879
567
524
208
752
303
775
113
300
380
630
176
37
963
177
289
178
417
199
862
292
553
642
917
816
834
454
466
390
404
943
751
856
795
296
301
806
646
120
312
350
794
672
337
101
738
283
406
61
705
645
757
815
886
811
675
913
232
42
778
773
104
647
835
592
242
714
211
64
365
924
189
153
610
855
881
224
948
321
481
869
467
800
14
62
88
395
657
302
491
329
925
194
978
734
975
165
15
774
171
210
796
684