973
3
114
438
110
872 828 817 848 871 837 890 822 884 889 880 887 823 845 836 897 852 892 858 830 813 894 851 866 882 853 883 818 829 891 878 898 805 809 846 839 844
873
971 906 931 964 949 986 944 901 929 968 996 956 983 902 988 911 995 959 934 960 979 920 974 962 940 936 982 926 903 965 912 984 981 958 989 908 938 939
225 266 245 272 262 258 291 219 207 253 236 282 217 203 293 238 275 284 277 280 256 246 278 249 250 298 227 235 204 299 229
149
746
148 131 157 160 116 109 161 166 169 119 155 115 167 174 141 150 135 173 133 195 185 127 144 138 132 183 134 125 147 112 106 124 154
670
802
954
498
517 566 593 509 511 554 590 531 594 586 560 521 512 578 582 563 584 542 589 508 540 559 577 571 570 596 537 599 543 536 574 580 506 505 529 556 591 525 595 532 588 534 557 545 530
826
8
366 388 341 367 334 361 394 317 340 314 389 307 359 396 323 363 326 324 332 354 360 379 338 343 369 353 356 339 357 330 351 398 346 381
994
941
264
548
665
486 430 442 426 487 494 465 475 483 422 456 419 459 435 489 482 478 473 460 474 448 405 439 433 403 431 420 485 445 428 437 470 479 499 468 480 490
71
17
703
919
709
651
950
803
99
895
786 715 701 736 728 735 731 787 776 784 720 760 756 732 740 704 749 755 717 783 743 722 767 765 782 744 781 772 761 791
206
128
915
469
313
922
33
386
868
668
676
708
322
833
285
612
695
90
801
281
152
223
747
111
564
56
230
319
932
375
611
139
347
719
202
421
832
55 22 57 63 87 26 7 50 32 12 73 27 2 29 18 0 72 40 82 38 98 76 46 95 24 36 4 66 9 20 79 81 92
377
679
51
503
418
678
721
694
865
336
793
355
39
304
151
471
656
123
295
427
231
689
849
812
146
168
458
957
516
662 671 661 681 692 628 660 643 697 622 615 667 629 649 669 698 633 636 614 677 666 659 658 691 637 632 631 640
384
507
562
497
621
239
515
810
100
444
970
867
91
52
248
619
254
1
987
585
710
918
129
587
145
180
552
565
724
286
21
287
831
700
685
268
706
716
237
368
391
916
597
680
159
726
504
436
488
648
770
863
827
108
583
274
653
764
693
860
86
808
838
711
933
745
777
999
370
142
893
196
601
260
930
240
520
608
216
790
857
980
172
429
137
947
397
318
35
814
259
83
74
609
748
434
320
854
107
30
639
683
308
212
226
477
279
514
164
16
193
47
265
613
602
190
461
70
371
122
797
955
306
11
209
573
34
158
759
699
875
197
972
215
568
252
348
864
191
550
754
750
819
362
53
399
25
921
383
547
186
255
6
441
937
325
290
737
581
951
198
84
874
60
5
664
378
707
528
551
65
935
634
792
78
998
690
49
967
276
117
527
688
205
841
41
788
502
604
909
241
522
463
270
518
352
501
13
412
762
952
156
233
923
182
618
432
519
674
214
45
870
243
696
413
493
847
896
990
407
457
555
181
953
539
569
19
451
513
75
59
789
221
126
723
58
257
942
985
859
900
372
730
840
713
376
575
558
400
297
244
544
533
635
450
510
638
345
440
535
342
626
876
946
331
768
997
387
600
408
335
424
624
927
652
94
976
579
798
415
121
77
411
188
10
443
85
476
843
267
68
969
328
175
201
546
945
977
603
170
414
69
409
500
655
416
455
130
447
598
616
452
495
779
991
741
617
315
31
718
344
623
89
572
526
576
992
333
804
492
907
966
187
753
220
163
228
373
271
654
727
644
842
309
402
118
43
446
607
385
305
105
358
453
523
136
261
538
311
192
549
899
785
263
769
48
758
423
44
213
401
928
712
766
80
620
771
799
820
850
905
103
673
686
627
449
294
733
641
961
739
102
382
28
606
410
310
143
484
561
218
393
888
687
251
234
821
464
273
861
349
472
825
877
663
780
914
824
462
200
993
23
269
625
140
179
184
702
97
247
725
67
885
650
904
910
327
364
316
54
374
222
807
96
288
162
93
541
605
729
742
496
392
682
763
879
567
524
208
752
303
775
113
300
380
630
176
37
963
177
289
178
417
199
862
292
553
642
917
816
834
454
466
390
404
425
943
751
856
795
296
301
806
646
120
312
350
794
672
337
101
738
283
406
61
705
645
757
815
886
811
675
913
232
42
778
773
104
647
835
592
242
714
211
64
365
924
189
153
610
855
881
224
948
321
481
869
467
800
14
62
88
395
657
302
491
329
925
194
978
734
975
165
15
774
171
210
796
684