973
3
114
438
110
880 890 813 837 887 878 894 853 858 872 898 830 871 839 884 892 882 852 844 848 836 828 891 823 805 883 866 889 822 817 851 829 846 897 845 818 809
873
960 944 901 920 959 995 908 984 981 934 906 962 988 911 971 902 968 940 931 983 938 926 949 912 936 903 929 958 974 965 979 996 939 986 964 989 982
236 284 275 217 258 238 278 277 272 249 256 298 250 203 293 207 280 204 291 235 282 225 299 262 246 219 253 227 266 229 245
149
746
127 195 148 154 133 161 106 138 109 155 169 157 147 119 124 160 134 144 135 174 131 150 173 166 167 185 116 141 115 112 183 132 125
670
802
954
498
582 560 557 530 570 536 542 596 505 578 599 532 540 556 511 574 566 584 580 512 589 506 586 590 521 508 534 531 563 559 571 577 529 545 554 537 588 591 525 509 594 543 595 517 593
826
8
356 366 361 369 353 341 339 332 343 394 381 359 346 334 330 340 314 351 398 323 357 363 338 360 388 324 326 379 354 389 396 317 307 367
994
941
264
548
665
474 487 480 430 403 483 465 422 473 499 475 428 405 439 489 459 456 448 468 442 482 433 485 460 470 494 486 445 431 426 479 437 478 435 420 490 419
71
17
703
919
709
651
950
803
99
895
717 781 755 765 744 740 732 735 731 772 720 749 767 787 782 761 786 704 715 743 791 701 756 784 736 760 728 722 783 776
206
128
915
469
313
922
33
386
868
668
676
708
322
833
285
612
695
90
801
281
152
223
747
111
564
56
230
319
932
375
611
139
347
719
202
421
832
2 9 55 76 73 92 24 18 20 81 98 29 63 66 46 38 50 32 36 57 87 95 79 4 7 72 0 12 26 40 22 82 27
377
679
51
503
418
678
721
694
865
336
793
355
39
304
151
471
656
123
295
427
231
689
849
812
146
168
458
957
516
615 691 614 622 632 671 692 666 698 677 633 636 661 697 662 629 631 643 658 667 628 640 637 681 660 669 649
384
507
562
497
621
239
515
810
100
444
970
867
91
52
248
619
254
1
987
585
710
918
129
587
145
180
552
565
724
286
21
287
831
700
685
268
706
716
237
368
391
916
956
597
680
159
726
504
436
488
648
770
863
827
108
583
274
653
764
693
860
86
808
838
711
933
745
777
999
370
142
893
196
601
260
930
240
520
608
216
790
857
980
172
429
137
947
397
318
35
814
259
83
74
609
748
434
320
854
107
30
639
683
308
212
226
477
279
514
164
16
193
47
265
613
602
190
461
70
371
122
797
955
306
11
209
573
34
158
759
699
875
197
972
215
568
252
348
864
191
550
754
750
819
362
53
399
25
921
383
547
186
255
6
441
937
325
290
737
581
951
198
84
874
60
5
664
378
707
528
551
65
935
634
792
78
998
690
49
967
276
117
527
688
205
841
41
788
502
604
909
241
522
463
270
518
352
501
13
412
762
952
156
233
923
182
618
432
519
674
214
45
870
243
696
413
493
847
896
990
407
457
555
181
953
539
569
19
451
513
75
59
789
221
126
723
58
257
942
985
859
900
372
730
840
713
376
575
558
400
297
244
659
544
533
635
450
510
638
345
440
535
342
626
876
946
331
768
997
387
600
408
335
424
624
927
652
94
976
579
798
415
121
77
411
188
10
443
85
476
843
267
68
969
328
175
201
546
945
977
603
170
414
69
409
500
655
416
455
130
447
598
616
452
495
779
991
741
617
315
31
718
344
623
89
572
526
576
992
333
804
492
907
966
187
753
220
163
228
373
271
654
727
644
842
309
402
118
43
446
607
385
305
105
358
453
523
136
261
538
311
192
549
899
785
263
769
48
758
423
44
213
401
928
712
766
80
620
771
799
820
850
905
103
673
686
627
449
294
733
641
961
739
102
382
28
606
410
310
143
484
561
218
393
888
687
251
234
821
464
273
861
349
472
825
877
663
780
914
824
462
200
993
23
269
625
140
179
184
702
97
247
725
67
885
650
904
910
327
364
316
54
374
222
807
96
288
162
93
541
605
729
742
496
392
682
763
879
567
524
208
752
303
775
113
300
380
630
176
37
963
177
289
178
417
199
862
292
553
642
917
816
834
454
466
390
404
425
943
751
856
795
296
301
806
646
120
312
350
794
672
337
101
738
283
406
61
705
645
757
815
886
811
675
913
232
42
778
773
104
647
835
592
242
714
211
64
365
924
189
153
610
855
881
224
948
321
481
869
467
800
14
62
88
395
657
302
491
329
925
194
978
734
975
165
15
774
171
210
796
684