973
3
114
438
110
872 892 828 809 853 894 848 890 891 817 852 882 889 851 830 829 839 813 897 805 858 823 880 844 837 818 887 883 878 884 822 871 866 846 836 898 845
873
986 912 939 962 906 959 982 981 902 983 960 911 940 926 965 989 974 971 968 958 920 931 988 995 929 901 964 944 936 996 949 908 903 979 938 984
225 258 253 272 293 249 245 229 291 256 284 277 227 250 203 282 204 299 280 236 246 266 278 275 235 262 238 298 217 219
149
746
157 135 150 173 138 141 195 132 125 174 147 167 160 161 169 116 185 109 148 144 133 119 124 131 112 127 134 183 106 115 166 155 154
670
802
954
498
593 590 584 545 589 594 574 577 525 596 508 557 595 586 534 509 529 506 571 542 599 511 591 517 521 566 560 505 580 531 559 537 556 554 570 578 536 582 530 543 563 540 588 512 532
826
8
356 338 354 341 394 389 324 339 357 367 398 317 326 343 353 388 307 351 323 360 379 366 369 330 332 359 346 340 381 363 361 334 314 396
994
941
264
548
665
448 437 480 474 428 499 419 433 465 468 459 420 431 489 435 494 430 445 422 426 479 485 475 403 470 460 478 490 442 473 482 487 405 439 456 486 483
71
17
703
919
709
651
950
803
99
895
756 761 717 783 776 728 760 743 732 744 715 704 786 782 749 701 765 767 787 740 772 731 791 755 722 781 736 735 784 720
206
128
915
469
313
922
33
386
868
668
676
708
322
833
285
612
695
90
801
281
152
223
747
111
564
56
230
319
932
375
611
139
347
719
202
421
832
18 95 46 76 63 9 27 4 22 87 26 57 40 24 73 12 55 0 38 66 36 2 72 82 7 92 20 29 50 32 79 98 81
377
679
51
503
418
678
721
694
865
336
793
355
39
304
151
471
656
123
295
427
231
689
849
812
146
168
458
957
516
669 662 637 632 681 640 628 697 629 677 691 649 667 660 614 671 698 622 636 615 643 692 633 658 661 666 631
384
507
562
497
621
239
515
810
100
444
970
867
91
52
248
619
254
1
987
585
710
918
129
587
145
180
552
565
724
286
21
287
831
700
685
268
706
716
237
368
391
916
956
597
680
159
726
504
436
488
648
770
863
827
108
583
274
653
764
693
860
86
808
838
711
933
745
777
999
370
142
893
196
601
260
930
240
520
608
216
790
857
980
172
429
137
947
397
318
35
814
259
83
74
609
748
434
320
854
107
30
639
683
308
212
226
477
279
514
164
16
193
47
265
613
602
190
461
70
371
122
797
955
306
11
209
573
34
158
759
699
875
197
972
215
568
252
348
864
191
550
754
750
819
362
53
399
25
921
383
547
186
255
6
441
937
325
290
737
581
951
198
84
874
60
5
664
378
707
528
551
65
935
634
792
78
998
690
49
967
276
117
527
688
205
841
41
788
502
604
909
241
522
463
270
518
352
501
13
412
762
952
156
233
923
182
618
432
519
674
214
45
870
243
696
413
493
847
896
990
407
457
555
181
953
539
569
19
451
513
75
59
789
221
126
723
58
257
942
985
859
900
372
730
840
713
376
575
558
400
297
244
659
544
533
635
450
934
207
510
638
345
440
535
342
626
876
946
331
768
997
387
600
408
335
424
624
927
652
94
976
579
798
415
121
77
411
188
10
443
85
476
843
267
68
969
328
175
201
546
945
977
603
170
414
69
409
500
655
416
455
130
447
598
616
452
495
779
991
741
617
315
31
718
344
623
89
572
526
576
992
333
804
492
907
966
187
753
220
163
228
373
271
654
727
644
842
309
402
118
43
446
607
385
305
105
358
453
523
136
261
538
311
192
549
899
785
263
769
48
758
423
44
213
401
928
712
766
80
620
771
799
820
850
905
103
673
686
627
449
294
733
641
961
739
102
382
28
606
410
310
143
484
561
218
393
888
687
251
234
821
464
273
861
349
472
825
877
663
780
914
824
462
200
993
23
269
625
140
179
184
702
97
247
725
67
885
650
904
910
327
364
316
54
374
222
807
96
288
162
93
541
605
729
742
496
392
682
763
879
567
524
208
752
303
775
113
300
380
630
176
37
963
177
289
178
417
199
862
292
553
642
917
816
834
454
466
390
404
425
943
751
856
795
296
301
806
646
120
312
350
794
672
337
101
738
283
406
61
705
645
757
815
886
811
675
913
232
42
778
773
104
647
835
592
242
714
211
64
365
924
189
153
610
855
881
224
948
321
481
869
467
800
14
62
88
395
657
302
491
329
925
194
978
734
975
165
15
774
171
210
796
684