973
3
114
438
110
853 809 837 891 887 817 852 818 823 871 892 894 883 851 889 898 848 830 822 884 844 880 872 836 866 846 839 878 858 897 845 805 890 882 828 829 813
873
959 984 920 903 940 982 939 960 981 911 949 983 906 989 974 986 964 929 979 958 902 901 996 962 965 931 908 912 944 971 988 968 995 936 926 938
249 225 272 203 238 282 293 250 204 277 275 262 280 266 256 253 246 236 217 235 227 291 219 258 298 278 245 284 299 229
149
746
116 150 157 148 155 127 160 112 169 125 134 135 131 183 119 195 124 109 166 133 185 161 144 174 132 173 154 138 147 106 115 141 167
670
802
954
498
511 584 589 545 512 537 540 509 593 554 570 595 582 588 521 557 571 566 574 534 580 594 599 578 508 529 591 543 505 542 517 590 530 560 556 531 532 586 506 577 563 559 596 525
826
8
354 326 353 389 330 334 394 379 314 343 360 361 339 363 369 357 317 381 340 367 388 323 346 324 341 332 351 398 366 307 338 396 359 356
994
941
264
548
665
485 456 405 442 448 486 487 470 499 435 431 422 460 475 445 459 426 483 473 439 474 479 433 490 437 482 468 478 494 480 419 428 403 465 420 489 430
71
17
703
919
709
651
950
803
99
895
536
732 781 783 735 731 720 756 755 767 786 744 791 743 722 715 728 760 717 787 736 701 784 782 761 772 749 704 776 740 765
206
128
915
469
313
922
33
386
868
668
676
708
322
833
285
612
695
90
801
281
152
223
747
111
564
56
230
319
932
375
611
139
347
719
202
421
832
2 27 72 9 98 24 46 32 76 26 7 22 87 40 79 92 50 12 29 82 20 66 0 18 55 57 38 36 4 73 63 81 95
377
679
51
503
418
678
721
694
865
336
793
355
39
304
151
471
656
123
295
427
231
689
849
812
146
168
458
957
516
631 660 669 643 615 677 667 629 649 671 661 640 633 691 637 614 662 632 622 692 698 681 636 658 697 666 628
384
507
562
497
621
239
515
810
100
444
970
867
91
52
248
619
254
1
987
585
710
918
129
587
145
180
552
565
724
286
21
287
831
700
685
268
706
716
237
368
391
916
956
597
680
159
726
504
436
488
648
770
863
827
108
583
274
653
764
693
860
86
808
838
711
933
745
777
999
370
142
893
196
601
260
930
240
520
608
216
790
857
980
172
429
137
947
397
318
35
814
259
83
74
609
748
434
320
854
107
30
639
683
308
212
226
477
279
514
164
16
193
47
265
613
602
190
461
70
371
122
797
955
306
11
209
573
34
158
759
699
875
197
972
215
568
252
348
864
191
550
754
750
819
362
53
399
25
921
383
547
186
255
6
441
937
325
290
737
581
951
198
84
874
60
5
664
378
707
528
551
65
935
634
792
78
998
690
49
967
276
117
527
688
205
841
41
788
502
604
909
241
522
463
270
518
352
501
13
412
762
952
156
233
923
182
618
432
519
674
214
45
870
243
696
413
493
847
896
990
407
457
555
181
953
539
569
19
451
513
75
59
789
221
126
723
58
257
942
985
859
900
372
730
840
713
376
575
558
400
297
244
659
544
533
635
450
934
207
510
638
345
440
535
342
626
876
946
331
768
997
387
600
408
335
424
624
927
652
94
976
579
798
415
121
77
411
188
10
443
85
476
843
267
68
969
328
175
201
546
945
977
603
170
414
69
409
500
655
416
455
130
447
598
616
452
495
779
991
741
617
315
31
718
344
623
89
572
526
576
992
333
804
492
907
966
187
753
220
163
228
373
271
654
727
644
842
309
402
118
43
446
607
385
305
105
358
453
523
136
261
538
311
192
549
899
785
263
769
48
758
423
44
213
401
928
712
766
80
620
771
799
820
850
905
103
673
686
627
449
294
733
641
961
739
102
382
28
606
410
310
143
484
561
218
393
888
687
251
234
821
464
273
861
349
472
825
877
663
780
914
824
462
200
993
23
269
625
140
179
184
702
97
247
725
67
885
650
904
910
327
364
316
54
374
222
807
96
288
162
93
541
605
729
742
496
392
682
763
879
567
524
208
752
303
775
113
300
380
630
176
37
963
177
289
178
417
199
862
292
553
642
917
816
834
454
466
390
404
425
943
751
856
795
296
301
806
646
120
312
350
794
672
337
101
738
283
406
61
705
645
757
815
886
811
675
913
232
42
778
773
104
647
835
592
242
714
211
64
365
924
189
153
610
855
881
224
948
321
481
869
467
800
14
62
88
395
657
302
491
329
925
194
978
734
975
165
15
774
171
210
796
684