914 967 968 960 995 929 909 925 916 984 930 993 996 963 987 981 971 991 932 994 911 908 945 959 969 973 905 988 964 936 928 997 942 950 915 906 956 922 921 962 974 972 940 923 903 918 947 912 939 946 938 999 910 958 953 980 978 943 926 985 904 907 902 913 979 990 992 927 976 901 931 934 952 935 983 924 937 919 954 986 989 955 975 917 966 961 941 982 920 965 944 998 977 949
15 27 89 67 92 85 36 43 71 6 30 20 76 14 62 38 74 94 91 4 61 81 57 50 32 86 0 29 47 28 69 8 82 56 33 44 84 42 51 97 98 39 46 17 80 19 87 72 11 37 7 63 2 16 90 40 58 10 96 75 23 13 95 73 68 9 54 3 52 53 88 31 99 77 26 83 60 79 21 66 55 64 45 34 22 49 65 12 48 24 41 18 25 59 35
172 192 187 109 102 190 150 135 106 139 174 161 199 126 166 182 146 124 181 169 130 162 103 154 134 145 105 195 152 115 113 163 171 176 108 164 157 186 104 155 120 132 198 177 141 116 175 133 111 143 180 131 167 125 138 168 193 112 148 118 196 183 137 144 178 149 128 122 121 147 123 194 142 117 140 160 153 114 188 170 156 165 136 110 179 197 119 127 173 185 184
437 438 407 410 460 416 481 427 443 490 465 457 471 486 422 496 483 401 454 487 428 476 464 414 467 413 408 473 450 436 425 456 424 449 482 446 404 444 445 497 491 461 430 485 472 440 432 499 442 493 419 475 498 431 458 441 452 480 429 453 474 423 484 459 409 412 411 495 426 439 470 405 451 469 479 403 477 455 448 489 488 406 462 466 433 468 402 417 435 447 415 478 420 494 492 434 463
842 820 808 855 832 818 898 895 896 805 840 890 815 813 823 870 874 828 875 888 803 886 871 891 863 834 866 836 835 809 853 857 887 850 885 869 848 843 847 854 829 824 883 830 880 800 897 810 884 804 865 858 814 899 838 877 878 844 881 868 849 812 882 831 819 827 861 872 817 867 889 862 846 816 892 851 852 894 860 822 845 807 876 833 821 841 825 826 811 893 839 864 873 806 837
200 244 214 205 273 261 233 298 289 287 243 217 295 230 277 254 216 223 228 235 281 270 250 208 218 283 249 229 241 288 221 224 262 276 272 236 239 265 284 280 255 237 251 248 232 279 246 285 258 299 203 290 211 297 263 207 225 291 269 296 286 274 227 253 219 282 222 204 268 267 234 226 231 293 259 210 252 278 257 275 209 238 240 245 206 292 256 202 242 266 247 294 213 212
704 736 738 710 724 766 730 703 761 787 790 705 713 719 731 750 707 757 722 762 742 746 794 775 745 759 725 744 771 777 754 791 749 765 708 721 740 737 796 798 793 709 715 772 799 797 728 720 752 782 702 712 733 792 784 755 785 732 758 774 717 786 729 748 773 767 763 735 756 776 779 739 795 747 769 716 711 768 760 778 741 723 743 753 718 781 780 764 701 783 788 714 770 734 751
661 645 680 679 641 685 693 677 601 663 608 684 691 678 698 625 647 621 676 633 692 665 659 614 643 622 627 668 620 602 652 683 690 630 657 644 653 626 631 629 666 634 649 699 651 642 662 695 654 609 670 682 646 681 638 618 674 658 697 671 635 636 615 616 648 655 605 672 613 667 612 656 669 675 664 632 637 673 686 640 604 650 688 611 660 607 603 639 628 617 696 694 689
802
506 525 544 546 503 593 577 530 589 535 523 521 573 565 520 549 509 586 581 566 554 557 524 512 540 536 505 578 585 537 502 515 556 547 576 569 582 538 588 511 552 517 580 513 596 597 555 526 507 583 574 508 564 518 514 590 560 575 543 571 561 533 559 550 504 529 501 531 541 519 532 570 510 587 584 539 534 563 542 528 527 558 567 562 598 551 545 595 594 579 568 599 591 516
391 366 363 377 354 372 318 392 356 395 336 387 300 314 390 323 308 365 333 334 326 346 338 345 382 362 302 309 353 324 385 352 370 329 339 394 342 381 399 340 313 393 348 378 307 347 341 305 396 328 388 369 359 303 321 337 389 322 330 371 397 331 327 319 310 355 332 364 383 320 379 380 360 361 325 312 358 357 306 315 311 386 384 304 398 350 351 335 375 317 343 344 367 376 368 349
264
548
801
421
418
151
957
100
970
619
1
129
700
706
159
726
933
260
107
70
158
215
191
951
5
78
522
789
859
900
400
600
624
201
500
623
572
220
373
271
727
606
687
316
374
93
879
553
856
301
101
592
189
610
948