973
3
114
438
110
897 852 836 805 817 844 848 890 851 889 891 822 871 894 878 887 829 809 828 892 823 813 818 839 837 858 846 882 853 884 898 830 883 872 880 866 845
873
960 979 911 901 908 982 944 974 902 988 971 938 989 936 903 964 959 983 940 981 929 939 958 968 996 926 949 912 995 965 962 920 906 984 931 986
219 256 203 293 250 262 298 299 245 249 278 280 217 272 227 229 282 225 235 204 238 246 275 284 236 258 291 253 266 277
149
746
195 154 119 106 131 174 112 148 141 109 127 160 166 135 157 132 167 169 155 133 183 124 115 134 144 150 125 147 138 185 173 161 116
670
802
954
498
525 542 512 591 521 580 554 505 509 559 529 594 532 584 596 588 560 517 595 593 511 508 545 578 506 537 571 566 599 540 570 589 534 577 557 586 563 531 530 543 556 574 582 590
826
8
361 360 338 394 330 363 381 379 353 346 334 351 369 367 356 314 357 343 326 398 332 341 307 339 366 340 354 323 317 324 396 359 389 388
994
941
264
548
665
435 403 442 405 439 486 499 470 459 419 474 460 445 430 478 490 422 431 483 433 475 482 456 448 468 489 487 485 494 465 437 426 473 480 420 428 479
71
17
703
919
709
651
950
803
99
895
536
736 717 772 720 786 781 701 783 761 743 704 760 731 744 767 782 722 735 715 749 755 784 756 728 791 740 765 787 776 732
206
128
915
469
313
922
33
386
868
668
676
708
322
833
285
612
695
90
801
281
152
223
747
111
564
56
230
319
932
375
611
139
347
719
202
421
832
46 92 98 73 76 29 4 20 9 38 36 63 0 95 82 18 81 27 57 79 2 40 72 12 55 50 32 24 7 66 26 87
377
679
51
503
418
678
721
694
865
336
793
355
39
304
151
471
656
123
295
427
231
689
849
812
146
168
458
957
516
658 661 636 697 629 667 614 698 632 643 681 671 637 692 649 633 691 666 622 631 677 660 628 640 669 615 662
384
507
562
497
621
239
515
810
100
444
970
867
91
52
248
619
254
1
987
585
710
918
129
587
145
180
552
565
724
286
21
287
831
700
685
268
706
716
237
368
391
916
956
597
680
159
726
504
436
488
648
770
863
827
108
583
274
653
764
693
860
86
808
838
711
933
745
777
999
370
142
893
196
601
260
930
240
520
608
216
790
857
980
172
429
137
947
397
318
35
814
259
83
74
609
748
434
320
854
107
30
639
683
308
212
226
477
279
514
164
16
193
47
265
613
602
190
461
70
371
122
797
955
306
11
209
573
34
158
759
699
875
197
972
215
568
252
348
864
191
550
754
750
819
362
53
399
25
921
383
547
186
255
6
441
937
325
290
737
581
951
198
84
874
60
5
664
378
707
528
551
65
935
634
792
78
998
690
49
967
276
117
527
688
205
841
41
788
502
604
909
241
522
463
270
518
352
501
13
412
762
952
156
233
923
182
618
432
519
674
214
45
870
243
696
413
493
847
896
990
407
457
555
181
953
539
569
19
451
513
75
59
789
221
126
723
58
257
942
985
859
900
372
730
840
713
376
575
558
400
297
244
659
544
533
635
450
934
207
510
638
345
440
535
342
626
876
946
331
768
997
387
600
408
335
424
624
927
652
94
976
579
798
415
121
77
411
188
10
443
85
476
843
267
68
969
328
175
201
546
945
977
603
170
414
69
409
500
655
416
455
130
447
598
616
452
495
779
991
741
617
315
31
718
344
623
89
572
526
576
992
333
804
492
907
966
187
753
220
163
228
373
271
654
727
644
842
309
402
118
43
446
607
385
305
105
358
453
523
136
261
538
311
192
549
899
785
263
769
48
758
423
44
213
401
928
712
766
80
620
771
799
820
850
905
103
673
686
627
449
294
733
641
961
739
102
382
28
606
410
310
143
484
561
218
393
888
687
251
234
821
464
273
861
349
472
825
877
663
780
914
824
462
200
993
23
269
625
140
179
184
702
97
247
725
67
885
650
904
910
327
364
22
316
54
374
222
807
96
288
162
93
541
605
729
742
496
392
682
763
879
567
524
208
752
303
775
113
300
380
630
176
37
963
177
289
178
417
199
862
292
553
642
917
816
834
454
466
390
404
425
943
751
856
795
296
301
806
646
120
312
350
794
672
337
101
738
283
406
61
705
645
757
815
886
811
675
913
232
42
778
773
104
647
835
592
242
714
211
64
365
924
189
153
610
855
881
224
948
321
481
869
467
800
14
62
88
395
657
302
491
329
925
194
978
734
975
165
15
774
171
210
796
684