973
3
114
438
110
892 872 878 836 845 839 817 829 880 813 884 882 866 809 887 852 805 897 883 891 828 858 848 894 837 846 818 844 853 898 823 871 889 851 822 830 890
873
920 938 939 929 926 984 906 960 940 903 981 931 996 958 959 986 979 968 912 962 964 944 988 949 936 971 995 911 908 902 965 982 983 901 989 974
225 217 238 203 258 253 275 229 298 278 272 235 280 246 282 227 299 250 262 236 284 204 291 277 266 245 293 249 256 219
149
746
116 135 106 166 141 173 150 155 195 161 169 133 125 144 119 147 185 112 167 148 134 127 124 132 154 109 131 157 174 115 160 183 138
670
802
954
498
557 511 595 586 529 534 545 560 517 577 596 512 506 566 543 563 582 556 508 530 580 571 542 589 590 540 574 531 591 578 525 505 594 593 559 599 521 588 537 570 584 532 509
826
8
314 388 340 379 367 360 332 366 323 341 326 381 369 396 343 351 334 330 339 346 361 357 317 353 356 363 338 324 389 354 394 359 398 307
994
941
264
548
665
405 473 465 486 448 470 430 439 475 442 420 483 426 480 499 489 468 485 445 437 460 479 459 433 456 422 403 490 474 482 494 419 431 487 428 435 478
71
17
703
919
709
651
950
803
99
895
536
767 787 776 720 704 756 782 749 717 772 735 728 715 743 744 755 791 781 731 701 765 732 783 760 786 740 784 736 722 761
206
128
915
469
313
922
33
386
868
668
676
708
322
833
285
612
695
90
801
281
152
223
747
111
564
56
230
319
932
375
611
139
347
719
202
421
832
72 32 36 29 57 79 73 7 46 66 0 76 50 27 9 38 81 55 18 87 20 95 24 4 26 82 40 98 2 92 12 63
377
679
51
503
418
678
721
694
865
336
793
355
39
304
151
471
656
123
295
427
231
689
849
812
146
168
458
957
516
643 669 640 691 658 698 614 677 632 660 622 662 667 633 649 615 671 666 628 681 637 636 692 697 629 631 661
384
507
562
497
621
239
515
810
100
444
970
867
91
52
248
619
254
1
987
585
710
918
129
587
145
180
552
565
724
286
21
287
831
700
685
268
706
716
237
368
391
916
956
597
680
159
726
504
436
488
648
770
863
827
108
583
274
653
764
693
860
86
808
838
711
933
745
777
999
370
142
893
196
601
260
930
240
520
608
216
790
857
980
172
429
137
947
397
318
35
554
814
259
83
74
609
748
434
320
854
107
30
639
683
308
212
226
477
279
514
164
16
193
47
265
613
602
190
461
70
371
122
797
955
306
11
209
573
34
158
759
699
875
197
972
215
568
252
348
864
191
550
754
750
819
362
53
399
25
921
383
547
186
255
6
441
937
325
290
737
581
951
198
84
874
60
5
664
378
707
528
551
65
935
634
792
78
998
690
49
967
276
117
527
688
205
841
41
788
502
604
909
241
522
463
270
518
352
501
13
412
762
952
156
233
923
182
618
432
519
674
214
45
870
243
696
413
493
847
896
990
407
457
555
181
953
539
569
19
451
513
75
59
789
221
126
723
58
257
942
985
859
900
372
730
840
713
376
575
558
400
297
244
659
544
533
635
450
934
207
510
638
345
440
535
342
626
876
946
331
768
997
387
600
408
335
424
624
927
652
94
976
579
798
415
121
77
411
188
10
443
85
476
843
267
68
969
328
175
201
546
945
977
603
170
414
69
409
500
655
416
455
130
447
598
616
452
495
779
991
741
617
315
31
718
344
623
89
572
526
576
992
333
804
492
907
966
187
753
220
163
228
373
271
654
727
644
842
309
402
118
43
446
607
385
305
105
358
453
523
136
261
538
311
192
549
899
785
263
769
48
758
423
44
213
401
928
712
766
80
620
771
799
820
850
905
103
673
686
627
449
294
733
641
961
739
102
382
28
606
410
310
143
484
561
218
393
888
687
251
234
821
464
273
861
349
472
825
877
663
780
914
824
462
200
993
23
269
625
140
179
184
702
97
247
725
67
885
650
904
910
327
364
22
316
54
374
222
807
96
288
162
93
541
605
729
742
496
392
682
763
879
567
524
208
752
303
775
113
300
380
630
176
37
963
177
289
178
417
199
862
292
553
642
917
816
834
454
466
390
404
425
943
751
856
795
296
301
806
646
120
312
350
794
672
337
101
738
283
406
61
705
645
757
815
886
811
675
913
232
42
778
773
104
647
835
592
242
714
211
64
365
924
189
153
610
855
881
224
948
321
481
869
467
800
14
62
88
395
657
302
491
329
925
194
978
734
975
165
15
774
171
210
796
684