973
3
114
438
110
822 830 889 818 894 898 890 844 837 851 878 817 846 866 845 828 872 853 848 829 883 892 852 809 839 805 882 880 871 823 891 813 836 897 858 884 887
873
996 974 949 936 971 926 965 983 901 960 988 979 989 995 929 986 939 908 968 931 984 903 981 938 940 920 982 964 902 906 911 958 962 912 944 959
282 284 272 225 298 219 245 293 236 280 235 299 204 246 256 250 277 253 249 262 291 229 278 266 217 275 227 258 238 203
149
746
115 150 160 154 169 147 106 167 135 125 112 116 119 195 174 144 155 131 127 141 161 173 157 148 132 138 183 109 185 134 133 166 124
670
802
954
498
595 584 532 594 571 509 511 590 505 556 512 545 506 560 508 529 580 537 577 525 589 557 566 570 563 543 586 530 542 599 596 521 559 591 582 588 578 534 531 574 517 593
826
8
340 324 388 359 363 379 334 381 326 357 307 398 346 332 356 317 369 354 389 367 366 360 339 338 343 314 396 353 323 361 341 394 330 351
994
941
264
548
665
475 482 479 499 431 442 489 405 473 490 468 403 420 486 426 448 439 428 456 460 470 437 445 474 433 419 459 430 487 483 478 485 494 465 435 480 422
71
17
703
919
709
651
950
803
99
895
536
720 732 787 735 715 740 749 744 782 755 722 760 765 743 736 761 767 791 728 786 772 756 784 776 704 701 731 781 783 717
206
128
915
469
313
922
33
386
868
668
676
708
322
833
285
612
695
90
801
281
152
223
747
111
564
56
230
319
932
375
611
139
347
719
202
421
832
7 0 81 27 57 20 9 46 73 76 32 72 40 87 2 24 50 12 98 29 18 55 66 82 36 95 4 38 92 63 79 26
377
679
51
503
418
678
721
694
865
336
793
355
39
304
151
471
656
123
295
427
231
689
849
812
146
168
458
957
516
667 698 622 666 691 637 677 636 658 629 632 628 631 681 649 660 669 671 661 640 697 662 615 614 643 633 692
384
507
562
497
621
239
515
810
100
444
970
867
91
52
248
619
254
1
987
585
710
918
129
587
145
180
552
565
724
286
21
287
831
700
685
268
706
716
237
368
391
916
956
597
680
159
726
504
436
488
648
770
863
827
108
583
274
653
764
693
860
86
808
838
711
933
745
777
999
370
142
893
196
601
260
930
240
520
608
216
790
857
980
172
429
137
947
397
318
35
554
814
259
83
74
609
748
434
320
854
107
30
639
683
308
212
226
477
279
514
164
16
193
47
265
613
602
190
461
70
371
122
797
955
306
11
209
573
34
158
759
699
875
197
972
215
568
252
348
864
191
540
550
754
750
819
362
53
399
25
921
383
547
186
255
6
441
937
325
290
737
581
951
198
84
874
60
5
664
378
707
528
551
65
935
634
792
78
998
690
49
967
276
117
527
688
205
841
41
788
502
604
909
241
522
463
270
518
352
501
13
412
762
952
156
233
923
182
618
432
519
674
214
45
870
243
696
413
493
847
896
990
407
457
555
181
953
539
569
19
451
513
75
59
789
221
126
723
58
257
942
985
859
900
372
730
840
713
376
575
558
400
297
244
659
544
533
635
450
934
207
510
638
345
440
535
342
626
876
946
331
768
997
387
600
408
335
424
624
927
652
94
976
579
798
415
121
77
411
188
10
443
85
476
843
267
68
969
328
175
201
546
945
977
603
170
414
69
409
500
655
416
455
130
447
598
616
452
495
779
991
741
617
315
31
718
344
623
89
572
526
576
992
333
804
492
907
966
187
753
220
163
228
373
271
654
727
644
842
309
402
118
43
446
607
385
305
105
358
453
523
136
261
538
311
192
549
899
785
263
769
48
758
423
44
213
401
928
712
766
80
620
771
799
820
850
905
103
673
686
627
449
294
733
641
961
739
102
382
28
606
410
310
143
484
561
218
393
888
687
251
234
821
464
273
861
349
472
825
877
663
780
914
824
462
200
993
23
269
625
140
179
184
702
97
247
725
67
885
650
904
910
327
364
22
316
54
374
222
807
96
288
162
93
541
605
729
742
496
392
682
763
879
567
524
208
752
303
775
113
300
380
630
176
37
963
177
289
178
417
199
862
292
553
642
917
816
834
454
466
390
404
425
943
751
856
795
296
301
806
646
120
312
350
794
672
337
101
738
283
406
61
705
645
757
815
886
811
675
913
232
42
778
773
104
647
835
592
242
714
211
64
365
924
189
153
610
855
881
224
948
321
481
869
467
800
14
62
88
395
657
302
491
329
925
194
978
734
975
165
15
774
171
210
796
684