973
3
114
438
110
813 853 844 884 828 823 897 882 883 891 880 809 830 829 872 871 836 851 817 805 892 878 845 839 837 846 894 858 822 898 852 848 889 866 890
873
989 944 965 959 958 939 964 962 995 981 901 986 949 936 968 982 938 996 940 979 926 984 903 908 929 911 974 983 906 920 902 988 960 931 971 912
278 298 284 245 256 258 253 203 272 291 204 277 250 217 219 280 282 229 236 227 299 275 235 293 246 266 238 262 249 225
149
746
169 154 131 115 183 167 127 147 116 166 161 138 144 119 195 141 106 173 112 125 135 157 150 155 185 148 109 132 124 134 133 160 174
670
802
954
498
531 508 529 511 557 537 586 577 584 570 534 578 543 574 559 589 506 509 560 512 595 556 594 505 580 599 532 590 542 596 563 571 517 525 591 593 545 530 588 582 566 521
826
8
341 381 343 334 326 330 396 379 351 317 367 338 369 339 356 353 324 340 360 361 363 346 323 332 394 357 398 366 389 388 354 359 314 307
994
941
264
548
665
431 403 405 480 468 420 428 439 422 459 435 487 437 448 456 486 470 482 483 479 494 490 419 489 499 465 430 473 475 426 445 433 474 478 485 442 460
71
17
703
919
709
651
950
803
99
895
536
704 784 782 732 791 755 722 765 744 715 787 783 728 749 720 772 776 786 740 731 717 767 735 781 736 743 701 761 760 756
206
128
915
469
313
922
33
386
868
668
676
708
322
833
285
612
695
90
801
281
152
223
747
111
564
56
230
319
932
375
611
139
347
719
202
421
832
9 46 92 0 20 50 66 79 73 63 36 76 40 26 2 87 57 95 24 12 55 81 72 82 98 27 7 18 29 38 4 32
377
679
51
503
418
678
721
694
865
336
793
355
39
304
151
471
656
123
295
427
231
689
849
812
146
168
458
957
516
628 640 662 614 677 692 622 637 667 658 669 691 661 666 643 631 615 697 633 636 629 649 671 681 698 660 632
384
507
562
497
621
239
515
810
100
444
970
867
91
52
248
619
254
1
987
585
710
918
129
587
145
180
552
565
724
286
21
287
831
700
685
268
706
716
237
368
391
916
956
597
680
159
726
504
436
488
648
770
863
827
108
583
274
653
764
693
860
86
808
838
711
933
745
777
999
370
142
893
196
601
260
930
240
520
608
216
790
857
980
172
429
137
947
397
318
35
554
814
259
83
74
609
748
434
320
854
107
30
639
683
308
212
226
477
279
514
164
16
193
47
265
613
602
190
461
70
371
122
797
955
306
11
209
573
34
158
759
699
875
197
972
215
568
252
348
864
191
540
550
754
750
819
362
53
399
25
921
383
547
186
255
6
441
937
325
290
737
581
951
198
84
874
60
5
664
378
707
528
551
65
818
935
634
792
78
998
690
49
967
276
117
527
688
205
841
41
788
502
604
909
241
522
463
270
518
352
501
13
412
762
952
156
233
923
182
618
432
519
674
214
45
870
243
696
413
493
847
896
990
407
457
555
181
953
539
569
19
451
513
75
59
789
221
126
723
58
257
942
985
859
900
372
730
840
713
376
575
558
400
297
244
659
544
533
635
450
934
207
510
638
345
440
535
342
626
876
946
331
768
997
387
600
408
335
424
624
927
652
94
976
579
798
415
121
77
411
188
10
443
85
476
843
267
68
969
328
175
201
546
945
977
603
170
414
69
409
500
655
416
455
130
447
598
616
452
495
779
991
741
617
315
31
718
344
623
89
572
526
576
992
333
804
492
907
966
187
753
220
163
228
373
271
654
727
644
842
309
402
118
43
446
607
385
305
105
358
453
523
136
261
538
311
192
549
899
785
263
769
48
758
423
44
213
401
928
712
766
80
620
771
799
820
850
905
103
673
686
627
449
294
733
641
961
739
102
382
28
606
410
310
143
484
561
218
393
888
687
251
234
821
464
273
861
349
472
825
877
663
780
914
824
462
200
993
23
269
625
140
179
184
702
97
247
725
67
885
650
904
910
327
364
22
316
54
374
222
807
96
288
162
93
541
605
729
742
496
392
682
763
879
567
887
524
208
752
303
775
113
300
380
630
176
37
963
177
289
178
417
199
862
292
553
642
917
816
834
454
466
390
404
425
943
751
856
795
296
301
806
646
120
312
350
794
672
337
101
738
283
406
61
705
645
757
815
886
811
675
913
232
42
778
773
104
647
835
592
242
714
211
64
365
924
189
153
610
855
881
224
948
321
481
869
467
800
14
62
88
395
657
302
491
329
925
194
978
734
975
165
15
774
171
210
796
684