973
3
114
438
110
882 871 866 883 897 852 853 878 836 809 848 851 898 813 844 872 817 845 829 805 884 846 828 823 892 889 839 890 837 880 894 830 858 822 891
873
944 988 996 979 949 912 902 995 906 982 958 901 940 959 908 989 926 936 965 964 984 931 971 939 962 929 983 920 986 903 911 938 974 981 960
282 256 249 227 258 253 293 217 236 238 235 219 266 277 203 298 299 229 272 225 291 250 275 245 204 284 246 280 262 278
149
746
157 154 155 115 147 127 195 112 148 166 161 174 106 132 135 167 138 131 160 173 144 141 169 119 133 125 124 109 150 134 116 183 185
670
802
954
498
512 563 596 542 560 530 537 532 534 543 529 578 582 584 593 580 556 591 521 511 574 559 577 589 588 545 506 525 531 557 509 517 566 595 590 599 570 505 571 594 508 586
826
8
367 326 341 339 379 360 366 389 398 317 381 314 338 353 307 330 324 369 334 346 394 361 396 323 340 363 356 343 332 388 351 354 359 357
994
941
264
548
665
428 439 494 459 442 486 437 470 479 473 420 480 489 435 475 405 460 433 426 474 431 482 445 422 483 487 478 465 430 499 448 419 468 490 456 403
71
17
703
919
709
651
950
803
99
895
536
760 736 776 772 787 740 765 749 756 755 782 791 732 743 735 744 761 720 715 731 704 781 701 728 786 717 722 767 783 784
206
128
915
469
313
922
33
386
868
668
676
708
968
322
833
285
612
695
90
801
281
152
223
747
111
564
56
230
319
932
375
611
139
347
719
202
421
832
82 40 98 32 87 46 24 20 95 7 18 73 38 81 50 2 26 27 36 66 0 55 29 92 76 4 9 79 72 12 57 63
377
679
51
503
418
678
721
694
865
336
793
355
39
304
151
471
656
123
295
427
231
689
849
812
146
168
458
957
516
698 622 697 660 681 692 643 614 633 615 658 637 629 628 632 677 669 661 667 636 666 631 640 691 671 662 649
384
507
562
497
621
239
515
810
100
444
970
867
91
52
248
619
254
1
987
585
710
918
129
587
145
180
552
565
724
286
21
287
831
700
685
268
706
716
237
368
391
916
956
597
680
159
726
504
436
488
648
770
863
827
108
583
274
653
764
693
860
86
808
838
711
933
745
777
999
370
142
893
196
601
260
930
240
520
608
216
790
857
980
172
429
137
947
397
318
35
554
814
259
83
74
609
748
434
320
854
107
30
639
683
308
212
226
477
279
514
164
16
193
47
265
613
602
190
461
70
371
122
797
955
306
11
209
573
34
158
759
699
875
197
972
215
568
252
348
864
191
540
550
754
750
819
362
53
399
25
921
383
547
186
255
6
441
937
325
290
737
581
485
951
198
84
874
60
5
664
378
707
528
551
65
818
935
634
792
78
998
690
49
967
276
117
527
688
205
841
41
788
502
604
909
241
522
463
270
518
352
501
13
412
762
952
156
233
923
182
618
432
519
674
214
45
870
243
696
413
493
847
896
990
407
457
555
181
953
539
569
19
451
513
75
59
789
221
126
723
58
257
942
985
859
900
372
730
840
713
376
575
558
400
297
244
659
544
533
635
450
934
207
510
638
345
440
535
342
626
876
946
331
768
997
387
600
408
335
424
624
927
652
94
976
579
798
415
121
77
411
188
10
443
85
476
843
267
68
969
328
175
201
546
945
977
603
170
414
69
409
500
655
416
455
130
447
598
616
452
495
779
991
741
617
315
31
718
344
623
89
572
526
576
992
333
804
492
907
966
187
753
220
163
228
373
271
654
727
644
842
309
402
118
43
446
607
385
305
105
358
453
523
136
261
538
311
192
549
899
785
263
769
48
758
423
44
213
401
928
712
766
80
620
771
799
820
850
905
103
673
686
627
449
294
733
641
961
739
102
382
28
606
410
310
143
484
561
218
393
888
687
251
234
821
464
273
861
349
472
825
877
663
780
914
824
462
200
993
23
269
625
140
179
184
702
97
247
725
67
885
650
904
910
327
364
22
316
54
374
222
807
96
288
162
93
541
605
729
742
496
392
682
763
879
567
887
524
208
752
303
775
113
300
380
630
176
37
963
177
289
178
417
199
862
292
553
642
917
816
834
454
466
390
404
425
943
751
856
795
296
301
806
646
120
312
350
794
672
337
101
738
283
406
61
705
645
757
815
886
811
675
913
232
42
778
773
104
647
835
592
242
714
211
64
365
924
189
153
610
855
881
224
948
321
481
869
467
800
14
62
88
395
657
302
491
329
925
194
978
734
975
165
15
774
171
210
796
684