973
3
114
438
110
858 837 848 829 830 822 898 890 889 823 883 897 839 809 836 844 891 852 817 866 880 882 894 813 878 828 805 871 853 846 851 872 884 845 892
873
931 949 906 995 903 929 920 959 971 939 936 901 965 938 964 902 944 958 908 982 979 960 989 974 988 981 962 983 911 984 986 926 996 940 912
258 272 284 235 203 246 253 298 250 266 219 282 280 275 225 249 217 229 256 236 262 293 299 245 277 291 278 238 204 227
149
746
141 135 109 138 127 125 134 155 185 195 167 160 174 144 106 124 166 131 132 115 154 183 148 133 173 157 147 116 169 112 161 150 119
670
802
954
498
588 512 532 596 563 595 560 590 530 570 593 506 594 578 529 577 559 537 599 591 589 545 521 508 534 531 582 517 584 525 557 509 556 505 574 511 580 571 543 586 566 542
826
8
351 381 330 389 346 356 339 363 361 354 379 340 334 396 307 394 353 324 360 366 367 398 357 332 341 388 326 359 343 323 317 369 338 314
994
941
264
548
665
403 470 456 435 490 479 445 430 437 405 420 431 494 433 480 489 482 487 442 465 422 428 448 499 483 426 468 439 460 478 459 419 473 474 475 486
71
17
703
919
709
651
950
803
99
895
536
784 744 743 749 722 772 756 717 791 720 783 760 736 755 786 761 728 782 765 767 732 776 715 701 740 731 735 704 787
206
128
915
469
313
922
33
386
868
668
676
708
968
781
322
833
285
612
695
90
801
281
152
223
747
111
564
56
230
319
932
375
611
139
347
719
202
421
832
50 36 40 81 24 73 72 26 82 20 98 2 95 79 29 18 9 76 0 46 57 7 4 66 55 12 87 27 32 63 38 92
377
679
51
503
418
678
721
694
865
336
793
355
39
304
151
471
656
123
295
427
231
689
849
812
146
168
458
957
516
622 633 658 649 677 669 643 629 671 666 614 636 692 632 640 637 662 698 615 697 661 681 628 631 667 660 691
384
507
562
497
621
239
515
810
100
444
970
867
91
52
248
619
254
1
987
585
710
918
129
587
145
180
552
565
724
286
21
287
831
700
685
268
706
716
237
368
391
916
956
597
680
159
726
504
436
488
648
770
863
827
108
583
274
653
764
693
860
86
808
838
711
933
745
777
999
370
142
893
196
601
260
930
240
520
608
216
790
857
980
172
429
137
947
397
318
35
554
814
259
83
74
609
748
434
320
854
107
30
639
683
308
212
226
477
279
514
164
16
193
47
265
613
602
190
461
70
371
122
797
955
306
11
209
573
34
158
759
699
875
197
972
215
568
252
348
864
191
540
550
754
750
819
362
53
399
25
921
383
547
186
255
6
441
937
325
290
737
581
485
951
198
84
874
60
5
664
378
707
528
551
65
818
935
634
792
78
998
690
49
967
276
117
527
688
205
841
41
788
502
604
909
241
522
463
270
518
352
501
13
412
762
952
156
233
923
182
618
432
519
674
214
45
870
243
696
413
493
847
896
990
407
457
555
181
953
539
569
19
451
513
75
59
789
221
126
723
58
257
942
985
859
900
372
730
840
713
376
575
558
400
297
244
659
544
533
635
450
934
207
510
638
345
440
535
342
626
876
946
331
768
997
387
600
408
335
424
624
927
652
94
976
579
798
415
121
77
411
188
10
443
85
476
843
267
68
969
328
175
201
546
945
977
603
170
414
69
409
500
655
416
455
130
447
598
616
452
495
779
991
741
617
315
31
718
344
623
89
572
526
576
992
333
804
492
907
966
187
753
220
163
228
373
271
654
727
644
842
309
402
118
43
446
607
385
305
105
358
453
523
136
261
538
311
192
549
899
785
263
769
48
758
423
44
213
401
928
712
766
80
620
771
799
820
850
905
103
673
686
627
449
294
733
641
961
739
102
382
28
606
410
310
143
484
561
218
393
888
687
251
234
821
464
273
861
349
472
825
877
663
780
914
824
462
200
993
23
269
625
140
179
184
702
97
247
725
67
885
650
904
910
327
364
22
316
54
374
222
807
96
288
162
93
541
605
729
742
496
392
682
763
879
567
887
524
208
752
303
775
113
300
380
630
176
37
963
177
289
178
417
199
862
292
553
642
917
816
834
454
466
390
404
425
943
751
856
795
296
301
806
646
120
312
350
794
672
337
101
738
283
406
61
705
645
757
815
886
811
675
913
232
42
778
773
104
647
835
592
242
714
211
64
365
924
189
153
610
855
881
224
948
321
481
869
467
800
14
62
88
395
657
302
491
329
925
194
978
734
975
165
15
774
171
210
796
684