973
3
114
438
110
848 837 871 809 891 853 858 805 828 897 830 878 898 836 845 882 852 883 839 813 872 884 844 890 823 892 880 822 829 817 866 851 889
873
971 903 958 929 911 908 959 965 979 986 996 989 912 983 962 931 906 939 995 936 988 940 964 974 901 902 938 982 944 926 981 949 984 920 960
246 227 284 238 258 299 250 280 236 245 298 256 235 291 277 278 293 282 262 219 272 204 275 249 229 203 217 253 266 225
149
746
148 115 150 144 109 116 119 169 174 173 195 133 125 141 155 127 134 106 157 131 160 135 147 167 161 138 185 124 166 132 112 183 154
670
802
954
498
594 557 560 599 508 588 506 590 517 563 531 532 566 591 511 595 530 596 545 574 542 505 521 534 559 571 529 582 586 512 589 525 577 537 593 543 509 584 556 578 570 580
826
8
334 326 338 341 367 388 340 389 356 324 398 366 307 346 360 354 379 314 343 396 381 317 351 353 357 332 369 394 363 339 359 330 361 323
994
941
264
548
665
460 482 486 428 459 468 433 435 420 439 419 494 431 499 437 474 470 473 483 490 487 442 456 480 478 426 475 445 405 479 465 430 448 489 422 403
894
71
17
703
919
709
651
950
803
99
895
536
717 735 755 731 787 782 728 732 720 776 744 761 760 749 740 765 772 704 756 743 767 791 715 722 786 701 783 784 736
206
128
915
469
313
922
33
386
868
668
676
708
968
781
322
833
285
612
695
90
801
281
152
846
223
747
111
564
56
230
319
932
375
611
139
347
719
202
421
832
46 87 18 40 24 4 50 2 81 32 27 82 66 79 92 36 0 7 26 98 72 29 55 38 95 57 9 12 73 20 76 63
377
679
51
503
418
678
721
694
865
336
793
355
39
304
151
471
656
123
295
427
231
689
849
812
146
168
458
957
516
691 692 631 614 637 658 632 677 622 633 662 661 681 628 666 643 649 667 671 669 660 615 697 629 636 640 698
384
507
562
497
621
239
515
810
100
444
970
867
91
52
248
619
254
1
987
585
710
918
129
587
145
180
552
565
724
286
21
287
831
700
685
268
706
716
237
368
391
916
956
597
680
159
726
504
436
488
648
770
863
827
108
583
274
653
764
693
860
86
808
838
711
933
745
777
999
370
142
893
196
601
260
930
240
520
608
216
790
857
980
172
429
137
947
397
318
35
554
814
259
83
74
609
748
434
320
854
107
30
639
683
308
212
226
477
279
514
164
16
193
47
265
613
602
190
461
70
371
122
797
955
306
11
209
573
34
158
759
699
875
197
972
215
568
252
348
864
191
540
550
754
750
819
362
53
399
25
921
383
547
186
255
6
441
937
325
290
737
581
485
951
198
84
874
60
5
664
378
707
528
551
65
818
935
634
792
78
998
690
49
967
276
117
527
688
205
841
41
788
502
604
909
241
522
463
270
518
352
501
13
412
762
952
156
233
923
182
618
432
519
674
214
45
870
243
696
413
493
847
896
990
407
457
555
181
953
539
569
19
451
513
75
59
789
221
126
723
58
257
942
985
859
900
372
730
840
713
376
575
558
400
297
244
659
544
533
635
450
934
207
510
638
345
440
535
342
626
876
946
331
768
997
387
600
408
335
424
624
927
652
94
976
579
798
415
121
77
411
188
10
443
85
476
843
267
68
969
328
175
201
546
945
977
603
170
414
69
409
500
655
416
455
130
447
598
616
452
495
779
991
741
617
315
31
718
344
623
89
572
526
576
992
333
804
492
907
966
187
753
220
163
228
373
271
654
727
644
842
309
402
118
43
446
607
385
305
105
358
453
523
136
261
538
311
192
549
899
785
263
769
48
758
423
44
213
401
928
712
766
80
620
771
799
820
850
905
103
673
686
627
449
294
733
641
961
739
102
382
28
606
410
310
143
484
561
218
393
888
687
251
234
821
464
273
861
349
472
825
877
663
780
914
824
462
200
993
23
269
625
140
179
184
702
97
247
725
67
885
650
904
910
327
364
22
316
54
374
222
807
96
288
162
93
541
605
729
742
496
392
682
763
879
567
887
524
208
752
303
775
113
300
380
630
176
37
963
177
289
178
417
199
862
292
553
642
917
816
834
454
466
390
404
425
943
751
856
795
296
301
806
646
120
312
350
794
672
337
101
738
283
406
61
705
645
757
815
886
811
675
913
232
42
778
773
104
647
835
592
242
714
211
64
365
924
189
153
610
855
881
224
948
321
481
869
467
800
14
62
88
395
657
302
491
329
925
194
978
734
975
165
15
774
171
210
796
684