945 967 944 916 930 928 911 908 920 906 918 987 961 960 981 943 905 984 986 940 991 929 947 974 966 953 962 969 999 925 955 971 939 942 923 998 995 996 992 922 979 975 988 912 997 949 926 927 935 954 937 938 934 919 917 941 985 982 978 973 965 963 936 909 902 952 913 910 921 977 958 932 980 904 968 983 914 956 959 993 907 931 903 946 915 901 964 989 972 994 976 950 990 924
22 69 13 61 79 66 95 96 68 52 40 80 8 60 64 63 18 86 14 81 98 34 71 37 33 90 43 16 75 7 29 21 38 23 48 4 74 36 67 91 26 42 41 49 45 84 20 32 24 57 77 72 94 17 85 6 27 99 54 65 9 89 97 39 56 50 25 31 46 10 15 30 53 3 0 58 59 76 11 35 88 47 2 55 12 87 73 19 44 51 82 62 83 92 28
167 153 173 165 106 112 161 146 171 150 152 116 179 124 138 170 122 178 154 121 145 134 174 119 163 185 102 123 168 196 127 156 109 198 194 172 190 110 132 139 105 128 140 160 186 183 113 136 137 148 188 130 157 120 111 164 169 135 187 193 180 126 115 199 195 118 143 108 175 117 131 184 125 162 141 176 149 192 181 133 104 197 147 182 144 177 142 103 166 155 114
426 457 485 472 427 474 453 481 430 447 413 417 440 493 464 408 448 404 490 468 477 483 497 494 401 482 416 499 406 456 411 484 441 449 498 461 463 431 425 488 469 444 458 491 433 475 446 486 409 428 436 465 410 412 492 402 487 462 466 405 470 489 407 480 443 415 473 419 420 476 439 471 438 434 496 478 435 450 451 424 414 422 437 445 403 442 423 479 459 455 432 452 429 460 467 454 495
824 899 815 878 826 819 831 818 898 837 813 835 863 885 834 871 892 828 854 806 887 805 894 840 889 849 810 866 884 875 850 846 874 888 883 836 860 829 868 876 886 882 803 877 869 822 833 838 800 812 891 821 807 841 865 858 808 811 873 804 827 890 814 896 895 847 881 839 842 862 853 880 844 848 845 820 830 861 817 870 843 852 816 893 864 851 855 823 809 872 857 832 897 867 825
244 235 274 227 255 292 265 233 257 236 203 214 269 285 213 273 261 262 246 245 295 277 228 240 266 231 270 299 242 275 223 254 247 249 229 286 206 256 222 287 263 205 276 210 202 268 241 238 278 248 251 239 243 281 232 291 216 250 207 297 280 218 252 259 221 258 217 225 212 224 288 230 272 208 293 284 204 211 253 226 237 298 267 279 219 282 289 283 200 290 209 294 234
774 795 758 704 781 715 703 717 757 761 791 705 752 748 733 713 721 799 724 788 755 797 743 768 759 766 722 777 779 723 773 778 793 714 730 772 746 775 735 745 770 767 763 711 737 792 702 740 754 756 734 725 765 769 708 787 762 709 790 739 771 780 784 798 729 764 712 741 747 736 760 786 783 750 744 728 753 707 794 719 749 716 718 731 796 776 785 738 732 710 720 742 751 701 782
640 681 674 668 628 627 605 680 621 696 662 602 660 688 637 654 620 609 613 665 657 659 612 644 694 671 633 617 686 603 638 651 691 689 677 692 635 697 656 649 683 690 626 622 625 645 608 653 667 639 618 693 641 632 631 630 629 679 636 652 698 682 684 648 601 642 695 655 650 658 672 663 670 661 607 675 664 678 685 615 616 647 634 643 611 669 646 614 699 604 676 666 673
802
578 525 559 582 568 505 589 590 585 529 514 591 565 593 560 562 587 551 581 561 566 518 531 574 528 550 546 555 503 527 510 584 526 552 579 573 532 569 567 564 558 538 517 599 556 595 502 511 530 506 534 570 543 577 507 547 521 533 539 501 575 596 598 563 512 576 536 515 583 519 508 541 594 544 557 597 516 535 509 524 520 540 504 537 554 580 571 545 588 586 549 542 513 523
353 348 300 395 343 361 386 351 367 378 328 390 314 382 322 365 333 399 387 354 349 356 325 355 380 326 329 388 336 393 362 346 312 394 371 335 385 364 396 334 320 309 359 384 345 370 315 331 383 307 358 341 381 357 352 305 368 392 391 319 338 321 363 302 360 304 372 337 330 318 324 397 339 375 377 398 347 340 317 379 313 389 350 327 310 311 342 323 332 369 308 366 344 303 306 376
264
548
801
421
418
151
957
100
970
619
1
129
700
706
159
726
933
260
107
70
158
215
191
951
5
78
522
789
859
900
400
600
624
201
500
623
572
220
373
271
727
606
687
316
374
93
879
553
856
296
301
101
592
189
610
948