973
3
114
438
110
878 852 891 839 817 897 872 892 871 889 866 853 890 844 884 809 828 805 837 848 829 822 823 858 851 898 882 883 880 845 836 813 830
873
926 903 959 971 979 984 936 958 989 995 920 965 960 996 983 902 938 931 906 940 986 939 981 901 974 908 944 962 929 912 911 949 964 988 982
249 256 245 284 291 238 227 258 217 253 204 293 298 229 282 266 219 277 225 250 299 272 235 280 246 236 275 203 262 278
149
746
148 144 173 157 106 154 112 183 160 124 141 135 167 133 155 150 138 125 161 134 166 116 132 195 119 169 131 185 109 174 127 147 115
670
802
954
498
509 559 570 595 560 582 578 556 566 580 529 508 531 545 586 512 596 532 593 571 563 511 589 506 577 594 591 590 530 543 517 505 557 525 574 537 534 584 588 521 599 542
826
8
379 360 332 317 353 341 338 394 323 357 354 326 369 367 307 396 359 351 346 388 381 334 389 340 398 356 330 343 361 339 314 366 324 363
994
941
264
548
665
448 490 439 480 499 486 489 437 475 482 428 474 445 470 479 465 473 442 426 478 433 435 420 405 459 430 422 403 468 460 456 483 487 431 494
894
71
17
703
919
709
651
950
803
99
895
536
736 732 731 728 787 715 761 704 786 756 776 760 743 765 701 749 783 772 791 740 767 735 755 784 717 720 744 722 782
206
128
915
469
313
922
33
386
868
668
676
708
968
781
322
833
285
612
695
90
801
281
152
846
223
747
111
564
56
230
319
932
375
611
139
347
719
202
421
832
18 82 0 36 40 73 66 98 55 72 87 57 27 2 7 46 38 29 20 9 81 50 63 32 12 76 26 24 95 4 92 79
377
679
51
503
418
678
721
694
865
336
793
355
39
304
151
471
656
123
295
427
231
689
849
812
146
168
458
957
516
698 637 629 615 666 649 628 660 661 669 640 691 633 614 681 631 662 636 632 667 622 697 677 643 692 671 658
384
507
562
497
621
239
515
810
100
444
970
867
91
52
248
619
254
1
987
585
710
918
129
587
145
180
552
565
724
286
21
287
831
700
685
268
706
716
237
368
391
916
956
597
680
159
726
504
436
488
648
770
863
827
108
583
274
653
764
693
860
86
808
838
711
933
745
777
999
370
142
893
196
601
260
930
240
520
608
216
790
857
980
172
429
137
947
397
318
35
554
814
259
83
74
609
748
434
320
854
107
30
639
683
308
212
226
477
279
514
164
16
193
47
265
613
602
190
461
70
371
122
797
955
306
11
209
573
419
34
158
759
699
875
197
972
215
568
252
348
864
191
540
550
754
750
819
362
53
399
25
921
383
547
186
255
6
441
937
325
290
737
581
485
951
198
84
874
60
5
664
378
707
528
551
65
818
935
634
792
78
998
690
49
967
276
117
527
688
205
841
41
788
502
604
909
241
522
463
270
518
352
501
13
412
762
952
156
233
923
182
618
432
519
674
214
45
870
243
696
413
493
847
896
990
407
457
555
181
953
539
569
19
451
513
75
59
789
221
126
723
58
257
942
985
859
900
372
730
840
713
376
575
558
400
297
244
659
544
533
635
450
934
207
510
638
345
440
535
342
626
876
946
331
768
997
387
600
408
335
424
624
927
652
94
976
579
798
415
121
77
411
188
10
443
85
476
843
267
68
969
328
175
201
546
945
977
603
170
414
69
409
500
655
416
455
130
447
598
616
452
495
779
991
741
617
315
31
718
344
623
89
572
526
576
992
333
804
492
907
966
187
753
220
163
228
373
271
654
727
644
842
309
402
118
43
446
607
385
305
105
358
453
523
136
261
538
311
192
549
899
785
263
769
48
758
423
44
213
401
928
712
766
80
620
771
799
820
850
905
103
673
686
627
449
294
733
641
961
739
102
382
28
606
410
310
143
484
561
218
393
888
687
251
234
821
464
273
861
349
472
825
877
663
780
914
824
462
200
993
23
269
625
140
179
184
702
97
247
725
67
885
650
904
910
327
364
22
316
54
374
222
807
96
288
162
93
541
605
729
742
496
392
682
763
879
567
887
524
208
752
303
775
113
300
380
630
176
37
963
177
289
178
417
199
862
292
553
642
917
816
834
454
466
390
404
425
943
751
856
795
296
301
806
646
120
312
350
794
672
337
101
738
283
406
61
705
645
757
815
886
811
675
913
232
42
778
773
104
647
835
592
242
714
211
64
365
924
189
153
610
855
881
224
948
321
481
869
467
800
14
62
88
395
657
302
491
329
925
194
978
734
975
165
15
774
171
210
796
684