973
3
114
438
110
839 898 890 872 852 858 829 884 848 845 823 883 871 809 813 889 880 866 844 878 828 892 882 822 836 830 817 853 891 837 897 805 851
873
938 949 906 962 931 988 903 929 982 989 986 965 926 901 944 971 912 939 960 920 908 995 936 902 984 958 959 979 974 964 983 996 940 981
246 238 236 298 272 266 284 229 204 253 275 291 250 217 262 235 277 227 256 225 280 203 249 278 245 299 293 219 258 282
149
746
119 141 161 155 131 157 150 154 166 133 148 173 147 106 138 124 109 115 116 167 185 134 195 135 112 160 183 174 169 132 144 125 127
670
802
954
498
590 593 595 531 570 596 509 563 560 586 589 571 505 529 557 556 566 594 537 532 543 580 584 508 517 511 534 591 559 525 574 521 577 530 506 542 599 512 545 578 582 588
826
8
341 340 346 398 394 330 314 307 353 396 359 388 369 351 323 343 334 332 367 357 339 338 324 366 379 326 360 317 363 354 381 361 356 389
994
941
264
548
665
430 431 437 480 468 494 403 474 499 405 428 435 490 487 420 486 475 445 426 478 470 489 456 482 483 422 465 459 479 442 460 473 439 433 448
894
71
17
703
919
709
651
950
803
99
895
536
704 743 731 765 755 720 749 736 732 722 701 760 772 715 787 717 761 767 740 782 756 791 776 784 728 744 735 786 783
206
128
915
469
313
922
33
386
868
668
676
708
968
781
322
833
285
612
695
90
801
281
152
846
223
747
111
564
56
230
319
932
375
611
139
347
719
202
421
832
9 79 76 87 66 29 63 24 55 46 92 38 82 72 2 32 20 50 95 4 26 73 36 98 12 27 0 57 81 18 40 7
377
679
51
503
418
678
721
694
865
336
793
355
39
304
151
471
656
123
295
427
231
689
849
812
146
168
458
957
516
622 615 669 698 662 660 697 691 643 692 658 631 637 632 667 640 628 614 661 629 636 633 671 649 677 681 666
384
507
562
497
621
239
515
810
100
444
970
867
91
52
248
619
254
1
987
585
710
918
129
587
145
180
552
565
724
286
21
287
831
700
685
268
706
716
237
368
391
916
956
597
680
159
726
504
436
488
648
770
863
827
108
583
274
653
764
693
860
86
808
838
711
933
745
777
999
370
142
893
196
601
260
930
240
520
608
216
790
857
980
172
429
137
947
397
318
35
554
814
259
83
74
609
748
434
320
854
107
30
639
683
308
212
226
477
279
514
164
16
193
47
265
613
602
190
461
70
371
122
797
955
306
11
209
573
419
34
158
759
699
875
197
972
215
568
252
348
864
191
540
550
754
750
819
362
53
399
25
921
383
547
186
255
6
441
937
325
290
737
581
485
951
198
84
874
60
5
664
378
707
528
551
65
818
935
634
792
78
998
690
49
967
276
117
527
688
205
841
41
788
502
604
909
241
522
463
270
518
352
501
13
412
762
952
156
233
923
182
618
432
519
674
214
45
870
243
696
413
493
847
896
990
407
457
555
181
953
539
569
19
451
513
75
59
789
221
126
723
58
257
942
985
859
900
372
730
840
713
376
575
558
400
297
244
659
544
533
635
450
934
207
510
638
345
440
535
342
626
876
946
331
768
997
387
600
408
335
424
624
927
652
94
976
579
798
415
121
77
411
188
10
443
85
476
843
267
68
911
969
328
175
201
546
945
977
603
170
414
69
409
500
655
416
455
130
447
598
616
452
495
779
991
741
617
315
31
718
344
623
89
572
526
576
992
333
804
492
907
966
187
753
220
163
228
373
271
654
727
644
842
309
402
118
43
446
607
385
305
105
358
453
523
136
261
538
311
192
549
899
785
263
769
48
758
423
44
213
401
928
712
766
80
620
771
799
820
850
905
103
673
686
627
449
294
733
641
961
739
102
382
28
606
410
310
143
484
561
218
393
888
687
251
234
821
464
273
861
349
472
825
877
663
780
914
824
462
200
993
23
269
625
140
179
184
702
97
247
725
67
885
650
904
910
327
364
22
316
54
374
222
807
96
288
162
93
541
605
729
742
496
392
682
763
879
567
887
524
208
752
303
775
113
300
380
630
176
37
963
177
289
178
417
199
862
292
553
642
917
816
834
454
466
390
404
425
943
751
856
795
296
301
806
646
120
312
350
794
672
337
101
738
283
406
61
705
645
757
815
886
811
675
913
232
42
778
773
104
647
835
592
242
714
211
64
365
924
189
153
610
855
881
224
948
321
481
869
467
800
14
62
88
395
657
302
491
329
925
194
978
734
975
165
15
774
171
210
796
684