973
3
114
438
110
851 829 883 828 897 853 892 852 882 830 813 891 848 871 866 858 890 884 878 817 837 836 839 898 805 880 889 844 872 809 845 822 823
873
974 936 944 979 931 959 902 906 901 983 962 938 929 981 995 912 908 996 920 988 964 965 971 989 939 949 903 984 958 960 926 982 940 986
253 217 225 246 219 284 282 262 258 236 293 277 249 238 298 256 227 266 280 299 245 229 291 278 250 235 203 275 272 204
149
746
135 148 150 132 119 147 173 185 138 115 161 157 195 174 112 183 166 109 169 144 154 160 134 141 133 106 155 124 127 131 167 125 116
670
802
954
498
566 589 557 529 574 521 595 545 537 532 512 542 509 596 586 571 505 511 578 517 530 594 560 577 593 580 570 556 591 508 525 559 531 543 588 563 584 590 582 506 599 534
826
8
389 354 360 369 340 361 314 326 353 363 367 338 351 332 359 317 357 381 379 396 307 394 323 388 346 341 343 356 324 334 330 366 339 398
994
941
264
548
665
470 448 482 475 486 403 487 420 430 489 468 494 445 480 442 426 428 439 456 437 474 483 479 499 435 473 490 405 433 460 465 422 478 459
894
71
17
703
919
709
651
950
803
99
895
536
765 782 772 722 760 776 731 704 756 732 740 735 744 743 755 715 728 720 701 784 749 761 787 736 767 791 717 783 786
206
128
915
469
313
922
33
386
868
668
676
708
968
781
322
833
285
612
695
90
801
281
152
846
223
747
111
564
56
230
319
932
375
611
139
347
719
202
421
832
63 66 95 98 38 9 24 26 82 92 72 87 55 2 57 12 18 46 81 4 29 0 79 73 20 40 32 76 27 7 50 36
377
679
51
503
418
431
678
721
694
865
336
793
355
39
304
151
471
656
123
295
427
231
689
849
812
146
168
458
957
516
677 667 681 628 643 660 692 666 661 669 658 622 636 633 632 697 637 698 649 691 631 671 662 640 614 629 615
384
507
562
497
621
239
515
810
100
444
970
867
91
52
248
619
254
1
987
585
710
918
129
587
145
180
552
565
724
286
21
287
831
700
685
268
706
716
237
368
391
916
956
597
680
159
726
504
436
488
648
770
863
827
108
583
274
653
764
693
860
86
808
838
711
933
745
777
999
370
142
893
196
601
260
930
240
520
608
216
790
857
980
172
429
137
947
397
318
35
554
814
259
83
74
609
748
434
320
854
107
30
639
683
308
212
226
477
279
514
164
16
193
47
265
613
602
190
461
70
371
122
797
955
306
11
209
573
419
34
158
759
699
875
197
972
215
568
252
348
864
191
540
550
754
750
819
362
53
399
25
921
383
547
186
255
6
441
937
325
290
737
581
485
951
198
84
874
60
5
664
378
707
528
551
65
818
935
634
792
78
998
690
49
967
276
117
527
688
205
841
41
788
502
604
909
241
522
463
270
518
352
501
13
412
762
952
156
233
923
182
618
432
519
674
214
45
870
243
696
413
493
847
896
990
407
457
555
181
953
539
569
19
451
513
75
59
789
221
126
723
58
257
942
985
859
900
372
730
840
713
376
575
558
400
297
244
659
544
533
635
450
934
207
510
638
345
440
535
342
626
876
946
331
768
997
387
600
408
335
424
624
927
652
94
976
579
798
415
121
77
411
188
10
443
85
476
843
267
68
911
969
328
175
201
546
945
977
603
170
414
69
409
500
655
416
455
130
447
598
616
452
495
779
991
741
617
315
31
718
344
623
89
572
526
576
992
333
804
492
907
966
187
753
220
163
228
373
271
654
727
644
842
309
402
118
43
446
607
385
305
105
358
453
523
136
261
538
311
192
549
899
785
263
769
48
758
423
44
213
401
928
712
766
80
620
771
799
820
850
905
103
673
686
627
449
294
733
641
961
739
102
382
28
606
410
310
143
484
561
218
393
888
687
251
234
821
464
273
861
349
472
825
877
663
780
914
824
462
200
993
23
269
625
140
179
184
702
97
247
725
67
885
650
904
910
327
364
22
316
54
374
222
807
96
288
162
93
541
605
729
742
496
392
682
763
879
567
887
524
208
752
303
775
113
300
380
630
176
37
963
177
289
178
417
199
862
292
553
642
917
816
834
454
466
390
404
425
943
751
856
795
296
301
806
646
120
312
350
794
672
337
101
738
283
406
61
705
645
757
815
886
811
675
913
232
42
778
773
104
647
835
592
242
714
211
64
365
924
189
153
610
855
881
224
948
321
481
869
467
800
14
62
88
395
657
302
491
329
925
194
978
734
975
165
15
774
171
210
796
684