973
3
114
438
110
872 884 822 844 817 878 882 836 839 871 845 898 805 809 866 897 853 880 883 829 823 837 852 890 889 830 892 848 851 828 891 813 858
873
995 996 939 958 983 903 988 906 902 974 940 944 989 965 912 949 920 926 964 971 982 984 962 959 938 931 936 901 908 986 981 929 960
256 275 291 293 225 284 219 204 299 238 246 262 229 298 258 245 282 278 250 203 280 236 253 272 217 266 227 249 277 235
149
746
119 125 150 157 106 116 161 134 132 135 173 109 148 124 167 131 115 133 183 147 144 174 195 166 138 127 160 169 155 112 141 185 154
670
802
954
498
531 556 509 591 595 537 511 594 521 508 529 512 543 584 578 586 570 557 517 532 593 590 525 542 505 574 571 588 560 566 577 506 580 545 563 530 559 534 582 589 596 599
826
8
398 366 317 361 339 359 323 314 353 354 326 346 394 381 388 356 338 343 330 334 351 363 367 340 379 332 357 341 396 324 360 307 389 369
994
941
264
548
665
442 405 489 480 422 459 439 478 448 473 486 430 468 490 465 483 487 428 494 433 403 470 482 437 426 445 479 474 456 499 475 420 435 460
894
71
17
703
919
709
651
950
803
99
895
536
791 704 787 761 772 728 743 755 720 744 786 749 735 765 717 783 701 776 722 782 767 756 784 715 732 740 731 736 760
206
128
915
469
313
922
33
386
868
668
676
708
968
781
322
833
285
612
695
90
801
281
152
846
223
747
111
564
56
230
319
932
375
611
139
347
719
202
421
832
82 9 79 36 63 92 81 50 29 87 76 38 18 4 7 55 20 0 57 40 27 73 26 46 12 24 2 32 72 98 66 95
377
679
51
503
418
431
678
721
694
865
336
793
355
39
304
151
471
656
123
295
427
231
689
849
812
146
168
458
957
516
666 640 637 697 629 671 681 643 692 669 677 633 662 636 661 649 698 631 660 614 667 615 691 628 658 622 632
384
507
562
497
621
239
515
810
100
444
970
867
91
52
248
619
254
1
987
585
710
918
129
587
145
180
552
565
724
286
21
287
831
700
685
268
706
716
237
368
391
916
956
597
680
159
726
504
436
488
648
770
863
827
108
583
274
653
764
693
860
86
808
838
711
933
745
777
999
370
142
893
196
601
260
930
240
520
608
216
790
857
980
172
429
137
947
397
318
35
554
814
259
83
74
609
748
434
320
854
107
30
639
683
308
212
226
477
279
514
164
16
193
47
265
613
602
190
461
70
371
122
797
955
306
11
209
573
419
34
158
759
979
699
875
197
972
215
568
252
348
864
191
540
550
754
750
819
362
53
399
25
921
383
547
186
255
6
441
937
325
290
737
581
485
951
198
84
874
60
5
664
378
707
528
551
65
818
935
634
792
78
998
690
49
967
276
117
527
688
205
841
41
788
502
604
909
241
522
463
270
518
352
501
13
412
762
952
156
233
923
182
618
432
519
674
214
45
870
243
696
413
493
847
896
990
407
457
555
181
953
539
569
19
451
513
75
59
789
221
126
723
58
257
942
985
859
900
372
730
840
713
376
575
558
400
297
244
659
544
533
635
450
934
207
510
638
345
440
535
342
626
876
946
331
768
997
387
600
408
335
424
624
927
652
94
976
579
798
415
121
77
411
188
10
443
85
476
843
267
68
911
969
328
175
201
546
945
977
603
170
414
69
409
500
655
416
455
130
447
598
616
452
495
779
991
741
617
315
31
718
344
623
89
572
526
576
992
333
804
492
907
966
187
753
220
163
228
373
271
654
727
644
842
309
402
118
43
446
607
385
305
105
358
453
523
136
261
538
311
192
549
899
785
263
769
48
758
423
44
213
401
928
712
766
80
620
771
799
820
850
905
103
673
686
627
449
294
733
641
961
739
102
382
28
606
410
310
143
484
561
218
393
888
687
251
234
821
464
273
861
349
472
825
877
663
780
914
824
462
200
993
23
269
625
140
179
184
702
97
247
725
67
885
650
904
910
327
364
22
316
54
374
222
807
96
288
162
93
541
605
729
742
496
392
682
763
879
567
887
524
208
752
303
775
113
300
380
630
176
37
963
177
289
178
417
199
862
292
553
642
917
816
834
454
466
390
404
425
943
751
856
795
296
301
806
646
120
312
350
794
672
337
101
738
283
406
61
705
645
757
815
886
811
675
913
232
42
778
773
104
647
835
592
242
714
211
64
365
924
189
153
610
855
881
224
948
321
481
869
467
800
14
62
88
395
657
302
491
329
925
194
978
734
975
165
15
774
171
210
796
684