973
3
114
438
110
882 898 884 892 828 851 890 822 817 878 891 866 848 853 852 813 858 872 889 809 805 880 844 871 883 845 823 830 837 836 829 897
873
944 981 920 962 938 984 903 929 982 902 983 931 959 901 936 960 996 949 926 995 940 974 906 988 939 965 964 989 971 958 908 912 986
219 204 253 272 262 275 293 225 278 299 277 284 203 282 291 298 249 235 258 280 217 256 246 238 245 229 266 236 250 227
149
746
141 119 150 157 167 138 116 185 174 169 195 124 106 135 147 125 161 144 154 133 115 127 148 132 166 131 134 155 160 109 183 112 173
670
802
954
498
545 574 594 584 512 570 531 571 511 559 563 580 517 505 508 532 529 537 506 577 556 557 530 542 566 586 560 588 593 596 521 509 590 582 578 534 543 525 595 589 591 599
826
8
356 346 340 361 394 381 314 388 366 396 317 334 360 339 323 359 326 330 341 379 307 353 367 324 398 369 363 332 338 357 351 354 343 389
994
941
264
548
665
442 468 439 486 460 403 479 490 494 489 478 499 428 433 420 473 456 426 448 465 470 437 422 430 480 405 459 487 435 475 474 445 482 483
894
71
17
703
919
709
651
950
803
99
895
536
755 767 732 704 776 787 786 756 783 765 736 761 717 784 744 722 760 791 743 731 782 772 735 701 715 720 749 728 740
206
128
915
469
313
922
33
386
868
668
676
708
968
781
322
833
285
612
695
90
801
281
152
846
223
747
111
564
56
230
319
932
375
611
139
347
719
202
421
832
87 72 32 66 4 76 81 73 0 82 46 36 9 92 24 2 57 40 50 79 63 7 20 26 18 12 55 27 98 29 95 38
377
679
51
503
418
431
678
721
694
865
336
793
355
39
304
151
471
656
123
295
427
231
689
849
812
146
168
458
957
516
636 643 615 692 614 633 661 698 622 632 640 691 666 667 649 681 671 637 677 628 631 660 669 697 629 662 658
384
507
562
497
621
239
515
810
100
444
970
867
91
52
248
619
254
1
987
585
710
918
129
587
145
180
552
565
724
286
21
287
831
700
685
268
706
716
237
368
391
916
956
597
680
159
726
504
436
488
648
770
863
827
108
583
274
653
764
693
860
86
808
838
711
933
745
777
999
370
142
839
893
196
601
260
930
240
520
608
216
790
857
980
172
429
137
947
397
318
35
554
814
259
83
74
609
748
434
320
854
107
30
639
683
308
212
226
477
279
514
164
16
193
47
265
613
602
190
461
70
371
122
797
955
306
11
209
573
419
34
158
759
979
699
875
197
972
215
568
252
348
864
191
540
550
754
750
819
362
53
399
25
921
383
547
186
255
6
441
937
325
290
737
581
485
951
198
84
874
60
5
664
378
707
528
551
65
818
935
634
792
78
998
690
49
967
276
117
527
688
205
841
41
788
502
604
909
241
522
463
270
518
352
501
13
412
762
952
156
233
923
182
618
432
519
674
214
45
870
243
696
413
493
847
896
990
407
457
555
181
953
539
569
19
451
513
75
59
789
221
126
723
58
257
942
985
859
900
372
730
840
713
376
575
558
400
297
244
659
544
533
635
450
934
207
510
638
345
440
535
342
626
876
946
331
768
997
387
600
408
335
424
624
927
652
94
976
579
798
415
121
77
411
188
10
443
85
476
843
267
68
911
969
328
175
201
546
945
977
603
170
414
69
409
500
655
416
455
130
447
598
616
452
495
779
991
741
617
315
31
718
344
623
89
572
526
576
992
333
804
492
907
966
187
753
220
163
228
373
271
654
727
644
842
309
402
118
43
446
607
385
305
105
358
453
523
136
261
538
311
192
549
899
785
263
769
48
758
423
44
213
401
928
712
766
80
620
771
799
820
850
905
103
673
686
627
449
294
733
641
961
739
102
382
28
606
410
310
143
484
561
218
393
888
687
251
234
821
464
273
861
349
472
825
877
663
780
914
824
462
200
993
23
269
625
140
179
184
702
97
247
725
67
885
650
904
910
327
364
22
316
54
374
222
807
96
288
162
93
541
605
729
742
496
392
682
763
879
567
887
524
208
752
303
775
113
300
380
630
176
37
963
177
289
178
417
199
862
292
553
642
917
816
834
454
466
390
404
425
943
751
856
795
296
301
806
646
120
312
350
794
672
337
101
738
283
406
61
705
645
757
815
886
811
675
913
232
42
778
773
104
647
835
592
242
714
211
64
365
924
189
153
610
855
881
224
948
321
481
869
467
800
14
62
88
395
657
302
491
329
925
194
978
734
975
165
15
774
171
210
796
684