973
3
114
438
110
809 878 883 851 858 884 817 891 828 866 889 829 845 872 880 892 897 844 813 898 871 805 882 836 852 823 890 830 837 848 853
873
901 996 964 929 944 959 965 931 986 995 938 974 971 908 962 988 982 949 983 939 984 906 903 936 912 981 989 940 960 920 958 902 926
275 219 272 245 225 278 236 266 203 262 282 249 291 204 277 280 238 256 293 258 217 235 284 227 246 229 253 250 298 299
149
746
127 132 119 141 169 154 195 138 150 133 147 160 116 174 115 161 148 183 124 131 185 167 135 144 106 173 157 166 109 155 125 112 134
670
802
954
498
517 591 557 542 534 596 511 560 595 589 594 543 577 505 578 563 586 521 570 559 566 537 512 506 580 584 509 593 508 545 531 574 599 590 556 571 529 582 588 525 530 532
826
8
324 341 351 379 354 338 332 346 326 398 317 356 361 340 388 330 307 369 334 357 353 389 381 394 343 367 323 360 396 366 314 339 359 363
994
941
264
548
665
487 480 403 430 489 422 437 473 405 459 474 456 494 433 486 490 478 479 420 426 468 428 465 483 475 442 448 470 482 445 499 460 439 435
894
71
17
703
919
709
651
950
803
99
895
536
701 715 786 765 784 776 735 704 744 731 740 772 755 722 732 783 743 791 749 717 756 720 760 728 767 787 782 761 736
206
128
915
469
313
922
33
386
868
668
676
708
968
781
322
833
285
612
695
90
801
281
152
846
223
747
111
564
56
230
319
932
375
611
139
347
719
202
421
832
9 76 12 98 57 92 20 7 0 79 46 18 40 24 32 87 95 4 82 50 29 63 26 2 36 73 66 38 72 55 27 81
377
679
51
503
418
431
678
721
694
865
336
793
355
39
304
151
471
656
123
295
427
231
689
849
812
146
168
458
957
516
633 671 622 658 661 640 681 691 667 649 697 660 636 677 637 666 615 629 662 628 631 632 698 614 669 692 643
384
507
562
497
621
239
515
810
100
444
970
867
91
52
248
619
254
1
987
585
710
918
129
587
145
180
552
565
724
286
21
287
831
700
685
268
706
716
237
368
391
916
956
597
680
159
726
504
436
488
648
770
863
827
108
583
274
653
764
693
860
86
808
838
711
933
745
777
999
370
142
839
893
196
601
260
930
240
520
608
216
790
857
980
172
429
137
947
397
318
35
554
814
259
83
74
609
748
434
320
854
107
30
639
683
308
212
226
477
822
279
514
164
16
193
47
265
613
602
190
461
70
371
122
797
955
306
11
209
573
419
34
158
759
979
699
875
197
972
215
568
252
348
864
191
540
550
754
750
819
362
53
399
25
921
383
547
186
255
6
441
937
325
290
737
581
485
951
198
84
874
60
5
664
378
707
528
551
65
818
935
634
792
78
998
690
49
967
276
117
527
688
205
841
41
788
502
604
909
241
522
463
270
518
352
501
13
412
762
952
156
233
923
182
618
432
519
674
214
45
870
243
696
413
493
847
896
990
407
457
555
181
953
539
569
19
451
513
75
59
789
221
126
723
58
257
942
985
859
900
372
730
840
713
376
575
558
400
297
244
659
544
533
635
450
934
207
510
638
345
440
535
342
626
876
946
331
768
997
387
600
408
335
424
624
927
652
94
976
579
798
415
121
77
411
188
10
443
85
476
843
267
68
911
969
328
175
201
546
945
977
603
170
414
69
409
500
655
416
455
130
447
598
616
452
495
779
991
741
617
315
31
718
344
623
89
572
526
576
992
333
804
492
907
966
187
753
220
163
228
373
271
654
727
644
842
309
402
118
43
446
607
385
305
105
358
453
523
136
261
538
311
192
549
899
785
263
769
48
758
423
44
213
401
928
712
766
80
620
771
799
820
850
905
103
673
686
627
449
294
733
641
961
739
102
382
28
606
410
310
143
484
561
218
393
888
687
251
234
821
464
273
861
349
472
825
877
663
780
914
824
462
200
993
23
269
625
140
179
184
702
97
247
725
67
885
650
904
910
327
364
22
316
54
374
222
807
96
288
162
93
541
605
729
742
496
392
682
763
879
567
887
524
208
752
303
775
113
300
380
630
176
37
963
177
289
178
417
199
862
292
553
642
917
816
834
454
466
390
404
425
943
751
856
795
296
301
806
646
120
312
350
794
672
337
101
738
283
406
61
705
645
757
815
886
811
675
913
232
42
778
773
104
647
835
592
242
714
211
64
365
924
189
153
610
855
881
224
948
321
481
869
467
800
14
62
88
395
657
302
491
329
925
194
978
734
975
165
15
774
171
210
796
684