973
3
114
438
110
882 823 830 836 880 897 890 844 829 898 805 837 889 866 852 848 884 851 883 892 871 858 813 872 817 809 891 878 853 845 828
873
965 989 903 964 995 926 996 940 982 944 962 949 902 929 936 988 920 908 960 971 981 938 939 959 958 986 983 912 901 984 974 906 931
293 235 256 291 258 203 282 217 284 299 275 280 219 266 272 278 253 298 229 250 262 249 238 225 227 204 236 245 246 277
149
746
150 119 115 134 127 131 161 160 124 144 125 133 169 185 173 157 155 112 109 154 116 174 195 106 167 132 135 141 166 138 148 147
670
802
954
498
530 589 586 570 594 591 590 584 566 577 574 556 508 532 599 529 506 509 593 505 531 580 595 545 534 537 525 557 521 563 517 582 596 542 543 511 512 559 560 571 578 588
826
8
356 338 353 334 389 332 357 323 361 340 346 369 398 326 363 359 396 307 330 339 351 317 366 341 381 314 388 367 324 379 360 354 394 343
994
941
264
548
665
465 470 459 448 460 479 489 474 433 490 439 420 456 428 483 468 475 499 478 494 473 403 486 430 487 435 442 445 482 437 426 480 422 405
894
71
17
703
919
709
651
950
803
99
895
536
791 765 756 744 776 701 760 735 717 704 761 767 783 743 720 722 740 755 782 736 731 732 784 772 749 786 787 728 715
206
128
915
469
313
922
33
386
868
668
676
708
968
781
322
833
285
612
695
90
801
281
152
846
223
747
111
564
56
230
319
932
375
611
139
347
719
202
421
832
95 50 72 98 32 87 9 82 20 0 29 73 79 24 26 7 40 38 57 12 46 2 81 92 76 63 55 27 18 4 66 36
377
679
51
503
418
431
678
721
694
865
336
793
355
39
304
151
471
656
123
295
427
231
689
849
812
146
168
458
957
516
677 671 615 649 669 666 622 632 662 629 697 636 681 631 698 643 637 661 692 658 633 667 660 640 691 614 628
384
507
562
497
621
239
515
810
100
444
970
867
91
52
248
619
254
1
987
585
710
918
129
587
145
180
552
565
724
286
21
287
831
700
685
268
706
716
237
368
391
916
956
597
680
159
726
504
436
488
648
770
863
827
108
583
274
653
764
693
860
86
808
838
711
933
745
777
999
370
142
839
893
196
601
260
930
240
520
608
216
790
857
980
172
429
137
947
397
318
35
554
814
259
83
74
609
748
434
320
854
107
30
639
683
308
212
226
477
822
279
514
164
16
193
47
265
613
602
190
461
70
371
122
797
955
306
11
209
573
419
34
158
759
979
699
875
197
972
215
568
252
348
864
191
540
550
754
750
819
362
53
399
25
921
383
547
186
255
6
441
937
325
290
737
581
485
951
198
84
874
60
5
664
378
707
528
551
65
818
935
634
792
78
998
690
49
967
276
117
527
688
205
841
41
788
502
604
909
241
522
463
270
518
352
501
13
412
762
952
156
233
923
182
618
432
519
674
214
45
870
243
696
413
493
847
896
990
407
457
555
181
953
539
569
19
451
513
75
59
789
221
126
723
58
257
942
985
859
900
372
730
840
713
376
575
558
400
297
244
659
544
533
635
450
934
207
510
638
345
440
535
342
626
876
946
331
768
997
387
600
408
335
424
624
927
652
94
976
579
798
415
121
77
411
188
10
443
85
476
843
267
68
911
969
328
175
201
546
945
977
603
170
414
69
409
500
655
416
455
130
447
598
616
452
495
779
991
741
617
315
31
718
344
623
89
572
526
576
992
333
804
492
907
966
187
753
220
163
228
373
271
654
727
644
842
309
402
118
43
446
607
385
305
105
358
453
523
136
261
538
311
192
549
899
785
263
769
48
758
423
44
213
401
928
712
766
80
620
771
799
820
850
905
103
673
686
627
449
294
733
641
961
739
102
382
28
606
410
310
143
484
561
218
393
888
687
251
234
821
464
273
861
349
472
825
877
663
780
914
824
462
200
993
23
269
625
140
179
184
702
97
247
725
67
885
650
904
910
327
364
22
316
54
374
222
807
96
288
162
93
541
605
729
742
496
392
682
763
879
567
887
524
208
752
303
775
113
300
380
630
176
37
963
177
289
178
417
199
862
292
553
642
917
816
834
454
466
390
404
425
943
183
751
856
795
296
301
806
646
120
312
350
794
672
337
101
738
283
406
61
705
645
757
815
886
811
675
913
232
42
778
773
104
647
835
592
242
714
211
64
365
924
189
153
610
855
881
224
948
321
481
869
467
800
14
62
88
395
657
302
491
329
925
194
978
734
975
165
15
774
171
210
796
684