973
3
114
438
110
851 858 848 897 880 898 891 813 882 830 844 853 836 852 823 817 828 809 805 883 890 878 829 866 892 837 845 884 872 871 889
873
920 989 903 965 981 986 936 995 959 929 940 901 962 988 939 964 912 983 938 996 931 926 974 984 944 982 971 906 958 949 960 902 908
229 203 236 235 258 272 219 266 245 277 282 204 238 253 227 246 275 291 250 249 299 293 262 298 280 284 225 256 217 278
149
746
144 115 195 174 138 150 167 134 116 147 125 119 166 161 154 133 148 106 155 157 141 127 185 112 109 169 135 124 160 173
670
802
954
498
557 582 599 534 506 596 560 578 529 570 532 512 577 511 574 525 517 588 509 586 594 531 545 559 589 563 580 584 566 537 521 508 530 505 571 593 590 542 556 591 595
826
8
338 343 388 394 361 354 330 307 351 353 314 367 334 389 317 359 357 324 363 379 346 360 356 323 326 340 332 398 369 366 341 339 396 381
994
941
264
548
665
435 426 470 475 490 442 480 422 448 465 433 420 405 483 439 487 468 474 499 460 459 428 482 494 489 437 473 456 478 479 445 403 486 430
894
71
132
17
703
919
709
651
950
803
99
895
536
736 776 755 765 744 704 772 756 749 760 761 735 715 791 787 740 743 720 717 722 784 767 701 783 786 732 782 728 731
206
128
915
469
313
922
33
386
868
668
676
708
968
781
322
833
285
612
695
90
801
281
152
846
223
747
111
564
56
230
319
932
375
611
139
347
719
202
421
832
81 32 36 0 40 92 2 26 55 4 79 12 27 7 72 63 38 73 98 66 57 9 29 18 95 20 87 46 24 76 50 82
377
679
51
503
418
431
678
721
694
865
336
793
355
39
304
151
471
656
123
295
427
231
689
849
812
146
168
458
957
516
669 666 671 698 697 691 649 640 658 643 622 661 628 631 633 614 636 681 615 677 667 662 637 692 632 629 660
384
507
562
497
621
239
515
810
100
444
970
867
91
52
248
619
254
1
987
585
710
918
129
587
145
180
552
565
724
286
21
287
831
700
685
268
706
716
237
368
391
916
956
597
680
159
726
504
436
488
648
770
863
827
108
583
274
653
764
693
860
86
808
838
711
933
745
777
999
370
142
839
893
196
601
260
930
240
520
608
216
790
857
980
172
429
137
947
397
318
35
554
814
259
83
74
609
748
434
320
854
107
30
639
683
308
212
226
477
822
279
514
164
16
193
47
265
613
602
190
461
70
371
122
797
955
306
11
209
573
419
34
158
759
979
699
875
197
972
215
568
252
348
864
191
540
550
754
750
819
362
53
399
25
921
383
547
186
255
6
441
937
325
290
737
581
485
951
198
84
874
60
5
664
378
707
528
551
65
818
935
634
792
78
998
690
49
967
276
117
527
688
205
841
41
788
502
604
909
241
522
463
270
518
352
501
13
412
762
952
156
233
923
182
618
432
519
674
214
45
870
243
696
413
493
847
896
990
407
457
555
181
953
539
569
19
451
513
75
59
789
221
126
723
58
257
942
985
859
900
372
730
840
713
376
575
558
400
297
244
659
544
533
635
450
934
207
510
638
345
440
535
342
626
876
946
331
768
997
387
600
408
335
424
624
927
652
94
976
579
798
415
121
77
411
188
10
443
85
476
843
267
68
911
969
328
175
201
546
945
977
603
170
414
69
409
500
655
416
455
130
447
598
616
452
495
779
991
741
617
315
31
718
344
623
89
572
526
576
992
333
804
492
907
966
187
753
220
163
228
373
271
654
727
644
842
309
402
118
43
446
607
385
305
105
358
453
523
136
261
538
311
192
549
899
785
263
769
48
758
423
44
213
401
928
712
766
80
620
771
799
820
850
905
103
673
686
627
449
294
733
641
961
739
102
382
28
606
410
310
143
484
561
218
393
888
687
251
234
821
464
273
861
349
472
825
877
663
780
914
824
462
200
993
23
269
625
140
179
184
702
97
247
725
67
885
650
904
910
327
364
22
316
54
374
222
807
96
288
162
93
541
605
729
742
496
392
682
763
879
567
887
524
208
752
303
775
113
300
380
630
176
37
963
177
289
178
417
199
862
292
553
642
917
816
834
454
466
390
404
425
943
183
751
856
795
296
301
806
646
120
312
350
794
672
337
101
738
283
406
61
705
543
645
757
815
886
811
675
913
232
42
778
773
104
647
835
592
242
714
211
64
365
924
189
153
610
855
881
224
948
321
481
869
467
800
14
62
88
131
395
657
302
491
329
925
194
978
734
975
165
15
774
171
210
796
684