942 964 912 950 985 917 923 909 981 992 962 968 903 988 911 940 969 977 965 975 955 983 920 961 932 931 914 938 996 908 937 989 921 925 919 905 946 997 936 929 993 927 958 916 995 934 994 990 999 986 987 959 967 941 935 956 971 922 979 952 944 960 915 945 913 947 910 939 943 963 902 978 901 904 991 949 954 918 953 906 984 974 926 976 973 982 972 907 930 980 928 966 998 924
4 20 67 3 29 16 32 51 89 33 37 47 34 27 17 52 49 12 61 95 69 55 71 42 15 31 8 39 22 46 43 82 85 76 75 87 77 2 13 0 53 14 62 99 58 86 24 54 35 25 97 18 36 60 30 19 79 44 92 66 6 10 23 64 88 73 40 48 38 7 9 45 72 56 11 63 90 98 94 28 83 65 68 81 59 91 26 21 80 84 96 57 50 74 41
130 116 163 169 128 138 178 103 150 125 134 172 109 164 156 180 131 157 183 112 135 147 192 177 195 142 113 140 118 155 160 188 148 181 102 152 145 165 162 198 176 114 184 182 146 120 185 166 119 175 199 121 111 161 127 110 186 168 117 153 126 122 106 104 171 139 174 132 143 154 197 123 133 124 105 187 144 149 173 179 167 115 136 137 193 141 196 194 108 170
412 430 471 428 490 479 465 492 483 495 481 404 405 442 448 422 406 407 409 425 419 488 434 476 468 440 454 420 446 478 447 423 441 477 457 491 461 470 450 494 464 455 435 432 452 402 438 437 433 498 485 493 414 475 472 460 487 453 444 458 497 445 486 424 480 427 484 443 496 449 413 436 459 463 466 429 467 410 499 473 431 451 482 417 411 403 474 456 401 469 408 462 439 416 489 426 415
885 896 868 840 883 895 817 862 873 825 899 871 812 821 826 841 824 844 870 814 858 836 800 820 829 874 864 882 849 846 869 886 863 887 827 857 835 866 852 811 809 893 850 839 854 815 807 890 897 867 884 805 888 855 892 848 819 804 845 828 830 822 832 872 865 851 806 810 833 808 834 881 842 853 818 889 843 847 894 877 813 823 880 837 816 860 861 875 831 838 803 898 891 878 876
249 290 272 256 221 295 294 250 283 270 207 268 231 217 227 240 202 291 211 275 262 278 222 293 292 232 229 208 219 235 266 255 209 267 257 210 223 206 236 214 258 297 279 277 225 263 204 226 282 246 259 212 242 238 289 254 244 205 253 203 287 200 265 213 241 233 280 224 298 288 230 299 243 261 286 228 234 281 285 276 269 247 248 216 252 237 274 251 239 273 245 284 218
702 708 775 701 796 703 778 797 768 798 737 728 767 747 792 799 790 776 742 795 746 723 740 760 738 791 784 717 750 711 741 734 756 777 704 762 736 758 782 794 759 793 757 783 744 748 770 725 766 718 705 743 753 749 707 714 763 724 745 716 751 765 709 772 786 771 781 755 735 779 720 733 739 788 787 731 754 715 773 712 769 719 752 713 785 732 710 721 774 761 722 780 730 729 764
634 668 621 663 696 662 633 620 690 635 697 612 638 609 689 629 648 694 699 676 628 682 642 645 613 647 685 664 632 656 693 617 615 654 672 673 640 639 675 618 655 669 614 607 692 670 658 678 698 680 604 646 671 608 601 681 652 674 659 644 625 631 686 602 660 688 667 626 666 622 683 679 636 611 649 653 605 691 643 637 650 651 630 695 616 665 657 684 677 627 641 603 661
802
575 565 516 549 541 503 529 562 543 589 526 567 542 571 573 518 545 560 584 507 540 555 594 538 596 559 599 509 576 580 504 517 520 513 536 556 591 535 587 523 544 564 574 521 506 570 586 533 595 537 539 557 514 510 561 519 547 550 534 588 566 568 546 530 585 598 508 593 597 505 583 582 501 524 563 558 531 512 532 502 511 569 515 579 590 577 525 551 528 527 552 581 554 578
385 338 359 358 395 329 321 334 364 396 390 389 360 361 368 312 384 356 336 351 344 326 393 386 332 311 346 318 362 333 345 354 392 376 337 322 315 347 363 357 365 372 325 381 305 366 380 306 343 350 323 309 302 398 313 304 335 378 399 330 314 355 375 388 331 303 300 327 310 328 383 353 320 367 391 308 307 352 377 369 348 317 387 341 324 342 397 340 371 370 382 319 349 394 379 339
264
548
801
421
418
151
957
100
970
619
1
129
700
706
159
726
933
260
107
190
70
158
215
191
951
5
78
522
789
859
900
400
600
624
201
500
623
572
220
373
271
727
606
687
316
374
93
879
553
856
296
301
101
592
189
610
948