973
3
114
438
110
898 848 884 836 853 837 805 852 823 817 872 897 828 851 845 883 871 813 889 892 830 878 880 829 844 866 891 890 809 858
873
982 989 960 944 908 949 936 974 981 931 938 958 983 995 929 901 912 902 920 939 986 996 926 965 988 940 964 971 906 962 984 959 903
293 298 235 299 284 280 249 258 266 204 253 217 245 277 246 256 262 229 275 291 227 250 272 236 278 238 203 282 225 219
149
746
161 134 169 160 147 124 173 144 148 166 155 167 138 154 125 127 115 195 150 112 106 133 109 135 185 157 116 174 119 141
670
802
954
498
531 593 594 509 574 537 534 517 530 521 596 506 545 505 595 525 556 571 560 566 589 588 532 512 586 511 508 570 584 591 578 557 542 599 590 563 577 529 559 582 580
826
8
360 363 330 379 388 334 354 361 338 324 351 353 341 389 366 343 307 369 394 340 367 359 357 314 317 339 398 396 323 326 381 332 356 346
994
941
264
548
665
439 490 433 473 403 475 482 448 428 478 479 470 420 468 499 405 435 437 487 426 465 422 474 459 445 460 480 494 430 489 486 483 442 456
894
71
132
17
703
919
709
651
950
803
99
895
536
720 743 786 787 784 736 767 761 701 732 744 776 760 715 722 731 749 735 704 791 728 755 756 772 783 765 782 740 717
206
128
915
469
313
922
33
386
868
668
676
708
968
781
322
833
285
612
695
90
801
281
152
846
223
747
111
564
56
230
319
932
375
611
139
347
719
202
421
832
72 57 73 92 76 50 55 24 7 66 81 26 12 32 20 38 29 46 95 79 27 87 63 18 82 9 98 0 4 36 2 40
377
679
51
503
418
431
678
721
694
865
336
793
355
39
304
151
471
656
123
295
427
231
689
849
812
146
168
458
957
516
681 692 649 660 643 640 691 698 622 669 671 667 697 614 677 658 636 662 661 628 632 666 629 631 615 633 637
384
507
562
497
621
239
515
810
100
444
970
867
91
52
248
619
254
1
987
585
710
918
129
587
145
180
552
565
724
286
21
287
831
700
685
268
706
716
237
368
391
916
956
597
680
159
726
504
436
488
648
770
863
827
108
583
274
653
764
693
860
86
808
838
711
933
745
777
999
370
142
839
893
196
601
260
930
240
520
608
216
790
857
980
172
429
137
947
397
318
35
554
814
259
83
74
609
748
434
320
854
107
30
639
683
308
212
226
477
822
279
514
164
16
193
47
265
613
602
190
461
70
371
122
797
955
306
11
209
573
419
34
158
759
979
699
875
197
972
215
568
252
348
864
191
540
550
754
750
819
362
53
399
25
921
383
547
186
255
6
441
937
325
290
737
581
485
951
198
84
874
60
5
664
378
707
528
551
65
818
935
634
792
78
998
690
49
967
276
117
527
688
205
841
41
788
502
604
909
241
522
463
270
518
352
501
13
412
762
952
156
233
923
182
618
432
519
674
214
45
870
243
696
413
493
847
896
990
407
457
555
181
953
539
569
19
451
513
75
59
789
221
126
723
58
257
942
985
859
900
372
730
840
713
376
575
558
400
297
244
659
544
533
635
450
934
207
510
638
345
440
535
342
626
876
946
331
768
997
387
600
408
335
424
624
927
652
94
976
579
798
415
121
77
411
188
10
443
85
476
843
267
68
911
969
328
175
201
546
945
977
603
170
414
69
409
500
655
416
455
130
447
598
616
452
495
779
991
741
617
315
31
718
344
882
623
89
572
526
576
992
333
804
492
907
966
187
753
220
163
228
373
271
654
727
644
842
309
402
118
43
446
607
385
305
105
358
453
523
136
261
538
311
192
549
899
785
263
769
48
758
423
44
213
401
928
712
766
80
620
771
799
820
850
905
103
673
686
627
449
294
733
641
961
739
102
382
28
606
410
310
143
484
561
218
393
888
687
251
234
821
464
273
861
349
472
825
877
663
780
914
824
462
200
993
23
269
625
140
179
184
702
97
247
725
67
885
650
904
910
327
364
22
316
54
374
222
807
96
288
162
93
541
605
729
742
496
392
682
763
879
567
887
524
208
752
303
775
113
300
380
630
176
37
963
177
289
178
417
199
862
292
553
642
917
816
834
454
466
390
404
425
943
183
751
856
795
296
301
806
646
120
312
350
794
672
337
101
738
283
406
61
705
543
645
757
815
886
811
675
913
232
42
778
773
104
647
835
592
242
714
211
64
365
924
189
153
610
855
881
224
948
321
481
869
467
800
14
62
88
131
395
657
302
491
329
925
194
978
734
975
165
15
774
171
210
796
684