973
3
114
438
110
805 878 866 890 897 828 898 823 844 852 845 892 813 853 837 848 880 817 871 872 891 809 858 851 883 889 836 830 829 884
873
965 960 981 995 912 964 984 901 906 958 996 982 920 944 902 988 931 989 962 974 929 903 939 959 936 940 949 983 908 971 986 938 926
299 277 272 204 250 275 293 225 266 235 278 262 249 203 253 245 236 284 217 246 219 282 291 258 227 298 229 280 238 256
149
746
195 167 147 141 124 112 135 133 148 134 157 125 150 115 166 106 155 144 173 116 185 109 174 138 160 119 154 161 127 169
670
802
954
498
559 529 512 505 537 574 577 588 589 525 594 521 580 517 591 530 506 571 593 556 532 511 566 534 599 508 570 584 542 560 595 557 545 596 563 578 509 582 590 531 586
826
8
334 389 354 357 363 330 351 388 356 323 394 339 379 369 367 340 353 324 341 343 314 381 360 332 307 361 359 396 366 326 398 317 346 338
994
941
264
548
665
468 473 475 478 437 474 430 445 459 482 442 448 405 428 489 420 456 433 487 480 439 465 426 403 494 435 483 479 460 490 486 499 422
894
71
132
17
703
919
709
651
950
803
99
895
536
786 755 749 736 704 784 717 767 783 722 735 791 787 743 772 761 740 760 720 732 782 731 715 765 728 756 776 744 701
206
128
915
469
313
922
33
386
868
668
676
708
968
781
322
833
285
612
695
90
801
281
152
846
223
747
111
564
56
230
319
932
375
611
139
347
719
202
421
832
7 81 92 72 46 36 27 38 79 2 57 55 98 87 73 76 24 18 66 40 82 12 4 95 0 26 29 32 9 20 50 63
377
679
51
503
418
431
678
721
694
865
336
793
355
39
304
151
471
656
123
295
427
231
689
849
812
146
168
458
957
516
637 671 662 681 628 667 649 631 677 666 614 615 640 691 632 661 629 669 660 692 633 636 697 658 643 698 622
384
507
562
497
621
239
515
810
100
444
970
867
91
52
248
619
254
1
987
585
710
918
129
587
145
180
552
565
724
286
21
287
831
700
685
268
706
716
237
368
391
916
956
597
680
159
726
504
436
488
648
770
863
827
108
583
274
653
764
693
860
86
808
838
711
933
745
777
999
370
142
839
893
196
601
260
930
240
520
608
216
790
857
980
172
429
137
947
397
318
35
554
814
259
83
74
609
748
434
320
854
107
30
639
683
308
212
226
477
822
279
514
164
16
193
47
265
613
602
190
461
70
371
122
797
955
306
11
209
573
419
34
158
759
979
699
875
197
972
215
568
252
348
864
191
540
550
754
750
819
362
53
399
25
921
383
547
186
255
6
441
937
325
290
737
581
485
951
198
84
874
60
5
664
378
707
528
551
65
818
935
634
792
78
998
690
49
967
276
117
527
688
205
841
41
788
502
604
909
241
522
463
270
518
352
501
13
412
762
952
156
233
470
923
182
618
432
519
674
214
45
870
243
696
413
493
847
896
990
407
457
555
181
953
539
569
19
451
513
75
59
789
221
126
723
58
257
942
985
859
900
372
730
840
713
376
575
558
400
297
244
659
544
533
635
450
934
207
510
638
345
440
535
342
626
876
946
331
768
997
387
600
408
335
424
624
927
652
94
976
579
798
415
121
77
411
188
10
443
85
476
843
267
68
911
969
328
175
201
546
945
977
603
170
414
69
409
500
655
416
455
130
447
598
616
452
495
779
991
741
617
315
31
718
344
882
623
89
572
526
576
992
333
804
492
907
966
187
753
220
163
228
373
271
654
727
644
842
309
402
118
43
446
607
385
305
105
358
453
523
136
261
538
311
192
549
899
785
263
769
48
758
423
44
213
401
928
712
766
80
620
771
799
820
850
905
103
673
686
627
449
294
733
641
961
739
102
382
28
606
410
310
143
484
561
218
393
888
687
251
234
821
464
273
861
349
472
825
877
663
780
914
824
462
200
993
23
269
625
140
179
184
702
97
247
725
67
885
650
904
910
327
364
22
316
54
374
222
807
96
288
162
93
541
605
729
742
496
392
682
763
879
567
887
524
208
752
303
775
113
300
380
630
176
37
963
177
289
178
417
199
862
292
553
642
917
816
834
454
466
390
404
425
943
183
751
856
795
296
301
806
646
120
312
350
794
672
337
101
738
283
406
61
705
543
645
757
815
886
811
675
913
232
42
778
773
104
647
835
592
242
714
211
64
365
924
189
153
610
855
881
224
948
321
481
869
467
800
14
62
88
131
395
657
302
491
329
925
194
978
734
975
165
15
774
171
210
796
684