973
3
114
438
110
871 890 813 836 872 844 858 897 830 883 891 851 878 892 852 880 884 866 837 889 898 809 853 823 848 817 805 829 828 845
873
949 995 940 986 984 982 906 944 983 971 920 996 989 988 931 959 902 936 938 939 929 958 901 965 981 962 926 903 908 960 964 974 912
299 258 275 278 204 280 203 272 250 262 293 291 227 229 236 277 246 249 253 225 256 235 219 245 284 238 282 217 266 298
149
746
109 135 116 127 144 112 195 166 155 125 134 160 119 173 150 133 169 161 115 138 147 167 157 124 185 141 106 174 154
670
802
954
498
509 559 531 545 580 593 525 506 563 511 591 542 574 529 560 571 556 596 570 589 521 557 599 537 588 534 577 594 508 532 578 584 530 505 582 566 590 517 595 512 586
826
8
398 388 339 323 367 317 363 389 338 359 357 351 341 360 396 343 366 394 330 307 332 340 334 356 369 353 381 326 379 314 346 354 361 324
994
941
264
548
665
430 487 426 420 479 403 433 478 475 435 437 445 490 442 459 483 482 480 422 473 489 448 456 468 460 405 465 486 428 494 474 499 439
894
71
132
17
703
919
709
651
950
803
99
895
536
772 732 704 717 782 784 755 783 760 791 740 728 735 749 744 720 743 776 715 765 701 731 736 761 722 786 787 767
206
128
915
469
313
922
33
386
868
668
676
708
968
781
322
833
285
612
695
90
801
281
152
846
223
747
111
564
56
230
319
932
375
611
139
347
719
202
421
832
82 87 95 81 63 20 29 46 40 12 18 73 72 27 24 2 38 4 66 55 79 92 36 32 0 9 7 76 50 57 98 26
377
679
51
503
418
431
678
721
694
865
336
793
355
39
304
151
471
656
123
295
427
231
689
849
812
146
168
458
957
516
637 698 633 629 632 614 667 636 669 622 643 671 697 649 631 662 660 692 658 661 681 640 691 677 628 666 615
384
507
562
497
621
239
515
810
100
444
970
867
91
52
248
619
254
1
987
585
710
918
129
587
145
180
552
565
724
286
21
287
831
700
685
268
706
716
237
368
391
916
956
597
680
159
726
504
436
488
648
770
863
827
108
583
274
653
764
693
860
86
808
838
711
933
745
777
999
370
142
839
893
196
601
260
930
240
520
608
216
790
857
980
172
429
137
947
397
318
35
554
814
259
83
74
609
748
434
320
854
107
30
639
683
308
212
226
477
822
279
514
164
16
193
47
265
613
602
190
461
70
371
122
797
955
306
11
209
573
419
34
158
759
979
699
875
197
972
215
568
252
348
864
191
540
550
754
750
819
362
53
399
25
921
383
547
186
255
6
441
937
325
290
737
581
485
951
198
84
874
60
5
756
664
378
707
528
551
65
818
935
634
792
78
998
690
49
967
276
117
527
688
205
841
41
788
502
604
909
241
522
463
270
518
352
501
13
412
762
952
156
233
470
923
182
618
432
519
674
214
45
870
243
696
413
493
847
896
990
407
457
555
181
953
539
569
19
451
513
75
59
789
221
126
723
58
257
942
985
859
900
372
730
840
713
376
575
558
400
297
244
659
544
533
635
450
934
207
510
638
345
440
535
342
626
876
946
331
768
997
387
600
408
335
424
624
927
652
94
976
579
798
415
121
77
411
188
10
443
85
476
843
267
68
911
969
328
175
201
546
945
977
603
170
414
69
409
500
655
416
455
130
447
598
616
452
495
779
991
741
617
315
31
718
344
882
623
89
572
526
576
992
333
804
492
907
966
187
753
220
163
228
373
271
654
727
148
644
842
309
402
118
43
446
607
385
305
105
358
453
523
136
261
538
311
192
549
899
785
263
769
48
758
423
44
213
401
928
712
766
80
620
771
799
820
850
905
103
673
686
627
449
294
733
641
961
739
102
382
28
606
410
310
143
484
561
218
393
888
687
251
234
821
464
273
861
349
472
825
877
663
780
914
824
462
200
993
23
269
625
140
179
184
702
97
247
725
67
885
650
904
910
327
364
22
316
54
374
222
807
96
288
162
93
541
605
729
742
496
392
682
763
879
567
887
524
208
752
303
775
113
300
380
630
176
37
963
177
289
178
417
199
862
292
553
642
917
816
834
454
466
390
404
425
943
183
751
856
795
296
301
806
646
120
312
350
794
672
337
101
738
283
406
61
705
543
645
757
815
886
811
675
913
232
42
778
773
104
647
835
592
242
714
211
64
365
924
189
153
610
855
881
224
948
321
481
869
467
800
14
62
88
131
395
657
302
491
329
925
194
978
734
975
165
15
774
171
210
796
684