973
3
114
438
110
872 809 866 897 836 880 828 890 844 813 891 829 853 871 837 845 878 892 889 858 851 823 830 883 884 817 852 848 898 805
873
926 964 958 974 983 912 901 989 986 906 940 971 944 939 981 988 996 903 962 936 965 929 949 920 938 959 982 984 931 960 908 995 902
235 266 236 219 203 280 299 245 298 284 282 249 272 225 204 229 227 275 246 278 262 250 291 258 256 277 253 238 217 293
149
746
141 167 195 116 124 125 154 150 115 135 127 173 169 134 112 161 160 166 147 155 144 106 109 133 174 157 138 119
670
802
954
498
594 529 589 590 571 591 506 521 560 566 574 559 595 537 556 588 511 584 531 512 596 532 586 577 545 578 582 517 509 570 542 534 505 593 599 563 525 557 508 580
826
8
307 330 361 323 338 369 396 339 351 346 398 324 341 363 360 314 343 366 388 317 326 394 357 359 354 356 381 353 389 367 334 340 332 379
994
941
264
548
665
437 499 473 428 494 483 448 475 422 487 468 490 460 405 430 445 442 456 478 435 480 489 426 439 403 433 420 486 479 459 465 474
894
71
132
17
703
919
709
651
950
803
99
895
482
536
749 704 717 732 722 765 791 776 731 772 736 740 784 728 786 755 767 701 761 782 783 715 760 743 735 744 720
206
128
915
469
313
922
33
386
868
668
676
708
968
781
322
833
285
612
695
90
801
281
152
846
223
747
111
564
56
230
319
932
375
611
139
347
719
202
421
832
9 92 32 2 55 4 98 76 63 40 20 87 46 81 50 66 79 18 38 0 24 95 12 29 82 27 73 57 36 7 72 26
377
679
51
503
418
431
678
721
694
865
336
793
355
39
304
151
471
656
123
295
427
231
689
849
812
146
168
458
957
516
637 692 632 649 660 615 671 698 614 661 628 640 662 622 669 667 629 666 691 631 697 681 643 636 633 658
384
507
562
497
621
239
515
810
100
444
970
867
91
52
248
619
254
1
987
585
710
918
129
587
145
180
552
565
724
286
21
287
831
700
685
268
706
716
237
368
391
916
956
597
680
159
726
504
436
488
648
770
863
827
108
583
274
653
764
693
860
86
808
838
711
933
745
777
999
370
142
839
893
196
601
260
930
240
520
608
216
790
857
980
172
429
137
947
397
318
35
554
814
259
83
74
609
748
434
320
854
107
30
639
683
308
212
226
477
822
279
514
164
16
193
47
265
613
602
190
461
70
371
122
797
955
306
11
209
573
419
34
158
759
979
699
875
197
972
215
568
252
348
864
191
540
550
754
750
819
362
53
399
25
921
383
547
186
255
6
441
937
325
290
737
581
485
951
198
84
874
60
5
756
664
378
707
528
551
65
818
935
634
792
78
998
690
49
967
276
117
527
688
205
841
41
788
502
604
909
241
522
463
270
518
352
501
13
412
762
952
156
233
470
923
182
618
432
519
674
214
45
870
243
696
413
493
847
896
990
407
457
555
181
953
539
569
19
451
513
75
59
789
221
126
723
58
257
942
985
859
900
372
730
840
713
376
575
558
400
297
244
659
544
533
635
450
934
207
510
638
345
440
535
342
626
876
946
331
768
997
387
600
408
335
424
624
927
652
94
976
579
798
415
121
77
411
188
10
443
85
476
843
267
68
911
969
328
175
201
546
945
977
603
170
414
69
409
500
655
677
416
455
130
447
598
616
452
495
779
991
741
617
315
31
718
344
882
623
89
572
526
576
992
333
804
492
907
966
187
753
220
163
228
373
271
654
727
148
644
842
309
402
118
43
446
607
385
305
105
358
453
523
136
261
538
311
185
192
549
899
785
263
769
48
758
423
44
213
401
928
712
766
80
620
771
799
820
850
905
103
673
686
627
449
294
733
641
961
739
102
382
28
606
410
310
143
484
561
218
393
888
687
251
234
821
464
273
861
349
472
825
877
663
780
914
824
462
200
993
23
269
625
140
179
184
702
97
247
725
67
885
650
904
910
327
364
22
316
54
374
222
787
807
96
288
530
162
93
541
605
729
742
496
392
682
763
879
567
887
524
208
752
303
775
113
300
380
630
176
37
963
177
289
178
417
199
862
292
553
642
917
816
834
454
466
390
404
425
943
183
751
856
795
296
301
806
646
120
312
350
794
672
337
101
738
283
406
61
705
543
645
757
815
886
811
675
913
232
42
778
773
104
647
835
592
242
714
211
64
365
924
189
153
610
855
881
224
948
321
481
869
467
800
14
62
88
131
395
657
302
491
329
925
194
978
734
975
165
15
774
171
210
796
684