901 905 985 956 955 911 924 929 915 916 926 971 972 987 964 999 995 909 923 967 993 930 989 918 947 927 937 980 921 960 904 981 954 994 973 903 978 946 932 968 949 902 959 992 991 922 935 958 961 979 928 953 934 986 944 974 925 990 943 984 931 969 996 975 997 912 983 910 914 982 920 963 998 908 950 962 966 952 907 977 919 913 942 936 917 976 940 939 938 988 965 941 945 906
27 64 73 25 30 46 68 29 89 62 9 97 36 21 99 90 22 55 44 49 10 23 42 71 48 17 80 84 96 76 88 33 79 92 77 41 16 50 8 56 14 81 0 53 6 12 35 4 61 15 11 43 59 65 18 75 57 54 85 52 34 26 95 66 38 87 7 63 32 28 60 47 13 2 31 69 98 37 51 20 94 91 58 72 86 19 39 24 45 74 82 3 83 40 67
164 169 165 156 128 102 199 193 185 188 138 150 152 136 119 135 168 175 173 134 109 194 104 103 187 172 155 137 186 177 167 118 171 197 141 160 182 146 113 139 144 161 180 115 192 198 125 105 184 174 183 123 106 120 153 149 132 116 148 154 122 163 126 166 112 147 143 181 114 170 176 140 117 178 196 108 179 127 133 131 145 124 110 162 111 121 195 142 157 130
443 460 468 452 431 405 470 462 487 491 404 464 496 466 437 461 439 499 423 402 457 480 415 416 446 490 409 454 448 493 484 478 453 450 401 476 492 483 498 440 458 489 475 451 445 434 488 477 485 467 425 414 410 486 459 406 422 456 413 474 494 473 479 426 444 436 435 407 403 442 481 427 408 482 463 495 438 420 455 433 419 497 432 449 471 465 417 430 469 412 429 428 411 447 424 441
833 841 886 878 849 837 850 880 814 830 863 838 873 883 832 842 864 845 844 861 860 895 807 852 881 898 848 887 823 855 847 876 872 866 862 867 824 820 854 818 877 885 892 806 857 800 843 829 810 890 899 868 870 821 827 840 808 813 874 822 846 869 805 826 811 884 894 834 828 809 803 896 804 882 891 853 897 835 889 888 816 865 851 893 812 871 819 875 817 831 858 836 839 825 815
287 223 257 261 291 254 297 213 269 244 280 232 219 203 222 209 200 237 226 277 258 265 214 266 234 256 238 249 210 279 241 225 273 293 252 292 262 235 289 236 272 239 285 274 242 248 243 268 283 288 290 229 212 245 228 250 275 278 282 298 294 230 251 216 299 255 247 217 221 207 240 206 295 211 267 205 276 218 231 208 204 284 233 202 227 224 286 246 253 263 259 281 270
798 722 788 772 728 783 775 773 725 793 753 768 784 736 761 781 738 756 754 746 707 734 763 729 719 739 732 770 796 724 742 776 748 714 723 710 718 731 711 737 749 757 797 780 764 795 767 721 745 717 744 741 769 743 705 713 774 716 740 747 702 786 751 733 701 785 709 782 755 794 765 715 766 712 792 760 758 787 791 708 771 752 750 799 762 790 777 735 778 779 720 759 704 730 703
697 618 674 670 691 602 675 613 681 620 616 686 672 634 621 693 661 695 635 663 649 644 696 612 615 608 629 611 656 690 614 628 665 657 676 641 601 680 682 678 688 630 666 627 609 671 698 685 622 633 658 645 664 617 603 668 699 683 646 607 626 604 647 637 650 679 642 654 625 659 605 652 673 692 655 662 636 667 638 631 684 677 669 648 689 694 660 632 653 639 640 643 651
802
537 536 593 541 513 569 584 508 535 514 578 557 507 554 585 525 561 526 556 547 581 588 566 519 544 596 598 550 532 587 511 527 540 515 574 591 538 562 555 580 543 510 517 502 524 565 597 518 521 575 523 595 564 542 571 567 570 506 512 501 577 552 594 589 582 516 520 599 503 586 528 504 529 533 549 551 534 539 579 583 559 560 563 505 546 568 590 573 576 530 558 509 545 531
330 335 315 300 357 353 311 369 363 328 394 334 354 337 355 307 371 358 314 352 351 347 398 306 392 376 303 322 386 390 382 341 377 336 348 339 321 349 324 344 331 338 302 305 388 396 384 370 365 304 375 346 385 366 399 350 326 327 380 397 320 333 381 318 325 361 345 356 364 391 323 340 395 367 393 329 310 317 383 309 379 389 332 372 342 387 319 362 313 312 360 343 378 308 368 359
264
548
801
421
418
151
957
100
970
619
1
129
700
706
159
726
933
260
107
190
70
158
215
191
951
5
78
522
789
859
900
400
600
624
201
500
623
572
220
373
271
727
606
687
472
316
374
93
879
553
856
296
301
101
592
189
610
948