973
3
114
438
110
871 817 829 884 805 844 897 866 858 883 853 845 836 878 890 813 891 830 852 898 892 828 851 880 889 837 872 809 848 823
873
971 920 989 903 940 965 902 949 983 988 981 912 958 964 959 936 982 962 926 995 996 908 929 974 939 960 938 931 901 984 986 944 906
253 225 258 249 284 278 272 204 275 238 246 298 203 282 219 229 291 280 293 235 277 266 217 245 262 299 256 236 227 250
149
746
173 147 124 160 115 134 112 119 116 125 174 135 167 141 195 157 150 138 144 133 106 166 155 161 109 127 169 154
670
802
954
498
580 531 588 591 584 529 512 599 594 505 517 593 559 537 590 509 525 566 570 596 545 508 578 532 571 574 506 534 582 511 521 589 560 557 595 577 563 556 542
826
8
324 334 356 330 394 398 314 307 389 341 369 367 388 361 363 326 332 340 366 323 351 343 346 339 338 381 357 360 379 396 359 354 353 317
994
941
264
548
665
489 475 456 445 465 430 480 479 494 486 468 439 428 403 405 483 435 422 460 448 437 442 490 473 474 420 459 478 487 426 433 499
894
71
132
17
703
919
709
651
950
803
99
895
482
536
744 772 786 731 765 735 776 715 717 760 728 749 732 761 720 722 736 767 755 740 791 701 782 704 784 783
206
128
915
469
313
922
33
386
868
668
676
708
968
743
781
322
833
285
612
695
90
801
281
152
846
223
747
111
564
56
230
319
932
375
611
139
347
719
202
421
832
9 20 95 63 40 66 36 76 55 79 73 46 92 29 0 72 12 81 82 50 98 38 87 57 7 2 18 27 24 32 4 26
377
679
51
503
418
431
678
721
694
865
336
793
355
39
304
151
471
656
123
295
427
231
689
849
812
146
168
458
957
516
669 629 661 698 662 649 622 658 697 633 632 671 615 614 681 660 640 692 666 643 667 691 631 628 637 636
384
507
562
497
621
239
515
810
100
444
970
867
91
52
248
619
254
1
987
585
710
918
129
587
145
180
552
565
724
286
21
287
831
700
685
268
706
716
237
368
391
916
956
597
680
159
726
504
436
488
648
770
863
827
108
583
274
653
764
693
860
86
808
838
711
933
745
777
999
370
142
839
893
196
601
260
930
240
520
608
216
790
857
980
172
429
137
947
397
318
35
554
814
259
83
74
609
748
434
320
854
107
30
639
683
308
212
226
477
822
279
514
164
16
193
47
265
613
602
190
461
70
371
122
797
955
306
11
209
573
419
34
158
759
979
699
875
197
972
215
568
252
348
864
191
540
550
754
750
819
362
53
399
25
921
383
547
186
255
6
441
937
325
290
737
581
485
951
198
84
874
60
5
756
664
378
707
528
551
65
818
935
634
792
78
998
690
49
967
276
117
527
688
205
841
41
788
502
604
909
241
522
463
270
518
352
501
13
412
762
952
156
233
470
923
182
618
432
519
674
214
45
870
243
696
413
493
847
896
990
407
457
555
181
953
539
569
19
451
513
75
59
789
221
126
723
58
257
942
985
859
900
372
730
840
713
376
575
558
400
297
244
659
544
533
635
450
934
207
510
638
345
440
535
342
626
876
946
331
768
997
387
600
408
335
424
624
927
652
94
976
579
798
415
121
77
411
188
10
443
85
476
843
267
68
911
969
328
175
201
546
945
977
603
170
414
69
409
500
655
677
416
455
130
447
598
616
452
495
779
991
741
617
315
31
718
344
882
623
89
572
526
576
992
333
804
492
907
966
187
753
220
163
228
373
271
654
727
148
644
842
309
402
118
43
446
607
385
305
105
358
453
523
136
261
538
311
185
586
192
549
899
785
263
769
48
758
423
44
213
401
928
712
766
80
620
771
799
820
850
905
103
673
686
627
449
294
733
641
961
739
102
382
28
606
410
310
143
484
561
218
393
888
687
251
234
821
464
273
861
349
472
825
877
663
780
914
824
462
200
993
23
269
625
140
179
184
702
97
247
725
67
885
650
904
910
327
364
22
316
54
374
222
787
807
96
288
530
162
93
541
605
729
742
496
392
682
763
879
567
887
524
208
752
303
775
113
300
380
630
176
37
963
177
289
178
417
199
862
292
553
642
917
816
834
454
466
390
404
425
943
183
751
856
795
296
301
806
646
120
312
350
794
672
337
101
738
283
406
61
705
543
645
757
815
886
811
675
913
232
42
778
773
104
647
835
592
242
714
211
64
365
924
189
153
610
855
881
224
948
321
481
869
467
800
14
62
88
131
395
657
302
491
329
925
194
978
734
975
165
15
774
171
210
796
684