973
3
114
438
110
880 889 866 892 890 830 853 813 836 852 858 809 878 871 845 829 848 805 828 898 817 891 823 883 884 844 872 851 897 837
873
964 965 949 931 901 983 971 912 959 929 996 960 958 902 939 944 989 920 982 938 986 903 940 936 908 962 906 984 988 995 974 981 926
246 217 280 204 278 293 272 249 250 277 266 245 262 235 236 227 298 219 229 282 253 258 275 238 291 284 299 225 256 203
149
746
166 147 138 173 144 127 112 135 141 124 116 150 174 161 160 134 157 169 195 133 106 155 109 119 154 115 125 167
670
802
954
498
534 557 590 506 511 529 509 599 595 589 545 571 594 566 556 525 578 588 584 517 563 532 542 505 580 596 560 537 591 593 531 570 559 512 582 574 577 521 508
826
8
353 338 360 324 389 340 357 314 398 396 354 359 341 379 317 356 343 369 381 388 332 307 330 361 363 367 351 366 323 339 326 346 394
994
941
264
548
665
490 437 426 405 460 478 439 403 499 473 468 428 422 486 448 489 456 465 420 430 483 479 480 433 474 487 442 494 435 445 459 475
894
71
132
17
703
919
709
651
950
803
99
895
482
536
728 755 791 740 772 715 732 735 776 765 701 704 786 722 761 782 767 784 783 760 749 731 736 744 717 720
206
128
915
469
313
922
33
386
868
668
676
708
968
743
781
322
833
285
612
695
90
801
281
152
846
223
747
111
564
56
230
319
932
375
611
139
347
719
202
421
832
7 20 57 95 63 46 92 4 50 26 81 73 12 40 55 24 27 38 18 36 79 9 0 29 76 98 87 72 66 82 2 32
377
679
51
503
418
431
678
721
694
865
336
793
355
39
304
151
471
656
123
295
427
231
689
849
812
146
168
458
957
516
636 666 660 669 661 671 615 631 649 628 622 681 633 662 667 632 629 640 691 614 697 658 643 692 698 637
384
507
562
497
621
239
515
810
100
444
970
867
91
52
248
619
254
1
987
585
710
918
129
587
145
180
552
565
724
286
21
287
831
700
685
268
706
716
237
368
391
916
956
597
680
159
726
504
436
488
648
770
863
827
108
583
274
653
764
693
860
86
808
838
711
933
745
777
999
370
142
839
893
196
601
260
930
240
520
608
216
790
857
980
172
429
137
947
397
318
35
554
814
259
83
74
609
748
434
320
854
107
30
639
683
308
212
226
477
822
279
514
164
16
193
47
265
613
602
190
461
70
371
122
797
955
306
11
209
573
419
34
158
759
979
699
875
197
972
215
568
252
348
864
191
540
550
754
750
819
362
53
399
25
921
383
547
186
255
6
441
937
325
290
737
581
485
951
198
84
874
60
5
756
664
378
707
528
551
65
818
935
634
792
78
998
690
49
967
276
117
527
688
205
841
41
788
502
604
909
241
522
463
270
518
352
501
13
412
762
952
156
233
470
923
182
618
432
519
674
214
45
870
243
696
413
493
847
896
990
407
457
555
181
953
539
569
19
451
513
75
59
789
221
126
723
58
257
942
985
859
900
372
730
840
713
376
575
558
400
297
244
659
544
533
635
450
934
207
510
638
345
440
535
342
626
876
946
331
768
997
387
600
408
335
424
624
927
652
94
976
579
798
415
121
77
411
188
10
443
85
476
843
267
68
911
969
328
175
201
546
945
977
603
170
414
69
409
500
655
677
416
455
130
447
598
616
452
495
779
991
741
617
315
31
718
344
882
623
89
572
526
576
992
333
804
492
907
966
187
753
220
163
228
373
271
654
727
148
644
842
309
402
118
43
446
607
385
305
105
358
453
523
136
261
538
311
185
334
586
192
549
899
785
263
769
48
758
423
44
213
401
928
712
766
80
620
771
799
820
850
905
103
673
686
627
449
294
733
641
961
739
102
382
28
606
410
310
143
484
561
218
393
888
687
251
234
821
464
273
861
349
472
825
877
663
780
914
824
462
200
993
23
269
625
140
179
184
702
97
247
725
67
885
650
904
910
327
364
22
316
54
374
222
787
807
96
288
530
162
93
541
605
729
742
496
392
682
763
879
567
887
524
208
752
303
775
113
300
380
630
176
37
963
177
289
178
417
199
862
292
553
642
917
816
834
454
466
390
404
425
943
183
751
856
795
296
301
806
646
120
312
350
794
672
337
101
738
283
406
61
705
543
645
757
815
886
811
675
913
232
42
778
773
104
647
835
592
242
714
211
64
365
924
189
153
610
855
881
224
948
321
481
869
467
800
14
62
88
131
395
657
302
491
329
925
194
978
734
975
165
15
774
171
210
796
684