973
3
114
438
110
872 851 837 889 890 845 891 848 830 880 884 897 892 823 805 813 828 866 809 878 898 836 829 817 852 871 883 858 853
873
995 988 981 938 964 929 949 965 983 971 986 960 984 903 926 982 902 912 939 996 931 901 908 959 906 989 920 944 962 940 936 974 958
266 291 227 299 298 293 229 278 225 217 277 275 249 280 253 262 219 245 256 203 235 282 236 204 284 250 246 258 272 238
149
746
147 138 125 135 154 134 141 155 173 161 150 157 160 106 116 109 112 195 119 169 167 133 115 174 144 124 127 166
670
802
954
498
505 560 521 574 525 542 596 588 557 590 593 589 582 531 517 532 578 529 577 512 537 595 591 584 508 559 566 563 594 556 599 511 570 571 509 580 534
826
8
379 317 366 360 307 332 398 314 357 396 354 361 363 359 356 369 339 346 353 343 323 388 367 351 341 330 326 394 389 324 338 381 340
994
941
264
548
665
442 494 490 459 448 499 480 483 486 478 439 460 465 474 422 435 430 487 473 433 456 437 475 405 479 420 468 445 489 403 426 428
894
71
132
17
703
919
709
651
950
803
99
895
482
536
760 720 765 791 715 701 728 749 786 772 740 717 783 722 732 735 744 776 767 736 731 761 704 782 784 755
206
128
915
469
313
922
33
386
868
668
676
708
968
743
781
322
833
285
612
695
90
801
281
152
846
223
747
111
564
56
230
319
932
375
611
139
347
719
202
421
832
24 76 18 66 9 36 73 7 79 95 4 12 81 0 38 98 46 57 32 63 40 87 20 82 55 26 27 2 29 50 92 72
377
679
51
503
418
431
678
721
694
865
336
793
355
39
304
151
471
656
123
295
427
231
689
849
812
146
168
458
957
516
658 662 631 632 698 629 640 671 637 661 628 667 649 660 691 622 636 666 697 643 615 633 692 681 614 669
384
507
562
497
621
239
515
810
100
444
970
867
91
52
248
619
254
1
987
585
710
918
129
587
145
180
552
565
724
286
21
287
831
700
685
268
706
716
237
368
391
916
956
597
680
159
726
504
436
488
648
770
863
827
108
583
274
653
764
693
860
86
808
838
711
933
745
777
999
370
142
839
893
196
601
260
930
240
520
608
216
790
857
980
172
429
137
947
397
318
35
554
814
259
83
74
609
748
434
320
854
107
30
639
683
308
212
226
477
822
279
514
164
16
193
47
265
613
602
190
461
70
371
122
797
545
955
306
11
209
573
419
34
158
759
979
699
875
197
972
215
568
252
348
864
191
540
550
754
750
819
362
53
399
25
921
383
547
186
255
6
441
937
325
290
737
581
485
951
198
84
874
60
5
756
664
378
707
528
551
65
818
935
634
792
78
998
690
49
967
276
117
527
688
205
841
41
788
502
604
909
241
522
463
270
518
352
501
13
412
762
952
156
233
470
923
182
618
432
519
674
214
45
870
243
696
413
493
847
896
990
407
457
555
181
953
539
569
19
451
513
75
59
789
221
126
723
58
257
942
985
859
900
372
730
840
713
376
575
558
400
297
244
659
544
533
635
450
934
207
510
638
345
440
535
342
626
876
946
844
331
768
997
387
600
408
335
424
624
927
652
94
976
579
798
415
121
77
411
188
10
443
85
476
843
267
68
911
969
328
175
201
546
945
977
603
170
414
69
409
500
655
677
416
455
130
447
598
616
452
495
779
991
741
617
315
31
718
344
882
623
89
572
526
576
992
333
804
492
907
966
187
753
220
163
228
373
271
654
727
148
644
842
309
402
118
43
446
607
385
305
105
358
453
523
136
261
538
311
185
334
586
192
549
899
785
263
769
48
758
423
44
213
401
928
712
766
80
620
771
799
820
850
905
103
673
686
627
449
294
733
641
961
739
102
382
28
606
410
310
143
484
561
218
393
888
687
251
234
821
464
273
861
349
472
825
877
663
780
914
824
462
200
993
23
269
625
140
179
184
702
97
247
725
67
885
650
904
910
327
364
22
316
54
374
222
787
807
96
288
530
162
93
541
605
729
742
496
392
682
763
879
567
887
524
208
752
303
775
113
300
380
630
176
37
963
177
289
178
417
199
862
292
553
642
917
816
834
454
466
390
404
425
943
183
751
856
506
795
296
301
806
646
120
312
350
794
672
337
101
738
283
406
61
705
543
645
757
815
886
811
675
913
232
42
778
773
104
647
835
592
242
714
211
64
365
924
189
153
610
855
881
224
948
321
481
869
467
800
14
62
88
131
395
657
302
491
329
925
194
978
734
975
165
15
774
171
210
796
684