973
3
114
438
110
871 837 851 880 853 898 823 866 836 852 848 830 817 805 828 890 891 889 884 897 878 858 872 892 883 829 845 809
873
908 906 971 901 983 959 939 912 902 944 938 981 986 931 940 984 949 929 958 903 982 996 989 926 920 964 960 965 962 995 974 936 988
235 299 204 278 203 249 266 291 217 245 293 284 262 250 236 229 219 256 238 272 277 298 275 280 246 225 258 253 227 282
149
746
124 166 160 174 134 155 116 109 169 127 144 195 119 125 157 161 167 173 115 138 150 135 141 147 112 154 133 106
670
802
954
498
525 596 578 521 563 589 532 560 580 574 593 584 559 556 590 591 571 566 599 542 582 505 588 557 534 529 509 517 595 570 537 531 511 512 594 508 577
826
8
381 361 314 356 366 326 317 323 357 394 340 339 369 341 324 330 379 346 307 343 338 332 354 396 363 353 398 388 359 351 360 389
994
941
264
548
665
437 430 489 478 435 439 442 456 460 483 445 403 459 490 426 474 468 479 465 487 494 475 480 422 473 420 499 428 405 486 433 448
894
71
132
17
703
919
709
651
950
803
99
895
482
536
767 722 755 782 704 736 765 701 783 776 720 740 732 786 717 731 728 761 791 760 735 749 744 784 772 715
206
128
915
469
313
922
33
386
868
668
676
708
968
743
781
322
833
285
612
695
90
801
281
152
846
223
747
111
564
56
230
319
932
375
611
139
347
719
202
421
832
76 95 57 38 4 72 0 73 2 40 92 46 79 9 66 7 20 29 26 98 24 87 82 18 50 27 63 12 55 81 36 32
377
679
51
503
418
431
678
721
694
865
336
793
355
39
304
151
471
656
123
295
427
231
689
849
812
146
168
458
957
516
698 671 632 666 643 637 622 614 636 692 662 633 661 697 629 681 649 669 691 631 615 628 667 658 660 640
384
507
562
497
621
239
515
810
100
444
970
867
91
52
248
619
254
1
987
585
710
918
129
587
145
180
552
565
724
286
21
287
831
700
685
268
706
716
237
368
391
916
956
597
680
159
726
504
436
488
648
770
863
827
108
583
274
653
764
693
860
86
808
838
711
933
745
777
999
370
142
839
893
196
601
260
930
240
520
608
216
790
857
980
172
429
137
947
397
318
35
554
814
259
83
74
609
748
434
320
854
107
30
639
683
308
212
226
477
822
279
514
164
16
193
47
265
613
602
190
461
70
371
122
797
813
545
955
306
11
209
573
419
34
158
759
979
699
875
197
972
215
568
252
348
864
191
540
550
754
750
819
362
53
399
25
921
383
547
186
255
6
441
937
325
290
737
581
485
951
198
84
874
60
5
756
664
378
707
528
551
65
818
935
634
792
78
998
690
49
967
276
117
527
688
205
841
41
788
502
604
909
241
522
463
270
518
352
501
13
412
762
952
156
233
470
923
182
618
432
519
674
214
45
870
243
696
413
493
847
896
990
407
457
555
181
953
539
569
19
451
513
75
59
789
221
126
723
58
257
942
985
859
900
372
730
840
713
376
575
558
400
297
244
659
544
533
635
450
934
207
510
638
345
440
535
342
626
876
946
844
331
768
997
387
600
408
335
424
624
927
652
94
976
579
798
415
121
77
411
188
10
443
85
476
843
267
68
911
969
328
175
201
546
945
977
603
170
414
69
409
500
655
677
416
455
130
447
598
616
452
495
779
991
741
617
315
31
718
344
882
623
89
572
526
576
992
333
804
492
907
966
187
753
220
163
228
373
271
654
727
148
644
842
309
402
118
43
446
607
385
305
105
358
367
453
523
136
261
538
311
185
334
586
192
549
899
785
263
769
48
758
423
44
213
401
928
712
766
80
620
771
799
820
850
905
103
673
686
627
449
294
733
641
961
739
102
382
28
606
410
310
143
484
561
218
393
888
687
251
234
821
464
273
861
349
472
825
877
663
780
914
824
462
200
993
23
269
625
140
179
184
702
97
247
725
67
885
650
904
910
327
364
22
316
54
374
222
787
807
96
288
530
162
93
541
605
729
742
496
392
682
763
879
567
887
524
208
752
303
775
113
300
380
630
176
37
963
177
289
178
417
199
862
292
553
642
917
816
834
454
466
390
404
425
943
183
751
856
506
795
296
301
806
646
120
312
350
794
672
337
101
738
283
406
61
705
543
645
757
815
886
811
675
913
232
42
778
773
104
647
835
592
242
714
211
64
365
924
189
153
610
855
881
224
948
321
481
869
467
800
14
62
88
131
395
657
302
491
329
925
194
978
734
975
165
15
774
171
210
796
684