973
3
114
438
110
892 884 889 858 880 817 837 809 897 878 805 848 845 898 872 891 866 890 871 828 852 853 836 829 823 851 830 883
873
938 936 906 959 939 902 929 944 974 984 986 983 988 982 940 912 962 989 971 908 995 926 996 965 981 920 960 964 903 949 931 901 958
266 262 250 280 293 284 229 238 282 225 246 272 249 227 204 277 253 291 258 245 219 217 203 299 298 235 278 256 275
149
746
134 195 147 125 112 138 144 106 141 166 161 155 169 109 133 119 150 167 174 115 157 127 135 173 124 116 154 160
670
802
954
498
570 531 542 517 580 595 521 599 590 534 582 588 537 557 577 511 532 559 566 593 571 578 563 556 594 591 584 505 529 596 560 509 574 512 589 508 525
826
8
363 366 379 389 330 340 360 338 332 351 353 361 324 341 356 398 343 326 357 369 317 354 323 381 346 394 314 307 359 339 388 396
994
941
264
548
665
403 460 499 448 435 468 430 478 486 489 445 465 442 420 428 490 422 456 426 487 483 459 433 475 480 494 437 474 473 439 479
894
71
132
17
703
919
709
651
950
803
99
895
482
536
740 791 701 736 722 784 704 783 717 731 786 728 782 735 761 715 755 776 720 772 732 760 744 749 765 767
206
128
915
469
313
922
33
386
868
668
676
708
968
743
781
322
833
285
612
695
90
801
281
152
846
223
747
111
564
56
230
319
932
375
611
139
347
719
202
421
832
0 7 36 98 57 38 46 27 82 92 66 24 40 9 12 32 18 63 76 79 50 4 87 95 55 72 29 26 2 73 20 81
377
679
51
503
418
431
678
721
694
865
336
793
355
39
304
151
471
656
123
295
427
231
689
849
812
146
168
458
957
516
661 698 666 637 643 631 632 636 662 691 692 658 667 681 633 628 649 697 660 615 669 640 671 614 629 622
384
507
562
497
621
239
515
810
100
444
970
867
91
52
248
619
254
1
987
585
710
918
129
587
145
180
552
565
724
286
21
287
831
700
685
268
706
716
237
368
391
916
956
597
680
159
726
504
436
488
648
770
863
827
108
583
274
653
764
693
860
86
808
838
711
933
745
777
999
370
142
839
893
196
601
260
930
240
520
608
216
790
857
980
172
429
137
947
397
318
35
554
814
259
83
74
609
748
434
320
854
107
30
639
683
308
212
226
477
822
279
514
164
16
193
47
265
613
602
190
461
70
371
122
797
813
545
955
306
11
209
573
419
34
158
759
979
699
875
197
972
215
568
252
348
864
191
540
550
754
750
819
362
53
399
25
921
383
547
186
255
6
441
937
325
290
737
581
485
951
198
84
874
60
5
756
664
378
707
528
551
65
818
935
634
792
78
998
690
49
967
276
117
527
688
205
841
41
788
502
604
909
241
522
463
270
518
352
501
13
412
762
952
156
233
470
923
182
618
432
519
674
214
45
870
243
696
413
493
847
896
990
407
457
555
181
953
539
569
19
451
513
75
59
789
221
126
723
58
257
942
985
859
900
372
730
840
713
376
575
558
400
297
244
659
544
533
635
450
934
207
510
638
345
440
535
342
626
876
946
844
331
768
997
387
600
408
335
424
624
927
652
94
976
579
798
415
121
77
411
188
10
443
85
476
843
267
68
911
969
328
175
201
546
945
977
603
170
414
69
409
500
655
677
416
455
130
447
598
616
452
495
779
991
741
617
315
31
718
344
882
623
89
572
526
576
992
333
804
492
907
966
187
753
220
163
228
373
271
654
727
148
644
842
309
402
118
43
446
607
385
305
105
358
367
453
523
136
261
538
311
185
334
586
192
549
899
785
263
769
48
758
423
44
213
401
928
712
766
80
620
771
799
820
850
905
103
673
686
627
449
294
733
641
961
739
102
382
28
606
410
310
143
484
561
218
393
888
687
251
234
821
464
273
861
349
472
825
877
663
780
236
914
824
462
200
993
23
269
625
140
179
184
702
97
247
725
67
885
650
904
910
327
364
22
316
54
374
222
787
807
96
288
530
162
93
541
605
729
742
496
392
682
763
879
567
887
524
208
752
303
775
113
300
380
630
176
37
963
177
289
178
417
199
862
292
553
642
917
816
834
454
466
390
404
425
943
183
751
856
506
795
296
301
806
646
120
312
350
794
672
337
101
738
283
406
61
705
543
645
757
815
886
811
675
913
232
42
778
773
104
647
835
592
242
405
714
211
64
365
924
189
153
610
855
881
224
948
321
481
869
467
800
14
62
88
131
395
657
302
491
329
925
194
978
734
975
165
15
774
171
210
796
684