973
3
114
438
110
891 872 883 897 836 866 858 823 830 889 884 848 871 851 829 890 845 828 817 892 805 898 809 852 880 837 878 853
873
962 906 964 960 926 959 940 984 965 958 986 936 931 995 982 938 944 974 983 920 996 988 902 971 908 912 929 901 989 903 981 939 949
256 204 253 272 266 227 225 246 203 293 275 277 299 262 249 282 291 245 280 278 217 258 284 250 235 229 298 219 238
149
746
115 135 144 133 166 155 119 154 157 125 109 124 161 174 138 127 160 134 169 112 167 150 173 147 116 141 195 106
670
802
954
498
525 521 534 517 589 577 594 578 580 557 590 560 559 588 566 505 508 512 574 584 556 591 570 509 532 582 571 511 531 599 537 595 563 596 529 593 542
826
8
354 359 351 330 340 357 353 339 324 343 381 366 314 356 363 341 360 379 317 388 307 338 326 346 394 398 323 332 396 389 361 369
994
941
264
548
665
439 483 468 445 475 489 474 422 442 480 433 456 459 428 430 403 490 465 486 426 478 437 448 499 494 479 460 473 420 435 487
894
71
132
17
703
919
709
651
950
803
99
895
482
536
749 744 776 783 761 717 772 722 755 791 736 720 728 731 715 765 782 732 704 735 760 701 740 784 786 767
206
128
915
469
313
922
33
386
868
668
676
708
968
743
781
322
833
285
612
695
90
801
281
152
846
223
747
111
564
56
230
319
932
375
611
139
347
719
202
421
832
29 72 76 55 57 7 40 24 82 38 4 79 20 0 73 36 50 26 92 9 66 98 12 87 95 27 32 81 18 2 63
377
46
679
51
503
418
431
678
721
694
865
336
793
355
39
304
151
471
656
123
295
427
231
689
849
812
146
168
458
957
516
643 692 662 637 697 633 632 658 667 681 636 666 629 622 628 631 661 649 691 669 640 615 614 671 660 698
384
507
562
497
621
239
515
810
100
444
970
867
91
52
248
619
254
1
987
585
710
918
129
587
145
180
552
565
724
286
21
287
831
700
685
268
706
716
237
368
391
916
956
597
680
159
726
504
436
488
648
770
863
827
108
583
274
653
764
693
860
86
808
838
711
933
745
777
999
370
142
839
893
196
601
260
930
240
520
608
216
790
857
980
172
429
137
947
397
318
35
554
814
259
83
74
609
748
434
320
854
107
30
639
683
308
212
226
477
822
279
514
164
16
193
47
265
613
602
190
461
70
371
122
797
813
545
955
306
11
209
573
419
34
158
759
979
699
875
197
972
215
568
252
348
864
191
540
550
754
750
819
362
53
399
25
921
383
547
186
255
6
441
937
325
290
737
581
485
951
198
84
874
60
5
756
664
378
707
528
551
65
818
935
634
792
78
998
690
49
967
276
117
527
688
205
841
41
788
502
604
909
241
522
463
270
518
352
501
13
412
762
952
156
233
470
923
182
618
432
519
674
214
45
870
243
696
413
493
847
896
990
407
457
555
181
953
539
569
19
451
513
75
59
789
221
126
723
58
257
942
985
859
900
372
730
840
713
376
575
558
400
297
244
659
544
533
635
450
934
207
510
638
345
440
535
342
626
876
946
844
331
768
997
387
600
408
335
424
624
927
652
94
976
579
798
415
121
77
411
188
10
443
85
476
843
267
68
911
969
328
175
201
546
945
977
603
170
414
69
409
500
655
677
416
455
130
447
598
616
452
495
779
991
741
617
315
31
718
344
882
623
89
572
526
576
992
333
804
492
907
966
187
753
220
163
228
373
271
654
727
148
644
842
309
402
118
43
446
607
385
305
105
358
367
453
523
136
261
538
311
185
334
586
192
549
899
785
263
769
48
758
423
44
213
401
928
712
766
80
620
771
799
820
850
905
103
673
686
627
449
294
733
641
961
739
102
382
28
606
410
310
143
484
561
218
393
888
687
251
234
821
464
273
861
349
472
825
877
663
780
236
914
824
462
200
993
23
269
625
140
179
184
702
97
247
725
67
885
650
904
910
327
364
22
316
54
374
222
787
807
96
288
530
162
93
541
605
729
742
496
392
682
763
879
567
887
524
208
752
303
775
113
300
380
630
176
37
963
177
289
178
417
199
862
292
553
642
917
816
834
454
466
390
404
425
943
183
751
856
506
795
296
301
806
646
120
312
350
794
672
337
101
738
283
406
61
705
543
645
757
815
886
811
675
913
232
42
778
773
104
647
835
592
242
405
714
211
64
365
924
189
153
610
855
881
224
948
321
481
869
467
800
14
62
88
131
395
657
302
491
329
925
194
978
734
975
165
15
774
171
210
796
684