909 999 973 967 912 950 942 969 979 960 974 981 931 997 963 965 943 927 977 902 998 983 972 994 968 921 966 964 936 956 949 991 971 901 947 938 945 908 941 961 992 910 989 911 913 923 907 985 990 953 925 986 926 928 962 934 946 937 929 922 995 958 920 906 935 916 919 903 980 924 914 975 976 905 954 959 984 930 982 917 915 944 996 993 952 918 939 987 955 932 978 940 904 988
92 2 40 33 89 80 39 35 29 77 88 90 8 19 32 27 53 49 10 73 47 13 24 20 71 3 38 94 55 44 75 98 67 30 81 57 65 14 43 99 91 0 84 63 50 95 42 4 60 16 69 86 62 22 25 9 66 7 36 48 97 45 15 11 51 28 31 56 46 96 68 74 72 37 79 41 26 87 64 17 82 85 12 18 76 52 58 54 23 21 34 83 6 59 61
115 196 149 184 122 185 166 116 132 128 152 174 133 178 106 199 108 148 188 123 119 126 137 197 147 180 154 103 156 127 153 183 105 117 124 170 144 171 160 131 177 140 155 172 176 198 161 162 175 120 146 187 181 186 136 193 194 112 104 150 142 125 157 113 165 110 173 111 134 169 168 109 167 114 179 135 192 143 102 130 182 139 145 164 118 138 121 195 163 141
426 425 473 478 485 482 402 424 445 468 411 462 407 441 495 488 454 463 431 414 432 467 434 457 450 422 484 479 420 447 436 451 417 483 408 471 493 470 433 465 461 459 430 490 499 410 486 452 487 460 413 412 439 497 416 491 489 401 403 498 419 409 443 429 480 437 458 456 474 428 496 476 440 444 415 438 469 442 477 427 423 449 446 453 404 464 448 406 481 492 435 466 475 405 455 494
805 842 811 896 827 847 850 864 876 878 885 838 815 857 817 835 867 899 891 840 869 832 839 826 888 804 809 883 841 853 819 874 875 812 892 818 831 833 898 814 889 836 855 851 810 858 824 830 821 813 844 884 807 860 808 894 893 895 890 822 872 820 803 828 848 834 837 849 897 800 873 846 806 823 871 866 854 865 882 816 870 852 829 868 880 886 863 825 887 862 861 845 877 843
252 217 244 221 255 250 246 268 248 281 259 219 299 261 204 224 266 286 213 206 214 222 236 254 273 274 278 294 276 279 242 275 243 288 265 253 208 291 202 228 235 284 287 298 211 232 231 249 223 290 225 216 285 239 251 263 240 247 212 229 272 210 262 237 267 295 269 205 209 283 258 270 280 245 218 238 207 203 293 200 233 257 227 297 292 241 234 256 282 277 226 230 289
740 791 773 714 705 788 787 728 742 776 710 736 723 743 799 783 731 712 737 777 751 709 755 716 752 758 730 786 785 717 782 748 735 781 766 792 707 769 701 775 725 779 796 772 747 750 753 720 774 780 793 713 741 702 744 738 745 711 718 771 795 761 760 770 767 721 749 729 763 715 703 764 784 733 704 708 798 757 756 790 754 724 732 768 794 746 765 719 722 739 778 734 762 759 797
630 680 669 650 626 658 695 649 641 677 633 652 622 660 670 640 615 621 628 636 671 663 693 618 676 684 651 617 674 673 666 696 601 682 611 645 614 668 659 683 603 672 686 656 607 646 604 639 654 620 643 632 653 657 664 662 667 685 688 608 692 605 644 629 627 675 699 661 638 698 694 681 642 637 613 631 691 647 679 678 602 634 689 609 655 635 648 625 690 612 665 616 697
802
510 513 518 538 526 529 570 550 588 593 532 552 594 555 503 556 547 595 591 517 535 506 543 586 575 523 587 534 560 561 541 582 557 599 505 573 525 564 509 519 508 520 530 584 589 507 516 576 524 527 558 568 581 569 511 540 574 502 577 514 533 585 565 521 554 501 531 597 542 559 537 590 567 528 504 545 539 563 598 544 512 596 578 579 546 566 549 580 571 551 515 536 583 562
368 330 328 347 364 334 394 387 386 393 320 365 329 336 304 322 323 382 389 358 354 375 338 303 398 370 325 308 311 331 383 313 346 324 352 392 396 366 305 390 349 306 339 356 312 337 314 355 378 333 360 361 348 341 384 321 376 342 351 344 318 300 362 395 350 315 317 340 359 357 399 363 310 372 385 345 335 391 343 379 367 388 380 307 302 377 327 369 397 371 319 309 332 326 353 381
264
548
801
421
418
151
957
100
970
619
1
129
700
706
159
726
933
260
107
190
70
158
215
191
951
5
78
522
789
859
900
400
600
624
201
500
623
572
220
373
271
727
606
687
472
316
374
93
879
553
856
296
301
101
592
189
610
881
948