973
3
114
438
110
836 845 880 823 891 884 837 809 830 871 858 828 872 851 883 829 898 890 817 853 866 892 852 878 889 897 848
873
988 964 974 908 986 903 989 983 949 940 962 936 971 944 901 958 965 926 939 996 912 931 982 995 981 920 984 960 902 959 938 906
227 229 258 235 253 238 245 225 278 277 272 291 249 293 262 250 282 280 203 299 219 246 204 284 266 298 217 275 256
149
746
119 157 116 154 134 141 106 161 144 127 160 195 147 167 155 166 125 138 174 124 135 173 133 150 115 112 109
670
802
954
498
580
826
8
398 323 353 326 363 307 351 332 339 379 366 330 388 359 340 361 338 369 354 317 360 341 396 324 394 381 343 356 314 346 357 389
994
941
264
548
665
420 499 459 426 486 483 474 403 428 460 468 489 448 478 439 442 437 480 435 430 473 433 422 487 445 490 475 456 494 465 479
894
71
132
17
703
919
709
651
950
803
99
895
482
536
728 731 701 765 784 760 717 772 722 761 736 782 715 704 735 732 786 791 749 776 783 767 740 744 720
206
128
915
469
313
577 596 571 509 593 559 584 599 588 556 529 525 521 534 532 505 578 590 582 508 512 589 566 563 511 531 595 591 517 537 594 574 560 557 570 542
922
33
386
868
668
676
708
755
968
743
781
322
833
285
612
695
90
801
281
152
846
223
747
111
564
56
230
319
932
375
611
139
347
719
202
421
832
4 63 82 92 24 76 79 2 9 95 87 7 50 73 40 98 20 38 72 18 0 32 27 36 12 66 81 57 26 55 29
377
46
679
51
503
418
431
678
721
694
865
336
793
355
39
304
151
471
656
123
295
427
231
689
849
812
146
168
458
957
516
631 636 669 637 629 640 633 632 661 622 698 614 681 666 692 671 649 691 628 643 697 658 667 660 662 615
384
507
562
497
621
239
515
810
100
444
970
867
91
52
248
619
254
1
987
585
710
918
129
587
145
180
552
565
724
286
21
287
831
700
685
268
706
716
237
368
391
916
956
597
680
159
726
504
436
488
648
770
863
827
108
583
274
653
764
693
860
86
808
838
711
933
745
777
999
370
142
839
893
196
601
260
930
240
520
608
216
790
857
980
172
429
137
947
397
318
35
554
814
259
83
74
609
748
434
320
854
107
30
639
683
308
212
226
477
822
279
514
164
16
193
47
265
613
602
190
461
70
371
122
797
813
545
955
306
11
209
573
419
34
158
759
979
699
875
197
972
215
568
252
348
864
191
540
550
754
750
819
362
53
399
25
921
383
547
186
255
6
441
937
325
290
737
581
485
951
198
84
874
60
5
756
664
378
707
528
551
65
818
935
169
634
792
78
998
690
49
967
276
117
527
688
205
841
41
788
502
604
909
241
522
463
270
518
352
501
13
412
762
952
156
233
470
923
182
618
432
519
674
214
45
870
243
696
413
493
847
896
990
407
457
555
181
953
539
569
19
451
513
75
59
789
221
126
723
58
257
942
985
859
900
372
730
840
713
376
575
558
400
297
244
659
544
533
635
450
934
207
510
638
345
440
535
342
626
876
946
844
331
768
997
387
600
408
335
424
624
927
652
94
976
579
798
415
121
77
411
188
10
443
85
476
843
267
68
911
969
328
175
201
546
945
977
603
170
414
69
409
500
655
677
416
455
130
447
598
616
452
495
779
991
741
617
315
31
718
344
882
623
89
572
526
576
992
333
804
492
907
966
187
753
220
163
228
373
271
654
727
148
644
842
309
402
118
43
446
607
385
305
105
358
367
453
523
136
261
538
311
185
334
586
192
549
899
785
263
769
48
758
423
44
213
401
928
712
766
80
620
771
799
820
850
905
103
673
686
627
449
294
733
641
961
739
102
382
28
606
410
310
143
484
561
218
393
888
687
251
234
821
464
273
861
349
472
825
877
663
780
236
914
824
462
200
993
23
269
625
140
179
184
702
97
247
725
67
885
650
904
910
327
364
22
316
54
374
222
787
807
96
288
530
162
93
541
605
729
742
496
392
682
763
879
567
887
524
208
752
303
775
113
300
380
630
805
176
37
963
177
289
178
417
199
862
292
553
642
917
816
834
454
466
390
404
425
943
183
751
856
506
795
296
301
806
646
120
312
350
794
672
337
101
738
283
406
61
705
543
645
757
815
886
811
675
913
232
42
778
773
104
647
835
592
929
242
405
714
211
64
365
924
189
153
610
855
881
224
948
321
481
869
467
800
14
62
88
131
395
657
302
491
329
925
194
978
734
975
165
15
774
171
210
796
684