952 978 965 935 915 969 998 988 946 911 954 923 997 913 921 979 968 937 907 986 934 974 917 981 987 939 962 971 982 927 941 931 989 930 916 983 912 984 999 960 942 905 918 975 929 904 972 967 924 932 966 949 995 958 925 961 906 977 955 926 976 943 910 980 908 920 902 964 990 953 945 950 985 901 919 909 944 914 940 922 994 936 963 993 938 956 947 991 959 992 928 973 903 996
19 67 11 38 0 40 85 65 39 36 81 29 27 98 47 13 99 35 82 63 52 7 48 90 95 16 88 44 79 9 58 31 25 22 55 97 86 8 43 6 23 72 32 74 80 26 76 4 17 60 21 33 62 14 30 46 68 45 34 18 71 42 3 56 64 53 83 89 94 57 15 87 92 66 77 28 12 2 41 59 69 73 54 37 91 61 84 50 10 96 49 75 24 51 20
136 193 135 165 122 195 106 138 178 110 186 187 150 163 154 196 124 140 112 111 108 141 109 123 130 134 128 114 137 119 146 139 169 145 173 179 156 125 188 147 174 115 181 157 152 182 133 168 117 118 162 131 177 167 127 103 166 171 104 126 153 142 144 184 121 192 160 148 105 176 102 132 170 199 183 197 149 180 175 198 161 172 116 143 185 120 164 113 194 155
440 419 445 452 410 414 411 451 484 457 479 468 475 494 449 456 434 464 438 470 446 420 462 471 453 432 406 402 454 469 477 424 408 430 436 417 427 404 483 465 467 431 403 460 497 409 405 486 416 459 441 489 487 426 407 492 491 455 429 488 495 478 493 412 428 415 496 466 461 499 450 448 474 458 482 425 423 422 401 442 473 433 437 481 443 490 444 435 476 463 498 485 447 413 439 480
864 809 886 826 862 893 850 810 817 833 823 896 836 878 838 876 821 837 888 831 854 830 858 824 880 841 811 883 825 894 804 892 853 861 889 852 873 848 885 829 835 847 815 842 874 875 818 808 860 851 806 800 807 839 868 845 805 846 812 819 855 897 832 872 834 857 803 863 866 887 869 895 844 877 840 813 867 849 827 890 865 822 871 882 899 891 870 884 828 820 843 814 898 816
291 276 217 247 200 261 207 228 242 248 280 259 211 241 243 221 239 210 279 298 254 225 277 213 294 245 249 244 237 233 208 266 290 287 223 252 232 251 205 258 236 212 270 282 230 265 226 275 256 283 289 227 253 219 299 273 281 216 293 263 204 285 238 222 235 229 202 297 209 240 278 234 214 286 288 272 274 295 268 284 292 231 255 218 257 203 206 262 224 267 246 250
773 749 751 752 737 779 786 784 763 771 753 756 772 717 704 729 758 738 703 788 740 776 759 764 722 783 796 798 781 775 728 744 777 731 795 709 733 793 714 707 766 765 724 760 743 730 750 794 701 754 723 797 716 790 745 721 747 768 702 782 762 741 770 719 735 778 742 792 780 725 705 720 785 736 755 710 767 748 746 761 787 713 739 774 791 732 711 708 712 718 715 769 734 757 799
694 637 696 689 631 679 692 693 613 686 602 638 685 695 688 698 641 605 617 678 640 691 676 670 682 648 658 612 632 662 604 643 650 667 680 669 635 649 681 663 639 690 646 647 611 668 666 621 622 607 645 614 609 659 699 628 683 608 665 644 634 618 629 675 660 652 677 633 697 616 620 601 630 642 671 654 684 615 674 661 673 636 653 656 672 627 626 664 651 625 657 655 603
802
501 589 582 520 578 596 586 560 570 579 561 546 576 580 597 519 507 540 516 512 599 544 514 569 595 585 531 575 545 532 524 527 557 533 552 541 555 562 517 581 573 534 536 593 598 525 554 508 502 510 509 535 571 542 503 528 515 564 513 506 539 523 566 543 574 538 584 568 577 590 563 549 583 551 505 550 587 547 588 530 591 526 521 537 556 594 567 558 504 559 518 529 511 565
358 331 377 330 306 300 347 382 399 336 349 352 315 356 344 312 333 314 369 346 332 328 367 343 366 378 308 361 310 368 390 376 340 303 351 319 355 324 353 365 375 385 362 325 364 341 339 313 383 318 345 370 326 305 321 334 348 395 322 323 354 342 304 386 311 381 379 357 309 397 393 320 329 363 302 371 396 327 337 359 392 338 398 360 391 389 380 335 384 350 394 387 388 372 307 317
264
548
801
421
418
151
957
100
970
619
1
129
700
706
159
726
933
260
107
190
70
158
215
191
951
5
78
522
789
859
900
400
600
624
201
500
623
572
220
373
271
727
606
687
472
269
316
374
93
879
553
856
296
301
101
592
189
610
881
948