973
3
114
438
110
892 829 830 871 828 883 897 890 884 809 866 872 836 851 837 898 853 880 889 817 852 848 858 845 823 891 878
873
940 974 960 912 958 901 984 903 908 983 986 971 962 989 926 988 959 906 936 982 939 944 902 995 931 996 965 949 920 938 981
291 235 249 217 266 219 278 229 253 246 245 204 256 272 250 225 238 284 293 275 203 277 298 262 227 280 258 299 282
149
746
195 112 133 155 119 116 157 174 124 154 134 106 166 109 161 160 167 138 141 127 144 125 147 150 135 115
670
802
954
498
580
826
8
394 389 360 351 388 353 363 398 346 339 357 340 307 332 356 361 326 396 314 323 354 369 324 317 341 359 366 381 379 343
994
941
264
548
665
460 426 420 445 474 479 499 433 448 403 459 473 478 428 456 468 486 430 475 490 480 437 487 442 439 422 494 435 483 465 489
894
71
132
17
703
919
709
651
950
803
99
895
482
536
772 784 728 749 744 761 767 701 786 776 720 704 740 760 782 765 715 736 731 722 791 717 732 783 735
206
128
915
469
313
560 521 508 563 589 574 505 591 582 509 588 557 542 517 577 590 596 584 529 534 537 599 578 566 571 594 511 570 559 593 556 512
922
33
386
868
668
676
708
755
968
743
781
322
833
285
612
695
90
801
281
152
846
223
747
111
564
56
230
319
932
375
611
139
347
719
202
421
832
24 27 0 38 9 79 87 20 32 7 2 98 72 12 63 40 92 66 18 50 29 57 81 55 73 4 82 95 26 76
377
46
679
51
503
418
431
678
721
694
865
336
793
355
39
304
151
471
656
123
295
427
231
689
849
812
146
168
458
957
516
649 691 666 698 667 632 628 671 615 633 622 637 660 636 658 643 662 661 681 692 629 614 631 669 640 697
384
507
562
497
621
239
515
810
100
444
970
867
91
52
248
619
254
1
987
338
585
710
918
129
587
145
180
552
565
964
724
286
21
287
831
700
685
268
706
716
237
368
391
916
956
597
680
159
726
504
436
488
648
770
863
827
108
583
274
653
764
693
860
86
808
838
711
933
745
777
999
370
142
839
893
196
601
260
930
240
520
608
216
790
857
980
172
429
137
947
397
318
35
554
814
259
83
531
74
609
748
434
320
854
107
30
639
683
308
212
226
477
822
279
514
164
16
193
47
265
613
602
190
461
70
371
122
797
813
545
955
306
11
209
573
419
34
158
759
979
699
875
197
972
215
568
252
348
864
191
540
550
754
750
819
362
53
399
25
921
383
547
186
255
6
441
937
325
330
290
737
581
485
951
198
84
874
60
5
756
664
378
707
528
551
65
818
935
169
634
792
78
998
690
49
967
276
117
527
688
205
841
41
788
502
604
909
241
522
463
270
518
352
501
13
412
762
952
156
233
470
923
182
618
432
519
674
214
45
870
243
696
413
493
847
896
990
407
457
555
181
953
539
569
19
451
513
75
59
789
221
126
723
58
257
942
985
859
900
372
730
840
713
376
575
558
400
297
244
659
544
533
36
635
450
934
207
510
638
345
440
535
342
626
876
946
844
331
768
997
387
600
408
335
424
624
927
652
94
976
579
798
415
121
77
411
188
10
443
85
476
843
267
68
911
969
328
175
201
546
945
977
603
170
414
69
409
500
655
677
416
455
130
447
598
616
452
495
779
991
741
617
315
31
718
344
882
623
89
572
526
576
992
333
804
492
907
966
187
753
220
163
228
373
271
654
727
148
644
842
309
402
118
43
446
607
385
305
105
358
367
453
523
136
261
538
311
185
334
586
192
549
899
785
263
769
48
758
423
44
213
401
928
712
766
80
620
771
799
820
850
905
103
673
686
627
449
294
733
641
961
739
102
382
28
606
410
310
143
484
561
218
393
888
687
251
234
821
464
273
861
349
472
825
877
663
780
236
914
824
462
200
993
23
269
625
140
179
184
702
97
247
725
67
885
650
904
910
327
364
22
316
54
374
222
787
807
96
288
530
162
93
541
605
729
742
532
496
525
392
682
763
879
567
887
524
208
752
303
775
113
173
300
380
630
805
176
37
963
177
289
178
417
199
862
292
553
642
917
816
834
454
466
390
404
425
943
183
751
856
506
795
296
301
806
646
120
312
350
794
672
337
101
738
283
406
61
705
543
645
757
815
886
811
675
913
232
42
778
773
104
647
835
592
929
242
405
714
211
64
365
924
189
153
610
855
881
224
948
321
481
869
467
800
14
62
595
88
131
395
657
302
491
329
925
194
978
734
975
165
15
774
171
210
796
684