973
3
114
438
110
845 837 883 884 872 892 829 851 823 828 897 890 809 852 817 836 871 880 878 898 891 889 866 830 853 848 858
873
988 920 938 949 984 974 902 944 906 958 989 931 903 983 982 908 940 962 971 965 981 936 960 986 926 995 996 939 959 901 912
291 238 282 227 298 280 284 204 245 250 272 256 253 219 246 275 278 258 217 229 299 249 225 293 203 262 235 277 266
149
746
144 161 133 150 106 116 112 134 125 167 157 124 166 141 155 119 147 138 109 135 174 115 154 127 160 195
670
802
954
498
580
826
8
332 346 360 363 361 366 359 354 340 381 326 351 353 394 357 389 369 324 356 388 323 314 341 307 379 398 317 339 343 396
994
941
264
548
665
428 465 478 489 480 474 435 445 487 494 483 433 460 439 426 479 430 473 456 490 475 468 437 442 499 448 403 486 422 420
894
71
132
17
703
919
709
651
950
803
99
895
482
536
728 765 732 715 731 749 776 791 786 767 761 717 783 720 736 782 784 722 701 704 744 740 772 760 735
206
128
915
469
313
505 599 542 560 570 557 559 590 593 509 563 556 537 571 584 529 534 577 588 566 589 508 582 594 596 511 591 517 574 521 512 578
922
33
386
868
668
676
708
755
968
743
781
322
833
285
612
695
90
801
281
152
846
223
747
111
564
56
230
319
932
375
611
139
347
719
202
421
832
12 76 81 40 27 57 82 50 87 98 79 72 24 29 38 32 92 63 73 9 0 95 55 18 2 66 20 7 4 26
377
46
679
51
503
418
431
678
721
694
865
336
793
355
39
304
151
471
656
123
295
427
231
689
849
812
146
168
458
957
516
649 622 631 636 671 615 666 660 662 628 669 667 640 698 637 632 691 629 614 643 697 658 692 633 661 681
384
507
562
497
621
239
515
810
100
444
970
867
91
52
248
619
254
1
987
338
585
710
918
129
587
145
180
552
565
964
724
286
21
287
831
700
685
268
706
716
237
368
391
916
956
597
680
159
726
504
436
488
648
770
863
827
108
583
274
653
764
693
860
86
808
838
711
933
745
777
999
370
142
839
893
196
601
260
930
240
520
608
216
790
857
980
172
429
137
947
397
318
35
554
814
259
83
531
74
609
748
434
320
854
107
30
639
683
308
212
226
477
822
279
514
164
16
193
47
265
613
602
190
461
70
371
122
797
813
545
955
306
11
209
573
419
34
158
759
979
699
875
197
972
215
568
252
348
864
191
540
550
754
750
819
362
53
399
25
921
383
547
186
255
6
441
937
325
330
290
737
581
485
951
198
84
874
60
5
756
664
378
707
528
551
65
818
935
169
634
792
78
998
690
49
967
276
117
527
688
205
841
41
788
502
604
909
241
522
463
270
518
352
501
13
412
762
952
156
233
470
923
182
618
432
519
674
214
45
870
243
696
413
493
847
896
990
407
457
555
181
953
539
569
19
451
513
75
59
789
221
126
723
58
257
942
985
859
900
372
730
840
713
376
575
558
400
297
244
659
544
533
36
635
450
934
207
510
638
345
440
535
342
626
876
946
844
331
768
997
387
600
408
335
424
624
927
652
94
976
579
798
415
121
77
411
188
10
443
85
476
843
267
68
911
969
328
175
201
546
945
977
603
170
414
69
409
500
655
677
416
455
130
447
598
616
452
495
779
991
741
617
315
31
718
344
882
623
89
572
526
576
992
333
804
492
907
966
187
753
220
163
228
373
271
654
727
148
644
842
309
402
118
43
446
607
385
305
105
358
367
453
459
523
136
261
538
311
185
334
586
192
549
899
785
263
769
48
758
423
44
213
401
928
712
766
80
620
771
799
820
850
905
103
673
686
627
449
294
733
641
961
739
102
382
28
606
410
310
143
484
561
218
393
888
687
251
234
821
464
273
861
349
472
825
877
663
780
236
914
824
462
200
993
23
269
625
140
179
184
702
97
247
725
67
885
650
904
910
327
364
22
316
54
374
222
787
807
96
288
530
162
93
541
605
729
742
532
496
525
392
682
763
879
567
887
524
208
752
303
775
113
173
300
380
630
805
176
37
963
177
289
178
417
199
862
292
553
642
917
816
834
454
466
390
404
425
943
183
751
856
506
795
296
301
806
646
120
312
350
794
672
337
101
738
283
406
61
705
543
645
757
815
886
811
675
913
232
42
778
773
104
647
835
592
929
242
405
714
211
64
365
924
189
153
610
855
881
224
948
321
481
869
467
800
14
62
595
88
131
395
657
302
491
329
925
194
978
734
975
165
15
774
171
210
796
684