973
3
114
438
110
889 892 817 878 848 891 809 897 851 852 866 883 898 853 871 823 830 836 890 884 845 880 872 837 828 829 858
873
981 906 944 901 949 938 960 908 984 965 989 996 958 995 959 988 974 986 939 931 936 926 982 902 920 971 903 962 940 912 983
246 258 277 238 278 280 284 250 282 256 253 203 298 204 293 225 291 219 229 299 249 272 262 235 245 227 266 275 217
149
746
138 124 116 154 166 147 161 127 155 135 125 141 106 119 112 144 150 133 160 134 115 167 195 174 109 157
670
802
954
498
580
826
8
357 314 343 326 324 369 396 317 339 332 351 361 341 353 307 363 381 346 356 323 388 359 379 398 366 389 340 354 394 360
994
941
264
548
665
422 489 486 430 426 445 437 448 473 490 465 435 479 428 420 483 499 478 439 442 460 480 487 474 403 494 433 475
894
71
132
17
703
919
709
651
950
803
99
895
482
536
782 772 765 736 784 791 776 786 740 722 735 704 744 728 761 717 760 749 715 783 720 731 767 732 701
206
128
915
469
313
534 560 508 566 511 588 577 537 591 517 599 570 578 571 542 559 574 521 512 529 589 590 505 596 594 584 563 582 557 556 593 509
922
33
386
868
668
676
708
755
968
743
781
322
833
285
612
695
90
801
281
152
846
223
747
111
564
56
230
319
932
375
611
139
347
719
202
421
832
27 92 18 76 95 4 24 50 66 29 2 87 73 38 81 55 57 98 32 82 9 63 7 0 79 12 20 26
377
46
679
51
503
418
72
431
678
721
694
865
336
793
355
39
304
151
471
656
123
295
427
231
689
849
812
146
168
458
957
516
691 631 636 662 667 681 628 640 697 660 658 622 669 637 692 629 649 632 666 643 661 671 698 615 614
384
507
562
497
621
239
515
810
100
444
970
867
91
52
248
619
254
1
987
338
585
710
918
129
587
145
180
552
565
964
724
286
21
287
831
700
685
268
706
716
237
368
391
916
956
597
680
159
726
504
436
488
648
770
863
827
108
583
274
653
764
693
860
86
808
838
711
933
745
777
999
370
142
839
893
196
601
260
930
240
520
608
216
790
857
980
172
429
137
947
397
318
35
554
814
259
83
531
74
609
748
434
320
854
107
30
639
683
308
212
226
477
822
279
514
164
16
193
47
265
613
602
190
461
70
371
122
797
813
545
955
306
11
209
573
419
34
158
759
979
699
875
197
972
215
568
252
348
864
191
540
550
754
750
819
362
53
399
25
921
383
547
186
255
6
441
937
325
330
290
737
581
485
951
198
84
874
60
5
756
664
378
707
528
551
65
818
935
169
634
792
78
998
690
49
967
276
117
527
688
205
841
41
788
502
604
909
241
522
463
270
518
352
501
13
412
762
952
156
233
470
923
182
618
432
519
674
214
45
870
243
696
413
493
847
896
990
407
457
555
181
953
539
569
19
451
513
75
59
789
221
126
723
58
257
942
985
859
900
372
730
840
713
376
575
558
400
297
244
659
544
533
36
635
450
934
207
510
638
345
440
535
342
626
876
946
844
331
768
997
387
600
408
335
424
624
927
652
94
976
579
798
415
121
77
411
188
10
443
85
476
843
267
68
911
969
328
175
201
546
945
977
603
170
414
69
409
500
655
677
416
455
130
447
598
616
452
495
779
991
741
617
315
31
718
344
882
623
89
572
526
576
992
333
804
492
907
966
187
753
220
163
228
373
271
654
727
148
644
842
309
402
118
43
446
607
385
305
105
358
367
453
459
523
136
261
538
633
311
185
334
586
192
549
899
785
263
769
48
758
423
44
213
401
928
712
766
80
620
40
771
799
820
850
905
103
673
686
627
449
294
733
641
961
739
102
382
28
606
410
310
143
484
561
218
393
888
687
251
234
821
464
273
861
349
472
825
877
663
780
236
914
824
462
200
993
23
269
625
140
179
184
702
97
247
725
67
885
650
904
910
327
364
22
316
54
374
222
787
807
96
288
530
162
93
541
605
729
742
532
496
525
392
682
763
879
567
887
524
208
752
303
775
113
173
300
380
630
805
176
37
963
177
289
178
417
199
862
292
553
642
917
816
834
454
466
390
404
425
943
183
751
856
506
795
296
301
806
646
120
312
350
794
672
337
101
738
283
406
61
705
543
645
757
815
886
811
675
913
232
42
778
773
104
647
835
592
929
242
405
714
211
64
365
924
189
153
610
855
881
468
224
948
321
481
869
467
800
14
456
62
595
88
131
395
657
302
491
329
925
194
978
734
975
165
15
774
171
210
796
684