923 982 910 973 932 954 928 968 915 998 993 963 918 964 947 990 926 919 930 943 904 916 949 937 953 956 972 987 912 952 901 992 977 994 917 950 996 946 966 907 902 931 920 945 922 974 969 905 940 959 986 995 909 997 921 944 962 978 961 975 999 960 929 911 925 903 913 981 971 989 967 991 985 935 984 955 908 934 980 939 941 965 938 924 914 988 936 979 927 906 958 942 983 976
83 23 32 55 21 11 45 50 79 9 49 87 28 90 19 61 22 8 63 51 81 17 37 75 16 80 58 46 52 94 76 95 85 43 57 89 88 67 4 53 10 18 30 29 73 65 41 12 59 91 74 99 86 44 24 60 98 69 38 68 36 92 40 3 82 25 48 20 26 39 0 47 64 27 66 7 56 2 15 62 71 34 6 97 96 33 13 14 72 31 42 77 35 84 54
180 162 111 102 136 143 142 171 183 176 184 170 173 130 120 124 141 195 139 123 187 122 192 137 119 116 106 126 145 147 105 152 163 154 103 194 185 117 127 128 110 133 181 149 131 177 164 175 115 197 121 166 108 160 155 172 104 157 144 186 135 113 167 193 114 146 134 109 188 199 153 165 112 138 168 196 150 178 198 148 156 179 140 169 125 174 182 132 161 118
445 414 427 496 412 410 430 409 490 403 428 433 485 453 407 458 467 411 434 469 425 484 406 424 438 447 450 401 454 482 477 444 436 464 415 498 422 459 408 463 473 479 465 455 475 416 413 402 489 486 419 417 456 442 423 441 495 468 487 443 426 448 405 497 494 446 451 404 435 466 483 429 474 491 440 431 488 493 499 492 449 439 480 476 462 460 481 437 471 457 420 461 432 452 478 470
873 867 808 834 807 895 830 870 878 868 853 821 864 888 863 806 803 892 887 890 860 835 891 836 832 858 852 884 874 883 824 865 804 811 866 809 849 855 841 819 886 871 894 818 838 898 829 817 857 861 842 814 810 885 846 896 899 844 840 851 812 813 854 805 882 889 831 825 800 823 850 847 880 815 877 893 827 820 826 837 822 843 816 828 845 839 862 872 897 876 833 875 848 869
254 240 272 284 266 252 256 234 236 241 210 286 283 205 233 232 235 237 289 275 282 222 209 244 253 267 249 258 224 239 203 251 290 263 298 213 268 294 242 291 276 279 221 204 207 212 211 280 219 293 278 297 273 238 250 255 285 270 262 226 265 277 247 261 202 243 295 287 231 216 230 200 281 228 208 245 288 246 218 257 259 217 299 206 229 225 248 223 227 214 274 292
732 791 740 797 774 752 750 721 768 749 747 715 718 767 786 762 719 757 779 795 778 722 712 764 776 763 761 796 714 748 717 713 755 793 742 738 723 734 798 770 790 753 758 787 733 773 711 799 709 731 741 704 784 780 708 794 729 772 743 785 760 728 701 705 710 756 751 754 720 746 769 782 765 771 744 777 724 781 737 736 739 707 788 730 716 783 792 735 759 703 745 725 702 766
670 674 628 631 690 654 694 633 634 605 636 638 665 678 696 686 618 683 640 630 668 637 613 615 685 648 602 660 604 617 662 609 671 659 629 653 672 675 641 614 651 608 646 698 697 695 611 601 669 639 680 622 616 658 673 688 650 652 642 647 699 663 645 691 676 635 607 620 603 693 679 656 621 657 649 625 643 664 612 644 661 655 627 681 682 677 667 689 684 632 692 666 626
802
519 540 557 576 580 559 526 551 562 530 509 535 520 581 504 563 565 573 514 561 546 555 518 585 512 587 575 560 564 569 584 524 537 568 517 578 597 577 521 508 532 570 590 558 527 503 571 516 513 598 507 593 567 523 582 536 599 525 596 574 542 549 591 538 554 528 566 550 539 545 529 547 586 544 505 506 501 541 531 511 594 589 510 533 534 595 588 552 515 583 556 502 543 579
309 343 323 371 369 324 321 367 313 311 331 345 359 368 349 353 330 380 387 355 326 386 317 328 354 364 327 351 381 303 304 389 350 396 320 393 346 342 358 360 335 397 372 306 385 344 300 312 319 322 357 362 348 365 377 363 337 395 376 338 315 382 347 334 378 302 384 392 356 340 388 310 390 329 332 314 308 361 398 383 333 375 366 325 341 379 339 318 394 336 370 352 307 305 391 399
264
548
801
421
418
151
957
100
970
619
1
129
700
706
159
726
933
260
107
190
70
158
215
191
951
5
78
522
789
859
900
400
600
624
201
500
623
572
220
373
271
727
606
687
472
269
316
374
93
879
775
553
856
296
301
101
592
189
610
881
948