974 998 911 972 924 902 905 929 996 965 935 975 910 912 917 960 928 949 913 967 903 993 908 927 962 907 981 926 906 914 953 984 945 971 973 977 925 966 918 915 923 980 997 983 947 999 937 952 964 989 943 987 942 955 988 990 916 901 986 969 978 904 934 991 941 963 919 968 946 994 939 931 954 985 922 930 920 936 995 909 938 958 982 940 976 959 950 992 932 944 956 979 921 961
81 52 11 36 6 91 85 23 67 37 64 57 69 40 20 19 92 63 42 68 73 0 31 14 90 75 2 98 44 74 35 59 96 60 83 89 61 46 4 10 38 47 34 39 21 25 72 54 43 71 32 30 15 53 12 51 28 26 95 48 17 55 33 79 80 9 87 88 16 3 8 49 29 65 58 86 84 62 45 13 77 27 7 99 82 22 97 50 24 76 94 18 56 66
183 153 126 127 145 114 113 110 141 135 166 132 104 105 117 142 116 125 175 173 137 118 124 171 198 167 162 103 182 136 123 187 156 139 128 177 174 115 194 165 164 168 109 185 119 199 111 147 170 196 106 108 150 134 186 130 133 152 197 102 157 192 184 131 180 178 140 146 181 188 144 179 122 143 172 176 138 120 154 169 195 161 163 148 160 155 112 121 193 149
417 416 438 440 434 462 497 499 407 474 467 404 415 485 457 494 444 493 454 469 466 456 409 447 449 458 483 476 405 445 459 408 419 452 436 402 425 427 455 410 411 464 453 475 414 406 443 437 412 479 401 482 403 492 491 461 439 495 430 488 480 478 428 477 424 470 487 442 446 420 413 484 460 435 465 498 431 496 426 451 441 429 481 473 490 432 433 450 463 468 448 422 471 486 423 489
826 861 873 846 835 878 832 805 807 842 808 833 854 882 851 886 813 887 839 897 893 890 812 858 872 849 898 852 888 814 820 838 871 822 868 821 867 853 810 899 815 874 855 863 860 889 811 848 865 817 841 828 825 845 895 834 827 880 877 891 803 836 818 806 816 819 843 894 823 892 870 883 829 809 896 866 804 885 830 844 876 875 800 884 869 847 824 837 857 831 862 850 840 864
219 245 299 234 230 222 241 224 223 226 289 207 248 254 297 294 268 209 298 290 231 228 270 259 266 257 238 277 225 279 242 281 211 206 240 283 233 239 276 291 246 227 243 232 275 258 218 202 244 221 236 256 253 208 252 273 217 272 210 284 292 265 237 286 263 203 261 262 287 278 267 247 288 250 280 235 204 295 249 274 216 213 293 212 214 200 282 285 229 251 205 255
751 714 716 798 796 703 744 783 723 747 784 782 792 734 705 742 780 755 745 760 712 795 715 713 735 720 711 748 758 709 708 790 765 786 773 736 722 768 704 788 787 719 740 718 762 757 724 741 737 743 707 761 791 733 771 752 749 732 725 776 750 746 785 766 797 728 777 767 717 779 781 769 764 793 763 729 731 753 770 794 756 721 778 730 772 774 710 759 738 799 754 701 702 739
651 605 645 652 698 615 683 607 611 650 675 614 646 627 681 691 663 688 641 603 647 612 680 657 642 672 601 649 636 677 629 679 664 671 608 643 682 644 626 613 694 655 666 665 632 686 634 653 685 640 667 617 699 693 662 674 676 678 648 630 684 602 673 697 621 670 695 628 622 625 638 631 660 668 669 616 639 618 609 661 692 604 637 658 620 654 689 635 633 659 690 696 656
802
565 570 586 596 524 557 535 515 514 520 536 542 504 569 573 563 519 579 531 517 574 599 521 539 534 538 502 577 540 501 503 564 551 594 523 559 546 510 582 585 512 527 526 509 543 598 525 537 513 589 558 583 516 544 547 530 575 566 597 541 555 518 571 591 561 587 576 549 567 562 593 508 529 532 595 511 584 581 556 550 560 554 588 580 552 568 506 545 505 528 533 507 578 590
348 319 377 332 388 327 340 389 364 353 395 321 308 361 305 359 386 315 360 379 328 311 347 302 356 378 300 398 376 365 368 349 382 394 385 339 387 343 341 345 334 384 307 324 355 326 318 322 351 323 337 362 366 371 325 370 380 342 309 314 317 335 383 313 390 375 333 369 358 381 303 310 392 312 393 330 346 338 352 357 331 367 320 391 336 399 306 350 397 372 344 363 354 329 304 396
264
548
801
421
418
151
957
100
970
619
1
129
700
706
159
726
933
260
107
190
70
158
215
191
951
5
78
41
522
789
859
900
400
600
624
201
500
623
572
220
373
271
727
606
687
472
269
316
374
93
879
775
553
856
296
301
101
592
189
610
881
948