973
3
114
438
110
890 897 892 817 872 809 829 883 889 851 848 898 884 836 858 866 853 845 830 871 837 891 823 852 828 878 880
873
940 995 920 974 971 949 906 965 938 944 959 962 982 983 996 901 960 902 988 936 903 958 981 989 912 984 986 926 908
298 246 225 204 249 227 266 284 245 250 256 219 253 238 299 282 235 275 272 262 278 277 258 293 229 217 203 291
149
746
166 155 157 174 127 116 195 141 161 124 167 133 125 135 115 138 134 147 112 109 119 160 150 144 106 154
670
802
954
498
580
826
8
357 340 353 396 346 398 363 323 366 361 343 388 394 324 381 369 359 341 339 351 360 356 314 326 379 332 389 317 307
994
941
264
548
665
422 445 475 439 486 465 474 433 420 403 494 473 483 437 428 489 435 487 442 430 426 460 448 478 499 490 479 480
894
71
132
17
703
919
709
354
651
950
803
99
895
482
536
715 704 767 782 760 731 784 786 765 761 740 701 717 728 735 744 776 720 722 791 749 736
206
128
915
469
313
596 571 563 560 542 505 578 591 594 559 556 570 582 589 512 599 517 574 566 588 593 537 508 534 584 509 511 521 590 529
922
33
386
868
668
676
708
755
968
743
781
322
833
285
612
695
90
801
281
152
846
223
747
111
564
56
230
319
932
375
611
139
347
719
202
421
832
24 92 2 63 98 0 76 27 95 55 66 32 73 20 4 7 82 9 81 50 38 18 29 57 79 26
377
46
679
51
503
418
72
431
678
721
694
865
336
793
355
39
304
151
471
656
123
295
427
231
689
849
812
146
168
458
957
516
691 632 667 671 692 631 666 660 637 669 615 661 643 649 622 697 614 698 662 629 628 681 636 640 658
384
507
562
497
621
239
515
810
100
444
970
867
91
52
248
619
254
1
987
338
585
710
918
129
587
145
180
552
565
964
724
286
21
287
831
700
685
268
706
716
237
368
391
916
956
597
680
159
726
504
436
488
648
770
863
827
108
583
274
653
764
693
860
86
808
838
711
933
745
777
999
370
142
839
893
196
601
260
930
240
520
608
216
790
857
980
172
429
137
947
397
318
35
554
814
259
83
531
74
609
748
434
320
854
107
30
939
639
683
308
212
226
477
822
279
514
164
16
193
47
265
613
602
190
461
70
371
122
797
813
545
955
306
11
209
573
419
34
158
759
979
699
875
197
972
215
568
252
348
864
191
540
550
754
12
750
819
362
53
399
25
921
383
547
186
255
6
441
937
325
330
290
737
581
485
951
198
84
874
60
5
756
664
378
707
528
551
65
818
935
169
634
792
78
998
690
49
967
276
117
527
688
205
841
41
788
502
604
909
241
522
463
270
518
352
501
13
412
762
952
156
233
470
923
182
618
432
519
674
214
45
870
243
696
413
493
847
896
990
407
457
555
181
953
539
569
19
451
513
75
59
789
221
126
723
58
257
942
985
859
900
372
730
840
713
376
575
558
400
297
244
659
544
533
36
635
450
934
207
510
638
345
440
535
342
626
876
946
844
331
768
997
387
600
408
335
424
624
927
652
94
976
579
798
415
121
77
411
188
10
443
85
476
843
267
68
911
969
328
175
201
546
945
977
603
170
414
69
409
500
655
677
416
455
130
447
598
616
452
495
772
779
991
741
617
315
31
718
344
882
623
89
572
526
576
992
333
804
492
907
966
187
753
220
163
228
373
271
931
654
727
783
148
644
842
309
402
118
43
446
607
385
305
105
358
367
453
459
523
136
261
538
633
311
185
334
586
192
549
899
785
263
769
48
758
423
44
213
401
928
712
766
80
620
40
771
799
820
850
905
103
673
686
627
449
294
733
641
961
739
102
382
28
606
410
310
143
484
561
218
393
888
687
87
251
234
821
464
273
861
349
472
825
877
663
780
236
914
824
462
200
993
23
269
625
140
179
184
702
97
247
725
67
885
650
904
910
327
280
364
22
316
54
374
222
787
807
96
288
530
162
93
541
605
729
742
532
496
525
392
682
763
879
567
887
524
208
752
303
775
113
173
300
380
630
805
176
37
963
177
289
577
178
417
199
862
292
557
553
642
917
816
834
454
466
390
404
425
943
183
751
856
506
795
296
301
806
646
120
312
350
732
794
672
337
101
738
283
406
61
705
543
645
757
815
886
811
675
913
232
42
778
773
104
647
835
592
929
242
405
714
211
64
365
924
189
153
610
855
881
468
224
948
321
481
869
467
800
14
456
62
595
88
131
395
657
302
491
329
925
194
978
734
975
165
15
774
171
210
796
684