979 965 904 902 975 973 924 928 940 996 922 991 969 961 966 931 984 943 998 950 967 976 905 946 993 908 915 917 941 972 936 985 974 920 932 980 944 960 999 990 949 921 935 925 964 906 977 939 926 997 923 901 995 930 913 956 912 962 937 982 945 988 918 992 938 953 929 942 903 987 916 971 983 959 907 914 989 958 978 981 934 963 910 968 927 909 994 952 919 911 954 955 986 947
48 97 91 12 85 79 19 37 63 3 45 68 7 98 86 8 31 33 82 24 90 34 44 83 49 88 23 72 2 81 32 56 6 57 11 67 15 74 54 25 39 89 42 64 43 40 51 20 18 27 80 0 59 21 52 26 17 73 4 60 9 22 50 38 35 55 77 28 84 46 58 29 13 14 61 94 30 76 87 16 95 96 65 62 53 75 36 66 47 92 71 99 69 10
164 133 195 155 119 152 106 160 104 144 138 154 125 150 199 156 170 163 147 134 110 132 162 124 127 131 116 141 165 172 126 113 192 197 157 175 180 193 114 139 176 188 111 121 123 181 194 135 117 118 108 178 102 186 174 149 198 171 183 109 115 105 177 161 187 112 148 145 182 168 196 137 184 185 153 142 130 179 166 122 167 120 128 140 143 173 103 169 136 146
431 495 484 426 440 416 487 424 499 436 470 457 476 404 467 496 471 420 450 429 497 403 430 453 454 425 485 486 466 439 415 448 435 462 452 488 493 443 417 428 438 446 434 410 408 437 483 405 449 482 451 414 456 478 444 401 432 458 477 479 473 412 455 441 498 402 409 474 447 442 494 433 490 411 480 481 422 460 427 465 459 419 469 475 489 445 463 468 461 407 413 423 464 406 492 491
854 876 800 804 821 843 814 858 831 872 894 895 827 874 848 817 842 809 868 833 836 824 853 830 877 884 899 837 818 822 889 860 851 878 808 823 883 840 834 815 825 816 855 870 880 845 812 850 857 832 807 864 861 829 882 863 862 891 893 803 806 844 866 828 869 885 898 826 820 886 835 875 865 887 852 839 888 841 890 810 896 819 838 811 813 867 846 892 805 897 849 871 847 873
257 221 294 229 280 207 209 204 246 290 276 214 259 240 243 247 225 205 262 288 292 218 244 281 233 227 231 224 261 272 206 234 278 248 252 253 284 285 254 274 279 219 236 202 258 237 241 239 256 265 267 273 283 238 251 228 200 208 212 289 270 255 223 232 266 293 235 210 277 298 230 291 268 287 217 295 299 245 216 226 286 297 222 250 213 242 203 275 263 249 282
780 743 785 783 776 703 732 724 713 760 702 770 782 797 720 718 725 744 758 730 740 736 765 764 737 731 774 779 791 708 771 722 767 746 716 728 755 711 709 759 721 752 701 715 778 781 763 750 751 710 766 712 745 717 794 761 786 719 729 714 705 749 772 754 741 756 777 795 734 753 799 742 735 757 738 788 707 792 762 793 747 768 704 739 773 798 787 769 790 723 796 748 733 784
612 641 642 678 604 646 681 614 602 618 677 620 621 633 695 665 657 676 613 625 680 662 691 648 617 674 666 660 645 664 647 683 603 626 643 637 608 636 659 686 611 634 671 656 684 651 635 652 663 631 690 649 682 601 675 667 630 607 615 609 655 650 605 638 670 685 693 653 654 658 673 628 622 639 679 698 692 661 696 627 632 697 629 699 640 694 672 669 688 616 668 689 644
802
523 598 551 503 547 593 517 512 552 561 583 580 555 524 535 578 502 514 559 536 556 543 568 599 585 544 570 586 537 569 538 550 590 546 558 511 594 595 582 504 565 505 521 508 534 581 564 541 579 528 529 510 554 577 531 518 562 587 509 533 571 560 589 532 549 501 516 519 542 507 588 525 513 573 527 545 597 540 574 591 539 584 575 566 557 530 567 576 520 563 515 526 506 596
315 372 303 328 376 382 375 366 307 352 384 377 336 397 385 370 357 350 335 309 398 333 314 342 354 311 393 304 326 392 317 396 353 331 322 318 383 386 388 387 371 321 365 358 379 327 395 329 356 305 348 330 340 300 390 310 360 345 351 389 334 312 380 306 349 313 364 362 308 391 347 378 344 355 399 323 337 367 319 346 325 363 341 368 320 302 394 369 361 332 339 359 381 343 338 324
264
548
801
421
418
151
957
100
970
619
1
129
700
706
159
726
933
260
107
190
70
158
215
191
951
5
78
41
522
789
859
900
400
600
624
201
500
623
572
220
373
271
727
606
687
472
269
316
374
93
879
775
553
856
296
301
101
592
211
189
610
881
948