973
3
114
438
110
878 837 853 858 891 852 848 871 897 851 866 898 884 889 817 823 836 829 890 809 830 892 872 880 845 883
873
960 971 920 995 912 944 986 901 926 988 906 908 938 902 903 940 982 958 965 936 983 996 984 974 949 989
217 238 266 204 291 275 258 250 298 256 277 203 249 272 299 245 253 262 293 225 219 282 246 229 235 227
149
746
125 150 115 135 161 133 106 155 195 119 154 160 157 116 124 174 167 138 147 144 127 134 141 166 109 112
670
802
954
498
580
826
8
357 379 394 307 369 324 317 359 360 326 366 314 323 388 353 356 361 332 346 340 351 339 343 396 341 398 363
994
941
264
548
665
486 437 442 473 487 426 403 420 480 499 478 494 435 483 475 489 422 448 445 460 465 490 439 479 433 430
894
71
132
17
703
919
709
354
651
950
803
99
895
482
536
782 722 761 717 731 715 786 704 740 765 749 767 728 776 784 744 720 760 736 701 791
206
128
915
735
469
313
589 505 559 594 591 556 588 578 512 509 571 574 566 599 590 560 593 517 537 582 584 596 511 521 508 529 570 563 542
922
33
386
868
668
676
708
755
968
743
781
322
833
285
612
695
90
801
281
152
846
223
747
111
564
56
230
319
932
375
611
139
347
719
202
421
832
29 50 82 38 4 98 76 7 9 79 66 0 2 55 32 57 92 20 73 26 95 18 27 81 63
377
46
679
51
503
418
72
431
678
721
694
865
336
793
355
39
304
151
471
656
123
295
427
231
689
849
812
146
168
458
957
516
636 643 697 667 615 631 628 661 681 629 662 660 691 671 622 637 666 692 698 632 649 640 658 614
384
507
562
497
621
239
515
810
100
444
970
867
91
52
248
619
254
1
987
338
585
710
918
129
534
587
145
180
552
565
964
724
286
21
287
831
700
685
268
706
716
237
368
391
916
956
597
680
159
726
504
436
488
648
770
863
827
108
583
274
653
764
693
860
86
808
838
711
933
745
777
999
370
142
839
893
196
601
260
930
240
520
608
216
790
857
980
172
429
474
137
947
397
318
35
554
814
259
83
531
74
609
748
434
320
854
107
30
939
639
683
308
212
226
477
822
279
514
164
16
193
47
265
613
602
190
461
70
371
122
797
813
545
955
306
11
209
573
419
34
158
759
979
699
875
197
972
215
568
252
348
864
191
540
550
754
12
750
819
362
53
399
25
921
383
547
186
255
6
441
937
325
330
290
737
581
485
951
198
84
874
60
5
756
664
378
707
528
551
65
818
935
169
634
792
981
78
998
690
49
967
276
669
117
527
688
205
841
41
788
502
604
909
241
522
463
270
518
352
501
13
412
762
952
156
233
470
923
182
618
432
519
674
214
45
870
243
696
413
493
847
896
990
407
457
555
181
953
539
569
19
451
381
513
75
59
789
221
126
723
58
257
942
985
859
900
372
730
840
713
376
575
558
400
297
244
659
544
533
36
635
450
934
207
510
638
345
440
535
342
626
876
946
844
331
768
997
387
600
408
335
424
624
927
652
94
976
579
798
415
121
77
411
188
10
443
85
476
843
267
68
911
969
328
175
201
546
945
977
603
170
414
69
409
500
655
828
677
416
455
130
447
598
616
452
495
772
779
991
741
617
315
31
718
344
882
962
623
89
572
526
576
992
333
804
492
907
966
187
753
220
163
228
373
271
931
654
428
727
783
148
644
842
309
402
118
43
446
607
385
305
105
358
367
453
459
523
136
261
538
633
311
185
334
586
192
549
899
785
263
769
48
758
423
44
213
401
928
712
766
80
620
40
771
799
820
850
905
103
673
686
627
449
294
733
641
961
739
102
382
28
606
410
310
143
484
561
218
393
888
687
87
251
234
389
821
959
464
273
861
349
472
825
877
663
780
236
914
824
462
200
993
23
269
625
140
179
184
702
97
247
725
67
278
885
650
904
910
327
280
364
24
22
316
54
374
222
787
807
96
288
530
162
93
541
605
729
742
532
496
525
392
682
763
879
567
887
524
208
752
303
775
113
173
300
380
630
805
176
37
963
177
289
577
178
417
199
862
292
557
553
642
917
816
834
454
466
390
404
425
943
183
751
856
506
795
296
301
806
646
120
312
350
732
794
672
337
284
101
738
283
406
61
705
543
645
757
815
886
811
675
913
232
42
778
773
104
647
835
592
929
242
405
714
211
64
365
924
189
153
610
855
881
468
224
948
321
481
869
467
800
14
456
62
595
88
131
395
657
302
491
329
925
194
978
734
975
165
15
774
171
210
796
684