982 910 977 969 947 981 939 980 918 995 928 926 954 911 907 909 953 902 959 941 921 971 952 932 943 955 956 934 940 903 960 986 964 930 968 916 985 972 901 929 904 946 990 915 979 962 914 937 919 978 925 991 967 999 938 992 924 984 965 998 963 944 945 983 950 936 994 996 923 913 942 922 989 931 987 927 949 974 905 976 920 935 975 961 917 908 958 993 973 912 997 906 966 988
91 45 37 23 34 2 28 4 94 85 66 39 17 90 58 30 11 54 16 57 52 76 0 87 74 71 31 51 19 64 15 67 59 36 42 97 53 96 9 79 32 25 77 80 3 12 81 38 69 18 13 21 40 63 50 99 20 35 44 33 46 22 95 60 7 92 75 89 72 29 86 55 27 88 14 47 61 8 24 10 82 65 84 98 56 49 43 83 62 48 6 68 73 26
109 186 126 165 169 171 118 119 114 160 135 181 164 148 174 147 111 138 124 146 136 137 168 163 153 183 149 157 170 150 142 141 180 140 154 188 120 133 110 177 125 121 197 172 144 184 143 128 161 162 127 198 130 131 152 175 195 112 108 116 176 134 178 182 179 193 145 156 194 104 155 173 123 103 199 117 115 106 166 167 139 185 105 102 113 187 132 192 196
438 490 403 402 444 434 414 447 497 478 435 483 499 431 424 430 482 496 492 423 468 469 419 445 409 448 465 480 474 422 415 437 455 494 432 462 488 475 450 401 464 433 457 417 413 407 473 477 405 476 452 487 456 451 491 481 460 446 420 485 425 495 470 471 440 467 461 493 443 411 408 427 453 410 486 439 412 484 479 454 404 459 441 463 498 406 442 428 416 436 466 489 458 429 449 426
845 821 834 836 861 889 847 864 848 827 867 817 835 871 805 833 803 810 824 897 893 899 885 852 854 883 887 880 874 862 828 807 873 877 800 872 842 878 863 886 822 839 831 896 857 812 819 826 875 808 892 853 895 814 884 841 844 838 837 832 866 816 858 804 830 811 890 898 894 823 868 888 840 891 869 851 809 850 843 855 860 825 870 818 882 846 806 849 820 865 815 813 829 876
227 255 210 237 206 293 207 253 203 233 243 278 229 218 290 238 214 279 283 287 256 277 235 217 259 231 275 280 288 202 208 209 274 292 221 234 258 285 219 225 222 239 205 232 281 200 282 272 250 262 228 248 294 286 266 251 204 254 241 223 289 298 246 240 236 295 267 244 265 291 213 284 273 297 216 249 226 299 242 261 230 245 252 247 268 276 212 263 224 257 270
734 781 739 709 725 774 747 777 715 772 778 795 738 731 701 707 765 733 728 730 751 761 770 736 780 717 796 712 762 792 758 710 745 791 766 722 711 723 703 767 713 771 714 773 790 779 764 757 793 705 742 752 787 782 719 784 716 753 704 729 743 797 735 749 783 776 788 786 768 798 702 740 741 754 756 785 724 732 746 759 708 763 799 720 748 794 721 718 750 744 755 737 769 760
686 667 657 603 676 658 630 663 625 666 638 645 670 653 688 651 615 613 608 675 605 679 621 677 694 698 654 659 611 652 695 607 648 643 665 656 640 604 682 628 683 647 671 674 691 601 631 639 690 612 609 636 672 673 642 627 618 637 634 629 633 668 684 626 616 693 620 644 696 650 680 635 678 614 692 697 685 664 662 661 681 602 649 655 660 632 622 641 646 617 689 669 699
802
564 565 586 512 530 518 563 591 532 534 573 587 582 519 559 557 502 545 570 538 544 593 585 561 575 569 576 584 596 556 583 503 550 501 594 523 567 533 507 580 589 578 531 597 552 568 524 566 574 535 515 581 555 504 520 505 558 554 528 521 540 543 588 549 577 599 511 542 560 506 517 546 537 526 598 590 527 509 547 579 508 529 525 510 562 516 513 514 595 536 541 539 571 551
303 370 388 313 344 306 375 322 332 363 318 379 308 380 389 350 383 328 338 329 310 323 360 377 342 355 324 312 353 398 305 385 325 340 386 365 339 371 397 321 330 381 314 382 364 354 391 367 362 399 304 336 361 390 300 393 352 376 302 335 326 347 372 349 392 345 334 309 394 319 395 346 358 366 320 359 384 369 317 327 378 311 337 331 307 343 368 387 341 396 333 351 357 356 315 348
264
548
801
421
418
151
957
100
970
619
1
129
700
706
159
726
933
260
107
190
70
122
158
215
191
951
5
78
41
522
789
859
900
400
600
624
201
500
623
572
220
373
271
727
606
687
472
269
316
374
93
879
775
553
856
296
301
101
592
211
189
610
881
948