919 931 982 978 910 917 928 960 992 924 913 939 942 937 995 922 923 903 953 955 976 902 950 997 986 952 991 980 907 987 965 993 984 962 918 909 996 930 973 956 974 947 944 925 971 920 935 966 954 972 916 998 905 921 911 934 945 985 908 990 958 961 981 967 963 979 994 936 906 977 941 901 988 964 904 975 999 943 912 969 946 983 968 927 929 940 938 959 949 926 914 932 989 915
68 55 88 11 99 83 79 12 49 74 43 60 63 86 6 65 15 20 91 96 29 24 8 34 59 13 57 51 98 61 37 75 81 0 95 69 23 30 45 10 73 85 40 4 7 39 89 62 31 84 72 52 54 90 71 42 46 64 80 27 58 56 47 36 26 14 38 16 22 76 94 28 32 53 2 67 92 82 77 9 25 18 87 35 19 17 48 3 97 50 21 44 33 66
137 174 182 120 118 166 121 153 149 192 152 185 175 195 131 194 117 110 130 165 169 133 138 198 172 181 106 146 104 162 115 127 187 148 178 143 179 144 157 184 176 141 119 102 116 180 193 155 111 142 145 156 173 197 163 128 167 183 147 114 103 124 161 196 150 170 168 112 186 160 140 199 109 108 105 126 188 171 136 132 135 125 134 164 123 113 177 154 139
474 477 404 484 497 442 438 435 451 493 425 476 437 426 428 420 406 403 448 440 444 491 456 481 461 483 443 407 498 458 409 422 415 401 427 430 494 424 489 469 413 429 467 450 464 455 486 449 405 453 417 475 410 473 416 480 433 492 436 488 468 490 499 446 482 447 411 441 463 471 495 439 470 408 466 496 412 479 459 432 414 487 462 423 445 402 460 457 431 478 465 419 485 452 454 434
829 866 862 873 892 807 888 846 882 827 839 857 851 817 897 805 872 865 818 850 810 896 869 854 836 860 889 848 845 837 876 809 893 835 898 890 849 867 840 826 822 864 899 885 880 844 870 823 891 875 871 800 821 884 858 878 825 815 811 838 824 833 877 895 834 843 853 830 863 887 886 808 812 820 806 847 852 894 804 868 855 813 861 832 842 803 841 819 828 816 831 814 874 883
278 286 252 273 245 232 258 247 226 279 288 284 251 241 299 276 224 233 270 203 217 227 253 261 262 256 263 239 208 202 243 236 237 218 235 297 204 221 268 267 234 292 259 223 281 265 229 298 272 246 238 216 290 287 294 212 295 209 207 242 200 282 293 214 228 250 219 289 275 255 280 277 254 274 285 213 206 222 244 225 231 205 248 283 266 230 210 257 249 291 240
715 781 774 785 702 770 757 764 765 751 733 779 766 712 783 768 732 797 719 743 752 745 730 784 734 786 728 741 737 724 777 714 720 794 755 701 782 759 722 742 771 760 780 748 756 793 795 735 739 769 736 788 710 754 707 705 729 799 744 758 711 762 718 721 761 709 791 704 708 716 796 738 740 753 792 746 767 798 773 763 747 772 776 790 787 749 703 750 778 723 717 713 731
695 686 602 655 672 628 647 671 668 654 669 677 611 650 649 685 646 699 689 692 605 653 675 652 626 678 620 696 698 673 658 639 632 676 607 659 648 656 664 608 666 638 627 629 665 630 612 693 691 637 683 681 660 679 603 694 661 674 640 614 697 617 634 682 684 662 622 663 667 616 680 641 609 643 604 613 657 642 633 631 635 688 636 651 670 644 621 601 618 645 690 625 615
802
551 542 517 536 512 597 596 549 590 503 584 546 595 504 593 523 520 564 586 594 505 507 537 554 514 585 545 598 556 589 574 526 599 528 541 550 591 580 521 575 508 559 539 538 566 524 582 573 570 561 540 502 557 518 529 515 565 577 569 571 543 516 581 501 562 587 513 579 547 588 560 568 578 527 532 509 534 563 531 558 535 567 510 576 519 533 530 506 544 583 555 511 552 525
364 342 379 383 352 362 393 308 343 309 333 332 319 312 339 321 390 372 336 361 344 365 370 355 391 327 334 317 376 330 302 394 315 386 357 337 347 318 324 351 353 387 300 335 350 358 356 363 304 322 367 306 389 313 377 398 360 303 320 392 323 338 310 397 382 326 359 381 345 385 341 384 346 348 325 399 340 328 368 396 349 329 369 331 354 395 371 378 314 311 380 366 388 307 375 305
264
548
801
421
418
151
957
100
970
619
1
129
700
706
159
726
933
260
107
190
70
122
158
215
191
951
5
78
41
522
789
859
900
400
600
624
201
500
623
572
220
373
271
727
606
687
472
269
725
316
374
93
879
775
553
856
296
301
101
592
211
189
610
881
948