954 953 967 978 989 987 915 979 977 944 958 932 952 914 984 936 935 908 942 916 931 937 929 902 940 993 997 966 950 994 920 999 938 918 982 949 962 946 910 909 906 934 912 923 956 903 975 983 941 985 963 922 926 980 955 976 907 924 921 969 965 911 992 925 974 939 981 968 919 972 947 905 988 996 945 930 928 927 913 964 998 959 917 901 990 943 971 973 904 991 986 995 961 960
64 94 6 19 79 67 83 14 73 60 18 69 8 97 9 11 35 45 47 99 88 81 49 2 42 40 15 74 86 38 76 23 28 26 72 24 71 61 37 0 92 51 59 85 48 34 20 68 89 98 54 27 63 3 65 52 39 75 30 82 12 13 56 58 32 57 10 17 22 43 50 80 44 77 91 87 16 7 62 31 25 66 21 53 4 55 46 29 95 96 90 33 84 36
120 112 194 152 137 119 192 171 198 103 170 177 125 110 182 185 113 181 166 109 144 142 138 134 123 104 121 117 114 160 174 116 124 178 131 172 140 155 153 127 157 143 126 173 193 176 163 167 115 145 156 108 133 183 105 165 149 141 146 132 130 168 195 188 128 184 186 196 199 102 147 135 136 175 179 162 164 161 197 187 106 139 154 118 150 148 111 169 180
476 426 402 437 477 445 465 406 487 442 467 493 456 423 405 422 401 424 464 427 466 432 441 431 410 495 408 414 454 447 491 489 411 412 470 461 499 481 446 420 416 453 484 433 415 450 403 438 498 469 444 468 486 448 497 435 429 475 455 496 452 488 409 407 436 430 451 490 474 459 419 478 494 439 463 462 485 458 471 473 457 483 482 480 449 404 434 413 460 425 479 492 417 440 443 428
835 815 867 864 874 857 806 855 895 871 860 890 831 861 809 854 830 827 875 858 826 833 883 851 817 888 863 825 887 870 853 834 852 816 850 869 832 878 885 898 820 892 805 865 882 899 822 814 839 804 838 862 846 880 818 847 824 807 872 893 884 812 823 808 897 813 845 842 891 877 876 843 866 821 848 896 868 886 840 894 889 800 811 803 841 837 829 810 844 819 849 873 836 828
286 298 256 214 277 229 242 249 262 274 291 292 203 270 252 284 237 293 280 202 238 275 250 219 236 283 253 273 278 222 295 223 226 207 251 248 281 244 209 246 254 285 276 230 257 234 213 216 287 279 239 294 282 290 200 210 299 224 247 221 267 225 218 268 206 289 263 217 233 241 261 245 288 255 266 227 212 228 272 259 204 297 231 205 258 240 243 235 265 208 232
702 750 778 751 749 759 756 746 707 774 792 715 764 794 779 712 704 708 763 799 723 780 757 730 717 782 705 790 739 770 796 755 737 787 709 714 716 795 720 701 747 703 724 731 713 740 732 744 767 786 722 761 745 765 733 721 797 758 773 768 753 729 752 771 784 718 711 742 738 781 772 769 788 719 762 798 741 791 748 776 766 783 754 743 736 734 728 785 777 760 710 793 735
641 614 632 616 685 654 695 603 678 673 694 665 649 684 658 629 660 643 661 636 605 644 677 633 696 651 681 676 655 648 672 668 625 671 666 663 646 650 638 667 640 652 602 634 670 693 639 613 697 699 691 642 607 692 680 656 618 698 674 686 608 621 679 637 689 645 669 688 620 604 612 664 662 631 675 601 683 609 611 635 690 615 627 628 657 626 682 630 659 653 647 622 617
802
508 532 519 527 539 568 549 510 550 551 583 574 576 517 540 593 535 503 569 509 523 529 543 513 590 502 594 579 530 589 580 518 571 514 573 546 531 524 537 562 561 598 582 507 544 587 555 567 505 556 554 570 575 557 563 577 542 536 588 511 541 534 533 560 585 538 520 596 597 504 528 506 584 599 547 521 525 501 564 559 515 581 591 595 545 586 578 566 565 526 512 516 552
335 331 371 382 322 355 383 328 307 390 392 354 313 318 330 308 394 360 305 366 376 346 338 326 378 353 393 362 319 385 339 381 387 333 337 336 327 380 304 379 389 391 395 320 386 369 323 321 367 397 375 363 356 306 377 358 340 317 399 372 303 365 364 309 341 352 324 396 345 310 368 347 325 311 388 329 334 384 351 350 348 312 361 342 398 332 344 349 370 359 302 300 315 343 314 357
264
548
801
421
418
151
957
100
970
619
1
129
700
706
159
726
933
260
107
190
70
122
158
215
191
951
5
78
41
522
789
859
900
558
400
600
624
201
500
623
572
220
373
271
727
606
687
472
269
725
316
374
93
879
775
553
856
296
301
101
592
211
189
610
881
948