940 918 947 977 930 961 932 907 924 923 906 995 908 983 953 954 980 990 909 979 999 922 996 912 943 962 937 964 928 903 920 985 965 989 929 956 921 919 938 913 936 944 993 902 976 941 974 994 931 942 934 991 992 925 967 916 955 982 968 988 952 984 915 935 910 981 972 978 958 963 998 926 973 987 927 960 997 986 917 945 901 904 975 911 946 966 905 949 950 959 939 971 914 969
60 69 44 84 63 56 33 22 66 30 40 76 94 79 34 75 95 57 11 3 18 0 61 21 31 52 48 26 62 97 72 28 59 74 14 9 88 82 12 43 23 54 99 51 20 58 13 50 19 2 91 6 27 42 39 17 90 8 89 67 65 81 47 98 37 7 73 4 10 32 68 64 77 29 85 38 45 24 55 92 87 80 96 49 15 36 16 25 86 46 83 53 35 71
197 108 167 147 104 123 179 124 146 144 195 139 119 150 152 157 156 153 113 145 148 127 187 116 163 196 128 131 141 166 103 132 120 178 169 173 199 138 130 171 172 118 188 142 134 154 117 102 162 175 170 143 105 193 126 164 121 183 181 182 109 185 180 192 115 198 140 133 155 186 161 137 114 111 194 112 176 125 184 136 165 177 174 106 110 160 135 168 149
451 464 470 479 473 439 424 432 425 465 436 433 441 463 431 401 445 409 488 423 440 454 494 492 466 438 407 480 422 430 408 459 443 410 450 446 404 482 416 468 447 471 419 486 405 469 460 456 403 434 402 415 452 462 475 496 499 498 474 467 429 493 426 481 478 497 417 420 411 461 487 449 457 442 406 484 427 435 491 495 476 455 437 483 413 412 428 489 444 453 490 477 448 485 458 414
884 871 885 898 851 892 834 800 832 876 873 858 840 839 867 853 888 843 844 887 890 866 825 878 841 880 821 868 827 813 824 849 869 838 899 862 865 852 877 817 809 814 816 805 823 854 889 829 874 815 883 857 897 872 804 833 806 861 891 863 864 855 875 820 835 842 812 893 826 848 810 831 828 894 847 818 846 836 896 837 845 830 895 808 870 803 819 822 882 807 811 860 850 886
235 266 231 242 297 240 206 226 222 247 243 216 200 293 284 281 252 239 225 253 219 255 261 268 250 272 262 273 208 245 214 249 212 295 299 292 251 213 263 259 291 234 227 290 218 217 205 244 265 241 209 210 230 229 276 246 280 282 248 298 278 223 279 287 257 285 232 289 237 233 286 221 236 283 203 270 238 202 207 274 224 275 288 277 267 204 228 294 256 258 254
722 786 797 752 748 788 794 770 783 773 716 741 795 702 793 712 755 710 715 762 732 728 745 749 724 740 723 753 736 750 746 707 767 714 776 756 701 766 799 703 719 737 713 738 720 717 763 769 771 731 758 751 708 718 765 790 798 711 730 754 735 785 777 779 791 774 759 734 792 782 709 772 768 742 781 757 743 778 761 780 747 704 784 764 733 739 787 705 744 760 721 796 729
613 604 625 693 615 629 647 603 661 672 657 692 663 628 658 614 608 609 607 652 662 690 670 621 683 696 636 633 665 671 675 645 635 638 612 697 686 622 666 688 678 668 642 605 685 641 626 651 689 644 650 616 646 684 630 681 656 632 691 640 679 654 655 694 659 664 674 660 680 649 682 637 653 643 667 618 611 695 698 617 676 634 673 620 631 648 602 627 677 639 669 601 699
802
503 573 539 569 511 529 563 527 525 567 578 589 568 507 534 544 517 533 512 571 584 551 594 524 561 520 530 519 574 556 575 586 538 565 504 523 570 552 515 531 555 559 543 547 588 509 502 562 536 582 557 581 505 566 599 597 506 576 542 546 541 508 545 549 598 526 591 518 535 514 540 510 532 516 590 577 513 593 585 596 583 554 560 550 564 528 595 501 579 537 521 580
327 303 335 381 321 334 383 322 363 369 339 341 378 305 366 300 387 380 394 377 359 379 392 365 340 311 348 312 309 352 384 318 337 395 390 304 376 319 331 324 329 317 344 368 314 361 399 307 349 347 332 397 354 326 323 370 315 382 389 338 302 386 342 388 371 362 328 336 357 345 385 343 330 355 367 356 346 353 391 364 375 320 398 360 310 306 351 308 313 333 358 396 393 325 350 372
264
548
801
421
418
151
957
100
970
619
1
129
587
700
706
159
726
933
260
107
190
70
122
158
215
191
951
5
78
41
522
789
859
900
558
400
600
624
201
500
623
572
220
373
271
727
606
687
472
269
725
316
374
93
879
775
553
856
296
301
101
592
211
189
610
881
948