973
3
114
438
110
836 866 853 845 848 851 897 889 898 858 837 883 878 880 830 891 871 892 823 890 872 829 884
873
989
958 971 938 906 996 988 965 944 974 986 940 908 983 926 903 912 949 902 901 995 960 936
229
149
746
150 144 125 141 135 161 106 195 167 109 157 112 116 155 134 166 154 160 115 119 147
670
802
954
982
498
580
826
8
366 379 339 324 343 323 357 360 341 356 363 326 346 340 351 398 332 394 307 369 317
250 227 238 258 246 266 203 282 272 275 277 204 293 245 298 253 249 217 291 219
994
941
264
548
665
486 422 478 489 490 460 479 426 465 473 483 442 420 499 480 403 487 494 475 437 430 439 435 445 448
894
71
132
17
703
919
709
354
651
950
803
99
895
482
536
717 786 704 744 791 782 749 740 761 776 736 715 720 722 760 767 731 728 701 784
206
128
915
735
469
313
594 582 563 593 591 521 529 570 512 584 589 508 599 517 537 578 596 559 560 509 574 566
922
33
386
868
668
676
708
755
968
743
781
124
322
833
285
612
695
90
801
281
152
846
223
747
111
564
56
230
319
932
375
611
139
347
719
202
421
832
57
359
377
46
679
51
503
418
72
431
63 82 18 29 92 26 9 2 7 81 20 38 79 73 27 66 4 32 98 55 0 50
542
678
721
694
865
336
793
355
39
304
151
127
471
656
123
295
427
231
689
849
812
146
168
458
957
516
667 628 640 691 629 636 662 622 660 692 698 643 637 631 697 661 671 632 666 658
384
507
562
497
621
817
239
515
810
100
444
970
867
91
52
248
619
254
1
987
338
585
710
918
129
534
587
145
180
552
565
964
724
286
21
287
511
831
700
685
268
706
716
237
368
391
809
916
956
597
680
159
726
504
436
488
138
648
770
863
827
108
174
583
274
653
764
693
860
86
808
838
711
933
745
777
999
370
984
142
839
893
196
601
920
260
930
240
520
608
216
790
857
980
172
429
474
137
947
397
318
35
554
814
259
83
531
74
609
748
434
320
396
854
107
30
939
639
615
683
308
212
226
477
822
279
514
164
16
193
47
265
613
602
190
461
70
371
122
314
797
813
545
955
306
11
209
573
419
34
158
759
979
699
875
197
972
215
568
252
348
864
191
540
550
754
12
750
819
362
53
399
25
353
505
921
383
547
186
255
6
441
937
325
330
290
737
581
485
951
198
84
874
60
5
756
664
378
707
528
551
65
818
935
169
634
792
981
78
998
690
49
967
276
669
117
527
688
205
841
41
788
502
133
604
909
241
522
463
270
518
352
501
13
412
762
952
156
233
470
923
556
182
618
432
519
674
214
45
870
571
243
696
413
493
681
847
896
990
407
256
457
555
181
953
539
569
19
588
451
381
513
75
59
789
221
126
723
58
257
942
985
859
900
372
730
840
713
376
575
558
400
297
244
659
544
533
36
635
450
934
207
510
638
345
440
535
342
626
876
946
844
331
768
997
361
387
600
408
335
424
624
927
652
94
976
579
798
415
121
77
411
188
10
443
85
476
843
267
68
911
969
328
175
201
546
945
977
603
170
414
69
409
500
388
655
828
677
76
416
455
130
447
598
616
452
495
772
779
991
741
617
315
31
718
344
882
962
623
89
572
526
576
992
333
804
492
907
966
187
753
220
163
228
373
271
931
654
428
727
783
148
644
842
309
402
118
43
446
607
385
765
305
105
358
367
453
459
523
136
261
538
633
311
185
334
586
192
549
899
785
263
769
48
758
423
44
213
401
928
712
766
80
620
40
771
799
820
850
905
103
649
673
686
627
449
294
733
641
961
235
739
590
102
382
28
606
410
310
143
484
225
561
218
393
888
687
87
251
234
389
821
959
464
95
273
861
349
472
825
877
663
780
236
433
914
824
462
200
993
23
269
625
140
179
184
702
97
247
725
67
278
885
650
904
910
327
280
364
24
22
316
299
54
374
222
787
807
96
288
530
852
162
93
614
541
605
729
742
532
496
525
392
682
763
879
567
887
524
208
752
303
775
113
173
300
380
630
805
176
37
963
177
289
577
178
417
199
862
292
557
553
642
917
816
834
454
466
390
404
425
943
183
751
856
506
795
296
301
806
646
120
312
350
732
794
672
337
284
101
738
283
406
61
705
543
645
757
815
262
886
811
675
913
232
42
778
773
104
647
835
592
929
242
405
714
211
64
365
924
189
153
610
855
881
468
224
948
321
481
869
467
800
14
456
62
595
88
131
395
657
302
491
329
925
194
978
734
975
165
15
774
171
210
796
684