918 999 920 930 979 958 997 966 985 939 960 949 962 925 981 975 907 905 912 980 974 915 914 954 944 910 934 973 989 947 950 909 908 988 940 936 922 919 976 984 955 967 965 932 956 923 995 911 904 993 961 903 986 963 964 987 917 941 982 971 913 996 901 929 998 943 972 926 959 906 978 924 946 928 902 953 952 968 935 938 927 937 994 921 945 990 983 942 991 992 916 977 969 931
86 79 34 48 12 20 35 11 58 96 33 19 14 21 67 0 83 92 13 22 40 17 37 89 82 39 73 61 65 80 26 50 59 7 28 90 30 54 43 45 57 52 64 76 55 24 77 15 94 81 38 62 98 9 51 42 25 99 88 10 32 47 46 74 71 23 91 3 2 56 68 44 27 87 8 6 95 49 84 36 53 4 72 69 85 18 16 60 63 66 31 29 75 97
139 155 104 153 193 150 134 118 181 174 125 102 121 115 194 173 127 162 143 160 146 166 184 120 161 110 148 119 196 136 144 175 171 106 147 180 113 154 179 177 199 116 167 124 192 142 108 195 188 138 141 132 164 169 186 114 130 152 168 117 157 109 135 176 123 133 103 156 187 140 126 131 128 185 197 137 111 105 183 170 198 149 145 178 172 182 165 112 163
468 490 465 479 478 425 492 469 491 439 471 446 416 433 407 487 442 420 403 435 412 481 453 410 477 460 436 497 466 454 411 401 404 417 495 462 438 414 409 431 428 494 437 461 451 486 464 457 455 489 424 484 482 447 441 498 423 440 470 408 459 463 458 488 405 467 473 485 483 474 448 476 402 415 456 419 434 443 452 413 406 499 432 449 444 427 430 475 493 450 480 429 422 426 445 496
872 895 843 834 820 809 884 828 854 865 807 851 821 860 873 845 888 864 806 876 877 833 870 810 841 852 844 811 891 831 832 869 871 838 814 868 887 899 816 840 808 848 825 893 824 885 898 836 819 853 889 849 855 800 830 892 823 835 875 880 862 817 890 894 839 866 827 874 837 818 878 886 813 829 815 804 858 846 882 863 850 857 805 842 897 861 867 803 896 847 822 812 883 826
242 234 262 277 293 294 290 281 256 289 286 268 265 275 210 223 219 225 276 200 266 284 237 280 279 218 295 204 247 216 299 222 213 261 254 241 208 288 285 238 272 248 202 298 212 255 230 270 297 243 214 206 239 274 287 267 249 292 229 231 233 244 282 259 257 235 273 203 224 245 209 278 250 227 205 258 252 240 217 246 253 251 283 207 263 291 232 221 228 236 226
710 703 709 740 715 748 787 756 707 702 781 718 749 760 739 733 797 788 734 784 720 729 776 722 766 732 721 762 771 773 793 757 714 763 704 712 746 737 755 752 798 768 741 750 744 701 796 778 795 717 772 769 713 764 747 711 738 745 759 791 723 742 708 774 799 777 780 728 751 735 782 758 731 779 790 785 783 794 730 761 765 767 724 786 736 719 743 770 792 705 754 753 716
607 609 605 618 648 616 653 645 694 627 683 676 632 654 628 697 620 668 672 673 622 613 675 611 647 682 604 641 685 690 603 602 678 659 630 696 608 688 646 633 664 639 698 601 671 656 658 695 617 636 621 684 692 661 677 635 657 669 667 629 680 640 693 662 681 615 614 644 674 631 651 699 660 652 689 665 637 638 626 634 643 679 612 650 666 642 655 649 686 663 691 670 625
802
512 590 598 530 591 575 556 566 564 588 578 525 571 574 586 595 561 501 541 533 520 551 510 502 599 511 567 509 505 518 576 569 538 544 516 593 543 554 581 559 523 507 528 529 532 534 506 568 521 526 503 555 584 519 560 527 589 539 542 597 547 524 594 582 540 596 508 545 515 550 531 557 513 565 585 580 579 573 517 577 504 562 514 546 537 570 552 583 563 535 536 549
356 372 312 395 394 321 397 328 387 310 390 388 324 319 323 342 336 385 367 370 386 345 341 335 315 352 364 337 327 357 346 389 307 338 354 355 326 317 329 344 308 300 365 333 392 379 340 371 375 384 320 350 383 325 313 351 391 366 343 382 398 347 362 393 361 331 302 399 332 360 368 306 303 339 378 359 376 334 380 314 309 311 369 322 348 377 396 330 358 381 305 353 318 363 349
264
548
801
421
418
304
151
957
100
970
619
1
129
587
700
706
159
726
933
260
107
190
70
122
158
215
191
951
5
78
41
522
789
859
900
558
400
600
624
201
500
623
572
220
373
271
727
606
687
472
269
725
316
374
93
879
775
553
856
296
301
101
592
211
189
610
881
948