982 988 928 947 937 936 908 916 929 989 940 975 971 944 920 945 949 911 904 996 930 993 926 962 914 934 952 960 955 915 931 983 903 922 943 976 968 994 956 905 958 909 917 935 977 913 907 999 954 965 923 953 901 946 991 942 969 985 974 972 950 941 921 967 961 979 978 912 987 990 966 981 927 925 980 997 986 938 995 939 973 992 902 984 910 964 998 963 924 959 919 918 906 932
68 99 60 42 31 12 61 37 94 20 91 86 98 52 8 27 71 48 17 82 66 84 33 21 18 29 30 97 4 23 58 32 92 10 96 73 26 89 87 49 85 74 19 80 16 11 57 65 13 14 24 38 7 62 25 56 39 45 34 72 22 36 75 64 40 69 67 54 15 2 35 55 59 95 76 77 43 46 47 88 6 50 63 9 81 44 0 3 79 51 90 28 83 53
113 136 145 172 127 143 169 182 141 163 111 117 164 156 102 149 153 174 199 196 144 118 192 176 152 185 155 109 126 154 134 168 193 128 112 132 195 157 135 150 178 187 130 108 138 131 115 188 173 167 183 147 181 105 165 170 139 137 110 180 171 194 120 197 140 114 162 119 121 177 142 103 166 184 186 116 198 161 106 123 146 179 133 124 125 175 160 148 104
480 440 471 463 468 479 453 426 496 450 433 475 483 457 489 423 470 438 406 408 403 495 460 424 409 428 476 435 482 462 432 434 498 405 443 447 430 445 469 487 439 441 404 437 484 464 401 448 499 415 454 488 402 465 416 449 444 436 413 456 486 494 492 425 473 497 481 407 414 459 458 467 446 491 466 411 461 452 427 417 429 490 451 442 412 422 431 485 410 455 478 419 474 420 493 477
861 821 863 824 866 800 809 852 842 867 828 808 871 873 858 857 855 807 818 851 848 877 815 812 846 878 841 845 817 898 825 838 803 819 868 897 854 811 847 813 894 837 844 889 887 814 893 853 840 806 833 860 886 884 869 880 805 882 839 820 826 875 810 830 849 890 865 874 885 850 896 892 823 804 832 835 888 836 816 891 862 843 827 822 864 872 883 834 870 829 899 831 876 895
205 298 243 256 294 236 208 231 292 253 273 276 214 238 210 272 206 237 244 229 297 284 245 278 267 234 227 257 246 259 212 263 222 209 299 295 250 288 265 200 282 241 266 289 262 254 221 228 207 202 225 283 233 287 258 261 280 290 279 255 217 286 285 277 281 216 242 270 252 291 251 204 248 223 219 293 213 232 268 275 249 230 247 235 240 203 274 226 239 218
739 785 746 728 797 748 777 779 723 716 711 786 729 784 703 757 738 720 790 736 710 795 731 781 752 753 741 721 759 765 712 768 734 770 743 793 778 722 756 733 701 714 745 796 776 780 709 758 754 730 704 744 798 755 732 713 783 715 787 737 719 735 749 761 763 742 772 774 724 769 751 771 717 792 740 767 799 794 707 705 762 708 750 773 747 760 702 788 718 791 764 782 766
644 604 625 632 695 667 681 648 659 693 650 628 654 627 641 698 639 636 646 694 697 612 684 664 657 615 635 609 616 678 665 666 649 611 689 686 652 637 676 603 651 621 601 677 631 642 675 633 607 638 622 608 661 630 670 653 699 614 655 617 634 673 682 669 680 692 660 618 668 662 658 663 626 645 696 685 602 605 672 640 691 656 688 674 679 643 613 647 629 671 620 683 690
802
527 588 573 530 519 557 560 533 597 599 518 562 520 576 509 585 561 511 526 536 568 581 550 507 503 523 513 545 501 574 529 594 591 537 514 525 586 590 505 528 539 506 549 547 566 510 544 559 543 570 593 540 534 521 541 556 504 542 535 577 582 531 571 502 583 565 554 595 563 508 524 515 532 569 580 579 589 555 517 596 538 552 584 512 546 567 551 598 516 578 564 575
314 378 308 352 300 322 367 356 377 359 358 321 360 361 340 394 386 342 323 306 339 381 337 348 349 370 395 328 333 315 397 336 353 390 344 392 334 376 355 313 326 346 357 318 379 364 338 385 396 372 311 391 354 330 350 309 305 383 368 384 335 341 332 363 399 375 388 317 302 347 351 329 343 366 320 362 387 319 365 371 345 331 382 312 393 325 324 307 327 310 398 380 369 303 389
264
548
801
421
418
304
151
957
100
970
619
1
129
587
700
706
159
726
933
260
107
190
70
122
158
215
191
951
5
78
41
522
789
859
900
558
400
600
624
201
500
623
572
220
373
271
727
606
687
472
269
725
316
374
93
879
775
553
856
296
301
101
592
211
189
610
881
224
948