958 921 923 925 905 934 984 930 975 995 901 911 985 917 927 916 913 935 918 987 941 976 922 974 982 963 944 907 966 904 949 902 981 959 956 983 952 998 938 961 945 929 932 972 950 996 931 908 914 928 915 926 994 919 978 967 936 937 973 943 969 955 964 953 940 990 965 920 991 946 988 989 912 999 960 939 962 942 979 903 947 924 906 971 980 954 977 992 910 997 968 986 909 993
11 83 16 81 75 14 64 15 27 79 28 40 54 92 49 10 90 97 13 67 98 22 12 84 96 21 56 8 94 89 31 45 88 55 18 2 46 68 36 53 71 73 38 23 9 42 52 69 72 32 87 43 59 60 80 44 4 82 25 26 47 17 65 85 6 66 20 33 37 24 76 74 34 91 58 7 61 0 62 77 51 3 50 30 39 63 99 19 86 48 29 95 35 57
120 195 172 181 176 164 179 137 155 117 116 103 157 198 192 141 109 148 144 127 193 186 123 184 121 128 138 168 139 134 162 154 187 173 175 113 177 165 180 161 174 160 197 169 133 196 124 166 171 188 114 104 130 146 112 115 131 182 142 111 136 143 140 118 194 153 149 125 106 183 152 167 110 119 178 126 156 102 170 105 199 163 108 150 145 185 135 147 132
454 413 471 484 495 485 499 404 466 415 488 435 492 469 493 456 494 463 405 483 496 423 438 477 486 447 432 465 490 437 406 403 429 458 419 497 402 467 407 417 412 408 455 464 487 436 470 440 444 452 489 453 434 473 428 480 414 427 441 442 476 426 424 443 491 446 439 451 468 445 481 410 411 474 409 478 430 416 479 425 461 475 498 431 482 462 449 460 450 433 457 420 422 448 401 459
876 835 830 810 817 875 803 822 811 808 858 891 834 861 809 804 807 894 819 850 843 852 882 857 870 825 845 844 846 878 888 865 823 829 806 820 847 864 805 813 884 851 863 889 841 873 899 818 895 812 821 839 883 869 866 887 867 854 885 828 837 898 836 862 814 840 868 853 896 890 848 886 877 892 871 838 880 897 824 800 855 815 842 849 833 827 893 831 816 874 826 860 872 832
292 289 250 275 291 293 231 247 234 205 280 298 294 287 223 241 256 213 281 299 243 228 253 277 266 282 202 235 290 295 210 218 255 276 206 246 267 273 200 284 216 229 232 219 261 272 249 274 209 265 286 268 222 245 257 270 297 285 239 240 263 251 207 208 226 204 212 236 242 230 244 217 225 283 279 238 214 221 203 278 258 237 248 288 227 262 252 254 233 259
712 743 767 760 701 790 755 728 736 770 708 710 761 745 786 768 751 746 782 798 730 787 783 773 733 793 752 758 737 713 780 763 772 716 707 796 735 769 719 750 747 714 731 791 732 718 797 742 702 778 795 753 759 792 704 794 785 784 729 741 788 723 711 722 771 764 765 720 721 766 762 779 757 754 799 774 715 709 734 744 756 777 724 781 776 738 717 705 739 740 703 748 749
662 650 638 656 697 644 636 617 669 602 688 675 652 694 626 657 696 648 671 685 601 699 681 673 628 645 691 616 689 622 670 621 637 668 659 677 627 692 625 695 614 664 674 660 649 633 693 612 676 640 667 678 686 672 643 607 683 679 604 647 611 663 642 653 680 630 620 646 658 631 613 654 605 615 651 635 661 639 682 608 632 666 690 698 665 603 641 634 618 684 609 655 629
802
562 585 577 509 530 502 581 504 503 528 596 539 546 573 551 537 597 578 574 501 518 579 541 508 532 525 591 526 582 567 512 598 560 533 516 583 513 547 523 544 534 569 575 552 536 594 527 571 549 555 515 564 550 517 505 521 507 510 565 593 584 506 543 561 535 524 520 540 595 590 563 542 556 514 511 589 538 599 568 554 566 531 580 559 588 586 570 557 576 519 529 545
398 360 383 303 385 310 347 389 356 309 338 332 339 325 399 331 327 352 370 381 324 344 333 384 350 330 337 394 335 348 375 329 341 345 305 379 387 300 390 322 319 372 365 313 336 326 361 395 317 349 357 396 343 353 312 391 386 393 340 334 378 321 308 318 380 388 311 377 323 368 359 382 358 351 392 363 306 307 314 342 397 362 367 302 328 354 346 315 366 320 355 369 371 364
264
548
801
421
418
304
151
957
100
970
619
1
129
587
700
706
159
726
933
260
107
190
70
122
158
215
191
951
5
78
41
522
789
859
900
376
558
400
600
624
201
500
623
572
220
373
271
727
606
687
472
269
725
316
374
93
879
775
553
856
296
301
101
592
211
189
610
881
224
948