976 990 950 906 963 978 916 983 940 901 919 935 941 994 911 943 949 908 956 966 917 974 986 938 996 910 942 998 991 973 923 936 924 985 968 902 926 992 939 997 937 969 971 975 967 955 904 912 952 993 909 944 980 947 972 907 921 965 961 903 999 982 928 931 946 988 981 925 932 922 954 964 927 958 962 977 934 920 945 987 929 960 979 989 995 953 959 984 915 914 930 905 918 913
42 9 36 35 83 4 79 23 28 56 33 91 39 50 72 77 76 10 43 84 61 89 99 81 53 21 30 44 69 55 88 80 3 17 96 16 63 37 73 98 18 11 62 46 0 94 32 71 68 49 40 48 58 15 74 64 27 31 85 87 8 7 75 12 59 92 13 22 24 66 67 86 65 54 60 26 20 25 82 47 38 97 19 14 2 34 95 6 45 29 52 51 90 57
152 106 147 131 127 160 198 141 123 184 136 182 163 192 134 140 119 138 177 114 181 197 168 126 176 110 115 132 143 145 142 167 195 133 173 109 112 118 153 183 113 161 135 128 117 139 156 172 170 154 199 194 121 174 116 148 155 130 104 149 120 179 108 165 150 196 175 180 146 193 164 137 187 169 166 185 178 186 157 125 188 144 171 103 102 105 162 124 111
497 451 453 450 478 408 462 481 405 480 456 479 469 482 448 489 427 401 492 473 403 407 429 416 422 434 409 425 442 468 463 483 445 424 440 438 476 461 498 458 491 486 428 460 449 410 487 439 423 446 474 415 470 441 433 464 420 432 431 452 485 454 484 467 414 447 457 430 455 496 477 411 404 490 413 412 435 419 417 426 406 443 402 494 495 475 471 465 437 444 436 459 493 488 466 499
836 823 858 847 872 851 827 815 867 874 886 845 883 898 840 875 882 829 825 835 817 849 870 880 894 869 854 855 832 834 843 820 831 839 809 838 873 887 871 865 812 813 816 810 863 841 857 807 821 822 826 804 852 837 885 833 830 890 864 819 811 866 877 892 824 876 806 896 884 888 805 893 891 848 803 860 861 800 808 895 899 842 814 878 868 818 828 889 897 846 850 862 853 844
232 261 278 285 218 205 257 246 227 262 254 249 275 268 270 229 222 206 279 230 259 289 256 242 263 274 283 204 244 208 267 213 272 239 240 293 266 287 294 277 210 292 297 216 290 248 280 250 236 203 225 295 223 255 247 217 233 288 291 253 237 226 265 284 282 258 235 207 241 212 234 245 298 214 276 251 221 202 219 299 238 252 228 286 281 273 200 209 231
783 728 705 702 739 792 740 797 722 781 770 762 748 778 710 753 793 730 755 785 765 782 766 703 788 711 764 796 771 729 750 742 735 749 777 774 715 756 772 751 754 717 723 714 741 743 773 794 737 713 776 720 779 709 732 787 760 799 733 761 745 791 747 780 786 731 769 707 768 704 784 759 708 712 757 763 744 734 738 790 746 758 736 718 701 716 767 724 721 719 798 795 752
611 607 664 661 689 675 615 680 655 609 649 627 631 695 698 643 608 673 653 639 688 620 665 656 605 601 650 612 633 667 674 616 654 682 677 625 652 691 604 647 683 694 684 678 636 668 602 666 679 648 696 646 685 621 644 635 622 693 613 659 632 662 634 672 628 670 630 641 626 638 690 686 651 618 645 657 642 640 699 697 658 617 614 629 671 660 669 681 676 603 663 692 637
802
525 593 589 594 565 555 504 568 586 524 566 567 554 547 596 569 523 531 537 516 573 575 533 507 597 502 552 591 501 510 535 578 598 541 530 532 584 559 511 581 539 577 529 534 550 599 545 570 580 503 526 542 579 574 590 514 563 576 538 520 588 512 543 519 571 506 518 536 585 549 521 508 561 557 582 551 556 546 583 515 528 562 527 544 560 509 564 513 595 540 505 517
326 344 393 381 392 346 377 325 391 333 328 356 336 319 323 347 389 314 364 365 342 369 360 317 387 311 371 331 302 310 339 398 335 363 367 386 399 305 306 359 315 380 350 368 324 330 329 337 355 388 322 349 385 308 318 312 352 321 351 343 320 379 372 383 390 384 394 345 395 300 341 332 358 309 313 327 396 340 370 353 334 375 357 348 303 366 378 362 338 382 397 307 361 354
264
548
801
421
418
304
151
957
100
970
619
1
129
587
700
706
159
726
933
260
107
190
70
122
158
215
191
951
5
78
41
522
243
789
859
900
376
558
400
600
624
201
500
623
572
220
373
271
727
606
687
472
269
725
316
374
93
879
775
553
856
296
301
101
592
211
189
610
881
224
948