973
3
114
438
110
858 851 898 890 836 830 891 829 872 866 889 853 884 878 845 837 880 848
873
989
938 983 906 958 971 974 995 960 986 944 926 912 908 940 965 996
229
149
746
109 157 154 116 166 135 195 115 141 125 106 155 160 112 150 144 161 119 167
670
802
954
982
498
580
826
8
357
204 253 203 291 293 266 217 238 275 258 246 298 245 249 227 272 277
994
941
264
548
665
478 475 403 439 420 430 479 499 473 487 422 442 483 490 448 426 494 435 486 465
894
71
323 326 343 341 332 356 346 363 339 351 360 307 324 340 398 394
132
17
703
919
709
354
651
950
803
99
895
482
536
740
206
128
736 701 782 761 767 786 722 791 776 715 720 731 744 749 784 728 760
915
735
469
313
559 582 566 512 589 570 509 529 521 508 584 594 574 599 591 563 593 537
922
33
386
868
668
676
708
755
968
743
781
124
322
833
285
612
695
90
801
281
152
846
223
747
111
564
56
230
319
932
375
611
139
347
719
202
421
832
57
359
377
46
679
51
503
418
72
431
0 82 29 79 2 32 92 73 9 50 26 63 38 81 18 27 7 55 4 98 66
445
542
678
721
694
865
336
793
355
39
304
151
127
471
656
123
295
427
231
689
849
812
146
168
458
957
516
671
384
507
562
497
437
621
817
239
515
810
100
444
970
867
91
52
248
619
254
1
987
338
585
710
918
129
534
587
560
145
180
552
565
964
897
724
286
21
287
317
511
831
636 622 667 632 640 628 631 662 658 660 661 697 698 691 629
700
685
268
706
716
237
368
391
809
916
956
597
680
159
726
504
436
488
138
648
770
863
827
108
174
583
902
717
274
653
764
693
860
86
808
838
711
933
892
745
777
999
370
984
142
839
893
196
601
920
260
930
240
520
608
216
790
460
857
980
172
429
474
137
947
397
318
35
554
814
259
83
531
74
609
748
434
320
396
854
107
30
939
639
615
683
308
212
226
477
822
279
988
514
164
16
193
47
265
613
602
190
461
70
371
122
314
797
813
545
955
306
11
209
573
419
34
158
759
979
699
875
197
972
215
568
252
348
864
191
540
550
754
12
750
819
362
53
399
25
353
505
921
383
547
186
255
6
441
937
325
330
290
737
581
485
637
951
198
84
874
60
5
756
664
378
707
528
551
65
818
935
169
634
792
981
78
998
690
49
967
276
669
117
527
688
205
841
41
788
502
133
604
909
241
522
463
270
518
352
501
13
412
762
952
156
233
470
923
556
182
618
432
519
674
214
45
219
870
571
243
696
413
493
681
847
896
990
407
256
457
555
578
936
181
953
539
569
19
588
451
381
513
75
596
59
789
221
126
723
58
257
942
985
859
250
900
372
730
840
713
376
575
558
400
297
244
659
544
533
36
635
450
934
207
369
510
638
345
440
535
342
626
876
946
844
331
768
997
361
387
600
408
335
424
624
20
927
517
652
94
976
579
798
415
121
77
411
188
10
443
85
476
843
704
267
68
911
969
328
175
201
546
945
977
603
170
414
666
69
409
500
388
655
828
677
76
416
455
147
130
447
598
616
452
495
772
779
991
643
741
617
315
31
718
344
882
962
623
89
572
526
576
992
333
804
492
907
966
187
753
220
163
228
823
883
373
271
931
654
428
727
783
148
644
842
309
402
118
43
446
607
385
765
305
105
358
367
453
459
523
136
261
538
633
311
185
334
586
192
549
899
785
263
769
48
758
423
44
489
213
903
401
928
712
766
80
620
40
771
799
820
850
905
103
649
673
686
627
449
294
733
641
961
235
739
590
102
382
28
606
410
134
310
143
480
484
225
561
218
393
282
888
687
87
251
901
234
389
821
959
464
95
273
861
349
472
825
877
663
780
236
433
914
824
462
200
993
23
269
625
140
179
184
702
97
247
725
67
278
885
650
904
910
327
280
364
24
22
316
299
871
54
374
222
787
807
96
288
530
852
162
93
614
541
605
729
742
532
496
525
392
682
763
879
567
887
524
208
752
303
775
113
173
300
380
630
805
176
37
963
177
289
577
178
417
199
862
292
557
553
642
917
816
834
454
466
390
404
425
943
183
751
856
506
795
296
301
806
646
120
312
350
732
794
672
337
284
101
738
283
406
61
705
543
645
757
815
262
886
811
675
913
232
42
778
949
773
104
647
835
592
929
242
405
714
211
379
64
365
924
189
153
610
855
881
468
224
948
321
481
869
467
800
14
456
62
595
88
692
131
395
657
302
366
491
329
925
194
978
734
975
165
15
774
171
210
796
684