973
3
114
438
110
829 858 898 830 889 848 872 866 836 891 845 853 851 880 878 884 837 890
873
989
912 958 906 960 940 944 908 983 974 986 926 995 965 996 938 971
229
149
746
106 119 154 166 115 112 141 150 161 160 155 167 116 157 125 144 195 109 135
670
802
954
982
498
580
826
8
357
293 204 227 272 291 217 275 253 245 277 249 298 238 203 266 258 246
994
941
264
548
665
487 478 494 499 475 479 473 435 442 430 483 426 439 490 465 486 420
894
71
351 398 341 394 340 343 307 326 360 339 363 346 323 356 332 324
132
17
703
919
709
354
651
950
803
99
895
482
536
740
206
128
715 761 728 701 731 791 782 749 786 736 720 722 776 784 760 744 767
915
735
469
313
594 529 559 537 591 566 574 584 563 599 582 570 509 512 521 508 593
922
33
386
589
868
668
676
708
755
968
743
781
124
322
833
285
612
695
90
801
281
152
846
223
747
111
564
56
230
319
932
375
611
139
347
719
202
421
832
57
359
377
46
679
51
503
418
72
431
9 32 73 63 38 55 2 79 26 66 81 82 92 18 27 7 0 4 29 50 98
445
542
678
721
694
865
336
793
355
39
304
151
127
471
656
123
295
427
231
689
849
812
146
168
458
957
516
671
384
507
562
497
437
621
817
239
515
810
100
444
970
867
91
52
248
619
254
1
987
338
585
710
918
129
534
587
560
145
180
552
565
964
897
724
286
21
287
317
511
831
697 632 631 660 658 629 628 640 662 661 667 622 698 636 691
700
685
268
706
716
237
368
391
809
916
956
597
680
159
726
504
436
488
138
648
770
863
827
108
174
583
902
717
274
653
764
693
860
86
808
838
711
933
892
745
777
999
370
984
142
839
893
196
601
920
260
930
240
520
608
216
790
460
857
980
172
429
474
137
947
397
318
35
554
814
259
83
531
74
609
748
434
320
396
854
107
30
939
639
615
683
308
212
226
477
822
279
988
514
164
16
193
47
265
613
602
190
461
70
371
122
314
797
813
545
955
306
11
209
573
419
34
158
759
979
699
875
197
972
215
568
252
348
864
191
540
550
754
12
750
819
362
53
399
25
353
505
921
383
547
186
255
6
441
937
325
330
290
737
581
485
637
951
198
84
874
60
5
756
664
378
707
528
551
65
818
935
169
634
792
981
78
998
690
49
967
276
669
117
527
688
205
841
41
788
502
133
604
909
241
522
463
270
518
352
501
13
412
762
952
156
233
470
923
556
182
618
432
519
674
214
45
219
870
571
243
696
413
493
681
847
896
990
407
256
457
555
578
936
181
953
539
569
19
588
451
381
513
75
596
59
789
221
126
723
58
257
942
422
985
859
250
900
372
730
840
713
376
575
558
400
297
244
659
544
533
36
635
450
934
207
369
510
638
345
440
535
342
626
876
946
844
331
768
997
361
387
600
408
335
424
624
20
927
517
652
94
976
579
798
415
121
77
411
188
10
443
85
476
843
704
448
267
68
911
969
328
175
201
546
945
977
603
170
414
666
69
409
500
388
655
828
677
76
416
455
147
130
447
598
616
452
495
772
779
991
643
741
617
315
31
718
344
882
962
623
89
572
526
576
992
333
804
492
907
966
187
753
220
163
228
823
883
373
271
931
654
428
727
783
148
644
842
309
402
118
43
446
607
385
765
305
105
358
367
453
459
523
136
261
538
633
311
185
334
586
192
549
899
785
263
769
48
758
423
44
489
213
903
401
928
712
766
80
620
40
771
799
820
850
905
103
649
673
686
627
449
294
733
641
961
235
739
590
102
382
28
606
410
134
310
143
480
484
225
561
218
393
282
888
687
87
251
901
234
389
821
959
464
95
273
861
349
472
825
877
663
780
236
433
914
824
462
200
993
23
269
625
140
179
184
702
97
247
725
67
278
885
650
904
910
327
280
364
24
22
316
299
871
54
374
222
787
807
96
288
530
852
162
93
614
541
605
729
403
742
532
496
525
392
682
763
879
567
887
524
208
752
303
775
113
173
300
380
630
805
176
37
963
177
289
577
178
417
199
862
292
557
553
642
917
816
834
454
466
390
404
425
943
183
751
856
506
795
296
301
806
646
120
312
350
732
794
672
337
284
101
738
283
406
61
705
543
645
757
815
262
886
811
675
913
232
42
778
949
773
104
647
835
592
929
242
405
714
211
379
64
365
924
189
153
610
855
881
468
224
948
321
481
869
467
800
14
456
62
595
88
692
131
395
657
302
366
491
329
925
194
978
734
975
165
15
774
171
210
796
684