917 921 938 945 927 991 905 961 983 952 902 959 913 998 915 956 972 908 969 971 923 909 977 984 942 976 964 999 954 987 932 990 930 920 929 914 940 955 904 911 989 947 935 986 903 912 982 985 994 910 980 958 906 918 944 962 993 919 975 936 967 963 978 996 922 946 926 995 924 925 974 934 943 949 988 907 960 981 901 968 950 979 992 937 973 941 965 928 939 966 953 997 931 916
27 87 38 2 74 99 95 81 76 14 61 0 7 6 89 13 25 63 69 86 36 19 75 26 47 73 57 67 24 10 21 33 45 29 51 49 59 92 16 65 34 20 80 88 28 52 40 82 97 50 37 42 84 54 62 22 96 18 35 83 56 31 90 8 39 68 58 98 43 30 66 9 94 85 53 44 3 32 64 23 91 11 55 48 46 15 17 60 71 79 72 12 4 77
150 178 164 152 156 105 142 146 194 141 166 108 140 170 179 138 116 126 143 182 131 180 120 168 132 149 148 111 192 109 102 128 162 135 154 104 147 153 145 117 124 155 171 163 174 119 114 165 112 118 197 139 130 136 125 160 177 113 103 193 121 187 123 185 169 167 137 134 133 176 157 175 110 181 106 196 172 188 161 199 115 144 186 183 173 184 127 195
401 493 426 491 446 457 469 459 417 466 461 454 408 437 465 422 498 479 450 439 415 419 431 428 487 449 405 477 452 441 456 409 496 404 463 455 497 413 451 462 499 447 482 444 481 494 411 436 420 483 485 440 488 473 474 476 464 467 416 438 414 442 490 448 486 424 406 435 495 489 443 425 475 432 460 410 423 433 453 480 402 484 445 492 427 412 430 471 470 458 478 407 434 468 403 429
850 880 847 863 842 878 885 841 820 862 803 846 829 896 891 812 848 828 887 824 806 844 867 819 874 818 860 851 855 877 810 871 835 897 898 875 805 861 804 834 836 876 816 866 849 854 832 821 809 826 831 892 833 839 817 807 869 888 823 813 873 893 825 843 870 865 899 838 840 837 884 890 857 853 814 883 864 895 811 815 868 858 822 845 800 894 882 872 830 886 889 808 827 852
277 276 234 286 258 248 294 241 256 263 288 227 280 209 297 226 254 236 222 274 204 259 213 246 291 289 228 295 200 229 207 244 278 249 221 290 203 293 298 218 283 281 223 262 282 272 240 214 265 292 230 202 275 235 208 217 239 285 237 257 250 216 205 252 253 299 210 255 225 233 219 273 238 245 287 268 251 279 267 266 247 284 270 232 212 231 206 242 261
730 715 713 759 796 738 782 768 741 799 787 761 791 760 742 783 756 704 719 764 709 708 705 755 735 784 788 724 758 703 716 748 747 751 781 779 773 776 721 745 702 774 729 795 762 798 712 785 744 720 732 792 739 710 790 733 753 736 722 786 707 794 701 734 793 749 772 766 765 717 746 740 757 763 737 797 728 743 711 778 754 731 718 771 770 750 777 752 767 714 780 769 723
607 611 617 657 664 669 652 680 650 647 660 620 696 671 633 662 655 686 666 609 629 644 614 681 679 670 637 645 651 646 693 661 625 630 604 684 678 654 672 603 663 621 698 699 694 627 689 683 697 640 605 634 639 631 688 690 675 626 636 692 673 616 658 656 649 685 695 618 608 648 643 641 682 613 668 615 665 676 667 638 635 632 653 691 659 601 602 677 674 628 612 622 642
802
513 563 536 591 588 578 518 542 503 552 515 519 544 581 506 586 599 595 562 593 570 573 509 527 557 584 550 597 538 511 567 576 580 535 589 545 541 502 565 505 543 549 585 579 596 537 516 532 568 539 508 555 566 528 598 583 561 531 510 556 554 551 514 564 577 530 594 540 529 523 512 590 525 560 504 569 571 546 574 507 501 575 526 517 524 533 547 582 559 520 521 534
312 349 323 394 322 318 377 346 350 363 335 336 388 333 355 362 303 300 383 347 358 328 371 370 375 380 306 324 338 327 313 307 398 378 317 368 308 339 302 340 391 379 353 382 364 334 386 305 397 392 309 315 372 366 361 311 348 385 354 310 390 325 314 331 321 343 337 329 351 344 389 395 387 367 399 330 320 393 365 326 341 352 384 369 357 319 342 356 332 345 396 359 381 360
264
548
801
421
418
304
151
957
100
970
619
1
129
587
700
706
159
726
933
260
107
190
70
122
158
215
191
951
198
5
78
41
522
243
789
859
900
376
558
400
600
624
201
500
623
572
220
373
271
727
606
687
472
269
725
316
374
93
879
775
553
856
296
301
101
592
211
189
610
881
224
948