973
3
114
438
110
848 851 878 836 891 866 837 890 853 872 884 880 830 829 889 845 898
873
989
960 926 908 983 995 965 974 986 940 944 996 971 938 912 906
229
149
746
167 125 112 166 116 150 135 154 155 119 161 195 157 115 106 144 160 109 141
670
802
954
982
498
580
826
8
357
258 238 203 298 266 246 293 227 275 204 272 217 249 245 291 277
994
941
264
548
665
486 439 479 475 487 483 442 478 473 465 499 494 430 490 426 435
894
71
351 363 398 307 341 326 346 394 332 323 356 340 324 343 339
132
17
703
919
709
354
651
950
803
99
895
482
536
740
206
128
749 731 791 744 776 761 782 720 767 760 715 701 784 786 736 728
915
735
469
313
574 508 591 570 559 593 563 537 521 594 512 529 599 584 509 566
922
33
386
589
868
668
676
708
755
968
743
781
124
322
833
285
612
695
90
801
281
152
846
223
747
111
564
56
230
319
932
375
611
139
347
719
202
421
832
360
57
359
377
46
679
51
503
418
72
431
27 81 66 0 32 79 50 92 4 63 98 2 55 18 9 29 26 82
445
542
678
721
694
865
336
793
355
39
304
151
127
471
656
123
295
427
231
689
849
812
146
168
458
957
516
671
384
507
562
497
437
621
817
239
515
253
810
100
444
970
867
91
52
248
619
254
1
987
338
585
710
918
129
534
587
560
145
180
552
565
964
897
724
286
21
287
317
511
831
632 697 667 629 631 691 636 660 698 640 661 658 622 628 662
700
685
268
706
716
237
368
391
809
916
956
597
680
159
726
504
436
488
138
648
770
863
827
108
174
583
902
717
274
653
764
693
860
86
808
838
711
933
892
745
777
999
370
984
142
839
893
196
601
920
260
930
240
520
608
216
790
460
857
980
172
429
474
137
947
397
318
35
554
814
259
83
531
74
609
748
434
320
396
854
107
30
420
939
639
615
683
308
212
226
477
822
279
988
514
164
16
193
47
265
613
602
190
461
70
371
122
314
797
813
545
955
306
11
209
573
419
34
158
722
759
979
699
875
197
972
215
568
252
348
864
191
540
550
754
12
750
819
362
53
399
25
353
505
921
383
547
186
255
6
441
937
325
330
290
737
581
485
637
951
198
84
874
60
5
756
664
378
582
707
528
551
65
818
935
169
634
792
981
78
998
690
49
967
276
669
117
527
688
205
841
958
41
788
502
133
604
909
241
522
463
270
518
352
501
13
412
762
952
156
233
470
923
556
182
618
432
519
674
214
45
219
870
571
243
858
696
413
493
681
847
896
990
407
256
457
555
578
936
181
953
539
569
19
588
451
381
513
75
596
59
789
221
126
723
58
257
942
422
985
859
250
900
372
730
840
713
376
575
558
400
297
244
659
544
73
533
36
635
450
934
207
369
510
638
345
440
535
342
626
876
946
844
331
768
997
361
387
600
408
335
424
624
20
927
517
652
94
976
579
798
415
121
77
411
188
10
443
85
476
843
704
448
267
68
911
969
328
175
201
546
945
977
603
170
414
666
69
409
500
388
655
828
677
76
416
455
147
130
447
598
616
452
495
772
779
991
643
741
617
315
31
718
344
882
962
623
89
572
526
576
992
333
804
492
907
966
187
753
220
163
228
823
883
373
271
931
654
428
727
783
148
644
842
309
402
118
43
446
607
385
765
305
105
358
367
453
459
523
136
261
538
633
311
185
334
586
192
549
899
785
263
769
48
758
423
44
489
213
903
401
928
712
766
38
80
620
40
771
799
820
850
905
103
649
673
686
627
449
294
733
641
961
235
739
590
102
382
28
606
410
134
310
143
480
484
225
561
218
393
282
888
687
87
251
901
234
7
389
821
959
464
95
273
861
349
472
825
877
663
780
236
433
914
824
462
200
993
23
269
625
140
179
184
702
97
247
725
67
278
885
650
904
910
327
280
364
24
22
316
299
871
54
374
222
787
807
96
288
530
852
162
93
614
541
605
729
403
742
532
496
525
392
682
763
879
567
887
524
208
752
303
775
113
173
300
380
630
805
176
37
963
177
289
577
178
417
199
862
292
557
553
642
917
816
834
454
466
390
404
425
943
183
751
856
506
795
296
301
806
646
120
312
350
732
794
672
337
284
101
738
283
406
61
705
543
645
757
815
262
886
811
675
913
232
42
778
949
773
104
647
835
592
929
242
405
714
211
379
64
365
924
189
153
610
855
881
468
224
948
321
481
869
467
800
14
456
62
595
88
692
131
395
657
302
366
491
329
925
194
978
734
975
165
15
774
171
210
796
684