904 975 931 906 998 981 908 954 969 928 924 962 984 917 982 978 916 960 945 905 965 971 942 907 912 973 915 980 921 974 923 902 985 953 961 990 927 992 986 963 913 972 909 910 964 944 977 922 946 993 999 911 925 976 967 936 903 939 943 968 997 959 952 934 940 950 955 947 956 987 919 958 937 918 920 991 935 996 938 966 983 989 914 979 994 930 995 901 988 926 941 929 949 932
86 97 99 9 48 16 84 11 92 37 58 76 98 66 94 6 12 80 82 29 57 61 50 0 65 20 25 72 53 63 68 79 52 64 62 14 67 10 89 43 34 40 49 7 35 75 8 2 51 95 27 19 39 44 21 24 96 83 30 22 91 17 13 59 3 56 4 18 42 33 90 87 74 54 81 28 73 45 69 23 71 32 36 31 38 60 85 15 55 77 26 46 88 47
144 175 105 161 160 140 143 186 118 111 113 156 128 138 148 179 194 117 170 135 115 163 171 102 193 173 195 104 184 197 166 174 182 165 137 157 153 126 180 178 120 142 114 177 139 146 187 176 136 145 162 134 121 167 192 103 172 152 169 196 188 132 141 147 181 183 130 109 124 110 149 185 123 119 133 154 199 150 106 108 125 164 127 131 112 155 116 168
477 436 406 452 420 488 457 492 484 475 471 445 401 451 482 487 459 435 455 410 489 403 479 414 424 481 423 493 416 466 462 429 405 465 441 402 460 450 485 496 449 443 483 409 439 438 469 411 494 464 470 413 412 474 433 404 468 486 456 446 419 432 417 498 499 447 454 473 453 461 476 478 430 448 422 428 442 480 434 415 491 463 425 431 497 458 444 495 467 426 440 490 407 427 408 437
846 876 866 841 854 816 886 834 838 868 814 888 818 863 887 806 896 894 847 839 874 843 857 825 842 884 848 853 865 822 851 829 899 815 826 830 880 850 811 849 870 820 808 892 821 877 875 862 897 852 878 805 893 817 809 885 861 890 871 873 812 831 835 800 855 895 813 845 837 827 804 807 840 869 883 824 836 860 858 828 803 898 844 867 823 833 891 819 872 810 832 889 864 882
294 288 240 232 233 229 217 237 284 242 252 221 295 205 257 209 279 285 262 255 245 236 214 276 265 298 254 231 270 267 234 286 251 293 241 218 246 297 212 235 289 244 223 247 273 261 277 259 258 206 299 213 208 249 278 282 268 216 280 203 275 256 290 227 239 200 230 250 287 207 263 253 266 202 226 292 225 248 204 238 219 281 274 210 283 291 228 272 222
758 781 786 784 771 740 797 737 754 779 709 793 796 795 708 774 736 745 728 729 761 714 739 780 747 702 711 707 798 770 703 732 748 790 776 751 787 738 712 723 799 735 721 701 767 788 715 713 720 762 791 773 744 778 760 765 752 731 749 724 782 753 792 763 777 768 718 757 722 710 759 783 755 769 705 764 719 766 704 733 717 785 743 750 794 734 730 772 742 746 741 716 756
616 644 601 690 660 674 689 697 675 657 611 649 671 659 694 672 620 688 691 622 658 642 602 693 676 666 654 668 639 678 607 604 643 647 609 625 698 630 640 655 652 605 656 608 664 661 653 645 628 613 633 683 662 618 603 646 635 617 667 629 685 696 669 637 681 631 648 614 650 632 665 638 677 695 673 684 692 626 682 636 699 670 641 679 686 651 634 663 680 627 615 621
802
579 530 514 543 560 519 517 573 564 557 589 524 511 542 551 546 585 578 561 541 536 568 577 581 545 504 575 588 525 591 539 570 540 523 547 552 527 596 569 583 595 503 597 502 594 567 598 571 526 537 535 549 515 556 509 550 533 516 544 559 584 520 513 574 534 599 505 580 538 590 510 565 554 508 501 521 593 512 582 528 507 563 566 586 529 555 576 532 518 531 562 506
370 346 322 382 349 315 310 334 362 388 389 368 395 313 328 385 306 369 344 354 323 391 308 331 326 367 312 366 380 327 335 398 303 319 357 364 333 338 386 384 383 342 361 332 305 378 381 311 345 351 300 352 314 363 320 394 365 329 372 397 347 302 392 340 317 321 387 350 353 325 375 360 371 337 309 330 339 318 396 358 341 343 399 390 355 324 336 359 377 393 356 348 379 307
264
548
612
801
421
418
304
151
957
100
970
619
1
129
587
700
706
159
726
933
260
107
190
70
122
158
215
191
951
198
5
78
41
522
243
789
859
900
376
558
400
600
624
201
500
623
572
220
373
271
727
606
687
472
269
725
316
374
93
879
775
553
856
296
301
101
592
211
189
610
881
224
948