962 993 975 981 935 909 971 938 990 920 988 903 964 940 967 932 939 996 985 974 913 965 922 989 912 908 930 946 995 968 902 942 950 926 980 901 983 994 982 986 963 949 931 914 943 952 999 911 947 953 991 910 997 966 956 944 915 924 921 973 992 929 976 978 969 936 972 907 979 954 928 955 961 916 927 959 917 987 905 904 923 906 934 919 998 918 984 941 960 977 937 958 945 925
27 53 34 77 60 44 38 13 31 61 95 99 84 0 48 43 11 4 90 3 10 73 76 65 39 23 42 51 37 54 8 15 40 89 63 45 92 66 50 6 94 2 71 79 86 88 59 7 58 67 30 24 28 22 69 87 82 56 33 16 98 81 57 35 52 74 91 20 26 96 29 83 36 72 21 46 14 55 32 12 62 19 68 49 9 25 97 75 64 18 17 47 80 85
119 149 199 186 174 131 162 160 146 172 143 157 102 137 184 120 168 105 114 127 103 155 109 116 161 140 156 180 115 132 178 145 121 134 196 188 139 147 175 165 163 126 182 138 154 169 118 142 170 171 195 194 152 117 111 193 164 197 144 167 179 130 125 192 177 110 112 133 128 141 106 185 148 166 173 108 104 123 135 181 124 176 136 187 113 183 150 153
437 403 416 440 431 432 457 438 444 402 490 481 471 448 447 455 499 488 435 487 496 425 478 465 407 411 445 408 439 483 404 473 423 419 409 451 459 412 406 453 470 491 436 474 460 422 430 495 434 401 497 477 405 441 468 467 486 479 417 463 494 469 426 427 446 414 493 433 480 462 458 489 466 482 449 413 428 476 429 464 475 442 450 498 485 454 452 492 456 415 484 443 410 424 420 461
885 894 830 870 826 863 869 872 889 803 862 865 848 851 846 886 899 840 822 800 805 880 812 897 836 858 854 808 810 829 823 824 847 815 834 839 837 821 867 882 835 814 817 820 832 827 842 831 833 873 868 825 884 891 861 819 818 883 871 807 874 875 850 888 878 876 806 877 843 838 852 853 845 844 857 855 892 896 866 813 860 841 849 887 893 864 816 895 809 804 811 828 898 890
223 272 210 253 262 254 242 290 247 294 266 299 222 227 287 246 241 293 226 231 288 229 250 240 273 268 202 238 257 256 244 235 206 225 232 261 203 292 205 291 276 285 213 280 214 219 207 212 284 209 270 298 204 277 279 239 251 258 267 208 252 265 200 236 282 281 233 263 259 295 221 249 286 234 217 275 237 216 255 230 283 297 274 248 245 218 228 289 278
754 799 731 757 751 742 714 749 750 730 781 787 739 797 709 774 745 762 740 766 736 761 711 772 732 759 760 767 729 780 743 708 718 794 773 777 776 779 763 782 728 721 737 712 724 793 755 771 756 778 796 734 710 770 717 792 765 788 768 713 752 744 723 783 795 735 753 733 741 798 701 722 705 769 738 720 791 748 790 758 703 746 707 764 716 702 785 784 719 704 786 715 747
652 675 608 683 627 640 625 650 645 680 601 639 641 638 654 664 674 633 615 696 670 661 642 666 682 689 659 692 616 628 699 691 690 665 655 630 671 603 602 663 620 678 629 657 644 611 643 697 622 656 658 651 662 684 667 672 605 607 634 604 609 679 676 621 648 632 695 637 681 685 631 660 669 635 653 688 668 677 647 636 613 693 617 673 618 686 649 626 694 614 698 646
802
513 581 537 573 595 542 529 535 580 546 570 531 598 515 569 557 559 563 565 524 567 543 584 514 538 509 597 571 594 518 512 582 549 596 579 502 585 507 533 552 508 566 561 591 534 564 560 523 544 550 547 588 593 525 574 526 541 575 562 583 517 589 545 527 532 504 505 576 519 556 555 586 599 503 554 568 516 536 520 578 551 510 590 511 528 501 506 530 577 540 521 539
311 333 314 322 349 341 385 388 356 399 381 393 354 308 371 334 369 396 352 315 387 342 377 350 360 329 364 390 310 306 307 337 305 326 327 303 383 331 398 317 378 340 344 347 380 343 375 318 323 367 335 309 325 389 365 368 386 394 332 357 362 366 397 339 363 328 359 370 372 361 302 351 348 320 355 338 391 392 321 395 330 379 353 382 319 324 358 312 336 345 300 313 346
264
548
612
801
421
418
304
151
957
384
100
970
619
1
129
587
700
706
159
726
933
260
107
190
70
122
158
215
191
951
198
5
78
41
522
243
789
859
900
376
558
400
600
624
201
500
623
572
220
373
271
727
606
687
472
269
725
316
374
93
879
775
553
856
296
301
101
592
211
189
610
881
224
948