994 936 906 929 904 946 975 955 968 986 903 989 969 953 954 991 940 966 999 962 979 914 977 908 944 984 905 978 925 996 917 939 980 926 920 987 937 945 967 912 983 941 907 921 961 923 913 973 918 982 910 998 942 902 963 927 952 959 930 974 915 956 981 931 911 958 985 965 924 997 950 909 947 928 960 988 976 995 964 943 992 990 919 916 934 938 971 901 972 922 949 932 935 993
69 63 11 35 9 49 6 99 23 87 62 37 79 76 77 59 26 2 36 60 89 52 85 88 95 61 96 44 4 43 25 39 20 81 48 28 97 45 33 21 82 47 22 53 13 75 0 83 51 80 17 98 50 55 38 7 90 68 18 71 46 27 67 12 54 8 66 91 92 3 30 58 42 64 74 84 19 40 15 72 56 31 94 14 32 16 86 10 29 65 34 24 73 57
180 148 154 118 166 115 108 127 157 120 192 174 105 169 197 138 160 137 110 194 130 132 184 125 147 161 186 123 102 112 176 183 128 153 155 179 121 126 134 150 139 193 146 172 140 145 171 119 164 141 173 135 165 114 170 136 199 167 163 131 168 144 187 185 142 152 104 133 113 111 178 116 181 106 196 188 175 182 177 124 109 103 149 143 117 162 195
438 455 497 482 407 465 412 415 457 427 478 454 459 411 402 414 423 480 484 483 429 424 401 435 437 405 468 489 425 417 406 426 475 443 416 452 476 441 479 466 460 431 410 428 462 496 434 409 432 453 433 491 469 430 481 461 467 488 474 413 494 493 439 490 486 404 498 446 471 492 445 451 448 442 477 470 458 456 447 450 449 473 419 499 422 444 420 464 495 487 408 463 485 403 440 436
814 857 852 861 813 896 897 816 874 837 808 831 864 890 803 800 839 898 878 809 844 846 825 824 867 833 847 880 822 882 812 811 804 835 899 851 869 821 892 889 872 807 860 854 843 838 895 823 830 820 827 886 841 819 875 855 818 883 862 806 885 868 815 829 842 858 863 828 865 873 848 887 894 891 866 850 826 884 888 805 871 840 832 876 836 817 853 845 834 810 849 893 870 877
209 249 294 258 297 205 263 223 291 255 226 232 276 246 242 278 222 233 265 250 247 272 218 293 229 207 217 262 298 240 244 292 290 275 236 200 210 259 256 230 227 239 253 252 287 231 284 257 212 270 241 295 245 221 266 273 283 261 279 204 286 202 289 268 248 213 299 206 288 214 280 235 216 274 228 285 234 251 267 237 219 203 208 281 238 277 282 254 225
771 743 786 723 711 739 748 745 795 762 718 773 770 798 757 746 751 719 736 730 744 740 733 784 796 737 738 783 707 792 753 720 749 701 797 766 754 717 761 710 712 741 799 788 722 774 731 715 760 705 767 790 777 779 758 764 763 781 713 703 755 714 702 765 724 734 732 747 780 793 785 772 704 768 708 782 729 794 787 721 709 769 728 752 750 756 716 791 742 735 776 778 759
605 654 677 629 683 647 690 667 678 615 645 676 646 685 681 641 644 653 602 639 656 671 697 635 658 693 649 662 664 636 689 627 622 642 675 659 688 692 618 666 682 601 652 637 655 696 679 611 699 648 616 686 698 643 674 634 608 633 620 684 617 638 609 628 631 650 660 607 695 668 651 661 691 680 604 670 657 614 632 672 625 694 669 613 665 603 663 640 626 673 621 630
802
559 578 593 570 596 512 538 560 532 546 551 552 566 517 541 536 583 520 540 504 561 534 575 521 544 503 528 527 580 579 576 511 569 599 537 526 598 557 554 597 539 567 542 571 509 550 563 514 513 595 547 584 594 508 516 515 564 589 506 531 565 525 585 507 505 591 529 574 501 581 556 590 510 519 586 549 588 530 502 533 535 543 524 555 518 562 545 582 573 568 523 577
344 330 309 349 394 343 338 325 378 392 307 386 371 396 370 339 359 362 367 323 340 356 350 324 391 351 312 332 347 317 377 357 360 353 310 387 397 335 365 372 379 314 337 398 329 306 393 355 322 303 326 341 331 308 369 358 381 342 315 336 345 319 333 388 366 385 361 382 318 348 383 327 390 352 321 313 320 368 346 302 305 364 334 300 395 389 375 380 363 354 399 328 311
264
548
612
801
421
418
304
151
957
384
100
970
619
1
129
587
700
706
159
726
933
260
107
190
70
122
158
215
191
951
198
5
78
41
522
156
243
789
859
900
376
558
400
600
624
201
500
623
572
220
373
271
727
606
687
472
269
725
316
374
93
879
775
553
856
296
301
101
592
211
189
610
881
224
948