981 932 946 954 978 958 991 960 969 996 992 903 923 944 915 950 967 905 928 931 959 912 914 977 934 975 995 917 947 968 935 936 930 941 956 927 983 961 906 976 943 907 939 949 963 910 966 916 920 974 980 971 973 964 908 945 924 962 901 998 999 904 984 919 985 965 982 937 913 955 993 989 926 925 987 986 909 997 952 918 921 988 938 911 902 942 972 929 990 953 979 922 994 940
32 48 26 7 54 29 62 15 61 14 84 39 42 27 79 6 58 87 38 30 33 19 25 73 13 65 64 11 22 80 82 92 28 55 97 9 46 99 47 53 2 45 8 0 81 49 67 66 10 4 91 68 21 98 72 51 96 88 3 77 50 71 74 43 20 59 89 52 23 63 85 94 44 86 35 36 95 12 56 90 83 76 17 24 75 16 31 57 60 69 34 18 37 40
188 119 166 182 137 170 194 132 178 130 155 131 116 174 128 139 197 112 176 168 143 161 140 186 105 173 162 154 110 165 167 187 185 115 123 111 124 103 169 108 183 199 145 113 120 150 179 121 138 126 149 196 171 163 118 160 109 164 175 136 147 184 146 106 104 117 125 193 157 114 177 141 181 134 152 153 180 102 142 144 135 172 133 148 127 192 195
431 482 473 410 441 402 469 430 487 443 480 495 478 414 458 407 474 432 498 467 447 451 449 429 493 488 436 496 428 450 408 489 438 413 457 462 499 453 422 424 419 494 468 454 405 470 477 471 437 401 434 409 492 403 460 423 463 420 465 486 427 415 446 411 440 481 456 484 416 459 442 445 439 476 433 448 425 466 497 455 426 435 412 404 444 491 479 417 464 485 406 490 461 483 475 452
855 810 814 832 836 892 894 876 842 872 808 866 805 850 885 827 812 868 888 824 834 873 895 846 817 800 843 806 820 839 880 861 845 823 890 899 821 831 893 804 803 886 851 809 896 840 891 815 826 816 844 869 897 887 838 818 857 822 870 841 825 884 811 854 835 813 847 898 871 828 807 862 853 830 877 889 833 882 863 883 829 875 849 837 865 878 864 852 860 819 874 848 867 858
253 299 267 294 276 232 257 292 236 228 261 242 234 262 252 221 200 244 263 293 233 213 214 287 204 254 206 247 229 275 291 283 298 239 277 281 238 282 289 237 219 210 250 225 246 208 270 223 207 279 216 248 284 241 286 227 273 259 274 217 265 297 249 245 285 268 251 212 258 255 203 290 226 230 240 209 272 266 202 256 222 295 288 278 218 231 235 280 205
703 773 747 721 776 741 742 783 799 782 759 722 788 729 723 793 704 798 757 745 751 719 780 705 715 761 774 755 720 765 724 762 716 733 746 708 717 740 732 714 766 735 777 707 710 768 743 796 709 712 797 728 702 769 737 711 701 784 781 739 731 786 736 730 770 748 713 758 790 778 754 749 763 750 756 795 734 771 753 792 744 718 752 772 779 738 767 760 791 764 794 787
670 602 665 661 603 675 676 654 652 642 678 655 699 669 693 690 645 647 658 611 677 615 667 646 604 663 621 685 631 633 613 650 638 640 644 653 641 620 627 698 686 666 635 636 648 679 643 668 692 651 609 618 657 626 649 664 697 671 601 695 625 634 688 691 681 660 659 672 694 605 614 656 682 680 683 696 617 662 628 608 637 684 630 673 639 622 632 607 616 689 674 629
802
539 571 532 595 517 547 535 536 534 527 520 568 516 514 549 503 521 531 508 593 528 570 588 546 551 598 555 579 559 581 575 591 513 529 523 578 533 544 545 569 506 566 557 507 540 577 518 583 519 501 550 524 561 515 512 565 589 573 582 530 541 594 504 505 526 599 556 562 580 538 563 542 574 502 567 584 564 537 585 560 586 543 509 525 596 597 590 510 576 511 552 554
353 320 377 343 329 330 392 306 383 321 356 389 366 391 360 323 382 365 305 359 363 381 300 327 354 319 302 396 337 307 344 309 308 357 367 351 326 313 346 314 328 303 368 394 345 369 398 370 325 362 378 387 352 342 341 371 358 399 331 318 338 348 349 385 393 339 372 310 317 388 312 364 375 350 322 324 397 336 315 335 361 334 340 395 347 333 386 379 390 332 311 355 380
264
548
612
801
421
418
304
151
957
384
100
970
619
1
129
587
700
706
159
726
933
260
107
190
70
122
158
215
191
951
198
5
78
41
522
156
243
789
859
900
376
558
400
600
624
201
500
623
572
220
373
271
727
785
606
687
472
269
725
316
374
93
879
775
553
856
296
301
101
592
211
189
610
881
224
948