993 941 947 997 969 991 986 913 973 971 942 922 931 916 999 992 935 925 909 989 980 938 908 968 994 943 977 923 979 949 917 904 988 952 960 936 998 955 985 944 910 927 965 906 934 919 964 961 903 930 958 966 902 995 981 912 946 990 924 978 974 914 959 918 921 915 983 926 976 929 982 901 972 967 996 954 939 937 905 920 907 950 956 953 984 911 940 987 928 932 975 945 962 963
94 90 86 36 47 15 96 42 59 62 16 67 19 44 85 18 6 23 4 50 26 89 54 0 11 84 46 87 40 43 12 88 2 58 3 33 69 81 66 34 82 35 25 52 53 74 68 97 13 20 80 51 79 24 38 8 63 55 48 95 14 10 45 9 92 21 31 29 73 61 28 32 27 77 39 76 75 99 60 57 56 30 49 71 17 83 91 7 98 22 37 64 65 72
165 114 142 162 192 169 121 163 148 144 136 153 186 132 128 185 120 113 168 177 154 118 171 178 199 133 130 155 108 131 184 104 137 149 139 123 141 195 173 143 109 115 174 187 112 157 194 196 135 181 138 180 124 140 145 147 182 134 152 125 183 160 146 193 170 150 166 179 127 172 119 197 110 175 164 167 188 102 161 103 116 117 126 176 105 106
447 435 430 458 436 491 467 493 478 449 422 401 429 444 437 460 419 424 476 461 457 405 497 423 402 481 471 411 451 406 468 496 404 446 445 417 420 439 477 482 414 479 495 462 426 499 416 456 487 434 464 466 494 408 484 463 485 403 407 428 454 486 453 450 492 425 498 474 490 480 483 409 469 470 441 412 442 488 413 448 452 415 433 427 459 440 473 438 432 489 475 410 465 455 443 431
857 811 851 820 865 834 899 813 850 800 814 810 876 830 827 898 826 842 895 838 807 848 853 836 894 885 818 812 832 858 887 861 869 808 845 805 884 840 835 809 825 862 839 867 896 854 803 897 870 892 806 847 831 852 883 890 849 889 877 875 872 886 815 860 841 821 833 868 888 871 846 880 863 843 817 878 873 837 816 829 823 855 844 824 804 819 874 882 891 822 866 828 864 893
295 254 233 236 203 283 266 223 255 265 230 262 286 217 221 242 200 253 231 219 249 204 206 252 257 291 259 235 261 279 281 229 212 278 282 216 287 274 213 289 288 292 214 237 299 222 250 298 284 232 293 248 258 234 275 226 277 268 209 208 267 218 251 228 280 205 244 285 273 207 290 227 263 246 270 240 239 238 225 210 245 276 297 256 294 272 202 241 247
768 744 770 722 767 758 762 797 724 778 741 734 742 788 739 715 730 753 732 780 772 748 787 769 736 712 717 771 761 791 702 776 703 745 757 729 707 749 794 720 777 718 752 760 705 709 737 713 723 738 783 793 765 796 743 721 708 795 766 754 711 746 774 710 798 759 731 786 782 704 763 799 747 728 750 773 781 735 756 719 792 790 779 751 701 784 714 740 764 733 716 755
618 669 696 688 650 664 628 615 666 663 647 632 657 633 656 686 662 694 699 603 679 616 683 653 684 689 645 659 617 640 692 658 665 622 648 674 641 630 634 661 667 652 654 614 660 644 693 643 670 678 631 685 691 607 682 611 671 638 613 620 602 639 651 601 626 655 680 677 649 698 690 697 604 605 637 675 695 636 609 672 681 621 668 625 608 635 627 629 646 642 673 676
802
519 523 534 595 593 588 507 520 570 567 575 591 518 546 526 559 517 510 543 530 545 525 528 584 562 506 514 529 582 549 511 594 579 542 535 597 590 599 508 516 544 585 564 504 589 596 561 555 563 527 583 513 503 501 574 541 524 515 573 568 509 560 578 536 577 505 531 556 580 550 552 532 576 533 540 565 521 539 512 547 537 569 557 538 586 566 571 551 581 598 554 502
336 355 360 390 372 399 329 358 371 357 315 314 343 344 325 328 392 366 363 356 320 391 350 310 385 398 351 382 353 378 380 338 364 354 387 324 368 332 397 370 361 307 309 389 375 388 386 345 341 331 347 349 308 348 330 381 333 365 300 383 302 326 305 379 317 342 396 312 306 321 340 362 323 394 327 367 311 369 339 359 318 395 346 313 334 322 393 352 335 337 377 303 319
264
548
612
801
111
421
418
304
151
957
384
100
970
619
1
129
587
700
706
159
726
933
260
107
190
70
122
158
215
191
951
198
5
78
41
522
156
243
789
859
900
376
558
400
600
624
201
500
623
572
220
373
271
727
785
606
687
472
269
725
316
374
93
879
775
553
856
296
301
101
592
211
189
610
881
224
948