906 914 934 960 966 956 902 945 908 982 987 901 909 922 904 917 915 935 983 923 952 926 964 979 944 977 919 986 941 992 921 961 916 991 988 994 937 998 903 929 990 924 989 997 953 954 950 967 971 938 972 976 910 932 962 920 999 928 927 978 940 965 925 980 974 942 963 959 996 984 913 973 995 985 918 907 931 949 911 912 975 993 905 939 969 981 930 955 946 958 947 936 943 968
95 2 80 73 97 91 4 86 26 15 35 89 0 36 53 17 69 98 14 48 6 52 33 67 29 46 39 94 81 10 85 30 58 79 87 28 84 60 76 42 64 82 16 25 45 19 22 55 23 96 18 3 38 90 75 56 12 54 34 43 66 32 40 74 37 7 9 24 63 44 51 61 62 99 59 31 72 47 21 92 68 57 77 20 8 13 49 71 50 88 27 65 11 83
187 133 179 169 176 145 196 160 188 138 162 163 167 182 140 116 128 108 106 139 148 104 117 115 180 199 166 103 192 161 146 127 185 184 131 137 132 181 118 149 124 194 113 153 125 143 126 114 165 105 168 110 173 171 178 147 193 164 155 130 141 136 121 197 152 109 183 144 195 102 135 186 172 157 150 119 134 175 142 154 170 174 123 112 120 177
454 410 403 428 434 497 424 436 487 498 449 479 461 451 452 477 466 412 433 435 443 481 430 474 464 429 478 490 448 471 493 482 447 485 419 440 462 417 486 401 476 483 406 470 491 455 465 499 404 444 460 450 422 492 437 407 432 488 409 469 438 439 480 425 484 446 445 405 408 475 489 458 494 453 473 495 423 467 414 402 463 426 431 496 411 442 413 427 416 468 459 441 457 420 456 415
871 831 889 807 866 803 850 898 865 840 846 837 818 804 842 882 838 820 864 880 852 836 833 814 895 891 854 819 858 830 824 829 813 894 822 832 853 845 885 839 883 811 806 827 855 844 809 851 834 828 868 887 875 843 878 817 886 812 888 805 860 835 893 874 823 899 892 876 863 896 869 867 847 877 872 873 826 884 849 810 861 816 825 800 862 890 897 815 841 857 808 821 870 848
223 263 249 284 268 239 216 290 267 238 206 282 242 265 259 299 204 293 291 273 254 280 222 295 266 287 241 252 250 297 286 248 298 247 200 209 253 203 236 251 274 244 212 285 261 207 227 275 214 262 225 246 218 283 281 230 213 240 202 210 257 228 255 208 272 279 233 219 205 289 245 278 234 217 276 235 229 237 277 221 226 292 294 258 270 231 232 288 256
750 703 755 730 793 758 741 770 769 713 752 704 767 799 720 787 780 790 716 714 712 759 778 735 792 747 760 701 702 711 777 745 737 744 772 781 757 791 705 754 724 766 797 748 743 773 796 721 751 788 718 746 729 761 722 732 782 779 771 742 731 739 798 768 733 723 708 795 765 786 763 784 736 762 707 710 715 709 783 774 728 749 734 719 717 756 740 738 753 794 776 764
625 667 685 636 607 661 604 647 665 666 670 626 632 638 639 652 673 601 655 698 648 630 674 646 635 679 695 681 650 684 603 697 642 690 608 614 660 675 691 611 615 699 622 683 654 641 620 693 629 688 617 663 676 640 633 618 659 694 643 627 651 678 664 649 658 631 669 668 645 644 634 662 677 672 653 682 656 692 621 686 602 680 689 671 696 657 628 613 605 616 609 637
802
575 544 584 598 564 517 586 576 532 543 535 595 596 534 561 571 506 594 539 538 525 582 529 566 516 556 589 562 509 541 533 590 597 599 520 555 527 578 510 563 549 502 530 552 514 583 568 579 546 519 537 567 503 554 518 547 581 559 542 507 569 557 580 501 593 531 573 524 540 574 550 512 591 545 515 513 528 560 511 526 570 508 588 505 585 577 536 565 521 504 523 551
317 349 392 336 362 334 323 372 370 320 369 313 359 365 357 328 382 388 364 345 340 348 355 326 332 331 383 347 341 377 361 367 398 321 322 318 366 397 389 380 375 342 394 338 371 339 352 368 309 310 354 351 314 308 319 325 329 303 337 390 330 386 343 360 395 312 305 387 350 381 396 353 378 307 333 327 344 306 300 363 302 385 356 346 358 315 393 324 399 391 379 311
264
548
612
801
111
421
418
304
151
957
384
100
970
619
1
129
587
700
706
159
726
933
260
107
190
70
122
158
215
191
951
198
5
78
41
522
156
243
789
859
900
376
558
400
600
335
624
201
500
623
572
220
373
271
727
785
606
687
472
269
725
316
374
93
879
775
553
856
296
301
101
592
211
189
610
881
224
948