925 916 956 963 977 996 935 945 995 998 964 978 961 994 975 931 927 971 940 958 974 914 907 969 909 986 906 960 938 984 947 939 915 985 919 917 929 989 911 930 972 988 992 921 932 946 999 913 924 928 965 936 979 997 944 953 902 901 987 980 976 967 991 918 959 922 920 982 934 910 908 943 926 941 954 950 983 952 904 973 981 990 966 962 903 923 968 942 955 993 912 937 905 949
56 29 9 90 49 23 54 72 61 36 0 59 17 87 74 14 60 45 26 84 44 53 27 31 88 97 63 19 67 73 89 12 86 2 42 20 91 85 39 80 34 10 18 43 51 38 40 83 69 79 3 57 94 50 64 95 96 82 99 92 7 25 81 75 65 28 55 37 21 13 8 15 77 48 71 98 4 66 24 76 58 22 35 47 33 11 46 30 68 52 6 32 62 16
194 170 114 171 179 108 183 136 105 134 155 119 133 182 150 181 145 113 174 177 127 172 166 132 144 162 167 149 121 186 143 128 124 178 195 146 175 106 120 163 138 110 140 148 109 188 176 102 126 169 192 160 123 115 147 130 135 180 154 117 168 152 103 142 196 131 157 137 153 125 116 184 199 161 185 141 112 173 164 104 139 193 165 197 187
485 452 471 490 448 481 464 432 435 416 496 404 415 473 444 424 463 462 470 446 499 486 442 453 412 482 419 429 422 423 414 403 483 406 469 491 451 475 407 474 454 461 455 408 440 447 489 497 402 427 467 420 498 488 417 468 438 460 450 445 430 459 433 409 478 426 465 480 437 410 476 405 441 411 439 492 487 457 493 484 401 466 495 449 434 431 477 479 494 413 443 458 428 425 456 436
846 871 817 889 855 887 845 886 807 858 811 800 838 885 809 854 830 840 891 850 814 875 867 844 873 880 823 866 862 815 812 883 863 834 853 888 882 831 895 872 896 852 808 827 819 865 822 816 898 836 860 851 837 821 894 861 868 876 864 848 843 841 897 878 877 820 839 804 810 899 835 829 832 828 833 803 857 806 893 825 892 869 847 818 890 826 813 884 870 849 874 805 824 842
281 261 267 213 233 266 206 280 255 231 274 262 293 275 254 282 230 257 256 248 234 245 258 242 276 214 207 210 228 268 219 229 291 204 236 239 226 217 259 265 200 283 252 246 285 299 289 298 249 297 238 278 225 270 235 241 294 290 272 279 232 240 284 263 288 295 216 209 227 277 221 205 247 251 253 287 202 208 237 223 292 250 244 222 203 212 286 273 218
795 709 702 728 724 716 780 763 786 729 708 776 703 796 760 719 738 734 714 790 710 730 778 717 757 744 723 792 743 781 759 705 755 736 787 732 756 721 774 794 758 735 713 779 770 767 715 754 777 741 782 701 745 718 797 752 733 742 798 750 768 791 799 748 773 749 739 783 720 762 722 707 769 753 747 765 761 704 772 731 740 784 737 711 746 751 771 712 764 766 788 793
640 609 625 685 648 635 651 682 679 663 618 604 614 646 613 650 693 638 649 631 657 621 643 655 628 676 605 633 697 694 671 607 674 699 690 615 644 664 601 665 642 630 620 629 696 698 678 656 641 689 683 677 680 667 666 634 622 692 670 695 659 617 669 637 675 654 632 668 627 681 686 636 603 602 611 661 673 652 626 688 645 647 608 653 684 616 662 672 660 639 658 691
802
578 510 567 590 595 579 507 530 552 547 557 539 528 569 588 535 514 563 573 566 504 591 593 546 551 533 519 574 537 581 580 501 526 541 556 508 584 560 532 543 596 577 575 505 515 562 512 534 538 542 520 589 598 576 594 583 599 509 550 571 559 582 529 585 502 531 549 518 517 506 516 561 540 521 570 524 536 554 545 568 586 525 511 513 565 527 555 503 544 564 523 597
353 354 389 302 380 339 307 366 394 379 367 341 371 382 360 375 349 305 363 398 312 350 313 314 340 362 390 346 352 383 377 365 345 396 359 336 326 324 333 357 344 320 395 337 399 334 318 358 356 329 369 338 315 372 388 322 355 309 308 332 368 351 348 391 325 319 378 306 303 364 310 317 330 323 393 342 347 392 343 327 331 385 386 370 381 321 387 311 361 397 328 300
264
548
612
801
111
421
418
304
151
957
384
100
970
619
1
129
587
700
706
159
726
933
260
107
190
70
122
158
215
191
951
198
5
78
41
522
156
243
789
859
900
376
558
400
600
335
624
201
500
623
572
220
373
271
727
118
785
606
687
472
269
725
316
374
93
879
775
553
856
296
301
101
592
211
189
610
881
224
948