987 953 978 914 931 994 928 943 916 941 918 993 942 983 962 996 906 923 940 904 974 929 979 915 972 997 921 936 965 922 946 912 958 926 960 927 950 909 980 975 991 973 971 969 982 937 967 907 945 992 963 901 944 902 977 984 913 920 925 959 976 935 917 990 930 939 905 903 964 995 999 966 998 985 956 952 919 981 947 911 938 949 961 988 955 932 954 908 968 910 986 989 924 934
7 39 63 94 83 33 61 82 86 81 52 67 49 10 2 14 50 15 56 74 54 92 38 51 68 97 87 47 28 34 72 22 75 96 42 77 6 71 31 18 40 98 25 24 58 55 12 59 91 80 65 35 76 73 60 29 44 20 66 64 79 21 9 46 0 23 11 4 69 13 27 85 95 26 89 37 30 48 53 16 84 99 19 8 88 90 36 32 17 62 45 43 57 3
179 162 139 199 195 104 125 114 144 131 161 178 140 120 121 166 188 115 194 102 163 137 112 187 110 141 106 196 173 143 186 182 138 165 142 164 184 192 103 105 168 123 130 134 117 146 150 133 174 183 167 157 193 177 108 113 128 109 127 185 172 176 116 145 154 169 119 170 181 153 148 147 175 126 197 155 152 135 132 180 149 124 136 171 160
480 469 407 412 482 411 445 467 495 438 486 465 451 498 491 442 479 456 437 477 427 443 416 446 419 423 401 492 460 433 424 448 464 471 462 459 447 450 432 403 457 414 402 474 439 466 453 494 410 409 444 475 470 483 489 490 481 452 415 408 428 406 468 405 430 499 484 463 476 485 440 496 449 422 441 425 429 404 455 487 435 478 431 413 458 488 420 436 426 434 497 417 461 493 473 454
898 822 809 860 835 880 806 818 842 830 815 803 884 854 805 885 863 853 891 837 804 833 819 832 875 841 876 889 897 868 812 855 890 850 834 846 887 820 808 892 896 813 817 836 877 866 838 839 872 828 821 858 849 865 870 869 829 807 845 894 848 810 816 883 843 827 847 825 857 823 899 852 888 886 814 844 840 895 882 873 800 824 826 893 867 831 871 861 864 862 878 851 874 811
262 210 239 245 273 233 281 258 259 217 227 229 202 237 249 276 263 270 282 203 225 246 297 247 204 232 219 250 255 274 207 267 284 226 200 283 208 290 238 272 275 256 265 223 289 242 279 236 235 285 212 214 268 257 287 234 222 216 218 266 294 292 221 228 231 291 295 278 241 240 230 277 244 205 251 286 248 206 254 209 252 298 253 293 213 261 288 280 299
707 747 788 796 771 746 798 765 704 742 724 793 794 737 744 776 779 712 799 753 701 732 716 780 708 705 773 791 710 709 731 722 781 783 778 723 786 766 790 795 758 730 717 792 784 770 763 749 718 777 751 750 752 759 713 754 739 748 787 734 719 733 757 797 741 702 772 720 715 774 728 761 735 760 769 743 738 755 703 762 729 764 756 767 711 714 768 736 782 740 721
643 663 681 635 655 652 651 638 607 658 603 649 617 680 626 630 611 667 698 677 690 668 613 604 653 682 608 691 628 625 614 657 637 646 602 616 675 671 633 685 627 647 605 660 629 661 632 669 666 644 696 622 689 642 615 641 601 645 679 636 656 620 634 697 664 692 684 673 688 662 695 631 670 621 683 678 650 665 676 674 640 654 609 699 693 686 639 672 618 694 659 648
802
567 508 515 512 574 593 589 507 544 588 575 506 537 597 530 565 521 586 519 578 591 560 533 504 541 545 563 579 580 520 526 557 584 542 540 534 527 538 509 556 505 554 528 566 559 511 569 535 594 599 564 543 590 502 532 576 568 529 595 517 501 585 562 510 598 583 539 570 582 573 536 531 596 546 549 555 550 524 571 513 514 503 577 518 516 547 523 552 525 561 551 581
322 346 394 342 305 397 370 323 315 321 362 345 396 360 317 324 339 336 383 388 320 398 303 302 308 329 352 371 390 306 392 310 313 341 349 364 356 366 314 300 309 358 386 359 380 343 325 391 319 378 348 307 368 393 350 355 333 338 379 327 354 347 389 312 311 334 369 353 363 385 395 344 382 387 326 332 375 361 365 381 377 330 331 399 328 372 318 367 357 337 340 351
264
548
612
801
111
421
418
304
151
957
384
100
970
619
1
129
587
700
706
159
726
933
745
260
107
190
70
122
158
215
191
951
198
5
78
41
522
156
243
789
859
900
376
558
400
600
335
624
201
500
623
572
220
373
271
727
118
785
606
687
472
269
725
316
374
93
879
775
553
856
296
301
101
592
211
189
610
881
224
948