925 908 958 967 927 991 992 907 981 999 909 996 946 993 939 932 963 904 924 905 977 937 961 952 941 928 915 969 983 921 918 988 980 959 916 979 978 971 974 903 995 968 965 976 966 973 938 949 964 985 990 931 910 997 920 917 975 926 972 962 922 913 940 994 954 929 914 998 935 901 930 953 986 960 934 982 936 987 947 923 912 950 956 944 984 955 919 942 902 911 906 945 943 989
54 82 51 91 42 3 58 13 55 12 59 89 21 65 66 80 81 6 77 86 29 50 28 15 99 34 35 22 63 90 73 84 45 79 98 74 85 47 92 96 46 9 95 18 33 39 8 48 24 87 31 94 53 75 72 60 25 44 38 43 23 27 19 71 83 4 30 40 97 57 7 17 61 0 2 36 26 67 52 32 64 49 76 37 68 14 56 69 11 16 88 10 62 20
125 139 114 147 128 113 195 116 144 179 181 193 165 132 154 106 124 126 109 152 162 115 180 168 184 143 169 188 112 182 164 137 110 140 131 196 166 173 167 199 146 127 141 133 123 186 192 172 104 138 103 108 121 183 117 185 136 194 135 170 197 145 174 163 176 150 171 155 130 160 105 102 175 134 161 178 119 153 148 157 149 187 142 120 177
492 440 453 490 403 484 436 494 435 442 470 471 456 477 449 476 439 455 457 437 461 407 473 491 496 441 431 406 411 412 488 479 425 420 432 467 487 486 443 485 419 416 422 489 424 451 426 409 410 474 448 447 405 462 475 493 468 428 423 414 478 408 458 463 465 454 402 450 469 482 480 464 495 483 499 498 452 413 429 444 404 427 434 415 459 445 481 446 497 433 430 438 460 401 417 466
828 866 864 818 839 888 883 851 863 844 893 826 813 869 824 897 895 830 870 853 855 841 823 831 884 810 865 834 868 849 848 887 807 800 896 892 821 857 808 873 843 862 860 837 846 827 878 899 890 872 852 854 885 894 874 840 804 867 898 822 820 858 891 861 805 829 877 809 845 811 871 833 876 814 806 889 832 817 835 803 838 850 880 847 886 882 815 819 875 816 825 812 836
284 285 222 258 295 283 287 237 207 278 265 257 219 234 279 232 209 241 244 200 236 291 203 214 293 292 217 226 229 227 235 282 216 288 230 280 242 208 275 297 253 233 268 262 240 273 255 248 245 281 218 286 213 202 299 247 205 221 267 249 225 238 206 210 266 270 274 252 239 246 259 261 204 298 290 263 212 289 272 251 276 277 250 294 254 228 223 231 256
752 768 736 765 794 707 782 772 791 761 759 760 742 744 786 749 735 762 793 703 708 771 781 715 773 743 724 701 797 738 746 792 754 764 739 783 721 770 702 780 751 723 710 720 755 712 767 753 741 713 740 748 711 784 716 766 734 747 733 737 705 714 728 790 718 722 731 798 799 796 777 704 758 730 776 778 719 788 779 774 756 795 769 787 757 717 763 750 729 709 732
615 608 609 659 636 685 698 611 640 682 668 671 601 621 638 692 660 630 664 676 617 699 693 626 602 666 653 643 651 649 691 642 616 614 696 658 686 644 622 654 618 635 690 679 607 661 695 694 674 667 632 652 663 680 647 665 625 675 633 670 683 689 641 648 650 646 620 603 681 672 631 669 639 684 613 697 673 678 688 656 657 627 655 677 605 629 628 662 637 645 604 634
802
511 507 542 570 531 532 563 537 574 554 584 503 578 593 527 506 550 597 540 528 585 544 523 556 535 595 510 543 514 565 539 520 562 512 573 589 517 566 505 582 549 583 504 571 547 509 579 530 569 561 524 508 501 545 519 580 518 513 529 502 599 559 551 552 515 541 588 576 586 533 536 534 546 594 590 521 526 577 575 525 598 516 568 555 581 564 591 567 596 538 557 560
334 372 306 386 362 383 354 375 307 368 314 361 326 325 329 367 388 327 378 348 380 323 309 366 328 356 358 343 382 341 350 302 313 321 352 393 371 339 369 315 332 390 311 336 396 337 392 387 397 363 344 342 303 308 377 364 351 333 385 324 370 389 395 345 381 394 379 300 310 340 338 318 330 331 319 317 312 355 322 349 357 353 320 346 305 399 398 391 359 365 360 347
264
548
612
801
111
421
418
304
151
957
384
100
970
619
1
129
587
700
706
159
726
933
745
260
107
190
70
122
158
215
191
951
198
5
78
41
522
156
243
789
859
900
376
558
400
600
335
624
201
500
623
572
220
373
271
727
842
118
785
606
687
472
269
725
316
374
93
879
775
553
856
296
301
101
592
211
189
610
881
224
948