973
3
114
438
110
872
873
837
989
938 940 944 996 995
229
149
746
112 150 135 115 116 155 119 161 125
670
802
954
982
498
580
826
8
357
246 245 258 293 203 266 298
994
941
264
548
665
475
894
71
340 324 326 339 323 346
132
17
703
919
709
354
651
950
803
99
895
482
536
740
206
128
791
915
735
469
313
563 584 537 599 591 559
922
33
386
589
868
668
676
708
755
968
743
781
124
322
141
833
285
612
695
90
801
281
152
846
223
747
111
564
56
230
319
744
760
932
375
611
880
139
347
719
202
421
832
360
57
359
377
46
679
51
503
418
72
431
32
445
509
542
678
721
694
865
336
793
355
39
304
151
127
471
656
123
295
427
231
689
849
812
146
168
458
957
516
912
671
384
507
562
497
437
621
817
239
515
253
810
100
444
970
867
960
91
52
248
619
254
1
987
338
585
710
918
129
534
587
560
145
180
552
565
964
897
724
286
21
287
317
473 499 426 487 478 435 486 465 479 494
511
831
658
700
685
268
706
716
237
368
593
391
809
916
956
597
680
159
726
504
55
436
640 628 660 631 632 691 661
488
138
648
770
863
827
108
174
583
902
717
274
653
764
693
860
86
808
838
711
933
892
745
777
999
370
786
984
142
839
893
196
601
920
260
930
240
520
608
216
790
460
857
980
172
983
429
474
512
137
947
397
318
35
554
814
259
83
531
74
609
748
434
320
396
854
107
30
420
939
639
594
483
574
615
683
529
308
212
226
477
822
279
988
514
164
16
193
47
265
613
602
190
461
70
341
371
430
898
122
314
622
761
797
813
749 767 731 720 701 776
545
955
306
11
209
573
419
34
158
722
759
979
439
699
875
197
972
215
568
252
348
864
191
540
550
166
754
12
750
819
362
53
399
25
353
505
921
383
829 891 889 884 851 848 830 853
890
547
186
255
6
441
937
325
330
290
737
581
485
637
951
198
157
84
697
874
60
5
756
307
664
378
582
398
707
971
528
551
65
818
935
169
634
792
92
981
78
998
690
49
967
18 66 63 9 50 0 26 4
276
669
117
527
688
205
841
958
41
788
502
133
604
909
332
241
522
217
463
270
518
352
715
501
13
412
762
952
156
233
470
923
556
182
618
432
519
674
214
45
219
521
870
571
243
858
696
413
493
681
847
896
990
407
256
926
457
555
578
936
181
953
539
227
569
19
588
451
381
513
75
596
59
789
221
126
723
58
257
942
422
985
859
29
250
109
900
372
730
840
713
376
575
558
400
297
244
659
544
73
533
36
635
878
450
934
167
207
369
510
638
345
440
535
342
626
876
946
844
331
768
997
361
387
600
408
335
424
624
20
927
517
652
94
976
579
798
415
121
77
411
188
10
443
85
476
843
704
448
267
68
911
969
328
175
201
546
945
977
566
603
170
414
666
69
409
500
388
655
828
677
76
416
455
351
147
130
447
598
616
662
452
495
772
779
991
643
741
617
315
31
718
344
882
962
623
908
89
572
526
576
836
992
333
804
492
907
966
187
753
220
163
228
629
823
883
373
271
931
654
428
727
783
148
644
81
842
309
782
402
118
43
446
607
385
765
82
305
105
358
367
453
459
523
136
261
538
633
311
185
334
586
192
549
899
785
263
769
48
758
423
44
489
213
903
401
928
712
766
38
80
620
40
771
799
820
850
905
103
291
649
673
2
686
627
449
294
733
641
961
235
739
590
102
382
28
606
410
134
310
143
272
480
484
225
343
561
218
393
282
888
687
87
251
508
901
234
7
389
821
959
698
464
95
490
273
861
349
472
570
825
877
663
780
784
144
236
433
914
824
394
462
200
993
23
269
625
140
179
184
702
97
247
725
67
278
160
885
650
904
910
728
327
280
356
364
24
22
316
299
871
54
374
222
787
807
96
288
530
852
162
93
614
636
541
605
729
403
906
742
532
496
525
392
682
763
879
567
887
524
208
752
303
775
113
173
300
380
845
986
630
805
176
37
963
177
289
577
178
417
965
199
862
292
557
553
642
917
816
834
98
454
275
466
390
404
425
943
183
751
856
79
506
795
296
301
806
238
646
120
312
350
732
794
672
337
284
101
738
283
406
61
705
543
645
757
249
815
262
363
886
811
675
913
232
42
106
778
949
773
104
647
835
592
929
242
405
714
211
667
379
64
365
924
189
153
27
610
855
866
881
468
224
948
321
481
869
467
800
14
456
62
595
88
692
131
204
395
657
154
302
366
491
329
736
925
974
442
194
277
978
734
975
165
15
774
171
210
796
684
195