976 901 920 931 914 921 923 991 996 979 938 958 916 928 983 937 934 930 994 962 954 975 986 980 918 982 955 966 927 963 941 910 985 913 969 907 939 946 992 932 990 926 905 904 984 988 949 997 947 925 959 995 943 935 998 968 964 987 978 929 971 961 942 915 989 908 903 956 912 952 909 967 945 936 993 977 940 911 919 999 965 972 924 902 950 906 953 974 944 973 960 922 981 917
21 62 18 94 7 30 13 52 19 6 12 73 11 92 39 33 49 61 43 89 0 97 45 32 87 98 91 84 36 17 10 8 81 24 71 37 42 57 29 40 15 63 79 77 46 74 55 58 76 25 75 88 2 50 27 56 38 16 4 59 83 9 22 90 95 64 34 72 69 66 65 80 82 54 35 85 31 68 3 86 44 28 60 47 20 48 53 67 99 51 26 23 96 14
109 148 188 183 136 155 103 106 176 112 174 145 115 133 196 170 142 182 152 117 125 137 169 131 141 195 120 167 124 160 153 132 177 139 138 194 119 114 184 186 130 150 178 105 179 108 168 187 173 110 102 197 144 185 192 143 113 116 157 199 171 126 146 135 149 181 104 134 180 165 154 121 193 175 163 161 162 128 164 123 127 147 172 166 140
406 452 439 435 430 470 410 465 477 453 426 442 479 416 471 493 497 457 420 437 451 450 436 459 464 408 483 498 481 428 449 444 460 473 489 469 403 475 407 447 461 446 405 484 440 431 401 425 438 414 434 404 463 427 411 419 458 487 490 413 422 433 448 402 468 486 474 409 466 495 454 441 492 462 445 456 415 494 424 480 432 423 455 499 443 467 417 429 478 476 491 485 488 482 412
892 863 849 817 833 839 852 808 883 891 838 873 806 865 812 899 822 824 829 830 826 897 816 832 866 885 894 877 861 813 811 898 875 867 820 860 868 882 841 827 800 847 886 884 831 807 895 890 857 828 848 846 878 825 855 821 810 809 869 888 854 803 836 871 835 840 850 837 805 864 814 818 893 887 880 844 815 876 819 845 874 872 858 889 804 862 851 823 896 870 834 843 853
254 256 255 280 208 261 283 281 289 295 282 250 248 299 207 274 257 202 204 272 258 278 265 228 214 275 239 242 234 297 290 233 241 267 292 230 236 291 225 263 213 209 246 293 205 222 217 223 284 218 268 231 245 212 298 226 277 203 259 235 200 229 273 285 210 240 266 270 287 237 288 251 294 247 244 249 262 279 227 238 216 252 276 221 253 286 232 219 206
748 763 787 704 737 777 736 711 773 747 796 769 713 797 712 756 798 788 709 772 719 740 792 757 744 753 718 778 739 735 749 729 794 768 723 716 761 767 724 738 733 774 795 791 741 762 730 746 781 750 702 751 755 721 766 786 784 708 783 722 705 760 779 754 720 742 790 780 707 715 734 710 793 732 717 728 752 758 759 701 799 776 765 770 782 703 731 743 714 764 771
669 652 620 666 670 664 627 665 637 692 607 616 668 622 698 625 650 611 603 621 629 690 689 648 657 630 613 645 608 655 656 682 602 663 646 601 635 609 673 605 667 643 675 660 632 661 681 644 677 691 634 653 626 683 697 659 658 604 631 636 699 685 654 680 678 649 640 639 674 615 693 662 696 679 647 672 694 686 671 628 684 695 651 688 676 618 641 614 638 617 633 642
802
598 571 569 554 594 597 517 599 511 541 575 536 525 585 589 513 551 538 581 582 507 578 527 545 596 531 514 566 521 577 567 505 590 593 565 503 574 595 504 573 508 543 576 564 568 588 550 549 516 530 542 557 591 580 559 539 501 535 510 586 524 533 563 529 552 560 528 584 570 518 556 579 520 532 523 509 561 555 562 546 506 515 502 512 583 519 534 537 547 544 526 540
324 309 396 362 367 348 349 327 358 365 352 321 363 300 370 379 312 359 353 306 320 387 355 395 317 389 394 302 380 336 375 347 357 310 378 354 344 399 343 388 338 339 383 308 328 364 346 390 332 322 337 385 372 333 377 342 325 303 341 330 393 368 397 371 315 305 340 369 345 366 356 323 398 319 311 351 314 350 307 382 331 318 392 334 360 361 326 386 381 329 391 313
264
548
612
801
111
421
418
304
151
957
384
100
970
619
1
129
587
700
706
159
726
933
745
260
107
190
70
122
158
215
191
951
198
5
78
41
522
156
243
789
859
900
376
558
400
600
335
624
201
500
623
572
220
373
271
727
842
118
785
606
687
472
269
725
316
374
93
496
879
775
553
856
296
301
101
592
211
189
610
881
224
948