980 902 903 915 919 949 920 996 974 926 976 954 964 913 953 911 925 959 909 975 945 946 929 901 914 962 930 982 941 968 917 988 955 965 978 960 990 984 940 967 905 999 907 924 998 932 979 992 989 944 987 922 966 935 983 931 952 921 927 938 956 994 950 936 958 977 904 995 943 910 906 947 908 961 942 939 969 912 993 991 981 997 916 985 918 934 986 963 923 937 973 971 972
46 30 82 18 49 12 99 7 43 31 47 44 97 10 89 96 48 17 87 68 81 24 80 14 38 59 20 42 53 8 84 21 2 60 9 28 15 52 45 54 22 36 58 39 66 90 83 0 91 98 26 35 69 6 51 50 61 72 16 71 29 32 79 33 55 62 19 11 86 57 56 88 27 3 85 75 76 77 65 37 94 74 34 63 40 95 64 67 92 23 73 4 13 25
126 188 103 148 114 146 130 120 157 135 171 123 149 131 121 195 142 167 162 194 147 173 182 115 187 165 153 176 164 199 197 117 181 163 161 166 145 193 110 196 177 125 139 174 184 168 137 134 113 160 140 112 172 144 124 170 105 175 132 106 109 154 128 186 102 192 104 127 116 119 152 178 169 155 185 108 183 141 150 179 138 143 180 133 136
446 437 481 478 477 436 450 442 409 448 476 419 479 457 404 494 486 469 426 456 480 471 416 464 435 466 498 431 491 420 438 439 427 470 411 433 482 417 461 408 424 460 414 463 402 453 489 488 487 492 474 445 432 449 465 425 497 483 410 484 462 440 441 495 430 429 467 451 473 452 423 499 459 413 405 434 428 406 412 444 401 475 493 415 485 454 407 490 468 443 455 422 403 458 447
860 826 830 875 809 858 865 863 831 869 855 847 862 849 811 804 868 899 854 884 816 889 832 888 818 885 870 817 882 819 852 841 828 861 877 892 880 857 876 883 867 833 810 864 894 874 827 878 896 805 824 872 800 840 891 897 815 813 893 834 851 807 871 843 898 844 853 866 835 806 839 887 837 814 822 850 812 848 836 846 803 820 825 829 821 886 808 845 895 873 838 823 890
228 206 259 234 284 204 285 255 207 227 299 203 278 256 282 262 226 298 277 210 208 233 222 268 235 229 266 294 276 270 209 288 200 230 253 252 251 291 238 242 217 272 249 279 250 274 218 225 286 202 283 246 258 219 254 241 237 248 292 216 257 205 221 240 267 280 287 275 247 293 239 273 265 232 261 244 245 297 223 236 231 281 290 289 263 214 295 212 213
746 781 788 793 798 731 703 776 773 790 743 779 722 765 758 708 710 741 762 799 796 711 791 739 737 707 747 764 770 748 749 769 766 767 768 786 783 784 756 738 774 795 714 782 754 723 732 733 780 763 772 760 729 740 702 716 720 761 736 715 719 704 705 742 751 701 734 718 752 744 724 730 735 778 709 728 753 721 777 755 713 750 712 794 757 717 771 759 787 792 797
605 669 665 631 621 607 696 667 652 633 676 622 661 626 699 643 636 689 616 693 686 601 678 603 662 681 663 638 649 625 617 673 618 657 632 695 644 629 646 627 671 656 613 635 645 679 614 653 615 698 659 675 691 688 611 640 620 685 602 666 628 609 677 630 694 692 658 674 634 604 684 654 648 690 655 664 672 697 650 670 680 682 641 660 668 637 642 608 683 647 639 651
802
559 523 577 527 533 591 564 596 541 530 545 597 589 565 539 557 538 507 554 504 506 542 513 586 575 535 584 511 580 517 515 549 569 502 532 508 512 590 583 551 588 537 593 531 576 555 556 598 594 599 581 518 595 540 546 574 579 516 528 543 547 578 550 525 582 534 560 561 562 514 536 544 563 524 521 573 585 505 503 571 552 570 509 526 566 519 567 568 520 510 501 529
354 331 330 396 345 327 348 310 353 399 328 366 341 337 307 315 355 356 351 334 369 311 325 336 329 317 372 386 305 332 383 370 358 391 339 398 321 368 390 364 362 343 378 308 387 323 380 302 324 300 320 338 395 359 397 392 313 365 367 350 388 344 333 347 303 314 352 382 312 322 319 309 375 393 361 306 349 326 357 394 360 318 377 342 371 381 346 340 363 379 385 389
264
548
612
801
111
421
418
304
151
957
384
100
970
619
1
129
587
700
706
159
726
933
745
260
107
190
70
122
158
215
191
951
198
5
78
41
522
156
243
789
859
900
376
558
400
600
335
624
201
500
623
572
220
373
271
727
842
118
785
928
606
687
472
269
725
316
374
93
496
879
775
553
856
296
301
101
592
211
189
610
881
224
948