977 909 960 910 940 999 974 904 963 919 911 979 934 995 959 924 925 998 902 923 983 916 921 988 939 907 986 943 990 936 972 997 942 926 927 984 937 946 938 956 917 941 981 966 929 955 905 903 978 954 975 906 967 969 908 950 913 901 993 994 912 982 973 964 952 961 976 922 932 989 958 971 945 965 935 944 930 968 949 915 931 987 953 962 918 996 920 985 947 992 991 980 914
90 85 40 62 74 73 60 45 72 0 91 87 84 76 9 8 42 11 46 82 18 36 56 6 69 20 77 59 32 21 96 79 2 16 37 15 66 81 99 3 86 23 67 92 48 19 38 13 24 4 58 64 44 95 27 94 88 63 83 68 57 14 17 28 97 98 49 34 55 51 31 26 22 30 65 33 25 7 35 52 75 89 39 71 29 43 12 47 80 50 10 54 61 53
196 144 174 161 115 110 113 157 108 130 124 192 175 125 160 114 120 139 165 105 185 150 163 176 137 140 155 135 173 162 142 172 147 146 117 166 116 126 186 132 131 181 102 197 188 179 145 143 154 184 169 183 112 164 119 134 123 182 177 170 127 153 106 141 194 187 136 121 193 168 149 180 171 103 109 178 128 133 148 138 167 199 152 195 104
420 415 479 419 476 461 459 451 422 405 441 477 447 423 412 455 434 411 453 449 463 402 462 428 457 487 482 492 481 470 448 450 458 465 464 433 471 490 417 407 468 443 435 466 444 495 413 442 429 406 499 489 488 446 485 474 425 478 408 483 497 426 475 414 493 404 432 456 445 480 427 409 416 494 424 491 430 498 401 452 460 486 439 454 469 438 473 410 431 484 436 437 467 403
834 844 818 884 810 891 840 850 872 808 898 895 866 804 819 867 887 815 864 857 837 893 836 822 875 861 827 883 841 811 886 826 876 882 833 831 849 888 805 820 823 813 870 829 890 807 839 847 817 854 860 846 825 832 878 880 865 812 806 848 821 835 843 885 877 894 845 863 868 899 851 809 858 871 816 855 838 852 896 889 828 800 853 830 874 824 897 803 814 862 873 892 869
294 257 287 254 251 204 262 242 270 280 209 240 202 290 200 258 238 295 246 207 208 223 289 227 250 244 274 253 282 252 292 284 286 233 232 279 219 241 291 276 272 239 293 265 230 249 213 225 228 263 234 245 248 299 278 297 235 206 237 218 283 285 273 226 216 268 205 288 236 231 221 203 212 247 275 229 217 298 256 259 261 222 267 210 255 214 266 281 277
788 790 714 730 791 768 707 722 767 796 792 702 770 787 771 717 779 738 761 786 704 797 711 750 759 735 741 776 793 720 749 731 732 736 742 772 758 709 708 715 739 762 713 765 799 769 705 773 756 716 751 701 763 729 754 778 724 757 740 733 780 721 781 795 782 703 747 764 784 718 783 760 752 774 794 798 743 744 753 723 755 777 748 712 766 719 734 710 746 737 728
638 614 667 615 611 636 651 628 688 695 647 658 697 682 645 608 641 670 626 685 613 668 655 650 604 603 662 661 683 607 652 654 699 633 632 605 672 627 601 616 621 637 674 666 617 673 629 649 679 631 660 625 698 675 678 691 693 696 659 639 656 640 692 609 620 664 663 630 653 657 677 689 694 690 635 643 665 646 669 618 680 684 686 642 622 648 676 671 602 681 634 644
802
517 595 594 516 573 511 599 540 582 571 569 537 550 539 546 543 578 596 577 524 588 526 563 549 514 502 589 585 580 527 570 506 509 551 536 568 562 576 566 525 542 581 555 501 510 512 556 505 503 513 554 535 533 547 567 561 557 504 574 532 530 529 534 552 538 519 521 544 590 598 559 586 507 575 579 565 531 597 518 528 560 523 520 515 591 564 545 583 541 584 508 593
362 333 314 342 369 368 359 391 382 383 341 345 310 325 357 364 305 375 379 319 340 327 307 389 300 338 352 355 318 309 323 320 377 360 353 348 346 390 397 303 385 396 354 350 328 365 329 367 398 349 336 386 332 370 358 315 344 392 347 321 387 393 361 380 378 337 306 395 330 399 356 302 334 331 324 372 326 371 313 311 339 363 388 322 308 381 343 394 312 366 351 317
264
548
612
801
111
421
418
304
151
957
384
100
970
619
1
129
587
700
706
159
726
933
745
260
107
190
70
122
158
215
191
951
198
5
78
41
522
156
243
789
859
900
376
558
400
440
600
335
624
201
500
623
572
220
373
271
727
842
118
785
928
606
687
472
269
725
316
374
93
496
879
775
553
856
296
301
101
592
211
189
610
881
224
948