903 905 902 959 998 929 954 919 918 914 962 983 947 907 979 930 917 937 969 986 967 999 924 966 941 938 968 931 921 913 925 953 915 972 977 995 955 904 988 974 927 997 939 950 935 944 985 910 922 946 916 942 952 984 971 932 980 909 923 964 940 978 976 963 945 934 926 990 908 994 936 992 975 993 961 906 956 949 996 960 911 901 965 982 958 991 987 989 920 943 973 981 912
66 6 17 85 67 42 16 31 54 50 69 23 19 64 74 91 83 36 84 73 79 20 94 71 45 61 59 96 76 65 51 38 97 9 37 25 22 62 39 28 33 75 46 11 95 44 87 82 60 88 12 89 13 4 29 15 63 90 10 3 56 47 58 98 21 81 7 52 34 53 55 68 0 24 77 27 48 80 14 43 30 72 26 92 99 35 57 32 40 18 49 2 86
157 146 138 137 155 119 128 144 170 139 133 115 193 136 152 141 172 187 102 179 112 131 127 178 175 174 120 192 149 182 184 164 160 124 194 103 171 173 154 163 169 165 199 186 166 114 123 196 177 125 134 168 140 126 117 106 148 183 105 153 121 135 161 130 113 180 132 104 185 116 150 197 195 110 142 167 109 108 176 181 147 145 162 143 188
460 414 476 411 430 451 498 452 473 401 443 495 462 493 438 449 420 499 446 434 450 471 485 484 406 427 489 428 435 459 423 455 447 497 488 409 467 482 419 478 486 466 463 464 429 469 425 480 439 465 433 416 445 468 407 477 444 404 415 441 453 458 403 448 422 424 494 457 417 487 475 437 432 405 483 461 402 479 481 454 442 426 474 470 410 412 491 408 431 490 436 413 456 492
824 807 833 880 838 808 858 882 830 847 836 876 843 840 897 891 831 822 869 868 810 877 848 857 814 850 866 816 861 884 854 837 888 803 818 832 811 862 899 865 820 852 846 813 825 889 896 895 892 878 851 800 823 875 821 864 841 819 855 804 839 835 867 849 871 853 829 870 898 863 893 815 873 805 885 844 860 874 894 834 809 828 817 845 887 883 827 886 872 806 890 812 826
232 257 282 233 239 255 274 272 277 254 295 250 265 209 230 227 203 214 249 275 223 288 205 263 290 294 289 280 298 279 218 213 208 266 237 258 299 210 221 262 273 219 251 270 268 212 231 235 236 238 206 292 247 284 216 281 252 228 286 204 202 256 207 285 248 225 293 291 287 253 283 297 267 240 222 217 241 234 244 200 276 261 242 246 226 278 229 245 259
731 712 707 732 784 795 744 709 705 741 743 703 702 738 753 713 721 734 788 761 717 792 768 736 764 724 757 729 748 735 754 720 733 751 781 728 714 750 716 777 776 791 756 746 794 771 755 766 739 778 722 701 760 737 704 711 758 793 773 723 772 786 790 780 762 710 782 752 742 779 774 715 770 708 798 787 763 783 765 767 747 797 799 769 730 759 718 796 749 719 740
655 630 620 645 666 690 631 603 625 617 601 682 686 628 663 683 696 699 607 670 643 689 633 694 695 681 672 649 660 648 692 609 662 668 653 636 652 621 698 654 626 667 632 646 642 659 677 656 671 613 604 635 627 680 641 697 658 614 674 688 691 611 602 679 675 673 685 622 650 661 629 638 669 647 640 644 618 639 664 665 657 616 651 634 678 693 676 684 605 637 608 615
802
593 550 520 542 566 597 503 579 586 508 570 528 511 524 560 537 536 578 554 502 534 569 517 519 590 580 533 501 555 527 564 514 584 549 513 596 539 515 523 512 526 595 575 565 547 510 552 540 599 521 557 516 535 507 531 559 561 518 532 585 576 504 571 543 538 573 577 530 574 529 541 581 551 506 582 546 563 594 583 589 568 567 545 505 588 509 556 525 598 562 544 591
8
309 334 314 391 355 339 359 392 340 329 321 326 386 332 342 318 312 305 381 323 393 354 387 322 367 345 349 372 320 370 346 385 330 371 396 358 353 360 313 327 336 319 357 310 311 366 395 325 351 356 324 302 337 394 347 328 306 348 389 375 315 363 368 369 308 331 378 383 338 361 343 333 344 303 350 341 397 362 300 379 380 317 390 382 364 398 399 388 307 377 365 352
264
548
612
801
111
421
418
304
151
957
384
100
970
619
1
129
587
700
706
159
726
933
745
260
107
190
70
122
158
215
191
951
198
5
78
41
522
156
243
789
859
900
376
558
400
440
600
335
624
201
500
623
572
220
373
271
727
842
118
785
928
606
687
472
269
725
316
374
93
496
879
775
553
856
296
301
101
592
211
189
610
881
224
948