946 999 954 929 996 937 907 926 911 992 987 986 974 943 961 903 941 975 990 977 995 944 964 965 966 949 980 997 989 971 913 963 936 978 973 917 962 956 968 920 935 905 960 994 993 938 909 945 904 985 910 939 958 953 932 942 972 955 915 967 916 983 927 959 923 912 921 925 931 924 947 988 976 934 906 919 991 901 979 969 930 950 914 998 952 982 984 918 908 981 940 922 902
38 79 47 21 61 98 0 88 50 86 80 54 23 55 76 17 56 6 4 35 24 97 66 67 71 9 75 31 43 49 77 60 57 37 14 33 3 19 12 94 95 25 2 13 90 53 51 10 20 81 68 69 58 16 73 72 36 44 64 27 22 48 62 32 40 42 84 45 28 30 15 85 87 83 52 46 99 65 26 11 92 7 34 29 63 18 74 39 59 96 91 82 89
137 110 108 130 192 147 128 113 187 155 150 126 183 164 186 154 102 142 195 104 149 144 125 120 162 193 132 135 194 139 179 141 173 175 160 168 140 133 185 184 105 106 176 123 112 153 169 109 165 171 178 163 177 148 166 181 188 114 170 157 145 161 127 180 117 152 116 103 146 115 119 199 134 167 172 124 136 196 174 182 138 143 197 131
437 491 455 447 417 457 495 408 420 482 481 494 433 406 470 442 476 465 414 444 463 423 479 485 452 489 434 454 469 422 459 499 429 416 448 432 438 475 445 419 492 497 441 405 498 487 409 425 443 449 403 467 428 478 404 427 436 413 466 486 460 473 435 430 483 439 493 490 426 471 456 411 477 480 484 407 446 412 401 415 424 450 461 451 431 410 488 464 458 453 462 474 402 468
811 833 814 839 849 873 885 823 838 832 829 866 853 880 827 858 836 834 800 887 896 890 872 895 857 877 878 852 851 831 835 864 854 846 804 893 891 812 843 821 808 855 850 861 848 847 882 826 865 884 822 820 810 871 897 894 840 875 803 874 889 828 899 807 813 867 883 892 824 816 870 869 817 863 805 841 868 830 837 815 845 886 860 862 888 898 876 806 818 844 809 819 825
255 240 291 287 256 237 273 247 275 289 279 214 299 288 244 251 266 234 200 210 292 270 238 245 282 250 254 231 226 253 216 241 236 257 233 209 265 230 232 281 205 293 227 203 202 290 258 284 283 225 208 219 267 217 278 242 261 212 274 221 228 262 285 295 259 294 229 276 248 204 272 206 218 223 280 286 297 277 246 298 222 213 207 235 249 268 239 252 263
720 721 729 712 749 795 776 710 786 769 772 704 705 796 756 716 771 750 778 791 740 766 799 711 779 715 782 701 754 787 760 707 744 743 794 752 717 790 746 751 708 784 757 724 774 731 762 732 737 728 788 713 753 761 718 733 765 767 719 764 742 770 734 781 793 730 747 763 798 703 797 722 768 714 748 739 759 773 755 783 777 738 758 792 702 736 709 735 780 741 723
609 617 684 678 649 633 608 679 636 699 666 663 646 695 605 685 640 642 681 601 648 643 652 647 653 614 686 602 673 638 613 627 658 698 692 625 651 657 644 662 668 680 683 667 639 675 677 689 693 697 621 682 650 694 671 615 604 669 688 637 654 635 632 611 622 641 630 620 691 676 626 672 660 690 674 665 616 645 631 618 664 661 656 634 696 628 655 607 670 659 603 629
802
506 571 597 583 552 584 588 527 524 539 556 570 579 586 538 525 585 569 528 514 557 544 593 547 531 523 568 563 550 541 559 576 578 546 533 551 516 575 598 520 502 594 542 581 510 577 530 574 599 567 561 505 501 521 507 508 504 515 513 518 543 509 562 537 540 526 517 534 519 591 582 573 511 555 565 595 503 564 549 554 512 566 580 545 536 589 590 532 535 596 560 529
8
325 389 339 388 399 311 380 326 386 398 375 370 358 312 390 391 329 357 392 343 366 353 349 371 377 338 351 309 354 394 395 327 321 302 340 378 350 334 356 382 348 336 310 345 369 385 315 346 387 393 318 347 362 344 313 328 314 317 383 319 330 355 305 367 322 342 397 381 307 337 333 303 363 360 306 368 365 324 332 359 364 396 379 308 320 341 300 352 361 331 372 323
264
548
612
801
111
421
418
304
151
957
384
100
970
619
1
129
587
700
706
159
726
933
745
260
107
190
70
122
158
215
191
951
198
5
78
41
522
156
243
789
859
900
376
558
400
440
600
335
624
121
201
500
623
572
220
373
271
727
842
118
785
928
606
687
472
269
725
316
374
93
496
879
775
553
856
296
301
101
592
211
189
610
881
224
948