915 960 999 973 993 980 944 974 958 906 939 946 978 922 930 952 963 961 909 934 924 913 908 918 942 962 920 943 965 994 914 966 949 926 902 989 991 903 998 986 923 975 911 985 925 901 972 983 959 921 907 996 938 904 995 976 977 953 935 937 968 912 992 988 945 929 967 981 971 997 916 931 941 964 984 940 987 990 982 955 936 919 910 956 905 917 932 927 969 947 954 950 979
62 14 73 46 48 83 57 49 2 58 21 80 16 97 28 85 33 3 75 45 44 60 66 69 37 55 67 19 86 30 23 42 99 91 26 84 24 39 53 10 11 65 82 36 0 92 63 31 68 64 27 43 98 9 54 76 87 71 51 20 18 35 94 81 47 22 72 32 88 15 25 6 74 59 95 89 40 96 79 38 12 50 77 13 56 90 29 52 7 4 61 34 17
171 162 137 104 102 194 188 116 187 168 132 193 150 108 119 183 164 192 152 177 178 143 106 128 110 195 165 126 113 103 134 182 131 176 145 136 180 112 167 154 174 125 140 135 117 133 166 105 173 169 181 127 141 120 149 138 172 163 170 161 184 114 147 185 199 153 196 155 124 179 115 148 142 186 109 139 123 197 130 160 144 157 146
443 456 420 408 462 403 481 482 424 487 417 491 409 428 477 478 433 463 469 411 402 413 480 427 455 475 439 407 425 470 484 461 444 437 485 460 447 450 466 430 452 442 465 468 489 414 488 404 410 458 498 446 453 436 451 434 401 497 422 474 483 486 415 406 416 429 457 432 412 435 405 431 493 494 454 423 459 499 441 473 449 492 476 426 438 464 448 467 471 419 495 445 490 479
857 864 806 895 894 852 851 821 835 814 893 858 811 823 832 849 883 818 861 839 827 877 854 880 837 824 889 897 885 810 838 845 843 840 876 892 805 848 865 874 870 829 830 804 887 891 822 800 834 803 872 816 831 873 890 809 807 841 853 850 884 847 871 819 833 869 888 817 867 882 836 846 898 812 875 868 899 820 808 813 866 844 862 860 878 863 828 896 886 855 815 826 825
240 237 248 214 221 222 252 230 213 278 256 217 236 255 283 291 286 244 205 262 200 208 203 212 265 276 267 261 241 295 288 204 245 277 254 233 202 226 290 284 250 289 242 228 273 282 272 209 253 274 225 257 235 270 232 206 298 249 263 231 259 292 275 219 246 247 207 216 251 234 287 294 280 223 239 285 281 297 210 279 227 229 218 238 299 266 258 268 293
740 760 718 770 701 749 731 764 750 799 797 743 753 734 756 720 708 738 783 771 719 705 722 766 729 792 709 710 769 730 752 751 736 724 754 723 794 761 784 746 762 712 748 716 781 768 737 778 735 774 717 796 758 733 763 702 780 765 759 798 741 707 767 757 739 791 786 777 773 728 779 715 788 703 711 747 732 790 795 793 713 721 772 744 714 704 755 776 787 742 782
626 682 667 657 699 621 613 638 643 635 627 685 690 636 678 656 670 677 672 640 651 673 648 691 663 684 617 601 645 641 692 658 671 664 696 608 654 604 695 615 655 611 642 681 649 676 697 660 659 669 675 618 665 694 605 647 674 679 650 683 632 603 634 652 629 668 688 616 622 614 698 662 630 653 693 666 607 689 680 637 633 628 639 625 602 620 644 646 686 631 609 661
802
581 551 586 536 593 579 519 539 560 573 504 509 564 512 545 598 549 574 534 537 596 562 525 502 578 555 520 595 510 527 577 588 575 535 561 571 582 569 514 547 599 503 597 531 570 542 567 538 585 546 541 566 584 552 591 506 565 559 524 501 517 563 532 590 516 515 594 533 530 556 589 505 521 518 508 543 507 528 580 583 513 529 554 540 523 576 526 544 550 511 568 557
8
325 366 333 397 310 345 396 380 371 386 359 337 319 363 314 390 343 355 354 303 334 364 379 321 322 349 326 357 323 340 361 392 372 329 352 385 369 353 368 381 393 324 360 362 313 388 312 341 394 377 305 339 358 315 308 320 344 375 330 338 332 317 365 328 311 391 327 300 309 356 346 378 351 342 387 367 395 398 370 348 306 382 399 318 336 302 347 350 389 383 307 331
264
548
612
801
111
421
418
304
151
957
384
100
970
619
1
129
587
700
706
159
726
933
745
260
107
190
70
122
158
215
191
951
198
5
78
41
522
156
243
789
859
900
376
558
400
440
600
335
624
121
175
201
500
623
572
220
373
271
727
842
118
785
928
606
687
472
269
725
316
374
93
496
879
775
553
856
296
301
101
592
211
189
610
881
224
948