901 989 987 936 923 967 990 965 930 977 963 961 913 944 914 918 994 956 954 926 920 927 959 992 995 902 912 955 915 932 917 924 943 952 911 950 903 981 921 941 978 993 976 949 916 984 937 962 991 964 940 909 904 996 986 971 938 907 939 972 973 934 946 979 910 929 908 997 974 958 966 919 985 931 947 945 935 988 975 922 960 953 942 968 998 983 906 925 982 999 905 980 969
23 54 55 77 59 13 91 50 26 84 19 11 82 14 0 31 38 94 88 74 90 67 32 80 15 18 12 75 7 62 89 58 92 48 76 72 21 63 46 25 56 47 71 9 87 73 83 81 22 10 30 57 16 69 45 66 42 95 17 60 36 64 44 6 65 40 33 51 20 39 28 4 85 79 35 68 2 52 34 86 49 98 29 27 37 96 3 24 43 99 53 61 97
171 126 167 142 120 103 133 160 135 183 116 157 114 199 137 149 138 110 174 173 179 165 130 154 161 143 131 123 177 128 184 127 176 155 188 115 186 119 169 117 146 152 197 113 170 134 147 104 192 185 164 180 193 182 168 106 150 187 181 148 162 140 105 102 194 172 195 163 196 153 125 136 141 109 132 139 112 144 178 108 145 124 166
482 485 403 453 426 412 454 459 476 456 441 447 430 479 448 415 457 407 471 481 428 444 450 431 488 411 468 410 423 462 493 469 484 408 401 409 495 443 442 478 498 499 414 490 425 473 429 492 427 467 483 455 487 435 463 432 402 477 486 494 491 466 458 451 436 464 420 475 460 474 417 405 452 404 439 433 497 461 434 489 449 470 446 422 424 438 419 480 416 437 406 413 445 465
846 897 831 862 840 830 857 800 876 835 805 898 823 874 892 847 878 864 808 861 824 888 817 885 813 807 815 889 818 826 822 871 829 899 827 839 863 868 866 803 806 851 819 816 837 870 845 867 820 804 887 886 812 834 832 853 809 884 836 883 843 872 860 894 811 810 873 869 838 877 882 848 844 849 865 895 814 880 828 890 854 850 875 825 833 821 852 858 896 893 841 891
288 237 232 225 251 268 218 290 272 214 278 254 259 273 283 213 256 204 227 282 234 241 250 226 200 285 242 294 258 208 289 212 270 240 231 275 261 295 267 280 248 223 210 297 206 247 219 249 230 284 221 265 263 239 298 276 281 262 236 266 203 299 255 277 205 253 209 238 245 246 217 216 293 257 202 252 291 279 287 274 222 228 244 233 207 286 235 229 292
702 766 760 756 770 703 776 752 720 746 711 786 719 730 799 728 771 742 777 773 721 798 722 715 787 717 704 769 710 768 757 763 739 741 784 796 755 714 749 759 783 735 779 709 747 778 707 765 781 712 764 737 733 738 753 736 701 774 772 792 754 793 782 729 732 744 734 780 740 794 750 716 790 761 751 795 743 723 767 788 708 713 797 718 758 791 705 748 731 724 762
609 629 651 654 677 661 692 649 646 662 681 616 639 603 617 634 626 690 637 631 666 638 685 635 680 618 689 688 675 605 636 698 615 621 607 686 641 676 625 611 682 650 632 655 664 602 696 674 673 663 628 640 604 653 665 633 627 691 668 613 648 678 620 652 630 699 601 672 697 656 643 622 683 658 671 695 679 642 657 684 614 670 659 694 608 693 660 644 647 645 669 667
802
544 573 561 547 543 539 585 574 575 537 502 566 563 530 515 523 576 579 541 581 554 588 532 534 591 562 599 593 590 520 542 556 577 524 504 521 595 564 501 540 511 549 560 580 596 513 528 529 535 568 506 567 525 510 507 584 598 526 570 578 565 527 514 586 533 569 552 594 509 582 546 516 508 597 551 505 571 503 518 531 538 550 512 589 545 557 559 583 519 536 555 517
8
394 331 300 313 364 342 312 346 385 302 397 333 359 369 329 343 337 398 360 324 320 390 303 306 363 311 305 375 371 327 330 328 354 349 386 341 345 395 350 344 318 368 388 321 358 379 319 387 323 381 317 383 340 347 310 357 325 378 353 372 389 336 355 322 370 338 348 326 351 382 307 392 352 366 314 367 339 334 361 332 315 356 362 365 380 309 391 396 377 308 399 393
264
548
612
801
111
421
418
304
151
957
384
100
970
619
1
129
587
700
706
159
726
933
745
260
107
190
70
122
158
215
191
951
198
5
78
41
522
156
243
789
859
900
376
558
400
440
600
335
624
121
175
201
500
623
572
220
373
271
727
842
118
785
928
606
687
472
269
725
316
374
93
496
879
775
553
856
296
301
101
592
211
189
610
855
881
224
948