0 1
0 2
0 3
0 4
0 5
0 6
0 8
0 9
0 10
0 12
0 13
0 14
0 18
0 22
0 26
0 43
0 44
0 49
0 51
0 55
0 59
0 70
0 81
0 83
0 91
0 92
1 5
1 7
1 8
1 9
1 11
1 12
1 14
1 15
1 39
1 41
1 43
1 44
1 64
1 66
1 78
1 88
1 91
1 98
2 5
2 6
2 10
2 11
2 13
2 16
2 21
2 26
2 37
2 39
2 40
2 44
2 51
2 73
2 77
2 80
2 93
3 5
3 7
3 15
3 16
3 45
3 47
3 48
3 60
3 61
3 85
3 86
3 89
3 97
4 6
4 7
4 10
4 17
4 18
4 19
4 22
4 23
4 31
4 33
4 34
4 40
4 55
4 62
4 80
4 82
4 88
4 92
4 94
4 98
4 99
5 6
5 7
5 8
5 9
5 10
5 11
5 12
5 13
5 14
5 16
5 18
5 20
5 22
5 26
5 30
5 33
5 35
5 38
5 53
5 57
5 60
5 62
5 72
5 90
6 8
6 12
6 15
6 18
6 19
6 23
6 26
6 29
6 35
6 36
6 39
6 42
6 50
6 52
6 56
6 58
6 64
6 76
6 77
6 82
6 83
6 95
7 9
7 13
7 17
7 37
7 49
8 17
8 34
8 44
8 55
8 56
8 64
8 88
9 17
9 24
9 27
9 50
9 59
9 60
9 63
9 79
9 80
10 11
10 14
10 23
10 24
10 25
10 30
10 32
10 35
10 42
10 45
10 47
10 56
10 66
10 93
11 15
11 20
11 22
11 25
11 59
11 68
11 72
11 87
11 89
11 94
12 16
12 27
12 28
12 32
12 33
12 46
12 49
12 67
13 23
13 25
13 38
13 46
13 65
13 68
13 83
13 95
14 19
14 21
14 25
14 31
14 32
14 35
14 50
14 75
14 95
15 19
15 20
15 29
15 39
15 40
15 61
15 65
15 66
15 74
15 79
15 88
15 89
15 90
16 21
16 24
16 28
16 31
16 58
16 63
16 72
16 76
16 96
16 97
17 20
17 74
17 94
18 21
18 24
18 33
18 45
18 46
18 54
18 57
18 65
18 67
18 71
18 74
18 86
18 91
18 99
19 40
19 43
19 48
19 51
19 54
19 60
19 73
19 79
19 89
20 27
20 29
20 30
20 32
20 41
20 65
21 84
21 96
22 30
23 28
23 62
24 29
24 31
24 42
24 57
25 75
25 77
26 27
26 28
26 52
26 67
27 34
27 41
27 54
27 86
28 37
28 53
29 36
30 34
30 55
32 38
32 42
32 48
32 69
32 78
32 87
33 43
34 36
34 37
34 46
34 52
34 63
34 64
34 69
34 71
34 84
34 99
35 36
35 38
35 47
35 52
35 58
36 67
38 47
38 51
38 69
39 68
40 41
40 48
40 49
40 79
40 81
40 92
40 93
41 69
42 57
43 45
43 53
43 56
43 66
43 81
44 50
44 59
44 76
44 78
45 72
46 53
46 96
46 97
48 84
49 58
49 61
49 76
50 86
51 62
51 71
51 87
51 91
51 96
52 63
52 71
52 85
52 92
53 54
53 98
54 61
56 75
57 73
58 74
59 77
59 82
59 87
60 75
61 70
62 94
63 98
64 97
65 70
65 73
65 84
66 68
66 78
68 70
68 81
69 83
71 85
71 90
73 95
74 85
75 80
79 82
79 90
79 99
90 93