95 212 126 102 40 248 226 22 437 80 393 217 400 323 470 90 84 309 47 39 168 399 377 422 148 354 118 237 342 4 271 2 448 384 307 388 233 246 104 133 356 98 101 432 227 64 375 182 149 258 78 361 3 385 350 9 46 151 420 273 438 169 346 435 222 122 251 268 162 53 150 315 109 50 262 235 37 28 341 194 55 41 31 135 298 204 459 292 446 294 154 467 272 259 269 160 24 378 38 27 92 173 113 214 372 120 125 387 61 172 374 386 264 29 319 207 215 324 406 349 250 454 328 427 205 147 175 416 471 236 51 408 16 56 20 11 208 108 252 124 228 474 376 170 242 181 72 134 223 221 290 362 71 119 88 274 153 58 156 279 138 275 348 402 321 291 417 380 295 152 351 299 21 260 103 87 429 261 206 144 314 76 59 63 396 232 164 188 216 114 117 97 403 238 241 407 107 191 176 460 458 411 32 209 0 86 99 70 365 105 368 255 161 331 34 450 254 17 436 443 130 392 423 306 449 174 220 247 249 431 337 364 263 48 281 301 157 177 136 468 391 112 231 428 145 77 367 202 343 329 178 13 312 197 132 143 302 100 293 433 464 167 334 244 192 466 111 210 171 473 44 381 347 472 30 69 229 335 462 442 257 163 270 440 183 284 245 131 283 286 23 456 19 327 325 311 379 457 409 6 256 225 418 330 267 389 184 155 128 310 305 140 355 218 439 127 453 137 68 373 85 297 401 198 370 333 179 326 195 410 421 49 276 52 452 190 430 266 303 405 308 139 357 106 91 461 116 12 10 338 277 165 8 313 424 203 382 93 296 344 469 278 159 158
345
318
369
146
35
336
189
43 36
42
288
180
15 25 79 60
96
123
201
82
340
115
413
240 213
26 89 1
67
300
360
187
5
304 465
45
434
352
62
415
332
74 18
371
447
451
366
414
412
285
397
211
353
243
185 66
390
316
395
398
200 322
425
110
57
7
463
419
166
75
287
383
65
265
280
14
358
230
234
199
94
282
317
404
445
73
444 394
81
142
239
83
363
426
455
129
253
224
186
320
441
193
121
141
359
339
196
289
219
33
54