292 325 113 158 28 439 338 84 169 205 474 221 433 238 326 236 294 148 341 409 275 384 401 70 437 374 3 430 323 91 449 372 87 378 297 241 448 174 471 255 396 132 6 173 259 250 258 44 61 124 161 138 47 76 20 206 290 9 63 191 181 197 252 99 261 126 188 208 59 106 125 109 305 313 24 346 254 226 361 330 209 421 212 349 144 64 195 101 50 342 235 231 424 260 400 88 29 385 291 93 456 55 127 410 466 365 204 464 103 92 272 278 454 0 34 248 417 357 139 462 315 435 386 472 453 440 244 223 314 122 296 348 457 10 39 268 327 443 12 133 335 324 431 271 257 237 135 171 229 350 58 309 264 333 90 177 379 298 301 130 37 438 388 198 120 8 176 32 105 202 77 16 2 162 331 406 389 71 459 276 283 228 405 306 468 247 232 116 119 13 461 246 23 407 387 143 467 153 108 293 295 31 377 347 375 469 262 368 184 218 399 286 442 4 118 428 367 473 344 155 215 104 251 470 373 307 156 277 30 382 220 429 402 391 302 458 95 355 343 136 422 134 364 56 281 460 11 416 131 49 242 167 450 172 149 137 38 381 420 151 107 432 269 85 311 165 245 362 179 370 216 164 274 284 170 299 140 356 22 408 337 334 145 214 46 182 376 160 19 53 178 217 418 411 279 159 222 423 69 163 112 154 128 40 403 150 321 393 210 111 270 446 183 207 312 227 266 194 21 225 102 303 351 308 175 86 263 97 392 114 17 267 147 48 80 72 380 27 354 203 78 98 273 51 190 168 329 152 256 117 452 100 192 157 328 310 249 319 233 427 52 436 41
345
318
369
146
35
336
189
36 43
42
288
180
60 25 15 79
96
123
201
82
340
115
413
240 213
26 89 1
67
300
360
187
5
465 304
45
434
352
62
68
415
332
18 74
371
447
451
366
414
412
285
397
211
353
243
185 66
390
316
395
398
322 200
425
110
57
7
463
419
166
75
287
383
65
265
280
14
358
230
234
199
94
282
317
404
445
73
394 444
81
142
239
83
363
426
455
129
253
224
186
320
441
193
121
141
359
339
196
289
219
33
54