347 376 308 244 303 333 203 164 389 299 64 87 159 47 104 266 113 233 4 323 31 179 283 278 409 106 55 276 144 408 130 301 456 207 306 22 38 149 127 432 309 17 170 52 228 72 438 138 97 125 169 168 231 457 116 400 319 151 361 46 343 202 95 302 294 321 293 171 91 190 161 474 427 78 298 158 16 393 191 111 452 101 401 109 134 422 71 156 181 272 269 388 34 29 330 235 184 392 252 357 453 324 237 155 124 246 41 150 348 177 217 402 21 256 250 261 131 152 328 172 226 255 117 11 338 428 92 382 8 329 450 399 163 50 58 208 206 197 145 305 143 284 214 335 437 2 460 221 290 405 251 198 227 99 370 469 157 0 435 259 461 140 429 431 342 3 377 247 102 210 137 423 135 28 291 24 341 313 391 386 32 364 51 454 229 80 12 114 446 327 424 119 262 139 9 410 270 411 375 315 249 449 178 264 212 153 165 416 436 245 183 337 462 406 430 378 439 271 53 326 381 10 103 472 232 268 260 440 195 27 459 49 407 468 362 257 466 334 204 77 355 23 218 296 147 385 220 403 387 215 167 86 223 470 273 238 295 174 325 297 473 331 380 176 194 105 384 76 274 148 69 458 6 182 350 464 85 314 312 367 372 267 433 225 356 209 188 222 59 242 160 248 216 275 98 417 281 132 374 84 108 20 351 418 19 311 241 467 379 44 133 365 63 122 126 100 421 292 136 420 448 277 307 263 346 162 128 39 349 13 443 254 120 192 205 175 471 344 112 279 354 373 88 154 118 40 286 258 396 310 30 93 442 173 90 368
345
318
369
146
61 37 56 236 70
35
336
189
36 43
42
288
180
25 60 79 15
96
123
201
82
340
115
413
240 213
26 89 1
67
300
360
187
5
107
465 304
45
434
352
62
68
415
332
74 18
371
447
451
366
414
412
285
397
211
353
243
66 185
390
316
395
398
322 200
425
110
57
7
463
419
166
75
287
383
65
265
280
14
358
230
234
199
94
282
317
404
445
73
444 394
81
142
239
48
83
363
426
455
129
253
224
186
320
441
193
121
141
359
339
196
289
219
33
54