346 221 97 39 471 327 88 399 402 254 235 179 431 411 268 319 13 134 215 218 374 21 124 154 113 30 299 167 376 386 375 203 422 449 278 27 49 223 406 190 163 314 379 117 378 233 95 210 315 428 343 344 355 348 126 432 145 421 111 78 249 334 238 212 381 439 331 222 356 120 257 368 267 311 100 164 85 135 468 312 58 373 194 44 152 460 92 16 370 264 22 165 64 159 306 245 12 31 118 3 9 446 401 461 403 10 55 148 151 298 271 430 40 438 407 76 462 8 161 294 418 137 225 337 321 114 473 323 143 69 263 270 229 6 262 269 242 266 470 333 183 389 192 459 458 19 147 301 157 101 106 138 256 52 349 259 119 347 281 197 63 241 207 255 90 309 206 175 162 205 228 153 191 258 252 32 472 330 227 112 174 155 84 416 361 272 276 302 341 250 385 72 338 261 290 420 442 140 297 209 104 139 408 448 364 172 247 380 393 127 220 296 325 20 283 308 454 457 417 24 86 307 98 273 216 305 313 122 105 202 342 365 133 128 244 109 231 429 103 440 91 396 427 328 277 362 28 275 260 286 405 29 184 53 116 169 59 392 450 443 310 388 453 284 51 433 208 136 303 173 50 382 149 237 437 177 436 335 2 171 372 131 99 295 130 41 34 156 38 367 87 423 217 204 400 329 292 293 377 17 47 178 125 279 410 456 354 391 326 251 467 176 469 11 246 466 435 248 108 452 132 80 150 195 4 350 409 0 170 226 214 77 324 144 102 71 23 291 158 181 46 168 351 384 274 198 160 474 387 93 188 182 424
345
318
464 357
369
146
70 61 37 56 236
35
336
189
36 43
42
288
180
60 79 25 15
96
123
201
82
340
115
413
213 240
1 89 26
67
300
360
187
5
107
304 465
45
434
352
62
68
415
332
232
18 74
371
447
451
366
414
412
285
397
211
353
243
66 185
390
316
395
398
200 322
425
110
57
7
463
419
166
75
287
383
65
265
280
14
358
230
234
199
94
282
317
404
445
73
444 394
81
142
239
48
83
363
426
455
129
253
224
186
320
441
193
121
141
359
339
196
289
219
33
54