175 274 241 423 393 436 473 228 147 215 184 50 407 159 430 183 218 388 401 355 149 165 449 365 17 457 306 77 246 308 23 69 291 206 92 11 421 103 156 372 116 143 295 31 71 256 136 126 275 254 257 278 252 368 378 439 171 286 38 0 32 244 396 472 98 459 453 3 386 150 408 194 299 325 337 409 19 350 296 131 182 28 474 248 233 460 251 271 173 80 212 181 145 132 437 467 174 237 443 319 125 225 102 471 64 29 259 410 8 114 462 87 222 389 217 163 321 162 469 261 448 364 331 140 249 78 95 429 305 361 63 452 470 348 192 343 167 134 330 341 13 158 112 312 90 468 208 324 47 179 433 406 309 231 154 446 349 2 385 191 51 235 6 424 207 113 12 313 270 440 151 120 210 273 342 170 160 461 198 128 356 328 260 118 195 227 109 405 72 376 294 367 399 377 387 314 22 20 298 279 46 100 435 188 229 335 292 168 379 250 334 39 450 400 420 245 164 172 351 58 153 197 122 438 427 226 338 220 255 247 442 238 432 176 315 139 303 311 202 117 111 267 97 101 53 362 157 91 431 284 258 382 9 456 21 209 137 105 276 106 327 417 133 16 40 152 403 262 454 214 277 268 108 380 466 161 52 272 281 293 266 205 269 130 375 297 24 216 333 85 138 344 99 30 223 93 392 422 190 370 302 384 290 27 373 76 221 326 347 44 264 307 418 86 263 4 155 119 416 374 458 84 127 428 49 10 124 242 283 148 135 203 301 88 381 329 178 310 391 402 34 144 59 323 354 177 104 41 411 169 55 346
345
318
464 357
369
146
236 37 61 70 56
35
336
189
36 43
42
288
180
25 60 15 79
96
123
201
82
340
115
413
240 213
1 26 89
67
300
360
187
5
107
304 465
45
434
352
62
68
415
332
232
74 18
371
447
451
366
414
412
285
397
211
353
243
66 185
390
316
395
398
200 322
425
110
57
7
463
419
166
204
75
287
383
65
265
280
14
358
230
234
199
94
282
317
404
445
73
394 444
81
142
239
48
83
363
426
455
129
253
224
186
320
441
193
121
141
359
339
196
289
219
33
54