319 71 108 291 410 125 472 173 19 28 216 2 382 175 350 330 223 302 313 262 217 416 461 188 241 255 87 294 375 310 101 27 64 376 132 399 34 127 450 120 77 181 323 161 235 206 314 158 4 312 250 385 140 428 384 429 372 16 431 198 299 220 453 344 407 435 135 152 328 351 23 297 40 105 168 149 257 276 409 52 364 155 124 284 388 378 281 212 271 24 267 59 209 389 327 80 439 368 117 210 251 321 122 454 370 169 377 244 293 9 3 225 103 290 386 98 119 432 329 324 84 275 157 93 130 337 467 238 277 137 296 134 21 195 468 469 55 111 405 449 245 147 440 228 470 334 205 164 32 247 10 109 197 442 215 100 227 171 0 381 456 254 41 53 427 424 443 354 97 311 165 418 233 167 182 11 420 348 153 106 76 222 95 72 338 448 356 190 162 260 229 191 114 131 269 393 270 374 151 362 12 118 298 139 30 295 126 176 401 113 325 150 31 46 20 6 315 8 192 396 373 163 430 248 221 421 367 422 355 13 91 402 156 51 90 436 342 438 268 457 256 273 272 242 69 458 306 333 58 365 22 258 145 346 63 214 341 349 408 178 459 218 177 387 391 38 263 471 403 143 88 361 460 138 154 446 309 148 47 99 208 184 128 116 179 406 264 92 305 417 237 259 392 202 278 172 170 274 473 279 44 226 466 452 29 159 301 112 183 423 174 133 261 246 437 303 85 286 231 203 380 86 39 104 249 144 50 307 331 17 194 347 411 266 335 136 474 207 160 283 379 462 343 49 433 252 292 308 326 400 102
345
318
357 464
369
146
61 236 56 70
35
336
189
36 43
42
288
180
25 15 79 60
96
123
201
82
340
115
413
240 213
89 26 1
67
300
360
187
5
107
465 304
45
434
352
62
68
415
332
232
74 18
371
447
451
366
414
412
285
397
211
353
243
66 185
390
37
316
395
398
322 200
425
110
57
7
463
419
166
204
75
287
383
65
265
280
14
358
78
230
234
199
94
282
317
404
445
73
394 444
81
142
239
48
83
363
426
455
129
253
224
186
320
441
193
121
141
359
339
196
289
219
33
54