186 58 53 36 413 255 381 247 122 309 16 144 119 442 463 43 106 313 236 270 241 95 329 77 330 428 331 290 47 218 109 178 29 295 322 126 19 461 20 202 96 11 41 130 42 230 248 7 195 191 334 40 350 133 103 283 111 223 253 162 355 226 222 93 189 114 82 73 361 204 345 173 258 107 458 337 50 424 250 474 136 260 207 124 149 152 420 415 327 172 328 370 440 185 49 432 305 297 462 277 15 316 264 319 393 213 214 356 269 409 229 434 116 400 201 464 190 340 391 324 159 153 242 342 402 401 38 292 456 121 378 209 291 431 192 238 278 459 299 323 368 14 6 55 31 66 27 142 354 410 64 215 321 251 405 373 61 28 472 376 364 243 232 177 164 37 89 395 4 84 221 183 446 165 452 160 425 417 449 44 384 143 30 387 86 317 233 265 88 347 237 259 307 63 293 175 266 275 408 199 385 180 304 363 35 32 101 249 280 163 138 369 52 298 9 454 382 240 418 182 262 23 460 60 394 284 339 102 276 455 423 193 188 108 59 372 92 407 198 148 225 468 352 0 65 125 220 26 80 151 273 216 179 362 123 445 194 389 310 383 170 281 212 197 422 120 68 279 285 286 127 448 438 85 314 308 51 129 70 21 336 184 244 365 436 57 75 150 71 300 10 18 427 140 56 288 67 429 91 447 3 326 200 79 139 1 205 397 374 98 453 54 471 12 289 421 335 315 231 301 2 435 271 245 167 219 439 267 430 296 282 227 433 325 39 132 473 403 147 333 141 74 441 457 203 444 465 426 168 303 470 346 437 377 379 117 99 306 467 104 360 287 396 294 176 406 155 17 256 174 234 34 386 302 113 371 81 210 274 90 25 181 343 359 263 272 311 171 399 134 318 390 128 349 320 268 24 118 76 246 137 46 62 105 145 257 154 100 228 451 351 217 344 353 48 208 358 332 87 412 22 341 469 416 135 157 366 69 112 375 8 5 94 169 312 388 466 72 206 357 450 254 158 348 411 211 367 131 224 166 392 252 33 97 235 261 45 380 161 443 13 110 156 338 78
146
115
187
414
398
419
404
239
83
196