427 229 365 128 63 416 163 130 251 261 361 52 443 346 375 99 98 41 19 326 38 439 368 303 51 183 260 188 402 31 153 429 378 381 406 198 249 104 411 422 138 291 259 44 314 191 349 292 263 150 262 387 206 209 343 312 468 47 446 379 132 23 293 84 250 106 72 338 101 474 255 269 272 348 418 456 437 197 466 76 92 116 64 126 216 311 271 114 190 294 4 158 170 27 421 246 471 105 135 435 388 39 120 453 458 144 140 347 2 103 174 473 172 137 179 111 59 182 221 376 242 228 450 290 164 29 467 335 459 350 108 385 472 319 154 119 296 176 373 173 325 238 178 454 85 159 417 136 331 403 28 0 462 457 382 3 145 24 329 133 391 162 355 469 284 364 8 40 46 71 169 194 274 440 171 268 13 218 470 6 20 273 283 449 452 245 252 235 407 192 231 333 313 286 225 327 254 401 244 233 90 424 226 175 152 308 88 400 374 396 362 393 356 160 147 102 299 165 399 95 143 420 131 125 302 310 157 436 409 267 386 181 305 237 17 21 307 328 93 212 372 270 431 410 266 208 222 430 97 248 113 91 448 9 344 167 276 295 148 118 139 264 32 112 330 324 168 203 337 184 207 177 55 247 214 80 461 151 49 220 215 12 423 205 377 53 380 278 389 384 341 34 149 256 202 258 210 405 22 127 161 227 134 367 277 155 109 432 122 257 100 301 297 370 58 433 438 124 309 50 460 223 30 354 334 315 442 241 195 117 16 217 392 87 275 279 428 69 298 408 342 156 323 321 306 351
345
318
357 464
369
146
56 70 61 236
35
336
189
36 43
42
288
180
79 60 15 25
96
123
201
82
340
115
413
240 213
26 89 1
67
300
360
187
5
107
304 465
45
434
352
62
68
415
332
232
18 74
371
447
451
366
414
412
285
397
86 77
211
353
243
66 185
390
37
316
395
398
200 322
425
110
57
7
463
419
166
204
75
10 281 11
287
383
65
265
280
14
358
78
230
234
199
94
282
317
404
445
73
444 394
81
142
239
48
83
363
426
455
129
253
224
186
320
441
193
121
141
359
339
196
289
219
33
54