248 99 85 103 9 323 283 154 126 298 377 190 194 17 108 273 157 460 338 351 296 379 87 0 437 50 249 262 207 90 328 133 375 312 203 69 422 474 136 156 206 41 258 466 12 424 251 407 270 24 159 155 124 303 450 59 333 231 378 150 191 188 51 29 421 410 469 261 46 416 72 175 290 220 178 430 275 44 135 435 241 6 127 97 384 247 131 388 431 299 331 335 279 319 222 472 361 337 418 228 177 38 452 198 161 162 374 16 229 8 311 4 381 3 98 195 380 132 160 372 256 321 148 27 181 106 350 22 227 442 19 245 250 354 454 255 252 259 80 23 327 408 49 314 267 53 113 266 101 120 112 471 100 214 140 13 137 257 278 2 119 164 58 382 91 391 446 167 88 457 205 271 63 432 264 367 274 344 111 176 208 34 109 423 448 217 202 225 104 152 443 385 459 439 125 449 436 456 302 28 139 347 438 171 218 95 417 172 235 20 173 362 170 31 292 197 122 461 329 348 147 165 92 389 308 134 286 326 272 168 284 182 93 315 341 105 30 21 294 215 192 467 428 276 246 295 149 386 52 301 184 32 47 64 114 393 223 325 151 334 297 237 128 355 364 263 368 405 387 399 39 233 117 470 324 244 169 403 221 306 174 130 440 309 411 429 342 313 84 183 396 373 268 238 462 343 433 216 307 102 158 392 420 473 427 163 277 370 209 376 260 210 118 356 365 468 401 55 400 402 305 143 458 453 254 310 269 138 293 144 145 291 330 242 71 226 40 153 346 406 409 349 212 179 116
345
318
357 464
369
146
56 61 236 70
35
336
189
36 43
42
288
180
60 15 79 25
96
123
201
82
340
115
413
240 213
89 1 26
67
300
360
187
5
107
304 465
45
434
352
62
68
415
332
232
74 18
371
447
451
366
414
412
285
76
397
86 77
211
353
243
66 185
390
37
316
395
398
200 322
425
110
57
7
463
419
166
204
75
10 11 281
287
383
65
265
280
14
358
78
230
234
199
94
282
317
404
445
73
444 394
81
142
239
48
83
363
426
455
129
253
224
186
320
441
193
121
141
359
339
196
289
219
33
54