194 386 315 382 411 250 368 58 331 167 105 238 381 44 32 28 376 138 113 335 51 150 53 117 399 389 401 402 362 209 276 460 260 174 305 261 387 472 95 190 235 12 378 272 373 270 112 263 453 158 177 314 303 437 248 327 254 164 233 120 168 93 163 372 446 410 159 47 370 468 27 133 197 466 140 188 172 277 385 456 457 346 461 131 356 343 148 39 408 405 135 241 409 436 134 147 471 21 274 179 212 114 271 169 452 424 406 470 298 273 429 435 216 275 218 228 292 122 459 231 128 364 454 170 139 152 144 165 420 198 6 84 450 361 101 161 421 295 246 102 191 175 344 433 467 422 173 99 269 268 291 171 309 278 324 474 249 319 392 132 183 355 396 225 184 333 130 100 104 349 337 326 64 330 154 374 23 423 338 80 208 59 242 220 391 24 469 143 229 202 176 294 2 430 8 69 284 72 126 245 307 290 328 247 85 313 119 244 118 125 20 293 91 206 22 350 306 267 321 439 34 262 256 237 192 388 449 418 153 203 109 127 442 31 416 124 87 354 348 145 156 46 473 227 458 431 302 55 17 0 379 251 377 111 259 462 428 195 52 347 92 50 286 393 13 71 63 432 283 252 160 106 375 155 311 103 266 351 312 221 41 137 296 116 342 9 182 97 215 210 400 181 325 438 417 407 380 440 38 226 30 149 4 443 157 40 264 217 257 214 448 49 136 108 279 3 258 403 301 207 255 223 222 29 19 367 384 297 308 365 162 178 88 323 205 329 151 341 16 98 90 427 334 310
345
318
464 357
369
146
61 56 70 236
35
336
189
36 43
42
288
180
25 15 79 60
96
123
201
82
340
115
413
240 213
89 26 1
67
300
360
187
5
107
465 304
45
434
352
62
68
415
332
232
18 74
371
447
451
366
414
412
285
76
397
86
211
353
243
66 185
390
37
316
395
398
322 200
425
110
57
7
463
419
166
204
75
11 10 281
287
383
65
265
280
14
358
78
230
234
199
94
282
317
404
445
73
394 444
81
142
239
299
48
83
363
426
455
129
253
224
77
186
320
441
193
121
141
359
339
196
289
219
33
54