312 290 119 103 207 154 267 392 307 209 152 381 296 361 252 344 16 59 47 470 251 262 4 393 319 163 222 63 24 314 328 108 407 162 349 114 430 274 432 433 459 391 275 124 356 439 41 259 403 308 227 268 173 147 286 120 117 245 350 325 191 3 113 58 85 235 150 409 168 435 182 277 291 194 323 127 450 102 420 468 153 310 448 443 297 175 249 2 471 174 205 271 354 91 0 203 132 279 44 378 256 136 473 161 118 21 151 228 372 384 179 165 233 327 126 266 237 401 405 355 13 30 92 461 225 368 261 321 198 160 31 293 8 111 104 474 210 55 206 379 131 159 337 181 90 387 157 53 469 217 342 155 416 112 183 20 130 218 216 269 315 84 145 229 17 330 27 388 143 40 402 438 248 424 133 386 19 100 39 303 273 367 305 195 140 223 270 446 71 202 231 436 178 429 301 116 139 417 257 95 246 93 276 138 396 184 50 399 99 362 46 244 348 431 98 295 334 106 170 72 241 51 460 326 197 135 406 365 331 346 109 172 177 272 309 220 278 437 226 283 472 148 377 333 382 370 12 214 208 284 341 134 171 364 452 255 125 188 137 88 422 440 260 442 215 410 34 32 457 49 69 294 212 263 302 169 105 190 156 389 149 400 192 28 52 338 258 22 427 408 64 101 335 351 453 418 97 458 144 385 29 380 466 292 254 164 449 80 423 38 250 87 343 329 456 221 421 247 374 23 9 454 324 176 128 311 373 264 167 242 238 411 462 158 6 313 467 428 306
345
318
357 464
369
146
61 236 70 56
35
336
189
43 36
42
288
180
60 15 25 79
96
123
201
82
340
115
413
213 240
1 26 89
67
300
360
187
5
107
304 465
45
376 298 347 122 375
434
352
62
68
415
332
232
18 74
371
447
451
366
414
412
285
76
397
86
211
353
243
66 185
390
37
316
395
398
322 200
425
110
57
7
463
419
166
204
75
10 281 11
287
383
65
265
280
14
358
78
230
234
199
94
282
317
404
445
73
444 394
81
142
239
299
48
83
363
426
455
129
253
224
77
186
320
441
193
121
141
359
339
196
289
219
33
54