260 241 120 52 291 88 423 109 80 351 119 40 128 126 470 171 176 431 406 416 208 69 268 175 286 391 440 164 4 150 313 274 125 249 315 46 222 396 181 469 144 3 386 155 267 167 344 380 85 264 124 28 407 273 343 137 41 448 139 384 206 156 203 225 216 87 108 91 17 379 127 428 250 450 309 410 305 154 27 283 197 350 266 402 117 0 147 301 145 457 202 258 252 374 327 39 312 93 179 276 377 367 24 356 471 114 452 295 362 221 6 188 47 44 368 38 95 12 290 256 433 152 160 214 393 177 218 23 409 269 325 420 408 314 246 30 417 392 113 59 293 323 355 387 456 272 182 112 302 161 22 331 292 251 238 20 92 99 436 337 130 245 432 454 228 341 453 136 55 16 385 334 138 461 279 235 261 271 278 32 338 429 153 111 437 118 103 143 462 255 378 174 307 468 53 263 172 21 328 195 321 159 435 361 100 220 388 259 308 458 411 183 422 84 162 51 467 64 151 207 191 13 466 324 326 231 8 430 63 370 106 399 31 311 310 192 443 72 306 333 364 226 424 247 474 135 438 190 294 105 270 277 71 472 349 418 209 381 102 97 49 459 169 178 297 403 262 242 244 217 194 104 29 330 233 229 296 148 439 173 473 284 275 237 257 303 215 170 212 372 9 134 149 389 34 198 210 442 319 354 248 405 342 184 346 401 329 165 140 335 132 446 382 158 373 98 365 227 58 90 157 2 116 449 50 19 133 348 460 400 163 101 168 421 205 254 223 131
345
318
464 357
369
146
70 236 56 61
35
336
189
36 43
42
288
180
25 15 60 79
96
123
427
201
82
340
115
413
213 240
1 89 26
67
300
360
187
5
107
465 304
45
347 375 122 376 298
434
352
62
68
415
332
232
18 74
371
447
451
366
414
412
285
76
397
86
211
353
243
66 185
390
37
316
395
398
322 200
425
110
57
7
463
419
166
204
75
281 11 10
287
383
65
265
280
14
358
78
230
234
199
94
282
317
404
445
73
394 444
81
142
239
299
48
83
363
426
455
129
253
224
77
186
320
441
193
121
141
359
339
196
289
219
33
54