396 261 182 216 6 346 116 335 192 446 144 91 462 167 105 344 278 137 181 349 262 244 172 310 303 400 273 337 267 436 472 175 143 456 93 20 220 168 9 132 131 421 450 247 440 294 100 0 311 272 188 270 307 198 134 125 170 246 92 140 139 16 372 195 173 438 103 49 334 402 388 178 407 163 102 387 305 284 34 138 128 469 208 386 46 362 3 254 159 279 401 274 130 248 384 158 448 80 367 459 291 209 442 229 368 364 276 257 260 354 58 59 385 217 271 250 87 330 327 171 399 264 268 38 22 348 301 31 249 72 206 169 17 377 222 275 19 152 108 290 471 150 162 238 392 361 309 437 393 457 430 242 314 325 52 374 44 194 104 12 29 51 424 431 313 373 417 449 422 228 473 420 323 365 433 207 235 251 432 308 454 124 329 117 381 328 302 223 356 106 50 418 191 88 210 136 263 237 428 233 241 98 176 423 114 277 212 452 252 190 32 133 203 118 119 127 435 13 474 292 331 97 321 151 391 184 255 205 378 405 183 90 41 145 389 403 429 112 467 197 153 154 466 156 256 40 410 409 215 258 306 101 109 343 4 283 269 297 458 227 221 406 382 161 71 408 286 226 177 453 245 157 111 266 295 379 23 147 468 47 319 411 63 380 231 27 24 113 439 370 342 296 120 164 149 28 126 324 355 85 69 165 351 350 155 470 174 39 333 461 30 95 55 460 225 218 179 338 416 312 341 135 148 443 160 202 21 259 293 8 64 84 99 2 214 326
345
318
464 357
369
146
236 70 61 56
35
336
189
43 36
42
288
180
15 60 25 79
96
123
427
201
82
340
115
413
213 240
1 89 26
67
300
360
187
5
107
304 465
45
347 376 375 122 298
434
352
62
68
415
332
232
18 74
371
447
451
366
414
412
285
76
397
86
211
353
315
243
185 66
390
37
316
395
398
200 322
425
110
57
7
463
419
166
204
75
11 10 281
287
383
65
265
280
14
358
78
230
234
199
94
282
317
404
445
73
444 394
81
142
239
299
48
53
83
363
426
455
129
253
224
77
186
320
441
193
121
141
359
339
196
289
219
33
54