80 137 92 392 326 278 192 172 284 103 29 161 338 349 313 292 170 337 63 16 22 217 102 456 150 177 305 156 88 136 452 125 443 12 267 20 410 351 8 403 147 44 462 114 333 405 380 184 402 197 41 263 270 341 106 350 381 153 2 117 155 3 210 6 131 310 149 356 271 152 98 266 258 154 249 264 128 342 222 435 466 273 387 324 314 272 21 174 367 417 144 399 251 241 255 157 247 119 108 327 306 228 38 111 250 297 39 439 385 276 291 221 69 469 461 467 365 99 472 372 286 237 420 423 446 396 391 91 47 176 202 208 216 321 471 175 97 116 437 459 51 303 34 409 355 93 432 229 195 4 329 323 401 248 335 348 256 181 59 0 373 473 242 23 294 468 160 268 245 262 31 431 32 328 190 418 19 64 85 430 71 118 209 370 173 311 406 436 218 424 307 13 140 442 364 231 379 151 457 171 293 133 386 450 460 24 182 302 330 226 421 382 458 120 132 72 429 130 214 178 84 169 246 105 198 235 354 260 205 28 126 448 428 474 138 346 319 139 470 101 274 188 388 100 183 283 309 206 194 433 308 46 203 277 17 384 252 374 58 104 275 163 244 95 124 145 134 109 331 113 220 269 362 9 411 416 334 225 49 393 223 312 454 212 143 52 422 295 127 440 438 389 165 168 325 343 377 87 254 453 30 259 257 238 164 191 135 159 207 368 301 27 167 290 408 112 344 233 449 407 55 296 148 158 400 378 179 215 50 90 162 261 227 279 40
345
318
464 357
369
146
70 236 56 61
35
336
189
43 36
42
288
180
60 25 79 15
96
123
427
201
82
340
115
413
213 240
26 89 1
67
300
360
187
5
107
304 465
45
298 347 375 122 376
434
361
352
62
68
415
332
232
74 18
371
447
451
366
414
412
285
76
397
86
211
353
315
243
185 66
390
37
316
395
398
322 200
425
110
57
7
463
419
166
204
75
281 10 11
287
383
65
265
280
14
358
78
230
234
199
94
282
317
404
445
73
394 444
81
142
239
299
48
53
83
363
426
455
129
253
224
77
186
320
441
193
121
141
359
339
196
289
219
33
54