439 161 388 124 303 354 137 286 132 433 207 341 8 342 58 127 24 27 32 113 188 209 111 163 431 148 97 328 158 326 12 203 116 474 22 210 329 429 365 309 143 165 2 400 442 171 263 250 368 50 144 223 100 47 378 182 319 212 88 202 150 379 311 138 120 217 125 246 183 164 106 436 403 108 324 276 151 21 256 254 344 109 312 420 251 104 386 249 244 245 29 222 179 273 267 381 295 140 130 377 197 392 252 350 399 98 195 457 454 435 284 367 387 372 277 159 460 380 153 16 408 23 261 294 55 131 214 192 297 128 85 321 275 147 391 296 118 362 396 382 264 432 149 389 228 440 52 93 331 145 355 293 49 424 421 72 402 205 259 231 221 17 136 410 13 134 364 330 63 0 406 338 235 314 119 169 19 335 283 233 411 91 356 337 227 456 242 170 46 418 152 274 416 39 101 466 208 258 241 325 218 174 467 458 44 301 64 438 177 291 305 9 92 323 290 198 417 346 407 334 168 327 278 181 268 139 453 351 450 105 270 385 184 30 238 102 409 103 459 255 80 154 349 34 452 443 28 401 194 374 302 59 471 257 114 430 112 348 167 175 446 4 178 373 307 470 310 126 462 117 216 448 6 449 237 40 248 176 99 405 272 135 269 190 468 160 31 220 370 306 156 84 428 472 308 469 225 69 41 423 229 71 215 384 292 473 437 20 206 271 95 266 173 226 461 343 393 422 172 90 162 155 87 247 3 260 262 133 191 313 51 333 279 157
345
318
464 357
369
146
61 70 56 236
35
336
189
36 43
42
288
180
60 79 25 15
96
123
427
201
82
340
115
413
213 240
26 89 1
38
67
300
360
187
5
107
304 465
45
376 347 375 122 298
434
361
352
62
68
415
332
232
18 74
371
447
451
366
414
412
285
76
397
86
211
353
315
243
185 66
390
37
316
395
398
200 322
425
110
57
7
463
419
166
204
75
10 281 11
287
383
65
265
280
14
358
78
230
234
199
94
282
317
404
445
73
444 394
81
142
239
299
48
53
83
363
426
455
129
253
224
77
186
320
441
193
121
141
359
339
196
289
219
33
54