137 328 374 325 283 158 16 222 438 303 436 437 209 47 103 92 382 161 157 380 259 177 456 448 365 431 471 136 255 242 275 12 392 126 459 238 85 181 194 9 127 252 51 205 435 440 170 179 305 69 151 192 116 112 264 309 20 329 346 90 148 131 135 233 313 403 373 381 470 159 215 125 351 314 118 28 248 370 149 407 337 30 469 362 442 17 472 293 21 348 331 268 344 319 295 306 308 44 95 84 246 429 172 330 333 72 64 307 216 140 272 261 349 417 276 197 212 409 217 169 195 163 250 402 443 119 226 22 27 284 260 8 312 99 310 424 24 302 343 175 267 294 439 184 130 225 458 386 311 372 263 460 462 40 396 461 422 327 290 391 108 356 218 228 321 147 183 191 378 168 120 274 399 401 430 214 350 128 173 171 277 0 98 423 387 296 454 452 262 156 266 254 338 421 410 364 400 58 467 342 80 55 165 237 145 368 450 91 101 133 88 326 154 59 408 245 379 106 388 32 160 206 334 13 19 291 39 182 416 3 198 433 190 2 286 31 270 235 102 176 271 466 249 323 335 208 355 446 457 150 139 152 301 155 474 227 124 220 432 134 109 46 207 162 49 273 384 63 188 231 389 138 367 257 354 41 279 174 341 269 52 104 324 428 105 4 241 144 114 229 385 93 113 256 473 406 203 258 210 377 292 87 132 221 167 202 453 153 29 164 278 251 449 111 97 6 393 50 34 143 100 71 405 247 178 244 411 23 468 223 418 297 420
345
318
357 464
369
146
56 236 61 70
35
336
189
43 36
42
288
180
60 79 25 15
96
123
427
201
117
82
340
115
413
213 240
26 89 1
38
67
300
360
187
5
107
465 304
45
376 298 347 375 122
434
361
352
62
68
415
332
232
18 74
371
447
451
366
414
412
285
76
397
86
211
353
315
243
66 185
390
37
316
395
398
322 200
425
110
57
7
463
419
166
204
75
281 11 10
287
383
65
265
280
14
358
78
230
234
199
94
282
317
404
445
73
394 444
81
142
239
299
48
53
83
363
426
455
129
253
224
77
186
320
441
193
121
141
359
339
196
289
219
33
54