39 350 255 271 192 388 51 406 52 355 327 6 409 114 408 72 162 178 229 149 386 431 307 303 34 247 362 302 241 267 212 195 151 256 221 276 405 473 113 215 150 127 384 105 343 183 147 159 421 452 428 227 453 157 393 399 63 167 144 457 235 21 101 306 238 8 458 24 325 97 13 400 411 206 111 334 417 210 237 137 466 470 448 354 272 324 269 250 156 341 69 296 0 437 118 23 422 308 136 19 450 342 194 165 99 416 278 168 474 402 145 312 90 391 310 290 370 449 254 80 311 153 112 16 155 161 207 228 469 3 205 378 456 222 268 140 261 461 438 367 263 277 348 28 164 119 420 160 143 283 20 338 275 176 301 432 182 424 134 190 130 403 313 177 346 387 382 410 326 49 467 242 440 292 209 368 223 274 184 284 124 365 344 446 264 233 244 2 116 293 91 401 139 198 133 152 249 132 418 349 216 175 85 379 50 27 158 309 59 173 92 103 351 169 106 174 181 462 385 138 55 170 435 46 93 262 439 380 188 126 179 202 323 270 218 22 135 392 58 436 9 430 377 294 329 108 128 459 245 64 4 154 31 273 279 258 104 374 460 442 208 381 433 12 29 44 148 125 191 30 297 330 251 260 407 102 356 443 337 286 454 220 328 231 225 471 389 71 373 163 100 291 131 41 468 109 17 305 259 429 197 335 295 84 319 372 226 87 32 257 88 246 172 40 171 364 95 120 252 98 396 47 214 331 423 248 314 217 266
345
318
203
464 357
369
146
56 236 61 70
35
336
189
43 36
42
288
180
25 60 79 15
96
123
427
201
117
82
340
115
413
240 213
26 89 1
38
67
300
360
187
5
107
304 465
45
376 375 298 347 122
434
361
352
62
68
415
332
232
74 18
371
447
451
366
414
412
285
76
397
86
211
353
315
243
66 185
390
37
316
395
472 333
398
322 200
425
110
57
7
463
419
166
204
75
11 10 281
287
383
65
265
280
14
358
78
230
234
199
94
282
317
404
445
73
444 394
81
142
239
299
48
53
83
363
426
455
129
253
224
77
186
320
441
193
121
141
359
339
196
289
219
33
321
54