429 262 246 405 24 41 133 215 228 225 365 374 273 254 231 396 188 411 303 349 277 173 460 0 80 171 325 168 391 90 440 250 423 270 457 348 442 470 312 22 140 34 137 233 182 214 437 116 335 350 453 400 63 311 290 174 271 267 344 87 341 162 275 106 223 143 266 259 190 148 461 95 272 85 306 439 55 111 158 291 103 370 431 446 388 17 362 159 276 297 207 13 268 144 149 178 164 448 191 337 135 403 416 430 126 104 459 118 420 249 466 156 184 176 46 205 334 428 364 279 124 433 29 58 245 456 354 198 210 69 120 368 32 301 467 319 177 355 255 93 402 97 462 408 474 263 443 385 59 64 292 153 195 424 293 125 127 145 313 247 264 386 6 471 150 342 284 98 181 454 389 278 351 343 217 27 296 384 49 197 346 469 21 163 248 260 252 172 237 108 161 242 139 378 327 294 436 373 356 450 307 452 328 147 132 170 380 175 235 221 238 377 128 251 44 134 256 119 31 258 406 154 160 399 244 417 295 330 241 409 326 114 208 458 105 286 382 72 227 367 323 192 401 449 274 131 169 109 47 222 20 183 206 331 52 229 393 8 165 435 257 418 438 302 379 136 9 372 51 220 16 39 4 314 179 23 3 212 91 407 19 167 381 387 218 40 410 310 338 101 309 2 283 99 216 324 329 30 12 155 473 468 92 112 138 100 209 151 422 28 392 157 421 113 432 152 261 305 269 71 88 226 194 102 50 84 130 308 202
345
318
203
357 464
369
146
236 61 70 56
35
336
189
36 43
42
288
180
60
96
123
427
201
117
82
340
115
413
240 213
26 89 1
38
67
300
360
187
5
79 15 25
107
304 465
45
298 347 376 375 122
434
361
352
62
68
415
332
232
74 18
371
447
451
366
414
412
285
76
397
86
211
353
315
243
185 66
390
37
316
395
333 472
398
200 322
425
110
57
7
463
419
166
204
75
10 11 281
287
383
65
265
280
14
358
78
230
234
199
94
282
317
404
445
73
394 444
81
142
239
299
48
53
83
363
426
455
129
253
224
77
186
320
441
193
121
141
359
339
196
289
219
33
321
54