377 410 326 21 88 131 237 303 327 305 279 399 403 418 338 140 154 22 34 330 443 308 379 373 473 58 252 223 354 272 190 450 328 9 165 306 273 12 409 370 396 169 313 145 93 29 171 49 95 80 162 294 192 438 225 101 98 170 51 28 143 274 349 351 337 227 458 226 350 362 39 469 344 323 462 459 126 386 85 100 6 391 382 446 471 208 119 8 242 144 325 191 133 368 153 205 454 130 411 198 125 372 174 260 16 291 27 197 64 250 276 118 188 324 120 341 127 99 392 430 17 319 436 52 309 296 132 244 283 183 474 256 388 59 290 209 102 264 241 393 266 440 91 466 109 431 194 331 428 178 467 385 448 271 87 249 262 429 228 401 408 13 40 214 217 177 114 457 453 148 270 139 314 348 365 301 24 423 72 292 278 44 334 310 138 136 432 149 456 97 420 222 269 206 158 216 220 218 164 254 175 103 355 147 259 46 389 32 302 406 229 417 221 152 4 106 182 111 157 258 3 251 267 367 172 179 297 342 31 155 433 380 160 202 55 329 41 421 312 113 343 159 135 50 422 275 63 248 442 452 268 176 435 437 424 384 335 470 405 374 124 247 137 207 173 104 215 212 108 439 47 407 381 150 0 449 238 105 257 161 246 116 184 378 231 20 286 400 128 263 255 233 195 387 69 134 261 181 460 23 90 235 402 2 112 356 245 163 346 416 19 284 364 277 311 30 92 71 156 295 468 461 210 84
345
318
203
357 464
369
146
56 61 236 70
35
336
189
36 43
42
288
180
60
96
123
427
201
117
82
340
115
413
151 307
240 213
89 26 1
38
67
300
360
187
5
79 25 15
107
304 465
45
122 298 375 347 376
434
361
352
62
68
415
332
232
18 74
371
447
451
366
414
412
285
76
397
86
211
353
315
243
185 66
390
37
316
395
472 333
398
200 322
425
110
57
7
463
419
166
204
75
281 11 10
287
168 293
383
65
265
280
14
358
78
230
234
199
94
282
317
404
445
73
394 444
81
142
239
299
48
53
83
363
426
455
129
253
167
224
77
186
320
441
193
121
141
359
339
196
289
219
33
321
54