220 247 192 29 407 3 217 437 403 153 442 32 335 306 388 314 457 334 380 71 364 408 409 467 449 458 157 355 118 284 424 44 417 207 124 469 343 406 387 208 95 19 399 20 303 127 471 156 154 152 143 233 197 337 176 423 165 92 341 169 468 184 227 144 251 12 354 249 135 162 292 108 128 267 100 222 294 22 466 63 202 374 218 139 188 171 221 13 125 439 329 400 452 113 102 440 112 103 182 261 323 216 259 150 134 326 266 137 435 172 136 448 59 290 160 443 263 131 132 41 174 0 195 80 276 51 231 438 206 348 454 212 155 148 416 210 474 40 349 356 90 34 161 313 235 327 46 372 178 311 215 301 325 9 130 242 418 433 31 55 273 367 209 410 111 461 344 286 179 429 163 291 370 446 255 52 252 198 392 295 23 98 116 228 85 72 405 97 109 422 229 260 214 328 262 145 381 140 194 275 39 4 309 432 385 269 104 377 330 225 430 436 258 250 393 21 401 312 456 277 308 106 346 421 191 362 271 411 105 245 462 279 244 319 338 50 373 183 84 223 272 147 342 384 296 27 378 382 297 47 205 17 248 331 30 350 69 138 379 119 101 28 402 177 310 274 396 460 114 64 87 450 389 126 175 256 264 302 351 386 428 190 49 8 91 238 2 226 164 365 120 159 254 24 470 181 268 133 305 453 149 278 88 391 257 324 368 237 270 241 283 170 58 459 473 16 6 246 431 158 93
345
318
203
357 464
369
146
236 61 70 56
35
336
189
43 36
42
288
180
60
96
123
427
201
117
82
340
115
413
151 307
240 213
1 26 89
38
67
300
360
187
5
79 15 25
99 420 173
107
304 465
45
347 376 122 298 375
434
361
352
62
68
415
332
232
18 74
371
447
451
366
414
412
285
76
397
86
211
353
315
243
185 66
390
37
316
395
472 333
398
322 200
425
110
57
7
463
419
166
204
75
10 11 281
287
168 293
383
65
265
280
14
358
78
230
234
199
94
282
317
404
445
73
394 444
81
142
239
299
48
53
83
363
426
455
129
253
167
224
77
186
320
441
193
121
141
359
339
196
289
219
33
321
54