143 372 380 405 329 127 64 208 29 471 326 183 346 443 275 437 386 399 6 396 392 277 377 184 341 44 144 279 100 385 351 154 255 350 207 424 274 331 295 344 235 202 400 410 294 171 440 155 159 97 30 153 161 216 50 119 176 233 268 188 313 259 177 403 102 212 260 411 264 194 349 205 88 220 85 165 237 227 257 87 32 111 266 90 252 2 256 325 80 148 402 27 13 431 210 130 140 327 49 228 191 324 284 223 241 215 47 374 389 348 278 71 136 195 0 290 4 408 175 124 273 248 272 225 391 416 221 297 458 133 226 95 381 305 308 162 40 41 3 454 452 229 179 206 31 291 93 135 251 192 134 132 368 474 438 20 131 16 8 342 72 169 178 125 449 52 22 388 283 104 453 469 338 231 356 473 460 21 401 28 387 430 69 149 138 59 319 181 429 114 19 250 147 92 337 467 435 382 343 103 335 108 55 245 9 156 249 407 152 470 218 439 365 355 417 421 128 174 24 450 118 292 84 113 261 373 116 446 182 457 112 145 367 164 436 190 120 222 354 242 384 286 270 311 246 139 379 158 409 302 101 106 23 468 328 448 160 303 418 433 296 198 244 98 163 362 238 209 423 214 254 323 312 63 170 126 17 12 406 364 262 157 58 370 462 459 393 217 39 271 378 91 456 301 247 172 466 428 197 442 432 330 461 310 137 34 334 105 422 267 276 150 314 109 263 46 269 258 306 51
345
318
203
464 357
369
146
70 236 61 56
35
336
189
36 43
42
288
180
60
96
123
427
201
117
82
340
115
413
151 307
213 240
26 89 1
38
67
300
360
187
5
15 79 25
173 420 99
107
304 465
45
376 347 298 375 122
434
361
352
62
68
415
332
232
18 74
371
447
451
366
414
412
285
76
397
86
211
353
315
243
66 185
390
37
316
395
472 333
398
322 200
425
110
57
7
463
419
166
204
75
10 281 11
287
168 293
383
65
265
280
14
358
78
230
234
199
94
282
317
404
445
73
309
394 444
81
142
239
299
48
53
83
363
426
455
129
253
167
224
77
186
320
441
193
121
141
359
339
196
289
219
33
321
54