319 105 459 44 13 132 379 101 52 215 130 163 244 312 69 108 137 64 63 227 297 49 418 381 144 182 400 247 401 88 399 206 71 262 223 260 291 59 362 337 220 158 135 367 446 372 294 474 385 255 470 139 267 159 222 178 217 85 416 410 40 466 382 308 330 408 429 460 378 274 154 235 183 374 174 450 114 437 296 164 184 148 0 133 335 188 249 364 209 278 155 356 417 147 9 424 442 176 46 344 468 387 334 169 257 349 214 195 165 256 405 131 172 175 354 156 454 406 47 254 329 272 177 325 238 279 17 365 380 432 233 391 100 277 92 80 303 28 22 443 32 314 112 192 31 388 428 252 191 150 157 440 152 346 473 251 323 271 19 384 149 403 286 90 246 136 407 103 435 295 39 270 245 198 311 338 6 368 202 268 284 276 386 3 170 302 259 197 55 266 301 351 134 221 439 212 448 355 106 242 409 194 469 125 181 456 205 327 95 208 162 350 91 392 248 24 98 348 87 30 326 23 21 216 449 228 331 84 225 138 218 120 127 226 51 8 423 430 452 377 118 179 190 41 370 128 263 458 283 102 113 431 261 171 402 16 72 343 58 111 292 97 207 140 2 411 27 258 457 328 116 453 341 109 436 290 237 143 145 50 34 433 467 306 273 93 389 264 421 231 393 250 324 310 20 422 104 471 160 461 4 269 313 305 210 126 153 119 29 462 373 161 275 438 229 396 241 12 124
345
318
203
464 357
369
146
61 70 236 56
35
336
189
43 36
42
288
180
60
96
123
427
201
117
82
340
115
413
151 307
240 213
1 89 26
38
67
300
360
187
5
15 79 25
420 173 99
107
465 304
45
122 298 347 375 376
434
361
352
62
68
415
332
232
74 18
371
447
451
366
414
412
285
76
397
86
211
353
315
243
185 66
390
37
342
316
395
333 472
398
322 200
425
110
57
7
463
419
166
204
75
11 10 281
287
293 168
383
65
265
280
14
358
78
230
234
199
94
282
317
404
445
73
309
444 394
81
142
239
299
48
53
83
363
426
455
129
253
167
224
77
186
320
441
193
121
141
359
339
196
289
219
33
321
54