50 355 348 470 338 195 223 259 409 27 277 218 183 377 306 113 267 106 6 474 468 251 273 233 209 255 439 235 23 379 124 457 52 4 417 194 344 135 212 137 55 177 44 92 341 244 140 104 374 159 97 473 365 329 171 241 158 373 103 328 461 278 237 3 405 291 172 388 28 143 128 39 125 152 435 184 296 387 98 283 22 80 402 215 163 349 72 100 40 446 88 188 421 325 270 403 132 114 130 179 63 12 102 356 178 408 362 370 272 467 423 214 312 111 59 331 95 245 454 334 305 432 160 261 256 385 41 410 428 381 452 16 323 101 462 208 399 372 438 249 431 207 133 418 436 292 274 433 368 262 49 161 380 391 202 191 145 64 0 367 311 416 301 343 437 279 276 112 169 401 269 327 254 17 411 326 286 131 190 30 308 422 150 228 268 389 400 13 258 382 109 378 302 351 227 165 217 337 93 51 176 264 295 162 350 429 174 252 120 460 310 297 407 198 134 406 443 8 84 453 19 32 271 440 2 263 242 330 247 424 85 116 266 250 105 225 469 47 20 290 138 220 144 175 156 153 155 127 126 442 9 170 456 450 430 91 222 335 216 275 210 386 157 108 69 226 71 384 229 154 147 205 354 458 206 118 181 221 466 294 319 246 197 164 119 396 90 392 148 284 31 393 231 459 149 238 87 324 182 248 303 471 260 346 58 136 34 139 257 24 313 364 314 449 21 192
345
318
203
357 464
369
146
56 236 61 70
35
336
189
43 36
42
288
180
60
96
123
427
201
117
82
340
115
413
151 307
240 213
89 26 1
38
67
300
360
187
5
25 15 79
420 99 173
448 46
107
465 304
45
375 122 376 347 298
434
29
361
352
62
68
415
332
232
74 18
371
447
451
366
414
412
285
76
397
86
211
353
315
243
66 185
390
37
342
316
395
472 333
398
322 200
425
110
57
7
463
419
166
204
75
11 281 10
287
168 293
383
65
265
280
14
358
78
230
234
199
94
282
317
404
445
73
309
444 394
81
142
239
299
48
53
83
363
426
455
129
253
167
224
77
186
320
441
193
121
141
359
339
196
289
219
33
321
54