407 190 226 381 325 377 270 188 250 208 399 410 344 144 202 205 379 370 220 134 291 88 160 157 331 63 162 443 311 384 258 179 326 348 401 28 335 106 132 247 175 192 39 174 32 471 125 113 50 396 40 17 6 406 222 228 191 301 466 139 148 13 453 206 362 355 64 98 251 276 214 310 156 249 267 195 0 147 241 438 405 172 248 177 368 283 145 302 143 462 91 92 433 135 130 93 108 446 367 279 52 223 373 454 467 124 221 231 459 275 378 118 327 183 392 164 424 382 34 268 313 212 458 431 4 323 104 181 55 20 456 349 468 140 225 209 49 176 71 235 85 411 264 303 388 227 334 449 312 163 215 233 184 473 469 338 290 337 330 442 216 44 422 137 105 277 159 460 246 273 421 21 286 295 269 136 409 133 450 72 12 417 120 238 84 452 87 259 341 387 319 257 400 391 109 154 198 343 432 100 261 440 112 262 272 111 19 138 69 437 354 197 435 350 41 178 158 364 428 114 324 436 2 95 356 22 254 80 284 292 90 470 165 461 418 131 30 161 153 3 152 51 237 389 245 128 430 271 429 386 101 296 127 169 416 256 474 9 457 252 218 210 294 374 171 274 260 16 126 244 102 8 27 372 207 329 150 149 155 439 263 255 403 346 58 242 217 305 59 31 23 385 306 266 380 119 402 351 365 229 328 24 308 116 393 408 297 278 170 47 97 182 314 103 423
345
318
203
464 357
369
146
70 236 56 61
35
336
189
36 43
42
288
180
194
60
96
123
427
201
117
82
340
115
413
307 151
240 213
26 89 1
38
67
300
360
187
5
25 15 79
420 173 99
448 46
107
304 465
45
298 375 122 376 347
434
29
361
352
62
68
415
332
232
18 74
371
447
451
366
414
412
285
76
397
86
211
353
315
243
185 66
390
37
342
316
395
472 333
398
200 322
425
110
57
7
463
419
166
204
75
281 11 10
287
168 293
383
65
265
280
14
358
78
230
234
199
94
282
317
404
445
73
309
444 394
81
142
239
299
48
53
83
363
426
455
129
253
167
224
77
186
320
441
193
121
141
359
339
196
289
219
33
321
54