132 362 468 179 177 429 301 279 128 305 408 140 0 272 27 378 306 308 292 90 460 382 430 87 148 400 51 154 418 130 302 85 69 206 238 125 226 112 450 374 217 250 71 23 162 474 6 373 402 160 149 313 433 406 50 92 356 195 252 401 275 192 449 334 153 273 438 207 380 105 102 409 31 443 247 392 9 97 176 346 439 328 152 182 270 454 225 222 245 446 221 41 283 134 144 462 384 459 28 34 184 310 461 22 72 387 2 278 143 264 135 364 30 442 325 163 257 104 470 271 324 198 435 338 268 329 295 437 331 422 21 323 266 417 411 311 473 161 291 365 314 274 248 261 431 118 181 467 183 17 147 246 284 208 113 351 88 119 3 171 350 349 64 8 190 178 40 432 388 260 348 114 269 259 386 456 294 276 231 216 452 303 174 220 209 229 120 354 4 95 19 12 262 370 368 191 214 138 297 256 355 312 416 197 436 215 410 254 251 458 327 126 80 98 286 407 403 244 137 165 188 100 59 343 202 136 49 227 290 389 170 237 93 109 164 155 158 32 156 116 228 111 453 263 131 367 337 344 16 157 471 175 145 172 106 457 393 84 44 391 296 330 319 108 379 169 241 223 255 150 377 218 385 13 335 139 205 424 326 242 103 421 428 235 133 233 249 52 63 469 396 55 101 381 405 267 372 399 47 440 91 124 466 20 127 341 24 39 159 277 212 258
345
318
203
464 357
369
146
61 56 70 236
35
210
336
189
43 36
42
288
180
194
60
96
123
427
201
117
82
340
115
413
151 307
240 213
89 1 26
38
67
300
360
187
5
25 15 79
173 420 99
46 448
107
304 465
45
122 347 376 375 298
434
29
361
352
62
68
415
332
232
74 18
371
447
423
451
366
414
412
285
76
397
86
211
353
58
315
243
66 185
390
37
342
316
395
333
398
322 200
425
110
57
7
463
419
166
204
75
281 10 11
287
168 293
383
65
265
280
14
358
472
78
230
234
199
94
282
317
404
445
73
309
394 444
81
142
239
299
48
53
83
363
426
455
129
253
167
224
77
186
320
441
193
121
141
359
339
196
289
219
33
321
54