278 381 391 406 341 273 251 454 148 181 295 152 443 416 311 49 305 442 372 124 140 255 440 231 373 149 351 269 145 268 6 291 411 162 422 202 176 432 64 179 63 354 252 2 471 93 4 39 9 59 450 150 127 329 355 462 378 346 314 40 84 313 364 160 128 229 197 256 452 356 241 350 297 27 429 247 402 206 399 119 377 430 279 446 90 3 22 306 184 85 212 473 326 170 104 47 112 409 283 20 238 156 225 21 133 12 183 334 386 380 408 327 198 276 0 266 153 263 457 178 41 344 227 259 389 438 220 433 52 245 275 205 284 428 23 174 410 32 337 294 24 100 335 400 44 125 30 218 267 264 468 109 190 132 421 98 111 103 370 163 155 55 270 467 215 158 235 138 147 296 302 143 449 308 292 431 164 474 208 195 290 19 50 191 349 137 95 233 385 330 248 405 126 277 223 216 13 159 459 214 182 469 274 228 470 246 325 348 323 92 244 120 418 367 237 130 144 310 286 177 362 71 34 221 134 343 466 403 157 17 217 461 101 388 379 368 209 8 207 108 303 261 51 262 80 439 301 242 387 169 271 417 338 91 272 382 135 407 374 106 136 331 118 175 188 97 324 396 87 393 139 172 105 435 69 16 161 72 437 222 319 424 384 453 88 171 102 258 436 113 28 458 328 312 460 192 250 116 226 365 401 392 154 131 249 254 456 31 257 260 114
345
318
203
357 464
369
146
70 56 61 236
35
210
336
189
36 43
42
288
180
194
60
96
123
427
201
117
82
340
115
413
307 151
240 213
26 1 89
38
67
300
360
187
5
15 25 79
173 420 99
165
46 448
107
304 465
45
298 375 347 376 122
434
29
361
352
62
68
415
332
232
74 18
371
447
423
451
366
414
412
285
76
397
86
211
353
58
315
243
66 185
390
37
342
316
395
333
398
200 322
425
110
57
7
463
419
166
204
75
10 281 11
287
168 293
383
65
265
280
14
358
472
78
230
234
199
94
282
317
404
445
73
309
394 444
81
142
239
299
48
53
83
363
426
455
129
253
167
224
77
186
320
441
193
121
141
359
339
196
289
219
33
321
54