30 226 444 191 44 295 169 103 211 285 242 69 279 42 388 14 27 9 366 15 383 372 459 416 442 131 288 41 356 31 250 12 124 327 68 308 463 270 237 251 26 229 355 293 370 138 199 403 71 396 469 123 224 428 184 467 255 119 151 51 154 149 296 225 367 364 120 303 85 40 453 354 126 263 107 286 278 208 39 254 70 439 451 268 87 300 176 464 117 264 389 137 54 342 343 174 21 402 339 48 113 309 189 432 357 460 350 94 289 228 234 331 190 215 429 198 153 425 450 394 163 417 206 411 345 231 133 449 217 362 156 93 259 61 441 292 384 413 311 281 351 401 141 125 410 284 150 214 19 333 430 157 261 272 73 218 86 222 23 166 455 152 310 380 99 104 201 238 381 232 16 135 6 171 433 22 28 360 324 203 245 277 312 436 56 97 75 91 454 209 24 164 127 170 58 128 105 260 1 386 57 33 468 210 235 43 213 88 101 96 195 274 227 17 193 136 377 330 306 18 181 59 466 143 307 258 287 445 424 302 10 65 0 320 462 283 438 358 220 393 347 66 95 248 252 47 112 35 266 400 147 294 67 470 4 78 253 276 102 244 114 188 375 434 326 421 72 457 265 448 216 159 98 376 175 7 271 456 328 11 45 64 407 34 183 422 80 233 122 246 240 118 160 162 385 387 346 322 395 178 130 301 336 353 471 379 313 349 458 76 365 314 219 382 132 368 341 77 236 62 249 317 415 8 420 243 473 361 435 134 472 108 3 46 89 53 179 371 321 194 275 186 172 79 207 437 92 290 180 74 82 241 352 344 200 267 373 334 144 406 140 168 13 359 173 111 443 204 397 247 405 325 447 60 197 110 129 142 399 431 55 440 29 348 36 20 256 363 155 202 262 161 318 474 100 280 426 340 212 305 452 390 177 273 297 52 269 106 165 116 391 25 369 446 182 167 158 37 291 329 409 392 315 316 332 90 205 338 148 412 109 423 298 223 145 32 84 38 50 378 221 5 49 374 63 81 299 319 185 408 418 2 230 427 192 461 337 335 139 257 323
146
115
187
465 304
414
398
419
282
404
239
83
121
196