272 119 246 139 190 252 422 266 385 104 291 326 174 283 460 462 143 391 227 249 389 153 179 172 137 8 430 118 312 233 244 381 378 408 469 384 231 254 177 216 245 237 169 257 368 138 351 6 109 296 101 323 113 2 374 372 16 401 150 250 399 92 69 325 140 28 341 255 406 290 217 144 386 308 106 51 34 90 176 214 55 9 271 112 157 329 459 120 152 273 311 128 171 149 471 205 362 124 264 114 269 432 63 154 334 134 226 220 238 409 13 105 294 47 443 292 305 222 417 350 286 259 328 195 160 248 242 258 158 295 19 251 135 275 382 98 365 202 303 313 223 344 208 297 156 456 330 181 225 50 446 437 221 27 355 466 163 268 148 470 132 453 354 207 442 229 40 212 247 116 319 424 364 215 20 85 403 31 428 458 302 175 346 178 97 182 88 52 147 396 188 183 93 59 111 367 260 349 461 64 407 410 387 452 314 0 433 102 125 370 279 449 22 80 454 161 278 435 436 100 429 159 4 95 241 228 3 438 261 91 337 450 335 405 108 416 209 400 155 192 12 127 191 277 421 17 284 474 44 130 49 198 356 262 103 411 301 24 338 39 431 87 184 270 440 84 126 348 32 324 457 30 263 145 331 41 473 131 136 274 418 71 267 343 380 467 133 377 327 388 373 72 306 197 235 170 402 276 392 379 393 206 468 310 164 439 256
345
318
203
464 357
369
146
70 56 236 61
35
210
336
189
43 36
162
42
288
180
194
60
96
123
427
201
117
82
340
115
413
307 151
240 213
26 89 1
38
67
300
360
187
5
25
173 420 99
165
46 448
107
465 304
45
347 376 375 298 122
434
23 21
29
361
352
62
68
415
332
232
18 74
371
447
423
451
366
414
412
285
76
397
86
211
353
58
218
315
243
185 66
390
37
342
316
395
333
398
200 322
425
110
57
7
463
419
166
204
75
10 11 281
287
168 293
383
65
265
280
14
358
472
78
230
234
199
94
282
15 79
317
404
445
73
309
444 394
81
142
239
299
48
53
83
363
426
455
129
253
167
224
77
186
320
441
193
121
141
359
339
196
289
219
33
321
54