290 343 372 233 409 262 301 64 9 159 368 95 92 258 346 364 379 418 402 374 370 150 279 98 209 84 169 311 118 416 136 237 220 440 302 164 198 85 188 231 255 269 109 385 170 175 0 179 324 183 106 291 24 310 308 182 160 195 249 2 247 424 401 152 90 386 312 354 44 264 248 471 155 177 467 450 335 411 396 208 87 392 319 184 112 429 206 225 41 306 387 28 138 163 227 458 133 439 16 190 348 406 17 327 331 22 252 297 50 202 350 12 431 283 20 215 341 275 278 178 31 229 156 149 153 313 114 453 51 55 139 69 382 349 266 124 323 238 126 399 314 88 284 459 417 460 362 461 217 388 377 205 373 271 32 268 125 254 428 191 144 389 6 59 466 286 140 328 303 462 274 452 111 80 212 103 102 131 408 134 104 442 273 72 468 403 34 235 277 246 329 148 430 207 101 270 228 241 127 267 172 47 49 63 93 259 438 132 421 244 256 147 435 116 216 171 130 260 437 226 52 128 326 245 446 410 3 422 449 250 71 176 192 113 97 145 158 384 157 474 154 355 344 469 405 295 197 261 433 292 436 294 100 242 40 108 30 393 473 337 257 456 338 27 454 174 251 272 4 443 400 365 19 381 334 39 222 351 407 8 367 378 120 380 13 135 105 432 457 263 214 119 325 305 276 356 143 161 91 391 470 330 181 221 223 296
345
318
203
357 464
369
146
236 70 56 61
35
210
336
189
43 36
162
42
288
180
194
60
96
123
427
201
117
82
340
115
413
151 307
240 213
26 89 1
38
67
300
360
187
5
25
99 420 173
165
448 46
107
465 304
45
375 347 298 376 122
434
21 23
29
361
352
62
68
415
332
232
74 18
371
447
423
451
366
414
412
285
76
397
86
211
353
58
218
315
243
66 185
390
37
342
316
395
333
398
200 322
425
110
57
7
463
419
166
204
75
10 11 281
287
168 293
383
65
265
280
14
358
472
78
230
234
199
94
282
79 15
317
404
445
73
309
394 444
81
142
239
137
299
48
53
83
363
426
455
129
253
167
224
77
186
320
441
193
121
141
359
339
196
289
219
33
321
54