303 362 370 105 24 311 349 144 372 279 64 34 216 145 143 392 297 456 0 69 295 113 400 337 286 262 421 191 227 17 302 292 132 308 2 109 183 152 319 385 364 197 454 225 226 223 457 12 323 93 403 438 40 305 432 382 119 111 329 4 356 467 355 8 134 275 453 209 440 470 124 3 170 169 365 263 98 431 314 373 459 147 71 430 474 140 471 388 273 268 195 120 88 261 374 252 174 238 103 153 379 436 59 335 158 118 452 449 112 207 313 433 16 417 389 399 156 384 291 266 251 381 437 442 49 338 176 87 136 100 402 306 247 249 272 325 229 190 91 182 326 348 411 150 241 108 192 255 85 235 428 290 126 106 133 101 179 159 410 310 47 130 13 160 312 39 163 468 6 128 237 346 231 177 44 408 439 331 92 31 228 393 270 350 155 276 406 368 424 246 116 80 205 28 351 274 175 264 327 161 416 257 104 220 377 51 443 198 401 138 202 330 435 97 450 172 386 95 258 277 473 217 244 221 334 407 267 462 405 354 50 248 102 149 55 343 328 460 296 208 250 181 301 256 148 19 52 157 418 458 22 72 30 212 378 259 215 27 90 242 188 294 341 135 164 278 344 20 367 245 271 387 41 269 466 324 391 254 9 461 32 429 214 127 380 422 233 139 222 178 396 446 284 469 125 283 84 260 63 131 114 154 206
345
318
203
464 357
369
146
70 61 56 236
35
210
336
189
43 36
162
42
288
180
194
60
96
123
427
201
117
82
340
115
413
307 151
240 213
89 26 1
38
67
300
360
187
5
171
25
420 99 173
165
46 448
107
465 304
45
375 376 298 347 122
434
21 23
29
361
352
62
68
415
332
232
409
18 74
371
447
423
451
366
414
412
285
76
397
86
211
353
58
218
315
243
66 185
390
37
342
316
395
333
398
200 322
425
110
57
7
463
419
166
204
75
281 10 11
287
293 168
383
65
265
280
14
358
472
78
230
234
199
94
282
79
317
404
445
73
309
394 444
81
142
184
239
137
299
48
53
83
363
426
455
129
253
167
224
77
186
320
441
193
121
141
359
339
15
196
289
219
33
321
54