238 120 458 283 30 319 131 49 160 443 355 188 228 183 274 237 337 251 87 372 344 384 227 467 263 406 364 396 295 422 417 255 12 9 454 55 27 418 277 468 450 209 430 207 433 286 124 205 275 284 190 31 206 387 175 136 439 155 241 216 459 88 41 262 111 174 424 98 128 399 436 90 408 223 109 246 403 191 170 104 456 325 457 51 380 95 212 139 327 44 268 290 349 172 405 429 148 158 52 72 226 63 39 242 178 161 221 473 100 8 348 471 270 323 335 446 150 182 101 133 130 350 386 214 435 460 140 313 195 381 306 126 432 169 393 267 260 249 34 469 112 217 222 102 250 354 17 85 438 252 6 264 84 279 391 13 362 431 453 153 388 410 64 330 466 32 225 308 329 71 156 113 105 400 312 164 416 91 440 157 231 303 291 24 392 177 346 47 4 192 256 351 152 437 370 127 377 59 116 368 452 176 215 159 208 92 245 202 310 470 143 334 326 356 367 248 261 229 145 19 181 197 119 324 3 163 331 461 20 382 296 147 259 244 338 273 258 16 50 442 389 341 302 103 0 407 365 80 373 385 179 276 301 421 311 93 379 271 198 134 401 2 220 138 247 266 118 254 233 428 149 297 474 449 278 294 292 154 269 22 462 97 402 343 28 132 305 114 106 125 257 374 144 378 411 328 272 108 235 135 69
345
318
203
357 464
369
146
70 236 56 61
35
210
336
189
43 36
162
42
288
180
194
60
96
123
427
201
117
82
340
115
413
307 151
213 240
1 89 26
38
67
300
360
187
5
171
25
99 420 173
165
46 448
107
465 304
45
298 122 376 375 347
434
23 21
29
361
352
62
68
415
332
232
409
74 18
371
40
447
423
451
366
414
412
285
76
397
86
211
353
58
218
315
243
66 185
390
37
342
316
395
333
398
322 200
425
110
57
7
463
419
166
204
75
10 11 281
287
293 168
383
65
265
280
14
358
472
78
230
234
199
94
282
79
317
404
445
73
309
444 394
81
142
184
239
137
299
48
53
83
363
426
455
129
253
167
224
77
186
320
441
314
193
121
141
359
339
15
196
289
219
33
321
54