344 254 408 153 131 473 474 169 331 163 295 248 294 188 351 449 396 220 442 439 297 271 283 411 312 350 266 182 207 136 349 235 24 55 330 150 51 301 44 84 378 126 133 272 103 108 217 39 237 198 267 119 64 268 262 403 460 457 370 389 273 327 468 461 326 278 255 269 401 343 209 238 71 90 130 102 101 385 183 106 337 252 416 225 466 324 364 393 216 382 428 113 368 138 202 391 190 120 284 348 104 147 251 221 290 257 438 93 161 52 132 32 430 111 417 181 405 175 377 325 276 471 274 407 456 47 3 12 258 380 431 97 228 467 179 450 440 160 313 328 134 205 341 400 191 20 49 388 159 399 2 303 264 214 0 279 469 157 387 125 453 128 323 242 305 41 462 127 212 192 6 229 116 148 306 372 470 174 88 270 367 302 437 373 310 275 231 458 156 338 422 446 114 379 381 31 346 158 87 92 145 429 178 406 80 59 392 30 261 155 227 459 143 291 19 63 140 208 250 244 247 424 329 139 354 17 195 170 95 206 246 109 308 22 432 435 8 197 421 172 433 9 118 263 386 292 454 144 286 176 4 72 149 402 241 34 152 277 222 85 452 98 233 249 436 27 365 443 124 28 311 215 13 91 296 384 154 105 356 164 177 69 135 223 226 374 334 355 335 319 100 362 256 16 418 259 260 245 50
345
318
203
464 357
369
146
70 56 236 61
35
210
336
189
36 43
162
42
288
180
194
60
96
123
427
201
117
82
340
115
413
151 307
240 213
89 1 26
38
67
300
360
187
5
171
25
99 420 173
165
46 448
107
304 465
45
122 298 376 375 347
434
23 21
29
361
352
62
68
415
332
232
409
74 18
371
40
447
423
451
366
414
412
285
76
397
86
211
353
58
218
315
243
185 66
112
390
37
342
316
395
333
398
200 322
425
110
410
57
7
463
419
166
204
75
281 11 10
287
168 293
383
65
265
280
14
358
472
78
230
234
199
94
282
79
317
404
445
73
309
394 444
81
142
184
239
137
299
48
53
83
363
426
455
129
253
167
224
77
186
320
441
314
193
121
141
359
339
15
196
289
219
33
321
54