402 164 235 71 399 312 251 111 22 283 242 386 437 160 192 148 330 159 178 149 133 355 52 324 207 346 468 30 319 331 155 214 440 310 153 85 197 270 59 422 387 454 297 260 88 124 127 459 256 175 152 313 205 50 176 24 393 305 163 0 154 392 143 64 248 177 128 113 401 396 406 385 109 356 403 120 276 39 278 80 217 221 126 181 95 273 247 326 220 47 198 365 450 118 429 228 222 20 250 370 334 286 202 190 391 411 254 470 431 105 150 338 131 209 6 245 69 246 325 206 407 161 106 382 373 179 97 460 271 87 364 279 328 145 467 311 323 466 417 367 170 9 268 291 354 263 416 158 400 100 93 351 27 258 249 384 442 139 275 469 277 428 344 377 49 389 284 17 337 108 212 237 157 453 262 119 439 188 303 372 182 132 380 473 424 4 432 3 430 156 374 183 461 195 216 114 208 327 84 238 457 381 241 456 435 433 335 130 418 308 264 135 292 294 405 34 379 471 436 443 91 16 51 147 296 267 452 140 12 343 215 257 98 266 92 72 255 306 103 28 295 244 378 41 388 55 138 348 172 421 125 134 101 301 229 44 174 19 290 329 341 233 261 350 368 227 449 104 136 90 269 144 191 408 8 223 272 349 458 438 302 2 169 474 446 13 102 462 116 231 32 63 226 362 259 31
345
318
203
464 357
369
146
56 236 61 70
35
210
336
189
43 36
162
42
288
180
194
60
96
123
427
201
117
82
340
115
413
307 151
213 240
1 89 26
38
67
300
360
187
5
171
25
173 99 420
165
46 448
107
304 465
45
122 375 376 298 347
434
21 23
29
361
352
62
68
415
332
232
409
74 18
371
40
447
423
451
366
414
412
285
76
397
86
211
353
58
218
315
243
185 66
112
390
37
342
316
395
333
398
200 322
425
110
410
57
7
463
419
166
204
75
11 10 281
287
168 293
383
65
265
280
14
358
472
78
230
225
234
199
94
282
79
317
404
445
73
309
394 444
81
142
274
184
239
137
299
48
53
83
363
426
252
455
129
253
167
224
77
186
320
441
314
193
121
141
359
339
15
196
289
219
33
321
54