384 259 331 20 136 159 388 387 346 182 97 149 44 344 446 24 195 428 237 152 389 334 267 109 378 343 215 125 116 459 377 221 160 348 9 260 143 276 156 217 12 164 450 105 403 382 124 310 438 255 177 440 16 6 138 297 251 408 52 295 283 418 227 64 424 242 277 381 349 31 241 85 34 245 462 269 233 104 364 469 0 98 228 373 443 214 246 435 120 449 439 402 436 28 461 262 311 474 432 341 454 270 407 191 263 258 250 88 306 126 181 84 261 433 80 391 69 264 2 111 417 457 147 154 442 328 453 207 50 370 368 8 422 145 325 101 198 313 229 133 174 19 471 118 179 144 338 400 176 127 324 275 411 272 431 63 222 421 319 301 456 128 163 212 113 172 330 158 468 290 135 286 190 362 327 92 393 248 244 226 216 392 367 257 188 27 354 292 71 17 119 405 396 30 254 59 47 416 209 249 323 155 87 305 266 197 72 175 148 278 231 379 385 220 452 386 429 350 335 49 208 466 430 351 279 3 202 401 114 95 365 399 55 106 312 205 284 132 13 380 102 140 41 157 51 178 22 134 206 355 108 247 223 183 296 235 372 437 192 169 268 308 150 91 356 93 273 337 39 161 131 170 460 329 303 374 103 32 256 139 470 302 467 130 473 90 406 458 294 238 153 326 271 291 4 100
345
318
203
357 464
369
146
56 70 61 236
35
210
336
189
36
162
42
288
180
194
60
96
123
427
201
117
82
340
115
413
151 307
213 240
26 89 1
38
67
300
360
187
5
171
25
420 99 173
165
46 448
107
465 304
45
375 122 347 376 298
434
21 23
29
361
352
62
68
415
332
232
409
74 18
371
40
447
423
451
366
414
412
285
76
43
397
86
211
353
58
218
315
243
66 185
112
390
37
342
316
395
333
398
322 200
425
110
410
57
7
463
419
166
204
75
11 281 10
287
168 293
383
65
265
280
14
358
472
78
230
225
234
199
94
282
79
317
404
445
73
309
394 444
81
142
274
184
239
137
299
48
53
83
363
426
252
455
129
253
167
224
77
186
320
441
314
193
121
141
359
339
15
196
289
219
33
321
54