468 118 47 331 271 202 401 377 367 406 242 459 163 458 9 103 262 136 64 436 138 393 135 154 98 27 389 170 114 212 263 105 176 247 188 125 124 108 93 308 294 382 192 373 97 457 379 311 428 183 4 269 197 179 246 473 403 456 157 69 255 391 237 149 388 120 275 374 334 228 325 91 312 324 215 249 440 55 50 453 264 205 17 221 104 250 87 291 370 128 223 30 443 474 417 209 335 437 303 34 160 8 150 85 156 411 229 372 19 338 226 158 220 418 422 116 408 442 279 278 178 147 140 139 16 405 260 433 44 41 177 386 231 452 328 400 354 109 306 326 319 127 424 206 351 0 286 258 364 251 273 143 267 71 182 235 148 449 84 144 49 283 244 432 297 145 169 238 172 20 439 131 460 31 245 343 32 277 217 469 378 100 106 132 39 302 80 152 337 356 134 429 101 330 284 421 416 257 207 12 368 402 268 175 256 133 216 392 362 51 174 292 270 341 90 346 155 208 462 471 380 313 384 190 438 126 254 365 95 355 259 296 102 195 248 119 181 214 407 6 52 13 329 111 435 3 466 233 349 63 261 159 59 305 323 24 222 350 161 28 310 387 396 290 348 72 450 385 241 272 164 92 454 266 399 113 153 276 198 191 431 461 295 470 381 130 301 430 344 227 327 22 467
345
318
203
464 357
369
146
56 61 236 70
35
88 2
210
336
189
36
162
42
288
180
194
60
96
123
427
201
117
82
340
115
413
151 307
240 213
26 89 1
38
67
300
360
187
5
171
25
420 99 173
165
448 46
107
465 304
45
347 376 375 122 298
434
23 21
29
361
352
62
68
415
332
232
409
18 74
371
40
447
423
451
366
414
412
285
76
43
397
86
211
353
58
446
218
315
243
185 66
112
390
37
342
316
395
333
398
200 322
425
110
410
57
7
463
419
166
204
75
11 10 281
287
168 293
383
65
265
280
14
358
472
78
230
225
234
199
94
282
79
317
404
445
73
309
394 444
81
142
274
184
239
137
299
48
53
83
363
426
252
455
129
253
167
224
77
186
320
441
314
193
121
141
359
339
15
196
289
219
33
321
54