286 221 389 312 181 421 22 80 401 163 364 245 442 351 453 12 237 385 348 311 378 406 209 443 367 393 125 327 8 354 72 328 85 473 136 368 435 430 155 178 269 349 470 335 436 206 323 278 198 290 440 291 31 329 324 452 208 403 34 303 135 458 380 382 177 100 302 297 134 17 418 138 449 124 334 422 461 467 176 250 296 32 217 159 469 344 175 24 437 227 220 273 152 183 174 93 169 131 120 417 98 179 90 257 407 386 405 153 30 438 384 235 460 355 381 256 258 212 306 55 343 468 39 106 157 431 49 400 158 284 396 214 459 429 64 126 326 69 63 270 279 150 255 202 128 145 59 439 275 111 188 50 292 87 319 313 266 248 144 392 215 28 4 44 113 222 41 102 160 47 331 6 416 346 251 238 402 308 294 301 91 261 341 130 229 172 337 226 249 161 97 127 16 101 454 373 223 116 305 399 95 19 428 228 92 119 276 268 108 350 190 450 109 372 246 474 310 139 147 241 195 242 457 362 338 118 264 267 408 13 164 114 9 192 27 154 283 170 247 71 20 272 3 156 105 231 132 259 207 103 84 254 262 387 391 424 411 52 140 51 325 432 260 271 104 370 148 205 277 149 462 244 0 143 374 365 379 216 466 295 182 233 377 197 433 191 330 471 133 356 388 456 263
345
318
203
357 464
369
146
56 61 70 236
35
88 2
210
336
189
36
162
42
288
180
194
60
96
123
427
201
117
82
340
115
413
307 151
240 213
1 26 89
38
67
300
360
187
5
171
25
420 99
165
46 448
107
465 304
45
376 375
434
173
21 23
29
361
352
62
68
415
332
232
409
18 74
371
40
447
423
451
366
414
412
285
76
43
397
86
211
353
58
446
218
315
243
185 66
112
390
37
342
316
395
333
398
322 200
425
110
410
57
7
463
419
166
204
75
281 11 10
287
293 168
383
65
265
280
14
358
472
78
230
225
234
199
347 122 298
94
282
79
317
404
445
73
309
394 444
81
142
274
184
239
137
299
48
53
83
363
426
252
455
129
253
167
224
77
186
320
441
314
193
121
141
359
339
15
196
289
219
33
321
54