177 306 408 242 227 365 402 389 355 214 279 202 95 144 407 216 469 9 108 421 212 155 349 334 329 291 435 101 221 231 271 269 52 247 71 13 136 311 158 156 308 392 277 461 348 454 161 103 244 111 176 393 263 470 246 431 97 401 249 380 387 31 428 100 85 275 133 157 47 437 169 295 312 135 59 385 456 215 119 416 237 283 116 305 386 174 262 64 55 63 113 302 87 462 4 270 406 430 127 351 125 205 257 372 466 424 93 313 228 442 326 90 3 450 17 139 457 106 473 258 471 248 154 324 432 238 72 343 449 255 266 422 438 250 301 245 335 220 0 160 217 370 147 124 159 223 32 459 267 120 327 374 338 27 337 188 330 182 69 105 344 453 229 273 170 364 290 350 84 50 179 164 373 433 319 474 278 148 286 149 276 436 310 341 377 132 264 292 8 98 440 198 114 303 44 391 346 467 19 145 51 296 104 30 241 226 294 382 109 384 197 325 429 140 49 323 388 368 143 41 181 150 163 12 28 452 405 190 207 268 34 175 80 172 235 254 39 195 400 411 222 284 6 183 417 259 152 260 134 381 138 328 24 396 403 92 153 460 399 331 297 458 16 251 208 443 378 20 91 22 439 272 118 468 178 356 354 131 130 367 206 261 191 256 128 209 126 233 362 418 192 102
345
318
203
464 357
369
146
70 236 56 61
35
88 2
210
336
189
36
162
42
288
379
180
194
60
96
123
427
201
117
82
340
115
413
151 307
213 240
1 89 26
38
67
300
360
187
5
171
25
99 420
165
448 46
107
304 465
45
375 376
434
173
23 21
29
361
352
62
68
415
332
232
409
18 74
371
40
447
423
451
366
414
412
285
76
43
397
86
211
353
58
446
218
315
243
66 185
112
390
37
342
316
395
333
398
322 200
425
110
410
57
7
463
419
166
204
75
11 281 10
287
168 293
383
65
265
280
14
358
472
78
230
225
234
199
298 347 122
94
282
79
317
404
445
73
309
394 444
81
142
274
184
239
137
299
48
53
83
363
426
252
455
129
253
167
224
77
186
320
441
314
193
121
141
359
339
15
196
289
219
33
321
54