22 55 72 175 217 111 51 28 106 400 125 242 119 85 384 251 47 157 131 140 100 177 273 257 437 392 301 432 148 19 98 90 466 430 209 258 326 159 470 261 385 454 245 113 456 292 364 439 215 63 471 114 116 290 343 351 49 402 216 337 170 429 438 160 104 69 229 449 52 118 195 255 349 428 169 16 223 296 267 205 105 27 348 311 206 108 275 324 84 271 102 44 389 270 128 374 39 334 214 452 228 93 354 164 319 308 346 241 422 380 431 283 136 310 124 31 244 450 338 269 250 237 133 284 469 350 462 71 453 276 442 249 158 227 0 143 344 120 312 424 246 388 103 80 150 145 330 135 461 212 381 436 474 226 207 220 64 127 305 393 264 294 457 460 231 377 6 32 155 176 303 247 179 403 222 279 154 91 467 188 331 95 473 109 443 208 101 191 378 306 406 24 197 325 372 391 132 302 335 256 13 20 396 233 161 259 248 198 268 174 291 87 440 8 260 387 408 202 367 405 30 323 399 238 9 178 34 59 254 97 190 172 329 221 468 4 313 341 192 17 407 368 416 435 134 272 458 235 295 356 386 266 278 417 163 263 147 152 3 130 418 156 421 328 92 370 12 401 149 362 181 138 277 41 50 126 286 382 139 355 183
345
318
203
464 357
369
297
146
56 70 236 61
35
2 88
210
336
189
36
162
42
288
379
180
194
60
96
123
427
201
117
82
340
115
413
151 307
213 240
26 1 89
38
67
300
360
187
5
171
25
99 420
165
448 46
107
304
45
375 376
434
262 433
173
23 21
29
361
352
62
68
415
332
232
409
18 74
371
40
447
423
451
366
414
412
285
153 411 182 373 365 327
76
43
397
86
211
353
58
446
218
144
315
243
66 185
112
459
390
37
342
316
395
333
398
200 322
425
110
410
57
7
463
419
166
204
75
11 281 10
287
293 168
383
65
265
280
14
358
472
78
230
225
234
199
298 347 122
94
282
79
317
404
445
73
309
394 444
81
142
274
184
239
137
299
48
53
83
363
426
252
455
129
253
465
167
224
77
186
320
441
314
193
121
141
359
339
15
196
289
219
33
321
54