125 416 250 319 143 160 334 273 111 329 220 47 114 295 351 471 229 226 80 205 435 330 284 396 401 148 237 255 428 430 98 370 126 158 63 382 197 392 49 356 393 417 41 108 259 257 22 242 381 349 399 120 157 0 132 387 312 328 181 28 159 302 474 214 172 418 102 55 13 266 116 466 84 233 174 188 183 177 20 245 308 275 326 388 470 100 292 64 385 87 402 429 91 270 207 30 456 391 468 335 452 294 221 421 212 408 462 198 52 163 104 6 195 118 269 206 72 291 380 377 34 400 95 156 337 161 50 277 279 403 12 450 176 149 348 457 378 325 235 31 251 254 147 113 364 467 301 124 368 154 59 296 135 374 150 261 436 8 247 170 93 389 139 222 367 438 216 460 283 16 227 191 39 51 272 4 362 258 133 355 140 313 152 310 136 105 119 217 231 101 338 175 271 130 164 97 267 341 44 179 215 92 9 469 384 19 442 303 246 103 109 3 323 90 458 27 386 134 439 276 244 454 264 238 17 155 431 372 437 422 424 128 449 324 190 202 169 461 406 346 344 69 268 260 407 192 145 331 453 71 286 138 228 443 440 106 131 432 311 354 305 241 343 306 248 32 278 24 209 263 178 208 223 127 405 85 256 249 350 290 473
345
318
203
357 464
369
297
146
236 61 56 70
35
2 88
210
336
189
36
162
42
288
379
180
194
60
96
123
427
201
117
82
340
115
413
307 151
213 240
26 89 1
38
67
300
360
187
5
171
25
420
165
448 46
107
304
45
375 376
434
433 262
173
21 23
29
361
352
62
68
415
332
232
409
18 74
371
40
447
423
451
366
414
412
285
153 182 373 365 411 327
76
43
397
86
211
353
58
446
218
144
315
243
185 66
112
99
459
390
37
342
316
395
333
398
322 200
425
110
410
57
7
463
419
166
204
75
11 10 281
287
293 168
383
65
265
280
14
358
472
78
230
225
234
199
122 347 298
94
282
79
317
404
445
73
309
394 444
81
142
274
184
239
137
299
48
53
83
363
426
252
455
129
253
465
167
224
77
186
320
441
314
193
121
141
359
339
15
196
289
219
33
321
54