158 50 148 407 295 179 431 364 331 20 133 226 127 102 97 443 150 220 19 402 335 248 306 138 176 198 177 392 16 385 294 256 125 175 44 206 244 124 454 432 401 377 271 235 323 149 31 241 80 170 279 263 233 24 250 378 429 143 87 108 367 436 325 13 417 439 302 389 161 374 370 430 276 95 450 91 229 457 69 163 338 391 215 22 157 145 98 292 284 116 154 188 311 217 303 255 449 164 55 296 471 32 136 202 312 139 343 319 452 269 351 260 100 355 473 118 190 362 247 453 310 231 106 39 272 424 101 155 267 456 130 400 313 349 341 346 246 468 326 470 159 261 191 103 134 156 183 120 469 207 41 334 348 104 93 428 422 308 195 59 147 467 290 152 126 228 344 460 278 277 435 221 105 408 63 227 437 266 386 51 328 28 197 275 212 245 330 418 406 405 109 52 205 113 354 3 249 135 372 223 462 160 268 337 403 84 222 301 440 270 399 238 140 466 174 421 286 90 388 92 329 27 442 273 192 382 305 254 387 181 85 264 9 396 72 8 251 216 283 64 237 416 169 111 214 12 259 258 128 242 71 131 381 384 4 438 6 291 172 257 47 324 356 209 368 114 34 208 350 380 458 30 17 393 461 0 49 119 132 178
345
318
203
464 357
369
297
146
70 56 61 236
35
2 88
210
336
189
36
162
42
288
379
180
194
60
96
123
427
201
117
82
340
115
413
307 151
213 240
26 1 89
38
67
300
360
187
5
171
25
420
165
46 448
107
304
45
376 375
434
262 433
173
21 23
29
361
352
62
68
415
332
232
409
74 18
371
40
447
423
451
366
414
412
285
411 153 365 373 182 327
474
76
43
397
86
211
353
58
446
218
144
315
243
66 185
112
99
459
390
37
342
316
395
333
398
322 200
425
110
410
57
7
463
419
166
204
75
11 10 281
287
293 168
383
65
265
280
14
358
472
78
230
225
234
199
347 298 122
94
282
79
317
404
445
73
309
444 394
81
142
274
184
239
137
299
48
53
83
363
426
252
455
129
253
465
167
224
77
186
320
441
314
193
121
141
359
339
15
196
289
219
33
321
54