135 415 134 96 164 326 313 244 15 289 27 473 200 31 38 337 459 106 363 46 277 95 184 385 362 288 381 310 234 213 375 396 25 371 393 271 22 261 47 331 352 11 462 291 211 455 397 140 108 195 334 446 395 343 301 94 66 314 144 9 151 298 168 228 3 127 456 155 305 309 242 296 403 248 427 464 104 14 386 218 259 219 424 102 227 163 269 275 410 126 321 26 458 247 34 201 197 466 182 407 72 425 169 91 116 147 322 33 64 170 186 255 348 366 207 62 440 279 210 387 149 438 179 160 137 73 307 2 118 238 463 93 78 344 292 214 325 81 124 461 378 18 263 339 166 353 297 223 432 273 336 451 209 254 10 141 355 265 6 76 230 240 87 367 340 203 180 333 107 312 457 29 128 37 372 24 0 406 328 58 444 431 453 302 349 17 61 448 445 249 392 350 92 52 204 51 36 148 111 401 232 274 421 35 8 399 16 13 226 357 156 436 420 114 287 267 215 327 50 12 20 266 356 65 474 391 84 100 150 253 68 382 360 202 53 347 32 299 276 256 224 113 346 428 449 74 98 323 145 28 216 365 345 229 294 167 153 250 379 268 129 173 402 117 303 257 138 283 388 225 71 308 188 358 39 389 190 245 278 320 139 280 373 450 235 101 217 306 86 286 383 251 122 131 185 411 430 133 4 319 89 162 174 7 359 82 189 241 221 208 132 55 191 233 418 112 103 335 467 54 110 293 260 441 136 330 206 90 172 471 154 177 380 262 212 394 42 80 416 161 317 377 454 252 97 315 23 69 59 159 63 21 329 272 408 109 332 178 342 413 295 119 390 316 422 19 376 125 222 199 48 60 423 85 374 99 77 361 364 351 433 290 43 417 435 1 370 285 152 341 236 439 437 165 5 429 220 158 176 205 324 264 49 142 243 171 44 41 281 157 193 338 130 426 409 460 183 79 181 469 300 194 246 231 443 318 470 400 434 57 56 70 447 284 237 258 88 198 270 442 75 472 123 40 384 120 175 192 354 405 368 105 30 452 468 143 45 311
369
146
115
67
187
465 304
414
412
398
419
282
404
239
83
121
196