127 471 306 113 157 319 101 460 338 399 192 9 6 102 216 13 169 205 90 381 393 136 138 344 59 177 391 160 354 226 174 175 250 308 100 429 158 246 32 139 440 367 431 231 335 131 405 134 302 271 310 183 47 407 312 206 145 330 450 387 228 402 453 208 442 408 20 191 238 469 152 172 242 406 148 212 350 24 106 294 466 331 311 449 52 133 41 85 260 424 272 267 237 351 227 164 80 470 258 436 147 34 3 461 16 473 178 382 71 51 114 392 181 417 329 355 207 197 385 452 269 268 241 55 98 418 256 50 439 389 17 124 428 263 244 259 221 416 467 372 468 400 380 91 334 403 462 223 435 233 270 384 301 264 69 220 198 159 8 248 279 195 108 364 278 266 105 303 313 64 30 443 305 0 31 284 97 296 324 378 215 27 150 349 222 119 291 388 323 170 421 328 161 249 356 275 179 209 217 39 292 283 87 116 457 163 276 132 295 130 277 341 103 370 63 104 255 251 261 176 325 214 111 396 72 235 49 247 348 438 28 254 202 156 337 286 149 118 92 22 430 19 401 125 422 257 84 128 120 343 273 93 432 346 386 155 377 326 229 126 109 188 12 190 456 95 362 374 437 143 4 458 135 44 245 454 154 368 290
345
318
203
357 464
369
297
146
61 70 56 236
35
2 88
210
336
189
36
162
42
288
379
180
194
60
96
123
427
201
117
82
340
115
413
151 307
240 213
1 26 89
140
38
67
300
360
187
5
171
25
420
165
46 448
107
304
45
376 375
434
262 433
173
23 21
29
361
352
62
68
415
332
232
409
18 74
371
40
447
423
451
366
414
412
285
411 365 153 373 327 182
474
76
43
397
86
211
353
58
446
218
144
315
243
185 66
112
99
459
390
37
342
316
395
333
398
322 200
425
110
410
57
7
463
419
166
204
75
281 11 10
287
293 168
383
65
265
280
14
358
472
78
230
225
234
199
122 298 347
94
282
79
317
404
445
73
309
394 444
81
142
274
184
239
137
299
48
53
83
363
426
252
455
129
253
465
167
224
77
186
320
441
314
193
121
141
359
339
15
196
289
219
33
321
54