113 362 245 41 128 389 64 138 399 453 181 440 396 338 13 437 388 456 439 324 215 267 158 334 331 229 0 233 27 406 306 341 105 177 443 405 370 39 238 143 335 157 261 206 303 161 34 221 346 111 9 154 272 191 241 458 127 386 284 71 467 305 102 408 257 350 51 367 109 97 160 72 208 205 355 428 454 22 235 301 4 421 87 63 69 179 407 20 460 59 364 466 385 12 52 106 380 98 264 55 442 258 120 163 424 461 268 248 155 422 429 95 256 228 250 226 294 31 402 104 116 471 183 313 384 242 417 469 462 101 387 195 374 244 28 188 328 310 19 133 8 249 227 286 214 263 85 260 16 275 329 457 216 176 130 80 349 325 50 432 269 311 308 449 135 271 220 24 251 377 468 132 100 197 276 473 436 126 356 354 119 401 90 259 435 156 391 149 118 175 209 295 403 174 103 93 246 32 438 291 17 223 348 125 273 278 202 44 192 343 131 319 169 136 178 381 49 382 392 431 351 292 3 270 344 254 400 198 147 277 159 247 139 418 134 266 84 6 452 190 47 231 30 312 430 330 372 222 279 323 114 172 470 124 368 91 164 326 217 283 337 237 255 152 148 302 150 296 290 92 108 212 416
345
318
203
357 464
369
297
146
70 61 56 236
35
2 88
210
336
189
36
162
378 393 145 207
42
288
379
180
194
60
96
123
427
201
117
82
340
115
413
307 151
213 240
89 1 26
140
38
67
300
360
187
5
171
25
420
165
46 448
107
304
45
376 375
434
433 262
173
23 21
29
361
352
170
62
68
415
332
232
409
18 74
371
40
447
450
423
451
366
414
412
285
373 365 411 153 182 327
474
76
43
397
86
211
353
58
446
218
144
315
243
185 66
112
99
459
390
37
342
316
395
333
398
200 322
425
110
410
57
7
463
419
166
204
75
281 10 11
287
168 293
383
65
265
280
14
358
472
78
230
225
234
199
347 298 122
94
282
79
317
404
445
73
309
394 444
81
142
274
184
239
137
299
48
53
83
363
426
252
455
129
253
465
167
224
77
186
320
441
314
193
121
141
359
339
15
196
289
219
33
321
54