149 261 28 91 443 238 105 325 242 159 4 430 102 331 438 396 401 335 367 6 471 291 231 391 266 323 9 334 8 381 454 190 341 385 268 22 152 223 306 467 100 169 400 296 350 212 468 150 386 3 136 31 349 439 34 380 247 208 148 294 382 24 181 418 132 92 164 16 326 313 263 370 176 155 416 270 209 424 116 241 399 324 126 125 41 69 19 343 216 118 388 214 283 156 372 55 134 135 90 421 469 202 101 143 246 206 259 160 30 279 470 449 154 109 440 228 172 50 183 405 87 312 111 49 329 466 328 290 429 103 256 85 286 32 462 435 277 432 368 473 177 175 12 302 284 174 453 260 460 374 124 98 346 0 217 147 39 387 131 436 337 106 408 255 64 220 354 301 258 461 437 128 178 205 138 114 158 191 295 276 278 59 97 355 127 227 13 161 249 422 133 229 188 120 71 245 237 384 311 377 338 269 319 344 407 139 244 310 233 192 273 130 221 72 198 163 392 348 113 272 264 195 197 44 27 275 271 452 52 179 403 215 458 356 119 95 431 389 292 251 417 305 428 47 80 250 457 20 248 330 257 303 104 226 402 157 17 222 63 442 406 456 254 84 308 267 362
345
318
203
357 464
369
297
146
236 70 61 56
35
88 2
210
336
189
36
162
393 145 207 378
42
288
379
180
194
60
96
123
427
201
117
82
93
340
115
413
151 307
240 213
26 1 89
140
38
67
300
360
187
5
171
25
420
165
108
448 46
107
304
45
375 376
434
262 433
173
21 23
29
361
352
170
62
68
415
332
232
409
74 18
371
40
447
450
423
451
235
366
414
412
285
327 373 411 153 182 365
474
76
43
397
86
211
353
58
446
218
144
315
243
185 66
112
99
459
390
37
342
316
395
333
398
200 322
425
110
410
57
7
463
419
166
204
75
10 281 11
287
168 293
383
65
265
280
14
358
472
78
230
225
234
199
298 122 347
94
282
79
51
317
404
445
73
309
394 444
81
142
274
184
239
137
299
48
53
83
364
363
426
252
455
129
253
465
351
167
224
77
186
320
441
314
193
121
141
359
339
15
196
289
219
33
321
54