470 184 190 128 127 143 409 346 440 360 181 259 147 405 444 370 349 148 26 255 254 311 299 350 265 112 331 379 31 353 163 52 253 216 413 403 177 439 267 79 57 243 381 68 453 62 386 15 214 150 434 166 348 17 37 450 321 427 182 249 271 27 244 75 233 28 71 298 135 194 212 4 320 454 343 376 69 474 1 30 199 40 433 292 428 39 119 272 50 313 225 260 420 11 429 90 0 371 164 162 109 351 436 402 22 81 144 473 258 9 397 145 390 220 48 396 472 317 99 200 63 96 275 366 56 137 95 105 101 92 25 198 211 156 183 377 448 430 23 202 245 236 393 197 328 327 169 391 302 16 24 41 344 193 288 142 401 223 278 132 256 446 53 314 251 287 229 32 341 33 78 100 246 224 438 295 77 208 126 406 149 222 110 240 219 102 2 296 375 106 261 165 285 385 10 352 247 242 297 332 176 123 455 337 133 139 257 204 384 326 94 235 273 462 382 266 338 91 174 3 170 168 276 309 408 417 330 458 64 308 173 130 452 415 290 373 380 221 232 20 185 206 171 201 84 263 310 372 279 365 319 323 226 203 471 325 35 407 209 61 389 66 432 122 125 104 264 250 294 322 124 58 49 231 268 411 131 42 157 153 218 435 152 205 464 154 468 441 395 230 51 46 47 410 237 300 195 463 12 179 307 248 442 418 416 207 456 315 286 363 59 98 361 38 167 374 422 400 347 336 281 362 460 451 354 356 14 426 18 55 210 280 469 383 269 136 431 186 155 97 118 305 134 21 274 364 421 73 87 425 213 160 34 227 113 228 191 284 367 70 316 129 378 335 355 192 161 392 117 158 120 301 175 29 7 424 241 359 387 13 318 114 270 93 333 86 234 140 394 54 306 159 108 60 340 312 19 466 334 103 445 107 457 172 423 65 358 291 399 437 85 217 180 449 80 459 342 467 189 324 74 72 357 116 252 262 388 82 238 89 293 8 141 111 6 339 215 443 36 178 461 88 345 447 368 188 283 289 329 5 76 277 138 43 303 44 151
369
146
115
67
187
304 465
45
414
412
398
419
282
404
239
83
121
196