264 154 47 271 306 90 17 261 449 460 100 457 354 97 120 101 227 91 217 367 244 212 138 128 407 356 372 468 175 197 385 98 303 19 6 143 368 424 326 209 178 256 116 135 401 105 158 132 350 408 176 386 439 292 273 466 103 84 384 453 302 174 311 458 126 402 250 294 216 50 431 381 338 198 188 436 172 325 157 139 416 295 305 443 80 348 396 452 55 275 4 124 279 272 255 3 31 392 328 301 242 192 226 442 380 470 27 149 179 85 438 63 32 334 296 286 169 399 388 276 249 134 28 136 206 181 312 377 324 382 263 323 341 387 148 190 95 12 114 284 278 160 118 389 8 403 131 237 228 16 391 268 370 49 205 270 471 313 150 13 195 248 310 127 155 331 229 215 406 469 330 267 473 259 87 346 69 130 266 335 52 24 374 183 435 429 220 163 119 247 161 241 422 111 251 319 34 41 152 104 454 291 238 164 440 343 233 109 260 222 113 467 362 355 191 223 231 437 246 349 290 269 337 277 418 106 421 456 430 254 9 283 64 71 400 133 59 344 147 329 92 308 72 214 39 245 428 30 405 461 202 102 159 257 22 156 20 221 208 0 462 417 44 258 177 432
345
318
203
357 464
369
297
146
70 61 56 236
35
2 88
210
336
189
36
162
207 145 393 378
42
288
379
180
194
60
96
123
427
201
117
82
93
340
115
413
151 307
213 240
26 89 1
140
38
67
300
360
187
5
171
25
420
165
108
46 448
107
304
45
376 375
434
262 433
173
23 21
29
361
352
170
62
68
415
332
232
409
18 74
371
40
447
450
423
451
235
366
414
412
285
373 411 365 153 327 182
474
76
43
397
86
211
353
58
446
218
144
315
243
66 185
112
99
459
390
37
342
316
395
333
398
322 200
425
110
410
57
7
463
419
166
204
75
11 10 281
287
293 168
383
65
265
280
14
358
472
78
230
225
234
199
298 122 347
94
282
79
51
317
125
404
445
73
309
444 394
81
142
274
184
239
137
299
48
53
83
364
363
426
252
455
129
253
465
351
167
224
77
186
320
441
314
193
121
141
359
339
15
196
289
219
33
321
54