301 466 179 227 216 377 133 334 380 449 12 392 438 20 335 428 106 209 454 174 372 462 263 190 3 249 443 52 424 206 270 267 205 192 348 440 291 389 328 247 258 241 257 134 138 276 172 437 251 147 233 405 116 24 231 237 292 346 55 259 175 402 32 355 47 407 50 245 150 119 103 164 109 250 308 421 272 4 49 350 271 329 242 28 303 399 128 160 222 246 114 64 349 90 154 208 105 198 391 44 408 255 313 8 435 470 385 120 341 275 102 95 305 188 286 156 268 260 430 113 104 264 177 148 283 453 223 212 442 126 436 294 468 6 269 473 273 229 396 469 16 84 277 41 429 80 27 17 69 344 226 71 256 111 386 195 72 290 181 306 132 337 131 85 471 92 39 136 214 91 338 302 152 149 261 130 87 178 452 457 310 228 461 326 418 432 422 63 467 456 34 221 356 331 22 202 370 124 127 163 217 367 324 401 406 244 403 343 31 215 100 158 278 13 98 416 374 296 254 382 159 279 354 197 139 311 460 458 19 176 155 388 143 319 368 384 183 169 101 161 362 439 157 9 325 417 238 400 266 30 387 323 0 191 220 295 381 312 97 330 248 59 118
345
318
203
357 464
369
297
146
236 70 56 61
35
2 88
210
336
189
36
162
145 207 393 378
42
288
379
180
194
60
96
123
427
201
117
82
93
340
115
413
151 307
240 213
26 1 89
140
38
67
300
360
187
5
171
25
420
165
108
448 46
107
304
431 135
45
376 375
434
433 262
173
23 21
29
361
352
170
62
68
415
332
232
409
18 74
371
40
447
450
423
451
235
366
414
412
285
182 365 153 411 373 327
474
76
43
397
86
211
353
58
446
218
144
315
243
66 185
112
99
459
390
37
342
316
395
333
398
200 322
425
110
410
57
7
463
419
166
204
75
281 10 11
287
293 168
383
65
265
280
14
358
472
78
230
225
234
199
347 122 298
94
282
79
51
317
125
404
445
73
309
444 394
81
142
274
184
239
137
299
48
53
284
83
364
363
426
252
455
129
253
465
351
167
224
77
186
320
441
314
193
121
141
359
339
15
196
289
219
33
321
54