249 103 417 326 310 133 328 90 458 290 128 109 156 113 408 442 435 216 231 259 269 158 331 461 443 438 367 47 283 329 337 382 191 341 55 101 294 381 439 212 418 246 471 424 400 64 303 159 272 436 233 267 49 197 296 4 176 205 104 392 59 120 255 237 27 457 17 384 428 244 399 462 324 456 28 469 163 127 256 228 402 154 220 323 148 238 39 87 222 175 12 350 208 264 24 248 69 30 31 209 105 372 85 368 260 32 169 136 407 98 80 242 295 349 271 356 301 396 50 454 308 106 155 401 405 9 92 91 161 391 266 202 0 257 278 245 406 422 440 124 313 430 374 214 102 453 183 344 468 149 251 71 63 377 130 126 134 277 370 270 227 97 150 348 41 306 116 164 362 157 177 432 229 466 403 386 195 346 279 84 143 22 188 215 470 429 389 172 387 354 305 72 258 254 261 139 114 311 416 286 138 334 452 16 147 179 221 325 20 388 276 449 223 330 250 268 319 335 217 6 190 312 118 8 263 338 52 355 437 421 181 241 460 13 44 292 302 119 95 467 100 111 198 174 273 192 275 152 247 385 380 291 19 206 343 132 178 473 226 3 34 131 160
345
318
203
464 357
369
297
146
70 236 61 56
35
88 2
210
336
189
36
162
145 393 207 378
42
288
379
180
194
60
96
123
427
201
117
82
93
340
115
413
307 151
240 213
89 1 26
140
38
67
300
360
187
5
171
25
420
165
108
46 448
107
304
431 135
45
375 376
434
433 262
173
21 23
29
361
352
170
62
68
415
332
232
409
18 74
371
40
447
450
423
451
235
366
414
412
285
411 153
474
76
43
397
86
211
353
58
446
218
144
315
243
66 185
112
99
459
390
37
342
316
395
333
398
322 200
425
110
410
57
7
463
419
166
204
75
11 10 281
287
293 168
383
65
265
280
14
358
472
78
230
225
234
199
347 298 122
94
282
79
51
317
125
404
445
73
309
394 444
81
142
274
184
373 182 365 327
239
137
299
48
53
284
83
364
363
426
252
455
129
253
465
351
167
224
77
186
320
441
314
193
121
141
359
339
15
196
289
219
33
321
54