104 227 457 356 149 372 103 259 330 442 92 443 27 223 367 432 246 214 120 131 113 273 205 341 391 269 183 169 305 396 84 311 6 85 335 267 178 453 30 312 208 229 32 198 382 257 254 405 106 407 272 403 0 159 467 422 39 130 349 348 466 139 275 248 328 105 176 156 295 188 385 8 160 424 268 303 124 292 308 468 116 163 392 228 325 301 22 294 216 154 440 374 343 12 174 161 91 9 192 264 55 4 13 452 209 220 136 138 460 429 437 17 418 270 245 381 241 126 368 80 256 143 400 197 247 436 469 244 279 408 458 64 97 134 100 242 109 362 261 255 150 355 127 416 172 179 473 215 338 406 233 41 283 190 191 158 237 164 389 471 277 251 111 231 380 438 399 326 439 350 47 49 260 296 428 337 16 132 462 20 28 181 69 114 221 286 19 323 101 119 157 152 31 44 177 102 344 217 59 24 98 71 258 290 306 454 470 147 155 271 212 118 148 72 461 63 435 128 346 421 238 50 278 52 226 386 291 388 354 324 370 331 319 329 449 334 377 387 250 202 417 195 302 3 276 402 266 87 401 34 95 133 430 263 175 249 310 206 456 90 384 313
345
318
203
357 464
369
297
146
70 61 56 236
35
88 2
210
336
189
36
162
207 145 393 378
42
288
379
180
194
60
96
123
427
201
117
82
93
340
115
413
151 307
240 213
1 26 89
140
38
67
300
360
187
5
171
25
420
165
108
46 448
107
304
431 135
45
375 376
434
262 433
222
173
21 23
29
361
352
170
62
68
415
332
232
409
18 74
371
40
447
450
423
451
235
366
414
412
285
411 153
474
76
43
397
86
211
353
58
446
218
144
315
243
185 66
112
99
459
390
37
342
316
395
333
398
322 200
425
110
410
57
7
463
419
166
204
75
10 281 11
287
293 168
383
65
265
280
14
358
472
78
230
225
234
199
347 122 298
94
282
79
51
317
125
404
445
73
309
444 394
81
142
274
184
373 365 327 182
239
137
299
48
53
284
83
364
363
426
252
455
129
253
465
351
167
224
77
186
320
441
314
193
121
141
359
339
15
196
289
219
33
321
54