466 279 198 52 385 39 127 303 407 354 84 326 400 131 231 69 149 458 90 177 452 223 278 133 467 264 229 350 355 34 148 460 150 389 248 176 362 418 324 341 191 387 195 259 254 132 295 283 439 138 41 313 436 80 202 119 113 8 468 116 134 256 152 408 449 292 143 429 106 473 104 63 228 392 257 111 312 205 261 384 244 59 233 329 188 422 301 226 6 206 50 432 260 266 247 461 438 290 124 136 4 214 160 178 3 17 343 437 258 367 120 212 164 331 251 462 179 291 241 156 158 457 91 335 453 221 370 209 302 95 103 208 161 270 19 12 440 9 49 109 443 20 356 277 47 22 30 311 238 27 130 217 87 377 192 71 237 92 249 294 399 13 310 85 215 126 100 44 190 306 435 296 402 128 24 157 271 64 406 456 337 421 349 323 197 55 97 374 346 28 348 216 391 174 139 246 72 269 396 102 114 32 471 403 172 263 227 368 255 267 118 338 159 181 242 382 220 245 154 417 330 155 305 183 380 344 286 442 430 175 163 424 16 98 470 405 386 334 105 147 388 325 469 319 169 0 401 31 308 101 328 454 272 428 416 275
345
318
203
357 464
369
297
146
70 236 56 61
35
88 2
210
336
189
36
162
378 393 145 207
42
288
379
180
194
60
96
123
427
201
117
82
93
273 276
340
115
413
151 307
213 240
89 26 1
140
38
67
300
360
372
187
5
171
25
420
165
108
46 448
107
304
381
135
45
375 376
434
262 433
222
173
21 23
29
361
268
352
170
62
68
415
332
232
409
74 18
371
40
447
450
423
451
235
366
414
412
285
153 411
474
76
43
397
86
211
353
58
446
218
144
315
243
66 185
112
99
459
390
37
342
316
395
333
398
322 200
425
110
410
57
7
463
419
166
204
75
11 10 281
287
168 293
383
65
265
280
14
358
472
78
230
225
234
199
347 298 122
94
282
79
51
317
125
404
445
73
309
394 444
81
142
274
184
365 373 182 327
239
137
299
48
53
284
83
364
363
426
252
455
129
253
465
351
167
224
77
186
320
441
314
193
121
250
141
359
339
431
15
196
289
219
33
321
54