150 202 286 124 418 264 362 8 370 113 155 84 387 260 71 209 457 49 308 346 215 408 403 329 338 272 337 128 355 432 469 449 157 440 325 341 100 175 133 206 436 217 130 116 417 17 344 439 198 52 98 172 249 80 467 261 296 258 191 335 392 32 466 31 311 244 97 190 275 216 290 149 91 158 220 437 59 44 462 367 396 391 13 27 159 69 246 109 92 266 179 28 416 377 12 399 283 101 438 294 131 229 278 238 90 176 460 326 195 104 50 223 136 267 368 471 428 313 192 208 458 39 105 16 85 152 147 374 442 22 401 19 270 106 343 430 305 164 221 9 237 400 292 34 169 256 334 354 227 473 257 422 72 156 388 41 20 197 470 349 453 402 319 461 154 138 47 95 269 259 132 30 291 181 126 64 456 87 212 160 214 348 331 120 295 435 231 242 382 183 4 421 443 248 255 303 263 241 177 302 103 6 406 454 405 350 301 468 271 384 205 389 102 118 452 330 385 127 139 233 323 143 386 188 3 148 226 279 0 174 63 328 407 306 424 119 356 254 163 380 324 429 228 251 310 312 247 134 111 55 114 24 161 245 178
345
318
203
464 357
369
297
146
56 61 70 236
35
88 2
210
336
189
36
162
207 145 393 378
42
288
379
180
194
60
96
123
427
201
117
82
93
276 273
340
115
413
151 307
213 240
1 26 89
140
38
67
300
360
372
187
5
171
25
420
165
108
448
107
304
381
135
45
375 376
434
262 433
222
173
21 23
29
361
268
352
170
62
68
415
332
232
409
74 18
371
40
447
450
423
451
235
366
414
412
285
411 153
474
76
43
397
86
211
353
58
446
277
218
144
315
243
185 66
112
99
459
390
37
342
316
395
333
398
200 322
425
110
410
57
7
463
419
166
204
75
10 281 11
287
293 168
383
65
265
280
14
358
472
46
78
230
225
234
199
122 347 298
94
282
79
51
317
125
404
445
73
309
444 394
81
142
274
184
365 182 373 327
239
137
299
48
53
284
83
364
363
426
252
455
129
253
465
351
167
224
77
186
320
441
314
193
121
250
141
359
339
431
15
196
289
219
33
321
54