202 148 449 391 143 470 155 466 0 416 406 191 198 172 97 233 19 192 400 3 34 254 389 209 348 256 17 133 113 247 8 50 156 28 147 149 27 124 118 127 163 349 228 178 374 131 329 160 4 158 355 106 179 22 109 150 457 104 443 326 432 116 69 403 417 278 261 100 338 259 92 227 229 174 428 98 260 161 214 216 377 102 341 399 439 438 435 255 424 453 471 63 456 188 64 134 39 311 257 30 323 16 468 385 337 103 418 190 242 85 313 286 119 251 362 279 458 312 91 308 473 335 469 47 132 49 41 197 13 205 380 436 407 291 437 328 208 128 212 367 461 237 295 159 138 388 408 95 249 221 223 59 275 263 350 220 258 324 467 356 430 152 105 269 130 55 217 195 136 111 20 354 343 80 44 6 460 402 215 12 330 396 325 305 440 84 154 241 52 24 176 294 114 303 169 346 296 226 177 157 245 392 181 334 462 9 32 454 370 387 246 384 344 301 401 442 302 271 452 71 244 306 126 101 231 175 183 270 405 429 422 292 248 386 331 206 421 283 310 272 139 87 319 266 382 31 120 164 72 264 238
345
318
203
464 357
369
297
146
70 61 236 56
35
88 2
210
336
189
36
162
378 207 393 145
42
288
379
180
194
60
96
123
427
201
117
82
93
273 276
340
115
413
151 307
240 213
26 89 1
140
38
67
300
360
372
187
5
171
25
420
165
108
448
107
304
381
135
45
376 375
434
433 262
222
173
23 21
29
361
268
352
170
62
68
415
332
232
409
74 18
371
40
447
450
423
451
235
366
414
412
285
153 411
474
76
43
397
86
211
353
58
446
277
218
144
315
243
66 185
112
99
459
390
37
342
316
395
333
398
322 200
425
110
410
57
7
463
419
166
204
75
10 281 11
287
293 168
383
65
265
280
14
358
472
46
290
78
230
225
234
199
122 298 347
94
282
79
51
317
125
404
445
73
309
394 444
81
142
274
184
365 373 182 327
239
90 267 368
137
299
48
53
284
83
364
363
426
252
455
129
253
465
351
167
224
77
186
320
441
314
193
121
250
141
359
339
431
15
196
289
219
33
321
54