101 247 159 105 271 149 150 214 206 3 39 374 227 157 306 50 164 283 254 52 346 443 392 337 120 263 324 266 399 161 131 63 84 343 442 116 344 139 292 335 198 349 325 119 421 355 279 87 460 382 391 34 181 241 233 385 440 148 85 174 272 439 387 405 311 462 92 95 205 138 221 6 163 179 31 177 147 124 461 22 275 220 100 24 401 424 231 429 228 296 269 245 19 380 237 223 102 278 407 242 310 264 248 143 402 301 356 215 454 175 258 118 71 20 334 330 348 17 249 13 155 160 457 16 216 329 259 134 154 130 208 41 49 341 59 350 255 0 384 400 471 8 30 32 217 303 176 386 367 362 458 109 435 126 197 190 169 467 430 438 436 91 354 377 55 291 403 453 202 466 313 132 308 312 473 156 256 191 133 12 456 128 418 305 113 246 72 428 114 295 406 260 4 323 331 261 389 69 470 209 111 319 103 408 9 28 178 183 106 64 251 238 27 396 152 127 270 47 338 104 212 136 416 388 229 192 417 257 195 302 244 172 432 422 158 80 44 286 469 437 188 328 98 294 97 468 226 452 449 326
345
318
203
464 357
369
297
146
70 61 236 56
35
88 2
210
336
189
36
162
378 207 145 393
42
288
379
180
194
60
96
123
427
201
117
82
93
276 273
340
115
413
151 307
213 240
89 26 1
140
38
67
300
360
372
187
5
171
25
420
165
108
448
107
304
381
135
45
375 376
434
433 262
222
173
21 23
29
361
268
352
170
62
68
415
332
232
409
18 74
371
40
447
450
423
451
235
366
414
412
285
153 411
474
76
43
397
86
211
353
58
446
277
218
144
315
243
185 66
112
99
459
390
37
342
316
395
333
398
370
322 200
425
110
410
57
7
463
419
166
204
75
281 10 11
287
293 168
383
65
265
280
14
358
472
46
290
78
230
225
234
199
347 298 122
94
282
79
51
317
125
404
445
73
309
444 394
81
142
274
184
365 373 182 327
239
368 267 90
137
299
48
53
284
83
364
363
426
252
455
129
253
465
351
167
224
77
186
320
441
314
193
121
250
141
359
339
431
15
196
289
219
33
321
54