12 468 432 406 471 270 377 124 462 301 266 13 296 387 183 188 424 330 158 407 337 126 63 334 362 382 64 128 422 380 71 104 248 228 138 202 456 154 105 114 226 177 338 161 97 385 461 118 237 275 329 220 197 443 132 258 69 133 111 439 469 430 323 392 341 438 87 452 256 335 348 324 354 59 386 435 191 176 49 467 164 159 245 127 174 400 229 396 417 131 217 24 4 190 313 440 241 98 208 401 214 92 205 178 192 312 458 308 384 102 44 181 278 0 103 305 6 209 136 249 8 263 172 466 346 206 215 20 223 3 139 303 291 264 233 429 374 169 221 292 106 150 156 331 302 286 356 326 50 34 389 311 95 109 405 152 116 84 17 72 470 399 30 130 85 143 179 251 16 454 231 28 391 227 453 306 283 91 402 113 55 437 367 101 242 119 148 325 9 271 32 294 436 160 259 147 416 449 343 473 403 295 155 157 344 254 120 149 272 175 134 269 428 163 19 52 442 80 39 328 350 198 100 255 261 238 421 279 22 355 31 244 195 246 47 418 41 260 27 457 460 319 349 212 257 247 388
345
318
203
464 357
369
297
146
56 70 236 61
35
2 88
210
336
189
36
162
216
378 207 145 393
42
288
379
180
194
60
96
123
427
201
117
82
93
276 273
340
115
413
151 307
213 240
26 1 89
140
38
67
300
360
372
187
5
171
25
420
165
108
448
107
304
381
135
45
375 376
434
262 433
222
173
23 21
29
361
268
352
170
62
68
415
332
232
409
74 18
371
40
447
450
423
451
235
366
414
412
285
411 153
474
76
43
397
86
211
353
58
446
277
408
218
144
315
243
66 185
112
99
459
390
37
342
316
395
333
398
370
322 200
425
110
410
57
7
463
419
166
204
75
10 281 11
287
168 293
383
65
265
280
14
358
472
46
290
78
230
225
234
199
122 298 347
310
94
282
79
51
317
125
404
445
73
309
444 394
81
142
274
184
182 327 373 365
239
368 90 267
137
299
48
53
284
83
364
363
426
252
455
129
253
465
351
167
224
77
186
320
441
314
193
121
250
141
359
339
431
15
196
289
219
33
321
54