392 260 160 467 430 460 372 261 152 68 366 57 295 250 456 145 193 126 70 207 401 370 144 204 234 472 271 299 340 225 181 427 210 190 254 184 102 444 411 168 227 165 86 0 169 243 459 18 244 216 230 393 118 345 214 49 395 135 38 287 92 312 302 29 267 237 195 98 13 384 63 317 9 262 306 60 469 223 278 397 426 327 1 217 77 440 27 87 367 352 148 281 259 389 124 466 65 252 120 374 357 319 23 303 320 249 46 123 402 73 464 400 406 156 375 310 176 380 215 56 441 134 75 365 11 93 54 321 2 235 463 248 360 133 292 138 291 296 376 106 405 97 167 51 269 363 391 284 30 245 131 338 280 47 127 421 37 416 471 41 415 307 448 236 339 449 242 174 437 72 141 394 350 26 263 255 31 318 162 458 407 288 164 218 264 289 468 316 183 25 42 445 66 309 347 188 301 78 161 12 211 432 272 15 80 328 199 151 346 429 348 439 101 279 154 231 202 128 34 4 461 194 10 203 88 200 455 171 275 84 385 140 7 139 189 182 143 353 85 266 268 201 329 399 293 113 107 344 297 105 175 390 53 206 283 313 276 226 228 241 446 157 232 130 186 273 382 290 341 315 453 410 192 333 443 100 314 104 286 147 137 442 81 220 213 20 438 238 55 233 52 342 149 35 377 240 208 246 5 336 454 69 253 91 356 59 379 371 420 274 330 396 450 6 114 150 61 462 388 90 403 424 277 205 32 119 142 359 381 136 48 355 99 343 153 219 177 159 364 179 33 386 413 180 408 418 368 325 95 383 185 22 64 300 423 173 62 334 166 323 109 473 125 417 224 378 132 474 447 457 247 129 431 155 305 332 28 158 270 163 361 422 19 326 16 89 40 17 257 178 44 221 82 285 452 14 24 122 311 349 470 198 358 116 251 433 222 229 387 354 94 337 434 428 36 8 298 39 256 112 425 172 436 335 435 103 50 197 71 258 451 21 308 79 170 3 362 294 111 322 351 74 212 324 373 265 108 58 409 76 331 117 191 43 209
369
146
96
115
67
187
304 465
45
414
412
398
110
419
282
404
239
83
121
196