296 133 63 432 422 306 438 275 22 132 177 34 113 367 209 155 120 402 341 238 266 303 148 335 261 439 28 291 346 161 105 301 468 429 55 59 181 245 156 188 324 237 8 6 231 456 244 295 323 72 3 424 233 50 106 24 97 330 251 223 116 227 430 17 206 263 95 471 391 9 331 136 286 221 176 16 272 30 174 437 418 269 305 228 382 205 264 41 215 466 417 92 131 134 100 229 195 164 198 197 278 349 435 460 98 85 0 355 302 91 71 399 159 328 292 350 458 249 118 461 31 19 169 32 241 469 406 392 256 344 449 428 467 258 163 356 150 319 388 401 64 101 452 138 270 160 13 283 348 69 470 114 462 4 329 175 453 260 362 130 454 191 294 279 152 183 242 248 443 457 226 128 325 52 157 49 384 84 421 190 380 12 202 257 20 154 337 255 405 212 338 407 442 119 246 396 103 111 147 436 158 208 385 27 259 47 127 104 440 220 87 386 326 389 39 377 308 44 172 254 217 143 80 126 271 139 313 416 312 149 179 374 214 334 192 102 124 343 109 387 247 178 473 354
345
318
203
464 357
369
297
146
61 70 56 236
35
88 2
210
336
189
36
162
216
207 393 145 378
42
288
379
180
194
60
96
123
427
201
117
82
93
276 273
340
115
413
307 151
213 240
89 26 1
140
38
67
300
360
372
187
5
171
25
420
165
108
448
107
304
381
135
311
45
375 376
434
262 433
222
173
21 23
29
361
268
352
170
62
68
415
332
232
409
18 74
371
40
447
450
423
451
235
366
414
412
285
411 153
474
76
43
397
86
211
353
58
446
277
408
218
144
315
243
66 185
112
99
459
390
37
342
316
395
333
398
370
322 200
425
110
410
57
7
400 403
463
419
166
204
75
11
287
168 293
383
65
265
280
14
358
472
46
10 281
290
78
230
225
234
199
347 122 298
310
94
282
79
51
317
125
404
445
73
309
444 394
81
142
274
184
365 373 182 327
239
267 368 90
137
299
48
53
284
83
364
363
426
252
455
129
253
465
351
167
224
77
186
320
441
314
193
121
250
141
359
339
431
15
196
289
219
33
321
54