229 326 80 128 97 266 324 105 148 150 220 406 126 362 206 71 174 469 132 49 405 401 458 22 233 139 377 275 69 63 127 19 356 44 467 264 159 120 164 191 354 341 301 16 272 101 237 176 95 260 228 440 242 183 214 41 9 312 454 422 221 417 152 286 468 114 259 106 143 424 438 208 147 197 306 328 27 432 172 355 256 436 247 227 402 109 198 245 169 249 161 52 55 389 215 269 202 223 471 231 466 392 350 50 179 296 470 192 138 263 175 30 338 20 160 59 344 343 248 313 346 154 399 452 119 302 205 136 429 100 349 116 396 85 331 87 104 251 439 195 295 416 428 437 241 178 92 261 17 387 330 113 461 325 155 134 158 380 283 217 456 257 0 3 430 443 442 435 391 181 133 308 255 131 271 130 270 374 303 385 156 226 279 384 421 157 337 212 163 292 177 278 39 118 382 258 473 91 246 31 4 460 407 329 294 323 32 98 190 12 149 111 335 367 418 238 305 319 103 84 348 457 28 453 254 291 13 102 24 188 386 388 6 8 449 334 64
345
318
203
357 464
369
297
146
70 56 61 236
35
88 2
210
336
189
36
162
216
378 145 393 207
42
288
379
180
194
60
96
123
427
201
117
82
72 47 462 34
93
276 273
340
115
413
151 307
213 240
26 1 89
140
38
67
300
360
372
187
5
171
25
420
165
108
448
107
304
381
135
311
45
375 376
434
262 433
222
173
21 23
29
361
268
352
170
62
68
415
332
232
409
74 18
371
40
447
450
423
451
235
366
414
412
285
124 244 209
411 153
474
76
43
397
86
211
353
58
446
277
408
218
144
315
243
185 66
112
99
459
390
37
342
316
395
333
398
370
200 322
425
110
410
57
7
400 403
463
419
166
204
75
11
287
168 293
383
65
265
280
14
358
472
46
10 281
290
78
230
225
234
199
122 298 347
310
94
282
79
51
317
125
404
445
73
309
394 444
81
142
274
184
373 365 182 327
239
267 368 90
137
299
48
53
284
83
364
363
426
252
455
129
253
465
351
167
224
77
186
320
441
314
193
121
250
141
359
339
431
15
196
289
219
33
321
54