134 59 183 102 17 63 279 439 64 176 440 258 401 286 154 468 257 292 275 226 302 458 354 105 80 269 39 416 215 143 101 296 241 152 343 341 467 422 452 87 127 331 120 177 435 303 328 407 442 355 466 31 270 344 334 242 19 221 330 251 453 449 191 231 85 169 460 406 109 30 387 178 220 136 172 278 248 233 217 179 417 223 256 260 128 254 116 150 421 4 118 392 266 356 418 212 229 350 20 227 396 111 6 174 323 263 255 438 238 245 237 69 329 164 22 126 430 319 130 32 454 202 195 348 428 295 149 28 429 131 8 114 52 13 432 16 163 424 405 95 326 367 456 157 374 389 206 132 92 384 181 50 106 391 188 24 461 385 305 198 272 27 436 261 312 190 205 382 161 84 349 291 313 228 148 443 91 346 437 386 139 12 335 388 138 473 192 259 470 159 156 113 308 147 214 337 264 119 3 247 55 294 100 457 246 380 301 98 399 249 471 71 306 324 271 325 338 104 155 160 9 208 44 197 402 49 0 97 41 469 377 175 283 158 103 362
345
318
203
464 357
369
297
146
61 70 56 236
35
2 88
210
336
189
36
162
216
393 378 145 207
42
288
379
180
194
60
96
123
427
201
117
82
462 72 47 34
93
273 276
340
115
413
307 151
240 213
26 89 1
140
38
67
300
360
372
187
5
171
25
420
165
108
448
107
304
381
135
311
45
376 375
434
262 433
222
173
23 21
29
361
268
352
170
62
68
415
332
232
409
18 74
371
40
447
450
423
451
235
366
414
412
285
244 209 124
153 411
474
76
43
397
86
211
353
58
446
277
408
218
144
315
243
66 185
112
99
459
390
37
342
316
395
333
398
370
200 322
425
110
410
57
7
133
400 403
463
419
166
204
75
11
287
293 168
383
65
265
280
14
358
472
46
281 10
290
78
230
225
234
199
298 122 347
310
94
282
79
51
317
125
404
445
73
309
394 444
81
142
274
184
327 182 365 373
239
90 267 368
137
299
48
53
284
83
364
363
426
252
455
129
253
465
351
167
224
77
186
320
441
314
193
121
250
141
359
339
431
15
196
289
219
33
321
54