188 238 24 305 85 249 221 329 388 178 92 32 256 179 449 421 64 19 197 416 4 217 324 355 286 254 270 152 382 248 9 468 241 109 384 220 337 458 457 271 442 147 198 0 440 319 436 473 226 69 302 155 113 335 159 17 158 105 348 469 136 120 255 260 192 385 208 98 374 466 127 126 245 292 356 181 30 470 195 405 453 223 119 407 44 80 31 461 326 467 52 389 176 406 429 206 343 134 344 417 401 39 399 149 59 28 338 157 283 251 22 362 346 438 41 148 331 27 190 424 100 349 227 266 97 20 325 50 341 272 131 175 301 471 392 183 87 278 12 247 435 257 212 460 101 6 454 418 269 422 143 104 334 330 439 443 156 161 437 191 160 391 237 296 295 118 205 386 354 139 103 308 128 95 102 215 55 154 246 63 164 169 233 132 367 387 228 231 303 84 452 377 456 49 264 259 214 430 350 71 177 174 116 130 13 150 258 106 396 172 291 402 261 275 323 312 138 114 306 428 202 163 432 16 242 263 8 111 380 91 328 229 3
345
318
203
357 464
369
297
146
56 61 70 236
35
88 2
210
336
189
36
162
216
393 145 378 207
42
288
379
180
194
60
96
123
427
201
117
82
462 72 34 47
294
93
276 273
340
115
413
151 307
213 240
1 89 26
140
38
67
300
360
372
187
5
171
25
420
165
108
448
107
304
381
135
311
45
376 375
434
262 433
222
173
21 23
29
361
268
352
170
62
68
415
332
232
409
18 74
371
40
447
450
423
451
235
366
414
412
285
124 244
153 411
474
76
43
397
86
211
353
58
446
277
408
218
144
315
243
185 66
313 279
112
99
459
390
37
342
316
395
333
398
370
322 200
425
110
410
57
7
133
400 403
463
419
166
204
75
11
287
168 293
383
65
265
280
14
358
472
46
281 10
209
290
78
230
225
234
199
347
310
94
282
79
51
317
125
404
445
73
309
394 444
81
142
274
184
327 373 182 365
239
267 90 368
137
299
48
53
284
83
364
363
426
252
455
298 122
129
253
465
351
167
224
77
186
320
441
314
193
121
250
141
359
339
431
15
196
289
219
33
321
54