33 213 468 13 445 377 453 366 55 392 329 310 368 89 170 299 182 52 140 359 252 268 405 74 82 66 20 62 276 363 318 291 349 246 307 434 328 18 456 126 284 150 136 303 104 46 343 272 164 240 241 330 9 449 288 333 57 399 311 451 168 391 176 275 148 394 86 292 283 247 389 158 91 256 109 375 450 277 428 201 290 347 350 424 422 407 180 324 346 261 314 265 75 141 7 232 469 243 286 53 207 174 383 14 51 463 249 218 273 195 382 413 209 294 155 355 112 41 269 94 437 384 131 381 379 444 262 72 130 364 167 341 192 442 123 127 144 198 97 169 334 306 102 139 32 425 357 237 403 459 278 199 309 258 408 197 390 204 60 163 255 367 224 128 107 270 402 409 43 124 210 191 171 173 264 90 253 274 436 111 319 71 181 362 175 344 285 370 162 471 48 455 312 156 105 87 88 208 177 118 443 316 50 348 172 0 189 401 327 461 473 397 10 388 194 320 250 248 99 25 267 38 337 34 157 28 44 358 68 376 233 354 386 151 200 254 395 2 63 287 222 215 27 228 410 315 78 435 76 135 221 134 238 56 202 385 438 80 472 457 474 19 147 417 335 418 166 37 460 59 211 321 108 54 423 132 452 220 29 49 464 184 93 458 73 356 305 374 227 421 92 353 427 31 441 289 125 426 467 205 396 122 380 142 332 138 440 260 22 183 61 186 235 116 8 266 64 365 300 212 236 117 259 137 216 446 378 58 448 165 338 35 6 439 342 466 24 149 340 3 251 339 153 360 179 69 352 373 223 433 420 302 230 257 16 106 21 206 12 203 454 145 431 133 361 351 119 432 336 245 217 400 416 15 326 143 95 103 36 26 47 447 100 113 70 313 429 411 159 178 325 331 154 244 190 5 161 301 160 393 4 308 406 345 152 242 40 219 23 271 372 296 129 387 295 11 231 371 281 323 322 214 470 77 263 298 65 234 225 1 293 188 17 101 85 39 98 114 120 317 462 185 279 297 84 415 30 229 79 42 193 81 430 226
369
146
96
115
67
187
465 304
45
414
412
398
110
419
280
282
404
239
83
121
196