460 101 388 63 156 237 127 402 335 428 52 177 452 334 468 208 22 98 331 305 126 164 430 337 271 6 202 49 245 247 104 27 195 149 422 242 148 174 473 134 172 278 302 349 30 303 355 100 114 416 116 439 436 9 443 55 246 456 169 220 301 205 17 183 130 102 424 380 382 103 150 440 432 292 312 350 198 323 214 270 453 238 344 471 84 272 249 251 188 385 362 227 8 178 80 157 392 261 95 3 24 139 330 341 131 159 266 138 221 377 4 306 328 128 391 384 91 389 257 20 64 256 457 32 407 120 136 59 132 109 28 212 217 401 19 387 192 190 39 319 181 160 260 233 283 291 197 263 346 179 152 258 326 255 113 338 396 85 343 106 470 467 241 155 429 417 449 87 438 325 329 259 176 248 296 461 374 264 254 367 275 97 356 231 348 111 44 69 154 324 118 229 191 143 206 16 405 354 386 435 454 175 458 269 50 418 31 215 158 13 147 163 406 469 71 0 442 105 92 286 295 437 119 399 308 41 12 228 466 421 226 161
345
318
203
464 357
369
297
146
56 61 70 236
35
88 2
210
336
189
36
162
216
145 393 207 378
42
288
379
180
194
60
96
123
427
201
117
82
47 462
294
93
276 273
340
115
413
151 307
213 240
223
1 26 89
140
38
67
300
360
372
187
5
171
25
420
165
108
448
107
304
381
135
311
45
375 376
434
262 433
222
173
23 21
29
361
268
352
170
62
68
415
332
232
409
74 18
371
40
447
450
423
34 72
451
235
366
414
412
285
244 124
411 153
474
76
43
397
86
211
353
58
446
277
408
218
144
315
243
66 185
313 279
112
99
459
390
37
342
316
395
333
398
370
322 200
425
110
410
57
7
133
400 403
463
419
166
204
75
11
287
293 168
383
65
265
280
14
358
472
46
281 10
209
290
78
230
225
234
199
347
310
94
282
79
51
317
125
404
445
73
309
444 394
81
142
274
184
365 373 182 327
239
90 368 267
137
299
48
53
284
83
364
363
426
252
455
298 122
129
253
465
351
167
224
77
186
320
441
314
193
121
250
141
359
339
431
15
196
289
219
33
321
54