388 39 238 155 278 214 198 212 44 348 443 461 149 139 227 331 377 436 266 319 296 452 438 440 69 456 27 292 164 0 148 469 183 329 215 6 263 401 302 114 405 202 291 136 206 245 154 418 229 344 248 260 163 176 172 338 303 422 382 301 242 138 449 470 50 195 4 116 134 175 442 466 275 384 20 104 271 63 97 150 24 350 120 354 424 131 254 367 386 283 101 355 328 64 98 91 380 428 272 17 256 31 467 460 228 374 132 59 286 220 197 454 158 325 471 251 177 41 106 247 349 246 126 147 174 205 439 103 453 161 306 188 305 391 19 80 389 334 181 249 49 385 255 52 118 179 113 323 190 100 160 28 421 143 237 326 435 192 308 156 127 473 437 84 128 226 324 8 430 178 3 432 102 159 402 407 258 191 241 208 343 12 330 22 416 295 417 264 429 399 87 231 257 152 119 269 9 261 335 32 341 169 95 105 346 30 109 111 259 337 356 406 55 221 396 458 392 233 387 130 217 92 362 457 468 270 71 157 312
345
318
203
464 357
369
297
146
236 61 56 70
35
88 2
210
336
189
36
162
216
378 207 145 393
42
288
379
180
194
60
96
123
427
201
117
82
47 462
294
93
276 273
340
115
413
151 307
240 213
223
26 89 1
140
38
67
300
360
372
187
5
16 13 85
171
25
420
165
108
448
107
304
381
135
311
45
375 376
434
433 262
222
173
21 23
29
361
268
352
170
62
68
415
332
232
409
18 74
371
40
447
450
423
72 34
451
235
366
414
412
285
244 124
411 153
474
76
43
397
86
211
353
58
446
277
408
218
144
315
243
66 185
279 313
112
99
459
390
37
342
316
395
333
398
370
322 200
425
110
410
57
7
133
400 403
463
419
166
204
75
11
287
293 168
383
65
265
280
14
358
472
46
281 10
209
290
78
230
225
234
199
347
310
94
282
79
51
317
125
404
445
73
309
394 444
81
142
274
184
373 182 327 365
239
368 267 90
137
299
48
53
284
83
364
363
426
252
455
298 122
129
253
465
351
167
224
77
186
320
441
314
193
121
250
141
359
339
431
15
196
289
219
33
321
54