161 328 324 323 305 303 120 39 326 449 197 31 468 91 113 343 261 388 172 264 254 95 50 428 169 291 292 457 175 103 149 136 126 191 139 181 109 148 138 469 98 101 134 335 12 157 272 227 460 312 92 391 246 247 212 97 63 30 251 380 470 20 4 437 396 466 214 438 130 190 330 452 233 308 319 422 471 467 367 229 17 215 163 159 155 245 255 9 296 417 436 424 183 164 100 22 350 260 177 156 231 384 178 221 176 248 202 114 325 259 80 439 402 385 389 302 150 41 106 28 341 329 334 44 237 421 19 69 458 405 331 228 220 440 453 377 242 49 283 32 399 442 217 338 456 84 127 295 278 147 473 257 205 59 354 286 132 143 52 430 407 275 348 192 195 256 152 179 238 131 270 0 64 258 356 346 263 116 174 266 6 198 55 249 158 301 429 206 154 386 374 71 241 27 337 87 432 8 344 271 269 306 349 355 435 160 118 102 104 105 208 406 454 128 418 226 461 3 382 416 392 387 188 443 362 111 119
345
318
203
357 464
369
297
146
61 236 56 70
35
2 88
210
336
189
36
162
216
145 207 393 378
42
288
379
180
194
60
96
123
427
201
117
82
462 47
294
93
273 276
340
115
413
151 307
240 213
223
89 1 26
140
38
67
300
360
372
187
5
13 85 16
171
25
420
165
108
448
107
304
381
135
311
45
401 24
376 375
434
262 433
222
173
23 21
29
361
268
352
170
62
68
415
332
232
409
74 18
371
40
447
450
423
72 34
451
235
366
414
412
285
124 244
153 411
474
76
43
397
86
211
353
58
446
277
408
218
144
315
243
185 66
313 279
112
99
459
390
37
342
316
395
333
398
370
200 322
425
110
410
57
7
133
403 400
463
419
166
204
75
11
287
168 293
383
65
265
280
14
358
472
46
281 10
209
290
78
230
225
234
199
347
310
94
282
79
51
317
125
404
445
73
309
444 394
81
142
274
184
182 327 365 373
239
368 267 90
137
299
48
53
284
83
364
363
426
252
455
298 122
129
253
465
351
167
224
77
186
320
441
314
193
121
250
141
359
339
431
15
196
289
219
33
321
54