221 377 469 346 212 435 326 399 220 331 206 181 440 238 50 149 202 190 278 164 389 119 95 192 80 453 264 109 303 136 330 114 291 100 157 245 356 266 158 174 69 160 59 241 324 461 195 138 97 323 255 4 242 27 183 471 191 391 269 260 439 139 32 156 154 312 251 429 247 418 120 132 143 344 228 385 392 374 178 402 127 98 128 64 259 405 49 44 428 302 421 437 306 348 329 12 275 104 271 87 443 84 308 231 334 458 457 52 350 261 172 257 354 396 105 116 387 248 468 355 118 19 226 452 208 406 319 30 102 349 254 341 103 41 386 436 131 367 3 249 263 147 380 362 270 0 337 101 159 177 432 113 456 55 473 424 246 71 325 150 227 454 134 214 467 176 169 39 152 217 148 198 335 296 22 328 470 343 91 197 130 161 295 283 63 256 286 17 272 111 205 92 407 175 155 258 9 438 215 126 422 442 338 430 417 460 106 237 163 388 229 8 305 301 20 179 188 466 416 292 382 6
345
318
203
464 357
369
297
146
61 70 236 56
35
31 28
2 88
210
336
189
36
162
216
378 145 207 393
42
288
379
180
194
60
96
123
427
201
117
82
47 462
294
93
273 276
340
115
413
307 151
240 213
223
1 26 89
140
38
67
300
360
372
187
5
85 13 16
171
25
420
165
108
448
107
304
381
135
311
45
24 401
375 376
434
262 433
222
173
23 21
29
361
268
352
170
449 384 233
62
68
415
332
232
409
74 18
371
40
447
450
423
34 72
451
235
366
414
412
285
124 244
411 153
474
76
43
397
86
211
353
58
446
277
408
218
144
315
243
66 185
279 313
112
99
459
390
37
342
316
395
333
398
370
322 200
425
110
410
57
7
133
400 403
463
419
166
204
75
11
287
168 293
383
65
265
280
14
358
472
46
10 281
209
290
78
230
225
234
199
347
310
94
282
79
51
317
125
404
445
73
309
394 444
81
142
274
184
365 373 182 327
239
90 368 267
137
299
48
53
284
83
364
363
426
252
455
122 298
129
253
465
351
167
224
77
186
320
441
314
193
121
250
141
359
339
431
15
196
289
219
33
321
54