319 272
345
374 324 50 473 312 295 191 80 457 91 355 3 269 160 8 435 109 344 264 227 132 181 266 323 138 424 192 283 306 356 139 169 197 84 466 20 214 206 251 178 190 346 212 228 205 143 443 326 454 217 226 437 468 391 134 238 105 407 126 385 113 179 131 237 377 147 261 127 263 30 291 380 100 150 69 241 220 301 119 247 334 286 12 432 102 92 183 396 103 157 4 292 255 63 246 59 64 215 389 440 158 172 174 128 302 256 152 382 343 456 271 116 27 442 428 22 95 242 430 417 9 149 260 164 328 330 71 97 87 198 49 386 258 6 362 337 335 341 406 405 231 350 467 163 275 111 156 354 470 208 331 429 308 188 44 439 458 259 469 387 460 325 221 154 130 329 104 305 155 39 202 177 270 303 438 120 421 114 19 471 254 0 348 159 338 367 41 392 422 388 278 32 106 136 436 249 175 52 461 453 402 416 161 229 296 101 17 248 55 257 195 148 349 118 399 176 98 452 418 245
318
203
464 357
369
297
146
56 70 61 236
35
28 31
88 2
210
336
189
36
162
216
207 393 378 145
42
288
379
180
194
60
96
123
427
201
117
82
47 462
294
93
276 273
340
115
413
151 307
213 240
223
1 26 89
140
38
67
300
360
372
187
5
16 85 13
171
25
420
165
108
448
107
304
381
135
311
45
401 24
376 375
434
433 262
222
173
21 23
29
361
268
352
170
233 384 449
62
68
415
332
232
409
74 18
371
40
447
450
423
34 72
451
235
366
414
412
285
124 244
153 411
474
76
43
397
86
211
353
58
446
277
408
218
144
315
243
66 185
313 279
112
99
459
390
37
342
316
395
333
398
370
322 200
425
110
410
57
7
133
400 403
463
419
166
204
75
11
287
293 168
383
65
265
280
14
358
472
46
10 281
209
290
78
230
225
234
199
347
310
94
282
79
51
317
125
404
445
73
309
394 444
81
142
274
184
182 365 373 327
239
90 267 368
137
299
48
53
284
83
364
363
426
252
455
298 122
129
253
465
351
167
224
77
186
320
441
314
193
121
250
141
359
339
431
15
196
289
219
33
321
54