272 319
345
387 249 147 98 286 104 175 32 158 164 335 44 406 330 63 356 266 417 429 362 152 30 443 391 191 424 136 389 221 254 17 169 248 407 106 6 377 126 367 380 350 0 245 100 206 402 439 430 329 344 385 179 292 473 9 84 132 467 456 138 197 97 422 4 260 176 302 341 178 453 303 101 39 208 192 202 27 3 95 102 159 111 134 118 454 258 181 452 237 460 278 217 438 148 255 435 172 64 114 127 269 143 386 418 246 251 155 388 157 355 296 271 130 257 195 346 312 12 263 343 241 442 80 396 261 256 69 334 466 50 399 228 337 305 19 440 105 458 308 323 264 348 421 354 468 326 382 103 149 283 183 119 116 238 22 324 331 338 461 432 301 55 275 325 469 328 349 471 128 91 436 71 198 41 226 227 59 20 131 457 259 214 205 231 470 49 113 437 174 242 160 212 150 52 270 87 163 188 215 291 161 306 374 220 156 295 229 109 247 428 120 392 92 190 154
318
203
464 357
369
297
146
236 56 70 61
35
31 28
88 2
210
336
189
36
162
216
145 378 207 393
42
288
379
180
194
60
96
123
427
201
117
82
47 462
294
93
273 276
340
115
413
151 307
240 213
223
89 26 1
140
38
67
300
360
372
187
5
16 13 85
171
25
420
165
108
448
107
304
381
135
311
45
401 24
376 375
405 416
139
434
262 433
222
173
21 23
29
361
268
352
170
384 233 449
62
68
415
332
232
409
74 18
371
40
447
450
423
72 34
451
235
366
414
412
285
124 244
153 411
474
76
43
397
86
211
353
58
446
277
408
218
144
315
243
185 66
313 279
112
99
459
390
37
342
316
395
333
398
370
322 200
425
8
110
410
57
7
177
133
403 400
463
419
166
204
75
11
287
293 168
383
65
265
280
14
358
472
46
281 10
209
290
78
230
225
234
199
347
310
94
282
79
51
317
125
404
445
73
309
394 444
81
142
274
184
365 373 182 327
239
90 368 267
137
299
48
53
284
83
364
363
426
252
455
122 298
129
253
465
351
167
224
77
186
320
441
314
193
121
250
141
359
339
431
15
196
289
219
33
321
54