184 191 227 257 61 289 126 30 243 434 474 118 319 338 407 179 242 367 300 186 301 415 334 274 311 165 214 82 212 312 225 199 163 66 157 354 151 441 287 5 386 456 213 468 228 198 113 229 34 329 248 424 283 10 48 291 347 49 134 406 314 124 206 393 293 473 120 379 430 131 460 381 200 4 169 421 59 387 428 331 207 202 24 136 364 162 180 140 139 7 106 245 147 368 261 109 452 345 410 339 235 408 448 170 236 335 269 273 359 137 246 167 90 461 355 71 127 181 389 188 425 411 302 316 336 88 168 175 78 352 52 453 178 57 366 130 160 444 182 382 156 133 371 417 333 27 211 348 84 307 310 216 443 353 149 51 172 21 233 285 55 240 116 185 252 446 445 438 205 402 183 290 394 471 3 275 469 377 278 210 413 218 286 268 296 449 351 385 15 435 125 19 250 321 101 44 447 102 39 305 41 28 36 432 2 153 219 400 470 455 373 284 360 100 281 1 54 18 363 361 376 141 388 95 288 422 107 35 439 325 197 80 47 472 322 409 318 63 86 76 20 143 405 222 341 350 277 221 98 392 158 33 29 378 60 356 161 383 450 166 423 0 403 299 174 254 262 370 253 458 303 396 91 265 397 349 73 454 427 332 259 154 237 92 342 298 89 144 62 255 226 224 77 467 230 75 276 390 69 65 64 9 343 320 104 420 148 31 380 6 208 150 138 171 201 190 123 112 32 365 372 231 114 247 128 232 105 220 306 159 85 122 358 173 263 238 308 37 401 177 418 297 462 195 117 267 203 22 194 266 81 357 152 145 42 279 217 374 251 457 209 375 14 40 395 99 111 46 328 264 53 326 192 330 451 426 337 466 215 429 295 189 323 50 12 313 431 399 132 362 327 17 272 244 135 23 87 256 103 440 324 119 416 292 38 384 204 72 270 344 26 8 442 56 463 317 241 97 234 176 193 108 58 13 142 68 74 155 93 11 437 94 79 70 129 249 260 223 294 43 346 464 433 25 258 16 309 164 315 271 391 436 459
369
146
96
340
115
67
187
304 465
45
414
412
398
110
419
280
282
404
239
83
121
196