319 272
345
367 27 143 259 91 263 466 92 6 71 438 195 387 155 221 0 32 212 161 102 59 331 245 217 191 159 148 380 3 356 257 254 399 374 127 100 44 128 283 172 227 330 181 261 156 164 348 231 422 179 175 388 329 80 436 291 454 205 114 341 424 355 176 343 258 220 247 286 98 470 22 50 17 118 52 255 377 386 428 134 324 106 160 467 39 87 392 126 226 346 440 246 437 113 30 471 229 303 202 391 326 305 296 468 188 452 469 334 328 269 136 458 248 109 301 55 116 292 344 443 362 101 266 407 270 349 105 157 158 473 406 206 163 396 323 260 103 249 389 432 138 197 453 9 461 308 64 20 214 208 338 183 417 119 198 120 147 178 264 104 41 306 325 418 132 275 97 251 237 335 63 111 174 84 302 350 49 69 154 228 215 295 271 354 238 312 460 169 242 337 19 192 429 402 457 149 435 150 241 278 12 256 130 4 131 456 442 95 190 430 152 421 382 385 439
318
203
357 464
369
297
146
56 236 70 61
35
31 28
88 2
210
336
189
36
162
216
207 378 145 393
42
288
379
180
194
60
96
123
427
201
117
82
47 462
294
93
273 276
340
115
413
151 307
240 213
223
26 89 1
140
38
67
300
360
372
187
5
16 13 85
171
25
420
165
108
448
107
304
381
135
311
45
401 24
375 376
405 416
139
434
262 433
222
173
23 21
29
361
268
352
170
384 233 449
62
68
415
332
232
409
18 74
371
40
447
450
423
34 72
451
235
366
414
412
285
244 124
411 153
474
76
43
397
86
211
353
58
446
277
408
218
144
315
243
66 185
279 313
112
99
459
390
37
342
316
395
333
398
370
322 200
425
8
110
410
57
7
177
133
403 400
463
419
166
204
75
11
287
293 168
383
65
265
280
14
358
472
46
10 281
209
290
78
230
225
234
199
347
310
94
282
79
51
317
125
404
445
73
309
394 444
81
142
274
184
365 373 182
239
267 90 368
137
299
48
53
284
83
327
364
363
426
252
455
122 298
129
253
465
351
167
224
77
186
320
441
314
193
121
250
141
359
339
431
15
196
289
219
33
321
54