272 319
345
229 50 458 98 323 292 331 422 154 424 264 120 382 9 97 92 330 259 440 102 27 206 471 190 22 245 247 52 260 19 64 4 295 118 228 302 278 469 343 179 466 20 114 418 256 453 388 12 192 324 349 258 69 246 470 385 220 443 328 195 49 155 156 198 305 100 215 308 237 406 148 109 348 44 261 119 191 101 296 126 227 113 338 3 161 103 84 242 429 374 183 169 132 437 269 334 41 337 454 136 283 344 164 159 432 356 111 214 175 335 428 63 134 106 131 87 301 346 460 270 0 172 138 452 386 17 178 241 157 39 467 160 163 197 286 59 208 407 399 212 263 6 221 350 158 439 392 266 55 468 149 442 473 436 95 306 128 32 130 457 254 325 396 143 238 205 127 71 435 217 174 389 257 421 80 391 255 291 105 116 249 326 438 341 152 91 402 367 188 312 231 104 354 380 30 329 226 387 362 430 377 303 150 181 248 251 417 202 147
318
203
357 464
369
297
146
56 70 236 61
35
31 28
2 88
210
336
189
36
162
216
393 145
42
288
379
180
194
60
96
123
427
201
117
82
462 47
294
93
273 276
340
115
413
151 307
213 240
223
89 1 26
140
38
67
300
360
372
187
5
85 13 16
171
25
420
165
108
448
107
304
381
135
311
45
24 401
376 375
416 405
139
434
262 433
222
173
21 23
29
361
268
352
170
233 449 384
62
176 355 275 456
68
461
415
332
232
409
18 74
371
40
447
450
423
34 72
451
235
366
414
412
285
244 124
411 153
474
76
43
397
86
211
353
58
446
277
408
218
144
315
243
66
313 279
112
99
459
390
37
342
316
395
333
398
370
322 200
425
8
110
410
57
7
177
133
403 400
207 378
463
419
166
204
75
11
287
168 293
383
65
265
280
14
358
472
46
281 10
209
290
78
230
225
234
199
347
310
94
282
79
51
185
317
125
404
445
73
309
444 394
81
142
274
184
271
373 182 365
239
368 90 267
137
299
48
53
284
83
327
364
363
426
252
455
122 298
129
253
465
351
167
224
77
186
320
441
314
193
121
250
141
359
339
431
15
196
289
219
33
321
54