319 272
345
27 377 158 87 119 263 181 84 17 100 418 329 178 422 127 324 283 159 256 136 254 343 6 192 326 63 191 257 380 385 350 308 424 229 429 227 174 331 396 470 255 374 130 325 3 453 148 179 44 391 161 338 212 202 458 132 337 221 249 442 386 208 150 346 226 149 440 402 238 382 258 473 126 160 155 128 164 113 32 41 228 183 64 131 296 428 303 312 134 432 330 197 259 50 69 175 220 286 387 4 214 367 195 305 120 102 392 114 104 206 19 399 362 389 443 169 292 118 163 105 454 198 439 242 101 466 55 103 217 52 291 430 460 469 205 328 237 301 172 156 109 436 266 22 138 302 467 295 231 188 349 116 147 246 245 270 417 111 248 97 388 190 323 348 356 334 452 251 49 406 421 306 80 91 71 157 278 0 241 30 143 437 215 264 98 247 95 59 20 344 106 435 39 261 438 407 269 457 341 92 468 12 354 260 154 9 152 335 471
318
203
464 357
369
297
146
70 61 236 56
35
28 31
88 2
210
336
189
36
162
216
393 145
42
288
379
180
194
60
96
123
427
201
117
82
47 462
294
93
276 273
340
115
413
151 307
213 240
223
89 1 26
140
38
67
300
360
372
187
5
85 16 13
171
25
420
165
108
448
107
304
381
135
311
45
401 24
375 376
416 405
139
434
262 433
222
173
23 21
29
361
268
352
170
233 384 449
62
355 275 176 456
68
461
415
332
232
409
74 18
371
40
447
450
423
34 72
451
235
366
414
412
285
244 124
411
474
76
43
397
86
211
353
58
446
277
408
218
144
315
243
66
279 313
112
99
459
390
37
342
316
395
333
398
370
200 322
425
8
110
410
57
7
177
133
403 400
207 378
463
419
166
204
75
11
287
168 293
383
65
265
280
14
358
472
46
281 10
209
290
78
230
225
234
199
347
310
94
282
79
51
185
317
125
404
445
73
309
444 394
81
142
274
184
271
373 182 365
239
267 90 368
137
299
48
53
153
284
83
327
364
363
426
252
455
298 122
129
253
465
351
167
224
77
186
320
441
314
193
121
250
141
359
339
431
15
196
289
219
33
321
54