319 272
345
226 127 452 100 212 291 192 438 63 154 178 306 164 6 466 238 20 101 392 435 346 417 323 301 169 214 52 263 143 326 247 259 69 84 113 198 217 387 17 418 424 202 308 439 266 292 49 30 407 181 19 329 44 136 215 148 161 338 241 22 377 296 374 32 386 231 254 149 91 354 147 27 312 105 389 172 59 128 324 269 362 344 131 191 348 305 190 126 469 303 251 242 337 98 430 150 367 385 428 255 246 467 111 179 264 102 283 183 0 460 432 106 350 382 328 406 160 71 155 249 349 205 114 471 12 237 270 138 103 245 341 163 422 92 174 116 50 302 159 257 473 429 188 158 80 396 402 388 436 109 156 41 399 380 258 248 443 175 208 278 64 221 256 295 468 227 87 335 228 9 55 132 391 4 470 458 220 120 453 437 260 118 134 119 442 95 104 195 334 157 356 457 229 152 97 39 343 286 454 261 331 325 421 206 3 197 440 330
318
203
357 464
369
297
146
70 56 236 61
35
28 31
2 88
210
336
189
36
162
216
393 145
42
288
379
180
194
60
96
123
427
201
117
82
462 47
294
93
273 276
340
115
413
151 307
240 213
223
1 89 26
140
38
67
300
360
372
187
5
16 13 85
171
25
420
165
108
448
107
304
381
135
311
45
24 401
375 376
416 405
139
434
262 433
222
173
23 21
29
361
268
352
170
384 449 233
62
176 275 355 456
68
461
415
332
232
409
74 18
371
40
447
450
423
72 34
451
235
366
414
412
285
244 124
411
474
76
43
397
86
211
353
58
446
277
408
218
144
315
243
66
279 313
112
99
459
390
37
342
316
395
333
398
370
200 322
425
8
110
410
57
7
177
133
403 400
207 378
463
419
166
204
75
11
287
168 293
383
65
265
280
14
358
472
46
281 10
209
290
78
230
225
234
199
347
310
94
282
79
51
185
317
125
404
445
73
309
394 444
81
142
274
184
271
373 182 365
239
267 368 90
137
299
48
130
53
153
284
83
327
364
363
426
252
455
122 298
129
253
465
351
167
224
77
186
320
441
314
193
121
250
141
359
339
431
15
196
289
219
33
321
54