242 150 326 245 238 15 401 82 4 288 441 366 228 133 438 33 351 98 290 154 474 136 452 141 1 287 144 160 355 23 64 391 209 360 68 321 418 162 279 18 281 3 325 440 396 127 155 169 78 390 455 253 17 107 66 400 208 71 395 330 410 357 362 386 275 273 262 443 364 389 329 190 186 377 397 119 464 12 356 49 457 350 348 157 337 328 324 166 148 188 317 198 361 387 140 407 116 25 333 225 34 183 334 90 87 206 435 449 124 164 10 292 444 409 130 243 35 139 80 408 24 463 302 51 411 263 27 233 199 215 249 462 269 424 220 353 207 112 393 52 375 405 201 210 378 320 205 8 177 197 458 58 74 359 81 104 318 363 48 102 46 379 132 354 305 161 471 227 32 43 264 101 173 180 36 21 266 336 426 217 44 61 431 38 289 235 75 152 432 189 0 182 295 19 384 30 473 430 41 297 126 179 331 178 415 95 218 312 402 213 216 306 323 374 153 368 466 343 315 394 55 299 437 450 151 229 434 291 252 7 131 137 469 195 63 40 270 118 236 399 244 406 383 86 283 59 163 470 316 192 446 461 454 37 223 170 294 14 429 125 416 241 85 69 286 22 31 322 248 417 172 117 168 120 26 319 138 381 147 256 420 255 175 106 403 251 439 423 425 307 204 99 226 159 278 230 231 122 135 254 50 11 456 303 258 185 91 79 246 128 301 349 47 88 200 310 9 257 93 167 129 240 171 84 344 193 345 181 428 352 284 272 433 70 388 29 42 309 191 103 211 165 113 341 13 62 347 313 427 339 285 382 219 367 145 448 222 460 176 92 114 335 28 2 265 77 447 39 247 203 221 453 436 174 267 65 365 421 108 300 372 105 156 143 338 422 6 111 314 158 212 142 109 459 20 261 94 5 467 76 376 392 54 298 327 311 274 60 259 123 149 468 234 250 296 308 224 380 332 373 202 134 184 445 451 73 342 346 194 268 358 72 97 237 100 385 370 276 413 53 277 271 293 260 442 16 214 472 232 56 371 89
369
146
96
340
115
67
187
465 304
45
414
412
398
110
57
419
280
282
404
239
83
121
196