272 319
345
312 382 453 439 388 17 104 111 126 254 55 471 102 161 362 138 264 295 269 208 346 256 163 41 154 348 188 69 392 158 324 418 181 305 306 195 179 156 278 30 237 248 430 174 101 231 429 229 12 227 331 343 473 380 386 113 215 396 178 87 19 134 241 377 387 98 354 9 0 84 242 466 385 334 202 399 132 238 391 109 71 228 131 406 261 197 338 52 302 454 443 402 148 118 149 349 190 356 164 249 422 374 160 326 105 435 421 116 467 127 436 389 325 468 263 175 95 91 150 424 286 206 452 291 442 330 470 350 255 49 469 341 214 457 266 119 191 367 337 292 3 97 192 258 245 301 205 183 283 344 59 6 92 260 114 198 147 251 428 303 259 247 44 27 308 407 103 440 296 329 257 226 157 22 460 136 221 212 143 246 50 100 63 120 80 159 128 270 417 155 172 4 438 106 437 169 64 217 32 432 39 20
318
203
357 464
369
297
146
61 236 56 70
35
31 28
88 2
210
328 335 458
336
189
36
162
216
145 393
42
288
379
180
194
60
96
123
427
201
117
82
462 47
294
93
273 276
340
115
413
151 307
240 213
223
1 26 89
140
38
67
300
360
372
187
5
13 85 16
171
25
420
165
108
448
107
304
381
135
311
45
401 24
375 376
416 405
139
434
262 433
222
173
21 23
29
361
268
352
170
449 384 233
62
176 275 355 456
68
461
415
332
232
409
18 74
371
40
447
450
423
34 72
451
235
366
414
152
412
285
124 244
411
474
76
43
397
86
211
353
58
446
277
408
218
144
315
243
66
279 313
112
99
459
390
37
342
316
395
333
398
370
200 322
425
8
110
410
57
7
177
133
403 400
378 207
463
419
166
204
75
11
287
293 168
383
65
265
280
14
358
472
46
10 281
209
290
78
230
225
234
199
347
310
94
282
220
79
51
185
317
125
404
445
73
309
394 444
81
142
274
184
271
182 365 373
239
90 267 368
323
137
299
48
130
53
153
284
83
327
364
363
426
252
455
122 298
129
253
465
351
167
224
77
186
320
441
314
193
121
250
141
359
339
431
15
196
289
219
33
321
54