272 319
345
161 247 154 278 407 396 183 126 248 217 59 0 55 238 150 197 71 169 466 17 295 179 402 105 132 246 19 172 231 3 391 44 198 269 97 188 338 226 255 331 389 164 429 380 208 296 329 101 12 324 237 374 256 91 163 334 27 147 305 174 392 418 92 440 227 421 261 228 326 103 435 138 190 348 175 80 399 454 113 136 453 301 120 264 254 64 214 270 432 181 192 134 128 241 473 341 349 229 156 377 439 266 406 443 308 131 32 343 191 242 206 356 159 330 387 283 346 325 104 367 116 87 422 437 286 362 388 30 257 127 49 291 215 202 109 302 212 98 424 9 452 303 143 468 344 160 245 306 95 337 148 430 436 249 100 158 259 469 438 417 442 460 470 457 52 118 385 260 258 69 149 350 178 4 20 382 114 471 221 39 41 354 22 102 111 63 50 84 195 251 292 106 386 205 6 155 428 312 157
318
203
357 464
369
297
146
70 61 236 56
35
28 31
88 2
210
458 328 335
336
189
36
162
216
145 393
42
288
379
180
194
60
96
123
427
201
117
82
462 47
294
93
276 273
340
115
413
151 307
213 240
223
26 1 89
140
38
67
300
360
372
187
5
13 85 16
171
25
420
165
108
448
107
304
381
135
311
45
24 401
375 376
416 405
139
434
433 262
222
173
23 21
29
361
268
352
170
384 233 449
62
176 355 456 275
68
461
415
332
232
409
18 74
371
40
447
450
423
72 34
451
235
366
414
152
412
285
124 244
411
474
76
467 119 263
43
397
86
211
353
58
446
277
408
218
144
315
243
66
313 279
112
99
459
390
37
342
316
395
333
398
370
322 200
425
8
110
410
57
7
177
133
400 403
378 207
463
419
166
204
75
11
287
293 168
383
65
265
280
14
358
472
46
10 281
209
290
78
230
225
234
199
347
310
94
282
220
79
51
185
317
125
404
445
73
309
444 394
81
142
274
184
271
373 182 365
239
90 368 267
323
137
299
48
130
53
153
284
83
327
364
363
426
252
455
122 298
129
253
465
351
167
224
77
186
320
441
314
193
121
250
141
359
339
431
15
196
289
219
33
321
54