319 272
345
59 92 246 344 468 452 432 39 155 100 435 116 343 226 418 164 97 324 231 428 212 350 295 127 49 3 22 377 430 392 103 337 278 147 227 296 256 84 69 389 255 217 303 148 132 338 52 349 191 388 346 113 63 471 181 215 396 247 438 305 421 440 442 198 470 64 437 188 104 126 424 386 367 98 417 120 102 402 159 460 158 330 80 439 407 406 161 19 9 101 114 174 264 190 306 261 380 382 292 150 156 163 105 30 237 385 118 131 149 109 4 325 178 302 143 106 160 301 208 283 169 157 286 334 422 312 0 12 269 356 183 20 214 453 466 251 50 111 154 242 399 254 195 348 41 179 202 454 374 136 6 266 469 172 259 329 197 95 205 44 473 32 241 457 134 17 229 331 228 391 175 245 55 260 91 341 257 258 291 362 238 206 192 87 326 71 387 27 429 248 436 354 308 221 138 128
318
203
464 357
369
297
146
70 56 236 61
35
31 28
88 2
210
458
336
189
36
162
216
145 393
42
288
379
180
194
60
96
123
427
201
117
82
47 462
294
93
276 273
340
115
413
151 307
240 213
223
26 89 1
140
38
67
300
360
372
187
5
16 13 85
171
25
420
165
108
448
107
304
381
135
311
45
24 401
376 375
416 405
139
434
262 433
222
173
21 23
29
361
268
352
170
384 233 449
62
355 176 275 456
68
461
415
332
232
409
74 18
371
40
447
450
423
72 34
451
235
366
414
152
412
285
124 244
411
474
76
467 263 119
43
397
86
211
353
58
446
277
408
218
144
315
243
66
313 279
112
99
459
390
37
342
316
395
333
398
370
200 322
425
8
110
410
57
7
177
133
403 400
207 378
463
419
166
204
249
75
11
287
168 293
383
65
265
280
14
358
472
46
281 10
209
290
78
230
225
234
199
347
310
94
282
220
79
51
185
317
125
404
445
73
309
394 444
81
328 335
142
274
184
271
373 182 365
239
368 267 90
323
137
299
48
130
53
153
284
83
327
364
363
426
252
270 443
455
298 122
129
253
465
351
167
224
77
186
320
441
314
193
121
250
141
359
339
431
15
196
289
219
33
321
54