319 272
345
437 52 312 432 301 266 191 260 330 248 106 226 111 341 343 101 197 344 128 331 97 105 338 286 473 138 292 429 386 387 242 237 424 102 4 349 100 118 367 334 202 212 3 27 181 164 454 127 98 50 103 382 19 264 362 466 256 59 17 55 134 407 241 380 149 396 188 0 208 175 283 154 190 71 435 178 251 80 354 470 95 348 356 63 156 430 22 389 324 428 385 159 192 245 303 436 69 64 291 246 114 308 131 269 104 120 388 20 402 305 195 278 374 113 32 254 457 392 229 221 161 30 150 295 442 41 460 205 160 92 109 179 296 259 84 418 214 326 255 206 346 399 155 44 391 49 453 469 169 452 39 87 158 471 157 337 238 417 439 12 421 143 228 116 302 174 163 9 132 306 227 377 406 148 247 136 215 438 217 6 147 261 257 183 325 198 350 172 258 468 126 91 329
318
203
464 357
369
297
146
61 56 70 236
35
31 28
2 88
210
458
336
189
36
162
216
145 393
42
288
379
180
194
60
96
123
427
201
117
82
47 462
294
93
276 273
340
115
413
307 151
213 240
223
26 89 1
140
38
67
300
360
372
187
5
13 85 16
171
25
420
165
108
448
107
304
381
135
311
45
24 401
376 375
405 416
139
434
262 433
222
173
23 21
29
361
268
352
170
449 384 233
62
176 275 456 355
68
461
415
332
232
409
74 18
371
422
40
447
450
423
34 72
451
235
366
414
152
412
285
244 124
411
474
76
119 263 467
43
397
86
211
353
58
446
277
408
218
144
315
243
66
313 279
112
99
459
390
37
342
316
395
333
398
370
200 322
425
8
110
410
57
7
177
133
400 403
207 378
463
419
166
204
249
75
11
287
168 293
383
65
265
280
14
358
472
46
10 281
209
290
78
230
225
234
199
347
310
94
282
220
79
51
185
317
125
404
445
73
309
394 444
81
328 335
142
274
184
271
365 182 373
239
267 90 368
323
137
299
48
130
53
153
284
83
327
364
363
426
252
270 443
455
122 298
440
129
253
465
351
167
224
77
186
320
231
441
314
193
121
250
141
359
339
431
15
196
289
219
33
321
54