319 272
345
460 343 113 259 418 305 98 295 380 385 212 348 217 188 104 178 136 261 195 226 148 84 32 303 80 0 362 471 306 157 179 238 169 202 302 198 214 396 19 105 296 457 3 391 437 95 241 111 41 354 126 329 367 197 325 260 4 266 190 470 6 206 387 50 254 337 399 147 374 227 49 116 44 154 286 439 258 257 430 22 183 291 20 30 454 215 452 237 143 228 174 468 156 392 191 87 251 55 248 346 278 91 106 208 388 27 428 149 312 377 39 256 283 97 435 356 389 175 308 127 71 17 229 264 138 52 324 245 103 350 341 92 386 402 382 109 438 429 326 344 160 102 453 269 9 424 301 155 221 432 159 164 128 349 134 242 131 181 118 292 247 205 12 334 64 100 407 132 163 338 150 406 466 442 158 161 421 330 69 63 469 246 417 59 473 172 114 120 436
318
203
464 357
369
297
146
70 61 56 236
35
31 28
2 88
210
458
336
189
36
162
216
145 393
42
288
379
180
194
60
96
123
427
201
117
82
47 462
294
93
276 273
340
115
413
151 307
213 240
223
26 89 1
140
38
67
300
360
372
187
5
16 13 85
171
25
420
165
108
448
107
304
381
135
311
45
24 401
331 101 192 255
375 376
416 405
139
434
433 262
222
173
23 21
29
361
268
352
170
449 384 233
62
456 355 275 176
68
461
415
332
232
409
74 18
371
422
40
447
450
423
72 34
451
235
366
414
152
412
285
244 124
411
474
76
467 263 119
43
397
86
211
353
58
446
277
408
218
144
315
243
66
313 279
112
99
459
390
37
342
316
395
333
398
370
322 200
425
8
110
410
57
7
177
133
403 400
207 378
463
419
166
204
249
75
11
287
168 293
383
65
265
280
14
358
472
46
10 281
209
290
78
230
225
234
199
347
310
94
282
220
79
51
185
317
125
404
445
73
309
394 444
81
328 335
142
274
184
271
373 365 182
239
90 368 267
323
137
299
48
130
53
153
284
83
327
364
363
426
252
270 443
455
122 298
440
129
253
465
351
167
224
77
186
320
231
441
314
193
121
250
141
359
339
431
15
196
289
219
33
321
54