204 40 387 90 194 444 298 440 270 120 293 277 393 320 383 222 178 145 33 68 308 405 471 348 338 72 174 22 427 448 221 363 279 426 288 366 165 358 160 202 232 82 65 76 38 403 81 9 376 378 264 77 100 64 186 86 272 219 142 345 305 325 431 446 309 227 163 251 297 153 84 137 155 127 36 275 299 58 437 371 218 346 306 147 357 125 441 287 217 360 148 365 18 28 244 212 462 473 349 26 463 408 73 328 34 368 233 223 78 52 382 161 310 44 177 154 6 442 41 435 362 213 314 131 294 332 164 95 15 193 111 252 134 75 130 106 112 172 94 337 4 367 206 225 105 392 50 60 433 274 467 224 88 451 0 85 247 283 452 11 289 372 386 135 434 62 49 285 443 237 334 54 117 140 389 107 123 63 329 469 390 168 455 312 453 102 464 93 242 424 214 129 257 391 428 271 341 180 10 241 235 413 316 195 361 313 375 1 246 203 350 183 108 273 55 181 384 59 317 399 281 17 290 420 200 151 238 42 330 97 141 347 152 379 188 170 229 175 118 460 12 207 56 261 150 425 48 16 39 89 31 35 166 262 256 70 190 248 215 302 286 318 61 278 79 401 266 395 415 303 189 295 324 159 169 13 402 418 385 422 397 472 429 14 197 263 335 3 300 381 91 353 333 344 351 231 331 32 323 234 343 205 260 192 2 236 411 268 354 436 133 450 119 439 37 461 226 98 156 149 7 458 466 430 292 356 326 255 454 240 211 116 311 457 253 126 374 101 388 208 301 139 449 23 69 114 143 92 30 417 47 447 51 87 128 416 19 423 201 459 132 24 245 136 66 468 355 352 191 176 53 167 228 99 322 269 342 315 21 29 243 406 377 291 5 259 407 265 46 210 267 104 394 409 438 474 359 319 339 171 220 80 421 400 321 410 249 124 74 470 25 113 27 162 109 185 373 20 179 43 157 327 103 182 8 144 184 364 216 396 71 138 199 254 158 209 432 370 122 380 258 296 173 276 445 307 198 456 230 284 250
369
146
336
96
340
115
67
187
304 465
45
414
412
398
110
57
419
280
282
404
239
83
121
196