319 272
345
22 438 226 55 344 392 195 49 305 163 334 338 169 44 291 59 254 87 283 126 138 421 329 246 127 214 41 190 71 27 12 160 391 221 325 439 91 84 215 389 346 157 308 349 248 3 424 343 303 148 453 100 348 80 278 417 50 155 154 256 264 407 312 435 330 452 473 247 156 374 470 164 388 52 95 350 341 354 326 442 198 229 63 178 179 260 109 69 20 367 0 134 30 202 103 292 429 460 149 113 257 4 217 324 17 436 6 457 64 106 128 296 396 469 212 380 32 208 102 147 111 172 259 183 454
318
203
464 357
369
297
146
61 236 56 70
35
31 28
237 362 251 97 382 238 269 118 161 143 428 406 261 120 175 19 399 158 295 242 114 468 131 228 188 432 98 174 241 418 385 301 191 116 206 132 39 437 258 302 306 227 356 105 266 245 337 181 386 104 159 150 471 430
88 2
210
458
336
189
36
162
216
393 145
42
288
379
180
194
60
96
123
427
201
117
82
47 462
294
93
273 276
340
115
413
151 307
213 240
223
89 1 26
140
205 377 387 92 466 402 197 9 136 286
38
67
300
360
372
187
5
85 13 16
171
25
420
165
108
448
107
304
381
135
311
45
401 24
192 331 255 101
375 376
405 416
139
434
262 433
222
173
21 23
29
361
268
352
170
384 233 449
62
456 355 176 275
68
461
415
332
232
409
74 18
371
422
40
447
450
423
72 34
451
235
366
414
152
412
285
244 124
411
474
76
263 119 467
43
397
86
211
353
58
446
277
408
218
144
315
243
66
279 313
112
99
459
390
37
342
316
395
333
398
370
322 200
425
8
110
410
57
7
177
133
400 403
207 378
463
419
166
204
249
75
11
287
293 168
383
65
265
280
14
358
472
46
10 281
209
290
78
230
225
234
199
347
310
94
282
220
79
51
185
317
125
404
445
73
309
394 444
81
328 335
142
274
184
271
373 365 182
239
368 267 90
323
137
299
48
130
53
153
284
83
327
364
363
426
252
270 443
455
122 298
440
129
253
465
351
167
224
77
186
320
231
441
314
193
121
250
141
359
339
431
15
196
289
219
33
321
54