319 272
345
303 190 305 32 22 325 469 226 17 179 164 435 183 326 59 391 312 156 453 324 12 380 169 214 338 247 208 80 160 392 367 460 111 470 217 348 55 63 421 344 457 148 349 407 84 283 103 127 264 198 20 292 329 221 106 424 334 71 0 64 436 417 260 296 350 473 87 330 212 91 341 155 374 248 157 452 246 138 257 259 128 229 49 27 102 291 454 388 354 149 126 438 52 6 308 134 389 44 50 113 256 195 30 147 4 163 202 100 215 442 69 178 439 154 396 109 172 41 254 278 346 3
318
203
357 464
369
297
146
70 56 61 236
35
31 28
131 306 143 399 120 301 471 269 98 241 266 468 188 251 228 158 362 295 105 406 418 118 104 242 428 258 382 432 245 39 337 385 159 116 114 175 97 238 237 430 191 132 386 161 356 206 302 227 174 261 19 150
2 88
210
458
336
189
36
162
216
145 393
42
288
379
180
194
60
96
123
427
201
117
82
47 462
294
93
276 273
340
115
413
151 307
213 240
223
26 89 1
140
92 9 377 286 387 197 402 205 136 466
38
67
300
360
372
95 343
187
5
13 16 85
171
25
420
165
108
448
107
304
381
135
311
45
401 24
101 192 255
376 375
416 405
139
434
262 433
222
173
21 23
29
361
268
352
170
233 384 449
62
355 275 456 176
68
461
415
332
232
409
74 18
371
422
429
40
447
450
423
34 72
451
235
366
414
152
412
285
244 124
411
474
76
467 263 119
43
397
86
211
353
58
446
277
181 437
408
218
144
315
243
66
279 313
112
99
459
390
37
342
316
395
333
398
370
200 322
425
8
110
410
57
7
177
133
400 403
378 207
463
419
166
204
249
75
11
287
293 168
383
65
265
280
14
358
472
46
10 281
209
290
78
230
225
234
199
347
310
94
282
220
79
51
185
317
125
404
445
73
309
444 394
81
328 335
142
274
184
271
182 365 373
239
368 90 267
323
137
299
48
130
53
153
284
83
327
364
363
426
252
270 443
455
122 298
440
129
253
465
351
167
224
77
186
320
231
331
441
314
193
121
250
141
359
339
431
15
196
289
219
33
321
54