319 272
345
149 460 179 278 374 55 160 303 212 172 44 6 0 190 154 391 473 380 396 457 392 221 248 106 407 296 469 69 59 198 164 226 256 348 217 91 157 388 264 156 4 178 435 350 436 128 27 438 127 326 442 354 100 312 147 349 338 50 63 389 138 163 257 247 254 169 344 52 109 155 341 111 183 84 134 324 71 259 367 421 454 17 202 41 80 452 12 439 103 3 334 64 215 49 453 195 424 148 417 87 308 246 229 329 292 113 20 346 22 260 470 330 30 283 325 126 208 214 305 32 291 102
318
203
464 357
369
297
146
61 236 70
35
28 31
261 39 237 143 104 382 430 471 301 19 251 118 295 105 98 258 227 418 188 175 206 245 385 399 362 242 468 432 158 97 228 116 131 406 120 132 356 241 337 150 302 269 159 174 191 238 161 114 386 428 306 266
2 88
210
458
336
189
36
162
216
145 393
42
288
379
180
194
60
96
123
427
201
117
82
47 462
294
93
276 273
340
115
413
307 151
213 240
223
1 26 89
140
136 387 466 92 286 197 402 205 9 377
38
67
300
360
372
343 95
187
5
16 13 85
171
25
420
165
108
448
107
304
381
135
311
45
24 401
101 192 255
375 376
416 405
139
434
262 433
222
173
21 23
29
361
268
352
170
233 384 449
62
355 456 275 176
68
461
415
332
232
409
18 74
371
422
429
40
447
450
423
56
34 72
451
235
366
414
152
412
285
244 124
411
474
76
467 263 119
43
397
86
211
353
58
446
277
181 437
408
218
144
315
243
66
313 279
112
99
459
390
37
342
316
395
333
398
370
322 200
425
8
110
410
57
7
177
133
403 400
378 207
463
419
166
204
249
75
11
287
168 293
383
65
265
280
14
358
472
46
10 281
209
290
78
230
225
234
199
347
310
94
282
220
79
51
185
317
125
404
445
73
309
394 444
81
328 335
142
274
184
271
365 373 182
239
90
323
137
299
48
130
53
153
284
83
327
364
363
426
252
270 443
455
122 298
440
129
253
465
351
167
224
77
186
320
231
267 368
331
441
314
193
121
250
141
359
339
431
15
196
289
219
33
321
54