319 272
345
330 350 111 392 102 454 32 50 407 179 324 421 198 312 442 435 91 374 106 296 264 334 396 49 469 257 113 457 391 156 147 246 389 169 172 71 338 325 195 417 127 149 155 80 20 128 44 164 6 64 278 212 354 27 291 348 247 283 163 17 349 367 55 12 305 126 59 160 473 221 3 178 30 190 256 217 229 109 259 452 226 208 63 157 215 260 4 202 329 183 344 52 380 41 470 134 438 346 69 214 100 460 303 148 453 388 254 154 248 439 292 103 22 436 308 326 138 84 424 87 341
318
203
357 464
369
297
146
236 61 70
35
28 31
386 39 399 468 120 245 158 114 362 241 161 302 105 301 237 337 132 258 174 295 430 385 242 118 238 428 471 382 266 432 227 159 269 150 228 97 98 306 206 261 188 406 116 19 191 143 104 251 356 175 131 418
88 2
210
458
336
189
36
162
216
393 145
42
288
379
180
194
60
96
123
427
201
117
82
462 47
294
93
273 276
340
115
413
151 307
213 240
223
26 1 89
140
197 402 286 9 377 387 136 92 466 205
38
67
300
360
372
95 343
187
5
16 85 13
171
25
420
165
108
448
107
304
381
135
311
45
24 401
255 101 192
375 376
416 405
139
434
262 433
222
173
21 23
29
361
268
352
170
449 233 384
62
176 456 355 275
68
461
415
332
232
409
74 18
371
422
429
40
447
450
423
56
72 34
451
235
366
414
152
412
285
124 244
411
474
76
263 467 119
43
397
86
211
353
58
446
277
437 181
408
218
144
315
243
66
313 279
112
99
459
390
37
342
316
395
333
398
370
322 200
425
8
110
410
57
7
177
133
400 403
378 207
463
419
166
204
249
75
11
287
293 168
383
65
265
280
14
358
472
46
281
209
290
78
230
225
234
199
347
310
94
282
220
79
51
185
317
125
404
445
73
309
394 444
81
335 328
142
274
184
271
373 182 365
239
10
90
323
137
299
48
0
130
53
153
284
83
327
364
363
426
252
443 270
455
298 122
440
129
253
465
351
167
224
77
186
320
231
368 267
331
441
314
193
121
250
141
359
339
431
15
196
289
219
33
321
54