225 290 168 383 438 32 208 169 100 104 430 205 175 245 461 382 9 247 450 277 193 183 69 432 339 25 156 365 236 375 471 17 80 229 416 424 446 436 47 364 331 372 60 14 223 129 351 455 376 140 26 184 5 130 271 22 314 269 310 349 150 210 72 396 108 76 133 301 136 354 317 166 308 292 345 124 37 163 90 120 10 149 237 65 268 439 386 407 467 462 6 230 445 322 352 408 272 279 287 127 19 276 288 344 346 394 413 348 99 464 92 474 370 470 101 381 326 2 452 303 233 341 46 248 291 164 323 217 151 309 143 429 8 203 371 243 204 366 11 391 52 441 89 249 185 307 281 228 211 380 388 246 390 200 327 367 405 213 174 401 266 469 176 144 418 29 360 293 358 458 320 21 423 311 374 191 444 24 158 399 240 227 332 242 270 75 77 302 66 265 73 186 38 106 179 312 93 111 232 74 16 181 260 338 30 298 273 274 267 139 84 296 172 377 356 59 109 392 422 411 116 209 224 300 71 132 105 231 147 167 50 62 39 368 20 238 319 53 355 157 335 295 103 138 373 306 220 387 361 128 134 145 447 15 48 325 343 152 117 12 81 244 442 421 359 258 202 294 3 98 125 178 190 259 171 64 56 406 135 329 427 235 131 123 154 221 342 195 431 34 170 113 13 63 403 189 384 78 362 318 420 435 58 456 23 159 328 410 254 417 454 472 437 27 198 41 165 400 112 299 297 428 91 433 18 49 350 201 234 177 289 197 87 148 95 337 216 1 88 42 122 155 68 0 457 402 218 316 357 448 206 256 142 305 194 468 51 409 379 43 153 363 79 214 378 35 55 283 199 86 226 207 107 278 192 449 321 212 313 54 285 160 315 262 333 219 126 61 119 82 40 459 31 253 252 330 173 324 451 264 33 28 44 393 440 222 257 250 161 188 118 182 275 36 397 85 415 434 353 102 7 466 261 473 137 97 389 251 255 395 114 460 334 463 453 425 162 180 4 215 286 70 284 426 141 263 385 443 347 241
369
146
336
96
340
115
67
187
465 304
45
414
412
398
110
57
419
280
94
282
404
239
83
121
196