319 272
345
460 164 178 91 367 3 246 256 350 442 380 396 80 257 106 388 346 50 217 17 329 407 149 6 392 172 264 69 247 334 134 389 312 344 163 109 30 32 113 212 215 226 214 292 457 102 127 183 126 260 41 154 84 435 283 147 27 248 49 12 63 391 155 71 156 453 198 254 348 195 436 305 349 324 59 454 160 341 330 103 169 291 421 87 44 278 138 452 111 296 179 338 417 22 64 326 157 354 190 55 473 208 424 20 148 4 374 128 439 100 303 229 470 52
318
203
464 357
369
297
146
236 70 61
35
31 28
175 245 337 306 131 158 428 228 105 98 468 161 120 269 241 116 150 97 258 143 430 266 399 295 132 242 382 188 432 385 238 301 406 356 174 19 251 261 302 159 471 39 237 118 418 206 114 191 104 362 386
2 88
210
458
336
189
36
162
216
145 393
42
288
379
180
194
60
96
123
427
201
117
82
462 47
294
93
273 276
340
115
413
151 307
213 240
223
26 1 89
140
205 402 9 136 286 387 92 197 466 377
38
67
300
360
372
95
221 308 202
187
5
16 13 85
171
25
420
165
108
448
107
304
381
135
311
45
401 24
192 255 101
376 375
416 405
139
434
262 433
222
173
21 23
29
361
268
352
170
384 233 449
62
456 275 355 176
68
461
415
332
232
409
469 438 259
74 18
371
422
429
40
447
450
423
56
72 34
451
235
366
414
152
412
285
244 124
411
474
76
263 467 119
43
397
86
211
353
58
446
277
181 437
408
218
144
315
243
66
313 279
112
99
459
390
37
342
316
395
333
398
370
322 200
425
8
110
410
57
7
177
133
403 400
207 378
463
419
166
204
343
249
75
11
287
293 168
383
65
265
280
14
358
472
46
281
209
290
78
230
225
234
199
347
310
94
282
220
79
51
185
325
317
125
404
445
73
309
394 444
81
328 335
142
274
184
271
365 373 182
239
10
90
323
137
299
48
0
130
53
153
284
83
327
364
363
426
252
270 443
455
298 122
440
129
253
465
351
167
224
77
186
320
231
267 368
331
441
314
193
121
250
141
359
339
431
227
15
196
289
219
33
321
54