319 272
345
296 179 388 59 346 254 156 344 291 348 407 292 80 102 91 215 312 169 457 71 229 30 350 12 178 392 349 303 100 20 439 109 212 44 260 470 134 55 247 374 330 6 396 22 126 4 52 329 248 111 190 338 154 149 326 49 217 367 424 127 183 64 473 63 454 436 50 354 87 160 442 41 198 69 334 278 453 138 113 164 103 147 128 172 208 305 264 214 32 163 452 389 17 256 417 391 148 27 257 421 106 341 324 84 226 195 435 380 3 460 155 157 283 246
318
203
357 464
369
297
146
70 61 236
35
28 31
432 406 362 228 188 306 175 104 337 251 39 174 295 301 266 158 120 428 430 159 150 118 418 269 356 161 302 97 237 143 261 98 131 382 206 245 399 258 132 238 105 191 471 116 386 385 114 468 241 19 242
88 2
210
458
336
189
36
162
216
145 393
42
288
379
180
194
60
96
123
427
201
117
82
462 47
294
93
276 273
340
115
413
151 307
240
223
1 26 89
140
402 197 92 466 205 377 136 9 286 387
38
67
300
360
372
95
308 221 202
187
5
13 16 85
171
25
420
165
108
448
107
304
381
135
311
213
45
401 24
255 101 192
376 375
405 416
139
434
262 433
222
173
21 23
29
361
268
352
170
233 449 384
62
355 456 176 275
68
461
415
332
232
409
469 259 438
18 74
371
422
429
40
447
450
423
56
34 72
451
235
366
414
152
412
285
244 124
411
474
76
119 467 263
43
397
86
211
353
58
446
277
437 181
408
218
144
315
243
66
313 279
112
99
459
390
37
342
316
395
333
398
370
200 322
425
8
110
410
57
7
177
133
400 403
207 378
463
419
166
204
343
249
75
11
287
293 168
383
65
265
280
14
358
472
46
281
209
290
78
230
225
234
199
347
310
94
282
220
79
51
185
325
317
125
404
445
73
309
394 444
81
328 335
142
274
184
271
373 365 182
239
10
90
323
137
299
48
0
130
53
153
284
83
327
364
363
426
252
443 270
455
298 122
440
129
253
465
351
167
224
77
186
320
231
267 368
331
441
314
193
121
250
141
359
339
431
227
15
196
289
219
33
321
54