272 319
345
229 257 111 91 44 41 148 247 312 208 50 178 457 27 460 473 296 326 179 424 354 217 106 246 71 126 344 157 283 389 164 3 436 334 63 264 183 84 156 6 248 163 348 350 149 338 256 470 55 113 22 421 102 454 198 452 100 329 292 49 103 172 147 138 20 134 195 391 12 349 254 435 392 324 417 291 127 32 154 17 278 380 109 64 160 214 87 453 407 388 260 341 190 303 59 212 30 52 69 4 330 367 215 442 169 346 396 155 80 226 374 439
318
203
357 464
369
297
146
236 61 70
35
31 28
471 356 238 261 301 19 337 468 430 406 302 258 241 228 174 131 266 191 251 432 188 175 158 97 98 120 116 150 206 39 418 399 105 295 104 237 118 428 143 242 245 114 306 385 362 382 159 386 161 132 269
88 2
210
458
336
189
36
162
216
393 145
42
288
379
180
194
60
96
123
427
201
117
82
47 462
294
93
273 276
340
115
413
307 151
240
223
89 26
140
466 136 387 286 402 197 92 205 9 377
38
67
300
360
372
95
202 308 221
187
5
13 16 85
171
25
420
165
108
448
107
304
381
135
311
305 128
213
45
24 401
255 192 101
376 375
416 405
139
434
262 433
222
173
23 21
29
361
268
352
170
233 449 384
62
456 176 275 355
68
461
415
332
232
409
438 469 259
74 18
371
422
429
40
447
450
423
56
72 34
451
235
366
414
152
412
285
244 124
411
474
76
467 119 263
43
397
86
211
353
58
446
277
437 181
408
218
144
315
243
66
279 313
112
99
459
390
37
342
316
395
333
398
370
322 200
425
8
110
410
57
7
177
133
403 400
207 378
463
419
166
204
343
249
75
11
287
168 293
383
65
265
280
14
358
472
46
281
209
290
78
230
225
234
1
199
347
310
94
282
220
79
51
185
325
317
125
404
445
73
309
444 394
81
335 328
142
274
184
271
182 365 373
239
10
90
323
137
299
48
0
130
53
153
284
83
327
364
363
426
252
443 270
455
122 298
440
129
253
465
351
167
224
77
186
320
231
368 267
331
441
314
193
121
250
141
359
339
431
227
15
196
289
219
33
321
54