272 319
345
30 138 326 6 27 424 59 160 4 436 147 20 214 80 50 12 212 179 349 256 64 109 55 334 84 17
318
203
464 357
44 149 154 155 341 229 169 380 452 102 198 338 190 278 354 63 183 344 457 330 346 439 41 312 407 157 127 248 291 389 388 454 257 435 246 49 453 103 217 374 324 164 303 87 226 22 69 178 460 148 208 392 134 91 473 163 32 3 260 247 100 106 367 442 292 215 111 264 470 254 348 52 396 296 391 126 283 421 195 350 329 113 417 71 156 172
369
297
146
61 236 70
35
31 28
143 132 428 356 245 237 116 266 158 471 306 269 251 228 97 432 302 386 241 261 114 175 385 150 301 337 399 295 206 120 104 382 105 188 418 238 161 362 406 19 430 131 98 118 242 159 191 258 468 174 39
2 88
210
458
336
189
36
162
216
145 393
42
288
379
180
194
60
96
123
427
201
117
82
462 47
294
93
276 273
340
115
413
307 151
240
223
26 89
140
197 136 205 286 9 92 402 387 377 466
38
67
300
360
372
95
202 221 308
187
5
85 16 13
171
25
420
165
108
448
107
304
381
135
311
305 128
213
45
24 401
101 192 255
376 375
416 405
139
434
433 262
222
173
23 21
29
361
268
352
170
384 449 233
62
176 456 355 275
68
461
415
332
232
409
469 259 438
74 18
371
422
429
40
447
450
423
56
34 72
451
235
366
414
152
412
285
244 124
411
474
76
263 119 467
43
397
86
211
353
58
446
277
437 181
408
218
144
315
243
66
313 279
112
99
459
390
37
342
316
395
333
398
370
200 322
425
8
110
410
57
7
177
133
400 403
378 207
463
419
166
204
343
249
75
11
287
293 168
383
65
265
280
14
358
472
46
281
209
290
78
230
225
234
1
199
347
310
94
282
220
79
51
185
325
317
125
404
445
73
309
394 444
81
328 335
142
274
184
271
365 373 182
239
10
90
323
137
299
48
0
130
53
153
284
83
327
364
363
426
252
270 443
455
298 122
440
129
253
465
351
167
224
77
186
320
231
368 267
331
441
314
193
121
250
141
359
339
431
227
15
196
289
219
33
321
54