319 272
345
84 147 349 55 50 160 17 109 256 4 20 64 214 212 334 179 30 138 6 424 27 59 326 436 80 12
318
203
357 464
338 454 380 460 389 330 208 341 127 91 470 215 367 113 348 41 163 3 248 49 291 374 190 278 183 435 44 246 283 247 100 71 103 226 354 32 421 296 260 312 69 391 453 407 350 473 388 157 102 442 439 303 452 457 329 257 178 346 87 22 198 217 154 155 134 111 63 106 392 164 254 396 417 324 229 172 169 148 264 344 52 195 149 126 156 292
369
297
146
70 236 61
35
28 31
238 245 39 191 97 116 471 143 251 362 399 174 118 114 159 301 406 337 386 418 19 188 241 150 161 261 468 356 432 306 132 382 206 104 266 269 131 295 175 242 228 158 258 385 428 120 98 302 430 105 237
88 2
210
458
336
189
36
162
216
145 393
42
288
379
180
194
60
96
123
427
201
117
82
462 47
294
93
273 276
340
115
413
307 151
240
223
89 26
140
286 377 466 9 387 136 92 402 197 205
38
67
300
360
372
95
221 202 308
187
5
85 16 13
171
25
420
165
108
448
107
304
381
135
311
305 128
213
45
401 24
255 101 192
376 375
416 405
139
434
433 262
222
173
23 21
29
361
268
352
170
384 449 233
62
355 176 275 456
68
461
415
332
232
409
259 438 469
74 18
371
422
429
40
447
450
423
56
72 34
451
235
366
414
152
412
285
124 244
411
474
76
263
43
397
86
211
353
58
446
277
437 181
408
218
144
315
243
66
313 279
112
99
459
390
37
342
316
395
333
398
370
200 322
425
8
110
410
119 467
57
7
177
133
403 400
378 207
463
419
166
204
343
249
75
11
287
168 293
383
65
265
280
14
358
472
46
281
209
290
78
230
225
234
1
199
347
310
94
282
220
79
51
185
325
317
125
404
445
73
309
394 444
81
335 328
142
274
184
271
373 365 182
239
10
90
323
137
299
48
0
130
53
153
284
83
327
364
363
426
252
270 443
455
298 122
440
129
253
465
351
167
224
77
186
320
231
368 267
331
441
314
193
121
250
141
359
339
431
227
15
196
289
219
33
321
54