272 319
345
59 17 64 212 84 6 334 138 109 436 179 27 424 55 147 4 50 80 20 326 349 12 256 214 160 30
318
203
464 357
460 156 198 303 148 346 374 435 392 470 388 63 264 149 330 41 154 417 291 208 91 127 32 324 439 87 183 367 260 453 44 329 102 126 163 111 3 344 312 103 452 113 473 389 338 457 247 134 49 254 292 341 407 354 217 157 248 22 52 155 421 229 454 257 278 106 348 100 164 296 442 350 391 215 195 190 380 246 172 396 226 71 69 169 178 283
369
297
146
236 61 70
35
31 28
251 399 468 98 120 295 432 471 228 237 114 116 418 386 302 245 39 242 301 150 258 385 430 382 206 105 175 118 428 306 191 143 188 266 241 261 406 104 362 131 356 161 158 337 132 269 238 159 97 19
88 2
210
458
336
189
36
162
216
393 145
42
288
379
180
194
60
96
123
427
201
117
82
47 462
294
93
276
340
115
413
151
240
223
26 89
140
205 377 387 136 9 402 286 197 466 92
174
38
67
300
360
372
95
308 221 202
187
5
16 13 85
171
25
420
165
273
108
448
107
304
381
135
311
305 128
213
45
24 401
192 255 101
376 375
405 416
139
434
262 433
222
173
21 23
29
361
268
352
170
449 384 233
62
275 456 176 355
68
461
415
332
232
409
469 259 438
74 18
371
422
429
40
447
450
423
56
72 34
451
235
366
414
152
412
285
244 124
411
474
76
263
43
397
86
211
353
58
446
277
181 437
408
218
144
315
243
66
313 279
112
99
459
390
37
342
316
395
333
398
370
322 200
425
8
110
307
410
119 467
57
7
177
133
400 403
207 378
463
419
166
204
343
249
75
11
287
168 293
383
65
265
280
14
358
472
46
281
209
290
78
230
225
234
1
199
347
310
94
282
220
79
51
185
325
317
125
404
445
73
309
394 444
81
328 335
142
274
184
271
365 373 182
239
10
90
323
137
299
48
0
130
53
153
284
83
327
364
363
426
252
270 443
455
298 122
440
129
253
465
351
167
224
77
186
320
231
267 368
331
441
314
193
121
250
141
359
339
431
227
15
196
289
219
33
321
54