319 272
345
436 212 64 30 160 214 12 20 50 84 109 55 349 6 326 80 27 147 179 334 256 424 138 17 59 4
318
203
357 464
367 439 303 380 91 217 264 292 100 208 169 457 417 389 442 354 278 127 32 155 229 156 41 260 329 338 388 195 392 44 63 103 407 324 453 148 421 22 435 346 178 470 283 183 460 3 254 126 102 226 149 341 198 257 49 190 69 134 172 473 374 154 330 106 312 111 163 452 344 348 113 157 52 291 87 215 454 164 391 246 396 296 350 71
369
297
146
70 61 236
35
28 31
150 261 238 120 131 386 19 430 105 406 266 175 132 39 306 382 104 251 399 301 295 188 471 245 428 158 362 114 118 161 385 337 116 258 206 418 302 228 468 356 237 98 159 97 269 432 241 191 143 242
88 2
210
458
336
189
36
162
216
145 393
42
288
379
180
194
60
96
123
427
201
117
82
462 47
294
93
276
340
115
413
151
240
223
89 26
140
197 92 387 9 377 402 205 136 466 286
174
38
67
300
360
372
95
308 202 221
187
5
13 16 85
171
25
420
165
273
108
448
107
304
381
135
311
128 305
213
45
24 401
101 255 192
376 375
405 416
139
434
433 262
222
173
23 21
29
361
268
352
170
233 384 449
62
456 275 176 355
68
461
415
332
232
409
438 259 469
18 74
371
422
429
40
447
450
423
56
34 72
451
235
366
414
152
412
285
244 124
411
474
76
263
43
397
86
211
353
58
446
277
437 181
408
218
144
315
243
66
279 313
112
247
99
459
390
37
342
316
395
333
398
370
322 200
425
8
110
307
410
119 467
57
7
177
133
403 400
207 378
463
419
166
204
343
249
75
11
287
168 293
383
65
265
280
14
358
472
46
281
209
290
78
230
225
234
1
199
347
310
94
282
220
79
51
185
325
317
125
404
445
73
309
444 394
81
335 328
142
274
184
271
365 373 182
239
10
90
323
137
299
48
0
130
53
153
284
83
327
364
363
426
252
270 443
455
122 298
440
129
253
465
351
167
224
248
77
186
320
231
368 267
331
441
314
193
121
250
141
359
339
431
227
15
196
289
219
33
321
54