319 272
345
27 50 20 147 214 160 256 326 334 109 424 349 212 6 179 55 80 17 30 84 4 436 64 12 138 59
318
203
464 357
111 134 69 278 421 169 156 52 229 388 63 246 350 454 32 198 473 208 195 41 296 435 453 264 392 470 374 260 154 257 190 348 226 452 178 71 367 126 341 149 292 157 127 254 442 338 330 102 439 106 100 396 183 22 324 460 3 417 303 329 87 44 344 291 389 49 457 283 155 354 391 346 172 407 215 103 312 91 163 164 113 380 148
369
297
146
61 70 236
35
31 28
399 430 116 114 97 356 241 105 471 104 301 266 261 245 269 206 382 432 258 150 19 306 159 161 228 132 337 302 188 386 118 428 143 191 362 385 418 120 39 251 238 158 175 131 98 468 242 295 406 237
2 88
210
458
336
189
36
162
216
393 145
42
288
379
180
194
60
96
123
427
201
117
82
47 462
294
93
276
340
115
413
151
240
223
26 89
140
9 286 377 466 197 92 136 402 387 205
174
38
67
300
360
372
95
217
308 221 202
187
5
16 13 85
171
25
420
165
273
108
448
107
304
381
135
311
128 305
213
45
401 24
101 255 192
375 376
416 405
139
434
433 262
222
173
23 21
29
361
268
352
170
384 233 449
62
275 176 355 456
68
461
415
332
232
409
438 469 259
18 74
371
422
429
40
447
450
423
56
34 72
451
235
366
414
152
412
285
244 124
411
474
76
263
43
397
86
211
353
58
446
277
181 437
408
218
144
315
243
66
313 279
112
247
99
459
390
37
342
316
395
333
398
370
200 322
425
8
110
307
410
467 119
57
7
177
133
400 403
378 207
463
419
166
204
343
249
75
11
287
168 293
383
65
265
280
14
358
472
46
281
209
290
78
230
225
234
1
199
347
310
94
282
220
79
51
185
325
317
125
404
445
73
309
394 444
81
328 335
142
274
184
271
365 373 182
239
10
90
323
137
299
48
0
130
53
153
284
83
327
364
363
426
252
270 443
455
298 122
440
129
253
465
351
167
224
248
77
186
320
231
368 267
331
441
314
193
121
250
141
359
339
431
227
15
196
289
219
33
321
54