319 272
345
84 30 55 6 138 147 179 12 256 424 214 17 349 334 4 212 436 27 20 160 109 64 80 50 326 59
318
203
357 464
71 163 22 291 63 344 303 208 417 292 103 457 407 195 350 442 392 312 126 330 198 454 164 470 324 257 435 69 354 389 367 100 44 134 183 254 190 439 346 32 229 264 106 91 396 215 154 102 178 127 157 87 421 156 41 388 460 452 348 3 329 374 341 380 338 149 246 148 296 49 260 111 113 155 52 278 391 169 283 172 226 453 473
369
297
146
61 236 70
35
31 28
161 116 39 269 251 362 241 188 356 382 158 114 131 385 418 295 143 19 245 399 118 238 468 471 206 428 242 306 150 228 175 104 430 258 105 159 432 98 302 337 261 191 132 266 120 237 386 406 301 97
2 88
210
458
336
189
36
162
216
393 145
42
288
379
180
194
60
96
123
427
201
117
82
47 462
294
93
276
340
115
413
151
240
223
26 89
140
377 136 387 402 205 9 286 92 197 466
174
38
67
300
360
372
95
217
202 221 308
187
5
13 16 85
171
25
420
165
273
108
448
107
304
381
135
311
305 128
213
45
401 24
101
255 192
376 375
405 416
139
434
433 262
222
173
21 23
29
361
268
352
170
233 449 384
62
355 176 275 456
68
461
415
332
232
409
438 469 259
74 18
371
422
429
40
447
450
423
56
34 72
451
235
366
414
152
412
285
244 124
411
474
76
263
43
397
86
211
353
58
446
277
181 437
408
218
144
315
243
66
313 279
112
247
99
459
390
37
342
316
395
333
398
370
200 322
425
8
110
307
410
467 119
57
7
177
133
400 403
207 378
463
419
166
204
343
249
75
11
287
293 168
383
65
265
280
14
358
472
46
281
209
290
78
230
225
234
1
199
347
310
94
282
220
79
51
185
325
317
125
404
445
73
309
444 394
81
328 335
142
274
184
271
182 365 373
239
10
90
323
137
299
48
0
130
53
153
284
83
327
364
363
426
252
270 443
455
122 298
440
129
253
465
351
167
224
248
77
186
320
231
267 368
331
441
314
193
121
250
141
359
339
431
227
15
196
289
219
33
321
54