319 272
345
436 256 326 334 424 30 12 214 80 349 179 84 27 20 4 147 64 160 138 17 212 55 50 6 109
318
203
464 357
391 292 442 296 195 198 344 330 215 183 348 52 341 407 453 113 374 71 127 157 283 164 63 346 87 134 102 246 32 3 254 367 291 473 149 190 338 470 350 154 278 452 380 454 392 421 303 163 22 264 126 41 312 260 389 91 103 156 49 169 354 106 457 148 100 460 178 388 111 417 155 44 229 226 329 439 208 324
369
297
146
61 236 70
35
28 31
362 114 241 266 251 98 118 161 258 356 432 302 406 116 175 104 191 269 120 131 418 245 150 159 261 105 143 428 19 237 206 132 242 301 228 306 385 430 39 337 386 399 471 295 188 382 238 158 468 97
88 2
210
458
336
189
36
162
216
145 393
42
288
379
180
194
60
96
123
427
201
117
82
47 462
294
93
276
340
115
413
151
240
223
26 89
140
197 466 205 92 402 387 136 9 377 286
174
38
67
300
360
372
95
217
221 202 308
187
5
13 85 16
172 435 257 69 396
171
25
420
165
273
108
448
107
304
381
135
311
128 305
213
45
24 401
101
192 255
375 376
405 416
139
434
433 262
222
173
21 23
29
361
268
352
170
449 233 384
62
176 355 456 275
68
461
415
332
232
409
469 259 438
74 18
371
422
429
40
447
450
423
56
72 34
451
235
366
414
152
412
285
124 244
411
474
76
263
43
397
86
211
353
58
446
277
181 437
408
218
144
315
243
66
313 279
112
247
99
459
390
37
342
316
395
333
398
370
322 200
425
8
110
307
410
467 119
57
7
177
133
403 400
378 207
463
419
166
204
343
249
75
11
287
293 168
383
65
265
280
14
358
472
59
46
281
209
290
78
230
225
234
1
199
347
310
94
282
220
79
51
185
325
317
125
404
445
73
309
444 394
81
328 335
142
274
184
271
373 365 182
239
10
90
323
137
299
48
0
130
53
153
284
83
327
364
363
426
252
270 443
455
122 298
440
129
253
465
351
167
224
248
77
186
320
231
368
267
331
441
314
193
121
250
141
359
339
431
227
15
196
289
219
33
321
54