392 106 215 350 50 448 98 27 155 434 256 210 234 164 370 425 138 61 449 201 459 178 263 137 12 293 144 311 199 312 228 74 116 195 361 288 262 267 25 34 281 458 429 367 375 180 18 40 319 251 265 184 79 59 119 242 423 264 405 14 66 399 169 245 62 342 276 54 447 461 301 318 32 470 303 250 353 397 11 118 253 129 20 354 462 270 305 171 2 85 202 452 149 133 173 352 204 289 257 43 381 56 216 38 148 341 52 203 378 373 358 17 333 55 437 366 418 258 64 154 53 63 95 117 243 385 387 335 292 193 261 113 71 36 76 235 368 145 69 192 269 158 356 42 102 313 207 90 176 439 123 170 396 285 136 3 7 295 426 200 279 395 360 15 93 97 246 252 35 266 347 383 468 153 21 174 212 349 457 454 391 91 208 194 101 316 122 126 9 197 422 389 44 233 30 131 371 321 60 240 168 274 255 31 99 186 105 409 323 189 400 345 432 442 244 436 23 420 70 343 81 382 190 364 298 273 348 393 326 0 287 430 294 248 124 46 114 220 337 443 453 407 444 317 232 163 120 16 330 291 445 227 140 1 351 440 104 290 322 127 236 165 41 314 134 156 152 344 320 33 406 446 380 296 185 229 65 147 467 241 103 211 346 206 89 308 247 84 402 275 329 271 390 188 410 416 191 68 222 474 5 151 87 384 328 8 78 249 100 181 451 309 213 49 73 28 331 325 403 456 300 386 433 13 362 224 286 466 86 238 463 221 179 161 223 297 225 107 183 302 37 112 450 435 237 421 401 26 268 231 162 315 172 75 205 58 472 19 413 338 132 159 332 471 441 334 166 51 226 460 415 355 182 376 47 363 77 39 278 109 88 431 417 372 160 125 388 4 260 175 272 135 438 130 394 92 310 469 365 374 427 359 22 139 111 209 108 177 408 254 259 142 6 157 141 339 324 72 277 143 128 219 217 327 428 307 464 80 299 29 214 473 379 455 284 24 218 357 198 411 306 377 167 283 150 424 48 10
369
146
336
96
82
340
115
67
187
465 304
45
414
412
398
110
57
419
280
230
94
282
404
239
83
121
196