319 272
345
214 256 30 80 6 138 55 17 84 349 334 326 179 4 64 436 212 27 160 50 147 109 424 12 20
318
203
357 464
156 417 291 348 350 338 154 163 303 91 44 452 380 195 103 389 354 283 126 460 49 169 264 392 344 208 87 148 52 329 246 421 71 3 388 113 260 198 296 341 155 157 391 254 190 442 292 278 453 346 106 149 183 229 63 439 367 312 374 178 41 324 100 215 134 164 226 330 407 22 111 127 473 457 32 470 102
369
297
146
236 70 61
35
28 31
118 206 301 306 191 382 159 114 302 105 97 104 237 251 158 131 161 258 356 188 116 386 241 295 432 98 362 175 406 19 418 39 228 430 238 385 471 468 120 242 428 399 132 143 269 337 150 266 245 261
2 88
210
458
336
189
36
162
216
145 393
42
288
379
180
194
60
96
123
427
201
117
82
47 462
294
93
276
340
115
413
151
240
223
89 26
140
402 466 92 9 377 205 197 387 136 286
174
38
67
300
360
372
95
217
221 202 308
187
5
16 85 13
435 69 257 396 172
171
25
420
165
273
108
448
107
304
381
135
311
305 128
213
45
24 401
101
192 255
375 376
405 416
139
434
262 433
222
173
23 21
29
361
268
352
170
233 449 384
62
456 355 275 176
68
461
415
332
232
409
259 469 438
74 18
371
422
454
429
40
447
450
423
56
34 72
451
235
366
414
152
412
285
124 244
411
474
76
263
43
397
86
211
353
58
446
277
181 437
408
218
144
315
243
66
313 279
112
247
99
459
390
37
342
316
395
333
398
370
322 200
425
8
110
307
410
467 119
57
7
177
133
403 400
378 207
463
419
166
204
343
249
75
11
287
293 168
383
65
265
280
14
358
472
59
46
281
209
290
78
230
225
234
1
199
347
310
94
282
220
79
51
185
325
317
125
404
445
73
309
444 394
81
328 335
142
274
184
271
365 373 182
239
10
90
323
137
299
48
0
130
53
153
284
83
327
364
363
426
252
270 443
455
122 298
440
129
253
465
351
167
224
248
77
186
320
231
368
267
331
441
314
193
121
250
141
359
339
431
227
15
196
289
219
33
321
54