319 272
345
20 109 138 424 147 214 50 30 27 6 160 436 84 17 256 179 12 334 4 80 64 55 326 349 212
318
203
464 357
178 442 473 338 134 32 380 346 164 421 303 278 374 329 291 198 354 63 156 283 226 389 157 148 391 87 452 154 3 190 111 324 100 127 41 312 183 126 229 163 149 195 439 155 208 392 49 460 330 254 344 71 169 91 453 367 113 388 296 102 52 350 348 22 470 292 264 44 215 260 341
369
297
146
70 61 236
35
31 28
114 258 175 266 261 105 104 98 159 471 295 228 188 161 120 432 150 386 97 245 118 430 39 337 238 116 362 251 356 399 237 143 468 206 19 302 301 418 191 385 269 132 406 241 382 131 158 242 428
2 88
210
458
336
189
36
162
216
145 393
42
288
379
180
194
60
96
123
427
201
117
82
47 462
294
93
276
340
115
413
151
240
223
26 89
103 407 457 106 417
140
197 387 92 205 136 377 402 466 9 286
174
38
67
300
360
372
95
217
221 308 202
187
5
16 85 13
396 69 172 257 435
171
25
420
165
273
108
448
107
304
381
135
311
128 305
213
45
401 24
101
192 255
375 376
416 405
139
434
262 433
222
173
23 21
29
361
268
352
170
384 233 449
62
176 456 355 275
306
68
461
415
332
232
409
438 469 259
18 74
371
422
454
429
40
447
450
423
56
72 34
451
235
366
414
152
412
285
124 244
411
474
76
263
43
397
86
211
353
58
446
277
437 181
408
218
144
315
243
66
313 279
112
246
247
99
459
390
37
342
316
395
333
398
370
322 200
425
8
110
307
410
119 467
57
7
177
133
403 400
378 207
463
419
166
204
343
249
75
11
287
168 293
383
65
265
280
14
358
472
59
46
281
209
290
78
230
225
234
1
199
347
310
94
282
220
79
51
185
325
317
125
404
445
73
309
394 444
81
335 328
142
274
184
271
373 365 182
239
10
90
323
137
299
48
0
130
53
153
284
83
327
364
363
426
252
270 443
455
298 122
440
129
253
465
351
167
224
248
77
186
320
231
368
267
331
441
314
193
121
250
141
359
339
431
227
15
196
289
219
33
321
54