319 272
345
109 84 349 160 179 424 4 212 214 436 55 80 17 30 147 12 334 27 6 138 326 50 256 20 64
318
203
464 357
452 296 169 195 453 392 183 71 113 111 155 163 439 198 348 157 391 87 154 102 3 156 264 126 178 473 460 303 127 346 49 292 278 32 374 41 22 149 367 341 44 421 148 254 63 91 354
369
297
146
70 61 236
312 330 260 100 442 329 52 215 190 226 350 388 291 344 380 470 324 134 164 208 338 283 229 389
35
28 31
245 118 385 39 191 251 19 237 242 206 471 159 116 468 175 356 362 158 188 301 150 266 399 295 114 238 120 105 428 430 241 161 131 386 337 143 98 132 104 261 302 258 97 406
88 2
210
458
336
189
36
162
216
393 145
42
288
379
180
194
60
96
123
427
201
117
82
47 462
294
93
276
340
115
413
151
240
223
26 89
417 106 103 457 407
140
286 466 92 402 205 9 197 377 136
174
38
67
387
300
360
372
95
217
221 308 202
187
5
85 16 13
396 435 257 172 69
171
25
420
165
273
108
448
107
304
381
135
311
128 305
213
45
401 24
101
255 192
375 376
416 405
139
434
262 433
222
173
21 23
29
361
268
352
170
384 233 449
62
456 355 176 275
306
68
269 228 382 418 432
461
415
332
232
409
259 438 469
74 18
371
422
454
429
40
447
450
423
56
34 72
451
235
366
414
152
412
285
124 244
411
474
76
263
43
397
86
211
353
58
446
277
181 437
408
218
144
315
243
66
313 279
112
246
247
99
459
390
37
342
316
395
333
398
370
200 322
425
8
110
307
410
119 467
57
7
177
133
400 403
378 207
463
419
166
204
343
249
75
11
287
168 293
383
65
265
280
14
358
472
59
46
281
209
290
78
230
225
234
1
199
347
310
94
282
220
79
51
185
325
317
125
404
445
73
309
444 394
81
328 335
142
274
184
271
373 182 365
239
10
90
323
137
299
48
0
130
53
153
284
83
327
364
363
426
252
270 443
455
298 122
440
129
253
465
351
167
224
248
77
186
320
231
368
267
331
441
314
193
121
250
141
359
339
431
227
15
196
289
219
33
321
54