272 319
345
12 20 50 64 436 6 55 84 27 147 160 109 334 214 212 349 138 4 256 17 30 326 424 80
318
203
357 464
126 71 392 367 113 87 155 41 341 102 421 198 22 346 148 195 348 278 453 303 460 452 154 111 473 169 156 254 91 296 127 292 439 354 178 374 183 157 63 149 32 264 163 391 49 44 3
369
297
146
236 70 61
324 350 380 215 283 344 329 134 229 52 260 190 164 100 470 330 389 208 388 442 291 312 338 226
35
31 28
245 150 161 385 238 175 120 118 430 302 241 158 131 19 116 114 191 362 98 301 251 188 258 39 356 159 399 406 261 237 386 295 206 143 105 471 104 337 242 428 468 132 97 266
88 2
210
458
336
189
36
162
216
145 393
42
288
379
180
194
60
96
123
427
201
117
82
462 47
294
93
276
340
115
413
151
240
223
89 26
417 407 106 103
140
136 286 402 197 9 205 377 466 92
174
38
67
387
300
360
372
95
217
202 308 221
187
5
13 85 16
69 172 435 396 257
171
25
420
165
273
108
448
107
304
381
135
311
305 128
213
45
24 401
101
192 255
376 375
405 416
139
434
262 433
222
173
21 23
29
361
268
352
170
384 233 449
62
275 176 355
306
68
228 432 382 269 418
461
415
332
232
409
259 438 469
18 74
371
422
454
429
40
447
450
423
56
34 72
451
235
366
414
152
412
285
124 244
411
474
76
263
43
397
86
211
353
58
446
277
181 437
408
218
144
315
243
66
313 279
112
246
247
99
459
390
37
342
316
395
333
398
370
200 322
425
8
110
307
410
119 467
57
7
177
133
400 403
378 207
463
419
166
204
343
249
75
11
287
168 293
383
65
265
280
14
456
358
472
59
46
281
209
290
179
78
230
225
234
1
199
347
310
94
282
220
79
51
185
325
317
125
404
445
73
309
394 444
81
335 328
142
274
184
271
373 365 182
239
10
90
323
137
299
48
0
130
53
153
457
284
83
327
364
363
426
252
270 443
455
122 298
440
129
253
465
351
167
224
248
77
186
320
231
368
267
331
441
314
193
121
250
141
359
339
431
227
15
196
289
219
33
321
54