272 319
345
12 147 138 30 109 334 212 55 424 4 349 64 6 80 17 436 256 20 214 160 84 50 27 326
318
203
464 357
87 374 439 292 154 3 346 157 41 169 113 392 32 264 198 102 278 473 149 195 183 452 111 178 44 148 91 367 156 71 127 453 296 303 22 348 391 341 163 126 421 63 155 460 49 354 254
369
297
146
61 70 236
350 324 208 470 52 442 389 164 229 100 380 344 260 338 388 190 330 215 283 226 312 291 329 134
35
31 28
118 302 242 266 245 188 114 238 158 430 132 97 150 385 261 116 337 191 104 471 143 131 386 161 206 428 468 159 105 295 362 175 39 399 98 120 251 241 19 237 301
2 88
210
458
336
189
36
162
216
393 145
42
288
379
180
194
60
96
123
427
201
117
82
47 462
294
93
276
340
115
413
151
240
223
26 89
106 407 103 417
140
197 136 286 92 402 9 205 466 377
174
38
67
387
300
360
372
95
217
202 308 221
187
5
85 13 16
69 172 435 257 396
171
25
420
165
273
108
448
107
304
381
135
311
128 305
213
45
401 24
101
192 255
375 376
405 416
139
434
262 433
222
173
23 21
29
361
268
352
170
449 233 384
62
176 355 275
306
68
269 382 228 432 418
356 258 406
461
415
332
232
409
438 469 259
18 74
371
422
454
429
40
447
450
423
56
34 72
451
235
366
414
152
412
285
124 244
411
474
76
263
43
397
86
211
353
58
446
277
181 437
408
218
144
315
243
66
313 279
112
246
247
99
459
390
37
342
316
395
333
398
370
322 200
425
8
110
307
410
119 467
57
7
177
133
400 403
207 378
463
419
166
204
343
249
75
11
287
168 293
383
65
265
280
14
456
358
472
59
46
281
209
290
179
78
230
225
234
1
199
347
310
94
282
220
79
51
185
325
317
125
404
445
73
309
394 444
81
328 335
142
274
184
271
182 365 373
239
10
90
323
137
299
48
0
130
53
153
457
284
83
327
364
363
426
252
270 443
455
298 122
440
129
253
465
351
167
224
248
77
186
320
231
368
267
331
441
314
193
121
250
141
359
339
431
227
15
196
289
219
33
321
54