272 319
345
138 109 147 27 20 349 30 6 436 326 424 17 84 4 64 160 80 334 214 212 50 256 12 55
318
203
464 357
374 113 127 41 341 354 296 154 183 49 91 460 163 278 102 264 303 453 71 157 148 169 195 367 44 111 391 178 346 63 3 439 22 126 348 254 156 198 292 392 155 32 473 87 149 452 421
369
297
146
61 70 236
52 134 260 389 164 208 338 388 380 100 324 350 470 291 329 344 226 215 442 330 283 190 312 229
35
31 28
131 104 39 471 266 118 430 175 159 158 302 114 116 337 251 399 261 385 206 237 105 132 97 295 98 386 161 242 19 143 362 238 468 301 188 241 120 428 150 191 245
2 88
210
458
336
189
36
162
216
393 145
42
288
379
180
194
60
96
123
427
201
117
82
47 462
294
93
276
340
115
413
151
240
223
26 89
417 106 103 407
140
92 402 205 136 9 466 286 377 197
174
38
67
387
300
360
372
95
217
221 202 308
187
5
85 16 13
257 172 69 396 435
171
25
420
165
273
108
448
107
304
381
135
311
305 128
213
45
24
101
192 255
375 376
405 416
139
434
433 262
222
173
21 23
29
361
268
352
170
384 233 449
62
355 275 176
306
68
418 432 382 228 269
258 406 356
461
415
332
232
409
438 259 469
18 74
371
422
454
429
40
447
450
423
56
72 34
451
235
366
414
152
412
285
124 244
411
474
76
263
43
397
86
211
353
58
446
277
437 181
408
218
144
315
243
66
279 313
112
246
247
99
459
390
37
342
316
395
333
398
401
370
322 200
425
8
110
307
410
467 119
57
7
177
133
400 403
378 207
463
419
166
204
343
249
75
11
287
168 293
383
65
265
280
14
456
358
472
59
46
281
209
290
179
78
230
225
234
1
199
347
310
94
282
220
79
51
185
325
317
125
404
445
73
309
394 444
81
328 335
142
274
184
271
182 373 365
239
10
90
323
137
299
48
0
130
53
153
457
284
83
327
364
363
426
252
443 270
455
298 122
440
129
253
465
351
167
224
248
77
186
320
231
368
267
331
441
314
193
121
250
141
359
339
431
227
15
196
289
219
33
321
54