319
345
147 349 6 30 17 50 80 12 27 64 84 55 4 20 214
318
203
464 357
44 392 391 155 102 111 22 169 296 41 374 3 154 346 127 195 63 453 148 439 303 113 460 49 341 178 348 278 473 421 32 126 292 183 71 354 254 452 163 367 91 198 149
369
297
146
70 236 61
215 260 312 380 208 283 226 344 470 329 134 324 164 388 330 442 190 350 338 389
35
31 28
120 19 143 175 245 132 97 266 191 131 114 237 385 295 301 430 428 39 116 302 159 206 158 188 242 251 104 241 161 238 118 98 362 337 261 150 399 468 105 386 471
88 2
210
458
336
189
36
162
216
145
42
288
379
229 291 52 100
180
194
436 424 138 109 334 212 256 326 160
60
96
123
427
201
117
82
462 47
294
93
276
340
115
413
151
240
223
26 89
417 106 103 407
140
136 466 92 9 286 205 197 402
174
38
67
387
300
360
372
95
217
308 221 202
187
5
13 85 16
396 435 69 257 172
171
25
420
165
273
108
448
107
304
381
135
311
128 305
213
45
24
101
192 255
375 376
416 405
139
434
262
222
173
23 21
29
361
268
352
264 156
170
384 449 233
62
176 275 355
306
68
269 432 228 418 382
356 406 258
377
461
415
332
232
409
469 438 259
74 18
371
422
454
429
40
447
450
423
56
34 72
451
235
366
414
152
412
285
244 124
411
474
76
263
43
397
86
211
353
58
446
277
181 437
408
218
144
315
243
66
279 313
112
246
247
99
459
390
37
342
316
395
333
398
401
370
322 200
425
8
110
307
410
467 119
57
7
177
133
400 403
378 207
463
419
166
393
204
343
249
75
11
287
168 293
383
65
265
280
14
456
358
472
59
46
281
209
290
179
78
230
225
234
1
199
347
310
94
282
220
157 87
79
51
185
325
317
125
404
445
73
309
394 444
81
328 335
142
274
184
271
373 365 182
272
239
10
90
323
137
299
48
0
130
53
153
457
284
83
327
364
363
426
252
270 443
455
122 298
440
129
253
465
351
167
224
248
77
186
320
231
368
433
267
331
441
314
193
121
250
141
359
339
431
227
15
196
289
219
33
321
54