91 46 69 259 236 113 366 467 145 80 381 384 20 385 3 154 78 397 29 348 311 11 198 147 437 2 270 238 142 399 273 27 436 372 429 74 70 130 220 271 90 435 364 341 406 36 98 253 197 226 102 350 126 257 293 75 306 150 212 457 35 38 344 128 60 426 368 39 17 354 89 101 122 14 136 449 359 52 71 240 356 15 216 473 278 329 228 410 19 442 295 66 421 471 181 292 179 125 389 135 162 474 248 328 76 40 463 202 444 355 168 55 447 466 109 330 186 204 441 401 41 432 403 317 396 51 305 149 81 263 308 425 452 456 123 373 176 84 171 210 158 8 25 255 434 231 351 360 266 249 59 383 334 205 377 321 86 301 33 319 291 235 391 458 338 156 415 58 93 138 290 177 201 64 31 119 390 285 297 215 361 37 174 173 34 433 99 124 104 63 214 408 233 288 274 454 339 18 211 394 416 48 188 72 276 28 347 191 413 315 165 284 85 402 370 392 307 439 417 269 148 346 325 53 247 422 327 65 133 7 167 50 225 460 353 141 221 371 163 374 200 134 42 314 357 117 358 112 251 12 4 234 365 367 260 382 337 30 175 472 49 326 313 380 448 223 468 195 139 169 190 461 62 189 43 409 203 387 143 246 303 108 242 5 418 137 61 120 446 13 87 451 407 318 462 302 44 333 423 267 261 298 217 262 132 183 131 161 272 159 111 229 445 193 464 254 300 430 332 376 24 393 405 185 320 79 92 424 342 386 127 252 219 450 224 209 322 213 331 206 428 88 268 312 103 349 207 309 180 420 144 279 218 1 459 427 286 155 100 323 10 208 395 335 245 352 440 289 184 237 443 170 241 54 470 299 105 281 250 129 77 9 455 172 166 345 294 157 182 0 118 375 362 469 116 56 21 265 222 32 343 244 95 316 23 164 6 151 264 283 388 73 152 310 277 153 324 22 378 227 256 400 258 107 16 106 26 379 438 243 296 287 411 275 114 160 47 140 431 68 178 194 192 453 97 232
369
146
336
96
82
340
115
67
187
304 465
45
414
412
398
110
57
419
280
230
199
94
282
404
239
83
363
121
196