319
345
17 6 64 55 30 349 80 20 214 12 4 50 27 84 147
318
203
357 464
22 63 71 41 3 44 374 391 155 254 127 148 421 341 91 292 453 367 452 354 473 149 392 346 198 460 278 195 102 296 183 111 154 169 126 348 303 439 49 32 163 113 178
369
297
146
236 70 61
283 388 470 389 380 226 344 164 330 442 312 134 190 350 329 324 260 215 208 338
35
28 31
302 301 295 105 251 97 131 158 245 468 399 150 161 118 104 266 430 191 337 261 120 159 116 188 175 428 386 114 238 206 242 362 19 39 143 132 241 237 385 98 471
88 2
210
458
336
189
36
162
216
145
42
288
379
100 229 52 291
180
194
424 109 160 138 256 212 436 334 326
60
96
123
427
201
117
82
47 462
294
93
276
340
115
413
151
240
223
26 89
417 103 407 106
140
402 9 197 286 466 92 136 205
174
38
67
387
300
360
372
95
217
202 221 308
187
5
16 13 85
396 435 69 172 257
171
25
420
165
273
108
448
107
304
381
135
311
128 305
213
45
24
101
192
376 375
405 416
139
434
262
222
173
21 23
29
361
268
352
264 156
170
449 233 384
62
176 275 355
306
68
432 418 269 228 382
258 406 356
377
461
415
332
232
409
469 259 438
18 74
371
422
454
429
40
447
450
423
56
34 72
451
235
366
414
152
412
285
244 124
411
474
76
263
43
397
86
211
353
58
446
277
181 437
408
218
144
315
243
66
313 279
112
246
247
99
459
390
37
342
316
395
333
398
401
370
322 200
425
8
110
307
410
119 467
57
7
177
133
400 403
207 378
463
419
166
393
204
343
249
75
11
287
293 168
383
65
265
280
14
456
358
472
59
46
281
209
290
179
78
230
225
234
1
199
347
310
255
94
282
220
87 157
79
51
185
325
317
125
404
445
73
309
444 394
81
335 328
142
274
184
271
182 373 365
272
239
10
90
323
137
299
48
0
130
53
153
457
284
83
327
364
363
426
252
270 443
455
298 122
440
129
253
465
351
167
224
248
77
186
320
231
368
433
267
331
441
314
193
121
250
141
359
339
431
227
15
196
289
219
33
321
54