319
345
4 349 30 12 50 80 147 20 214 55 27 6 64 84 17
318
203
357 464
127 254 292 71 169 102 453 183 439 278 195 148 341 374 421 32 22 149 111 154 126 49 303 178 3 113 44 198 354 91 452 346 473 163 460 391 392 155 367 63 41 296 348
369
297
146
236 70 61
389 350 338 226 190 330 215 283 388 134 324 470 208 344 260 380 312 329 164 442
35
28 31
98 105 428 238 118 120 206 386 19 191 302 430 104 131 237 150 158 385 266 261 251 471 241 175 143 468 245 399 362 159 301 116 188 337 97 39 295 242 132 161 114
2 88
210
458
336
189
36
162
216
145
42
288
379
229 100 291 52
180
194
326 436 424 109 256 138 160 334
60
96
123
427
201
117
82
47 462
294
93
276
340
115
413
151
240
223
26 89
407 103 106 417
140
466 9 402 286 205 92 197 136
174
38
67
387
300
360
372
95
217
221 202 308
187
5
13 16 85
435 257 172 69 396
171
25
420
165
273
108
448
107
304
381
135
311
305 128
213
45
24
101
192
375 376
405 416
139
434
262
222
173
23 21
29
361
268
352
156 264
170
233 384 449
62
355 275 176
306
68
269 382 418 432 228
258 406 356
377
461
415
332
232
409
259 469 438
74 18
371
422
454
429
40
447
450
423
56
72 34
451
235
366
414
152
412
285
244 124
411
474
76
263
43
397
86
211
353
58
446
277
181 437
408
218
144
315
243
66
313 279
112
246
247
99
459
390
37
342
316
395
333
398
401
370
200 322
425
8
110
307
410
467 119
57
7
177
133
400 403
207 378
463
419
166
393
204
343
249
75
11
287
293 168
383
65
265
280
14
456
358
472
59
46
281
209
290
179
78
230
225
234
1
199
347
310
255
94
282
220
87 157
79
51
185
325
317
125
404
445
73
309
394 444
81
335 328
142
274
184
271
373 182 365
272
239
10
212
90
323
137
299
48
0
130
53
153
457
284
83
327
364
363
426
252
270 443
455
122 298
440
129
253
465
351
167
224
248
77
186
320
231
368
433
267
331
441
314
193
121
250
141
359
339
431
227
15
196
289
219
33
321
54