319
345
214 349 55 80 6 84 30 147 64
318
203
357 464
63 148 303 296 392 254 460 278 374 439 126 348 391 198 102 3 49 341 111 149 91 155 453 163 421 346 452 169 354 113 292 183 22 32 41 71 473 154 127 44 195 367 178
369
297
146
70 61 236
190 208 329 330 260 470 134 380 164 226 350 389 344 388 442 215 312 283 324 338
35
28 31
143 118 337 132 98 188 19 175 105 237 97 242 191 301 131 159 238 385 251 261 39 362 206 266 120 295 150 386 471 428 114 430 245 161 399 302 116 241 158 104
88 2
210
458
336
189
36
162
216
145
42
288
379
229 291 52 100
180
194
334 436 109 326 138 424 160 256
60
96
123
427
201
117
82
47 462
294
93
17 12 20 50 4 27
276
340
115
413
151
240
223
26 89
106 103 407 417
140
136 402 286 205 92 466 197 9
174
38
67
387
300
360
372
95
217
308 202 221
187
5
13 85 16
172 69 396 435 257
171
25
420
165
273
108
448
107
304
381
135
311
128 305
213
45
24
101
192
376 375
416 405
139
434
262
222
173
21 23
29
361
268
352
156 264
170
449 384 233
62
176 275 355
306
68
228 269 432 418 382
406 258
377
461
415
332
232
409
438 259 469
18 74
371
422
454
429
40
447
450
423
56
34 72
451
235
366
414
152
412
285
244 124
411
474
76
263
43
397
86
211
353
58
446
277
181 437
408
218
144
315
243
66
313 279
112
246
247
99
459
390
37
342
316
395
333
398
401
370
200 322
425
8
110
307
410
119 467
57
7
177
133
400 403
378 207
463
419
166
468
393
204
343
249
75
11
287
293 168
383
65
265
280
14
456
358
472
59
46
281
209
290
179
78
230
225
234
1
199
347
310
255
94
282
220
87 157
79
51
185
356
325
317
125
404
445
73
309
444 394
81
328 335
142
274
184
271
373 365 182
272
239
10
212
90
323
137
299
48
0
130
53
153
457
284
83
327
364
363
426
252
443 270
455
298 122
440
129
253
465
351
167
224
248
77
186
320
231
368
433
267
331
441
314
193
121
250
141
359
339
431
227
15
196
289
219
33
321
54