319
345
84 30 80 147 214 6 64 55 349
318
203
464 357
473 41 439 421 63 278 303 453 49 44 354 452 169 348 148 254 113 111 178 374 155 127 126 367 71 149 22 392 102 292 183 32 154 296 91 346 391 195 460
369
297
146
61 70 236
470 330 324 344 226 215 208 164 134 380 442 338 388 190 329 283 312 350 260 389
35
31 28
241 238 430 428 242 114 251 237 386 159 161 302 104 261 471 188 98 97 399 150 116 191 175 143 206 295 118 105 132 385 362 131 120 266 158 301 337
19 245 39
88 2
210
458
336
189
36
162
216
145
42
288
379
229 100 52 291
180
194
436 109 334 256 138 424 326 160
60
96
123
427
201
117
82
47 462
294
93
20 12 50 27 4 17
276
340
115
413
151
240
223
26 89
106 417 407 103
140
197 466 286 136 402 205 92 9
174
38
67
387
300
360
372
95
217
202 308 221
187
5
85 16 13
396 435 257 172 69
171
25
420
165
273
108
448
107
304
381
135
311
305 128
213
45
24
101
192
376 375
405 416
139
434
262
222
173
21 23
29
361
268
352
264 156
163 341 3
170
449 384 233
62
176 275 355
306
68
269 418 228 432 382
406 258
377
461
415
332
232
409
469 259 438
74 18
371
422
454
429
40
447
450
423
56
34 72
451
235
366
414
152
412
285
124 244
411
474
76
263
43
397
86
211
353
58
446
277
181
408
218
144
315
243
66
279 313
112
246
247
99
459
390
37
342
316
395
333
398
401
370
322 200
425
8
110
307
410
119 467
57
7
177
133
400 403
378 207
463
419
166
468
393
204
343
249
75
11
287
168 293
383
65
265
280
14
456
358
472
59
46
281
209
290
179
78
230
225
234
1
199
347
310
255
94
282
220
157 87
79
51
185
356
325
317
125
404
445
73
309
394 444
81
328 335
142
274
184
271
365 373 182
272
239
10
212
90
323
137
299
48
0
130
53
437
153
457
284
83
327
364
363
426
252
270 443
455
298 122
440
129
253
465
351
167
224
248
77
198
186
320
231
368
433
267
331
441
314
193
121
250
141
359
339
431
227
15
196
289
219
33
321
54