319
345
55 349 147 84 30 64 214 80 6
318
203
464 357
22 126 392 460 296 439 63 32 346 354 254 44 367 71 278 127 195 303 102 183 111 113 169 421 178 148 149 49 155 452 41 154 453 391 292 348 91 374 473
369
297
146
70 61 236
260 324 338 226 388 344 208 134 312 164 283 470 350 190 215 442 389 330 329 380
35
31 28
161 295 98 251 301 114 362 428 143 132 206 120 399 386 191 158 131 337 105 116 238 150 97 118 104 242 266 385 261 237 302 188 159 241 175 471 430
39
2 88
210
458
336
189
36
162
216
145
42
288
379
100 52 229 291
180
194
160 334 109 436 326 138 424 256
60
96
123
427
201
117
82
462 47
294
93
27 50 17 4 20 12
276
340
115
413
151
240
223
89 26
103 407 106 417
140
286 197 205 136 402 92 466 9
174
38
67
387
300
360
372
95
19 245
217
308 202 221
187
5
13 85 16
257 396 69 435 172
171
25
420
165
273
108
448
107
304
381
135
311
305 128
213
45
24
101
192
375 376
405 416
139
434
262
222
173
23 21
29
361
268
352
264 156
3 163 341
170
384 233 449
62
176 275 355
306
68
418 382 432 228 269
406 258
377
461
415
332
232
409
438 259 469
18 74
371
422
454
429
40
447
450
423
56
72 34
451
235
366
414
152
412
285
124 244
411
474
76
263
43
397
86
211
353
58
446
277
181
408
218
144
315
243
66
313 279
112
246
247
99
459
390
37
342
316
395
333
398
401
370
200 322
425
8
110
307
410
119 467
57
7
177
133
403 400
378 207
463
419
166
468
393
204
343
249
75
11
287
168 293
383
65
265
280
14
456
358
472
59
46
281
209
290
179
78
230
225
234
1
199
347
310
255
94
282
220
87 157
79
51
185
356
325
317
125
404
445
73
309
444 394
81
328 335
142
274
184
271
365 373 182
272
239
10
212
90
323
137
299
48
0
130
53
437
153
457
284
83
327
364
363
426
252
270 443
455
298 122
440
129
253
465
351
167
224
248
77
198
186
320
231
368
433
267
331
441
314
193
121
250
141
359
339
431
227
15
196
289
219
33
321
54