319
345
84 349 6 214 55 64 147 30 80
318
203
464 357
155 391 439 127 195 348 183 111 296 303 374 346 421 292 453 126 254 392 473 148 178 169
369
297
146
70 61 236
283 350 470 330 380 388 389 215 338 260 134 329 312 190 208 164 442
35
31 28
261 251 266 105 104 238 237 362 132 385 471 399 116 428 295 118 131 175 143 98 97 206 191 242 150 386 159 114 188 301 161 241 302 120 337 430 158
344 324
39
41 44 113 22 354 63 452 71 91 460 49 154 102 278 367 32
88 2
210
458
336
189
36
162
216
145
42
288
379
229 52 291 100
180
194
256 326 334 436 160 424 138 109
60
96
123
427
201
117
82
462 47
294
93
50 17 4 20 27 12
276
340
115
413
151
240
223
26 89
417 407 103 106
140
466 402 286 9 205 197 136 92
174
38
67
387
300
360
372
95
245 19
217
202 308 221
187
5
85 13 16
257 435 172 396 69
171
25
420
165
273
108
448
107
304
381
135
311
305 128
213
45
24
101
192
375 376
405 416
139
434
262
222
173
23 21
29
361
268
352
156 264
163 341
170
233 449 384
62
355 275 176
306
68
228 269 432 382 418
258 406
377
461
415
332
232
409
469 438 259
18 74
371
422
454
429
40
447
450
423
56
72 34
451
235
366
414
152
412
285
244 124
411
474
76
263
43
397
86
211
353
58
446
277
181
408
218
144
315
243
66
313 279
112
246
247
99
459
390
37
342
316
395
333
398
401
370
200 322
425
8
110
307
410
467 119
57
7
177
133
403 400
378 207
463
419
166
468
393
204
343
249
75
11
287
293 168
383
65
265
280
14
456
358
472
59
46
281
209
290
179
78
230
225
234
1
199
347
149
310
255
94
282
220
87 157
79
51
185
356
325
317
125
404
445
73
309
394 444
81
328 335
142
274
184
271
365 182 373
272
239
10
212
90
323
137
299
48
0
130
53
437
153
457
284
83
327
364
363
426
252
3
443 270
455
298 122
440
226
129
253
465
351
167
224
248
77
198
186
320
231
368
433
267
331
441
314
193
121
250
141
359
339
431
227
15
196
289
219
33
321
54