319
345
349 6 84 55 80 30 64 214 147
318
203
464 357
183 254 126 439 155 303 296 473 453 292 148 421 374 348 392 169 111 178 127 346 391 195
369
297
146
70 61 236
283 470 329 380 208 338 442 350 215 389 330 134 164 312 260 190
35
31 28
241 118 261 206 120 97 362 98 399 150 237 116 302 301 386 471 428 295 104 191 105 158 266 161 175 238 430 131 188 132 143 251 114 337 242 159 385
344 324
39
91 63 49 278 452 41 32 460 102 154 367 44 71 113 22 354
88 2
210
458
336
189
36
162
216
145
42
288
379
52 100 291 229
180
194
334 436 256 424 326 138 160 109
60
96
123
427
201
117
82
47 462
294
93
27 4 12 20 17 50
276
340
115
413
151
240
223
89 26
417 106 407 103
140
286 136 402 92 9 205 197 466
174
38
67
387
300
360
372
95
19 245
217
221 202 308
187
5
85 13 16
172 435 396 257 69
171
25
420
165
273
108
448
107
304
381
135
311
305 128
213
45
24
101
192
376 375
416 405
139
434
262
222
173
23 21
29
361
268
352
264 156
163 341
170
449 384 233
62
176 355 275
306
68
228 432 269 418 382
406 258
377
461
415
332
232
409
438 469 259
74 18
371
422
454
429
40
447
450
423
56
34 72
451
235
366
414
152
412
285
244 124
411
474
76
263
43
397
86
211
353
58
446
277
181
408
218
144
315
243
66
313 279
112
246
247
99
459
390
37
342
316
395
333
398
401
370
322 200
425
8
110
307
410
467 119
57
7
177
133
403 400
207 378
463
419
166
468
393
204
343
249
75
11
287
293 168
383
65
265
280
14
456
358
472
59
46
281
209
290
179
78
230
225
234
1
199
347
149
310
255
94
282
220
87 157
79
51
185
356
325
317
125
404
445
73
309
444 394
81
328 335
142
274
184
271
182 373 365
272
239
10
212
90
323
137
299
48
0
130
53
437
153
457
284
83
327
364
363
426
252
3
443 270
455
298 122
440
226
129
253
465
351
167
224
248
77
198
186
388
320
231
368
433
267
331
441
314
193
121
250
141
359
339
431
227
15
196
289
219
33
321
54