319
345
6 349 64 147 80 84 30 214 55
318
203
357 464
292 473 374 348 169 111 392 195 421 178 148 155 439 254 391 303 127 453 346 126 296 183
369
297
146
61 236 70
312 190 470
260 208 330 283 338 389 350 134 215 442 329 380
35
31 28
261 116 159 266 175 386 385 206 237 161 191 337 399 238 98 104 120 242 362 118 105 132 97 430 188 150 158 241 251 301 428 295 302 143 471 114
344 324
39
278 102 22 154 91 113 452 367 44 41 460 71 49 63 354 32
131
88 2
210
458
336
189
36
162
216
145
42
288
379
100 52 291 229
180
194
326 424 160 334 436 256 138 109
60
96
123
427
201
117
82
47 462
294
93
12 17 4 20 27 50
276
340
115
413
151
240
223
89 26
103 407 106 417
140
197 9 136 402 466 205 286 92
174
38
67
387
300
360
372
95
245 19
217
202 308 221
187
5
13 85 16
69 257 396 172 435
171
25
420
165
273
108
448
107
304
381
135
311
128 305
213
45
24
101
192
376 375
416 405
139
434
262
222
173
21 23
29
361
268
352
156 264
163 341
170
233 384 449
62
355 275 176
164
306
68
432 228 418 382 269
406 258
377
461
415
332
232
409
438 469 259
74 18
371
422
454
429
40
447
450
423
56
72 34
451
235
366
414
152
412
285
124 244
411
474
76
263
43
397
86
211
353
58
446
277
181
408
218
144
315
243
66
313 279
112
246
247
99
459
390
37
342
316
395
333
398
401
370
322 200
425
8
110
307
410
119 467
57
7
177
133
400 403
378 207
463
419
166
468
393
204
343
249
75
11
287
293 168
383
65
265
280
14
456
358
472
59
46
281
209
290
179
78
230
225
234
1
199
347
149
310
255
94
282
220
87 157
79
51
185
356
325
317
125
404
445
73
309
394 444
81
328 335
142
274
184
271
365 182 373
272
239
10
212
90
323
137
299
48
0
130
53
437
153
457
284
83
327
364
363
426
252
3
443 270
455
298 122
440
226
129
253
465
351
167
224
248
77
198
186
388
320
231
368
433
267
331
441
314
193
121
250
141
359
339
431
227
15
196
289
219
33
321
54