319
345
147 80 64 214 30 55 84 6 349
318
203
357 464
296 421 374 292 195 183 453 391 127 346 126 392 254 111 155 148 439 473 303 169 348 178
369
297
146
236 70 61
312 190 470
350 380 442 208 338 260 215 134 330 389 283 329
35
28 31
430 237 241 98 238 158 261 118 471 105 385 295 251 114 116 399 386 175 302 161 97 266 428 143 301 104 337 150 242 132 206 159 191 120 188 362
344 324
39
91 113 460 41 102 32 44 354 278 71 22 63 452 49 154 367
131
88 2
210
458
336
189
36
162
216
145
42
288
379
100 291 229 52
180
194
326 436 334 160 256 424 109 138
60
96
123
427
201
117
82
47 462
294
93
20 4 27 17
276
340
115
413
151
240
223
89 26
103 417 106 407
140
92 205 9 466 136 402 197 286
174
38
67
387
300
360
372
95
19 245
217
202 221 308
187
5
85 16 13
12 50
435 69 172 396 257
171
25
420
165
273
108
448
107
304
381
135
311
128 305
213
45
24
101
192
376 375
405 416
139
434
262
222
173
23 21
29
361
268
352
156 264
341 163
170
233 384 449
62
176 355 275
164
306
68
269 418 382 228 432
258 406
377
461
415
332
232
409
438 469 259
18 74
371
422
454
429
40
447
450
423
56
34 72
451
235
366
414
152
412
285
244 124
411
474
76
263
43
397
86
211
353
58
446
277
181
408
218
144
315
243
66
279 313
112
246
247
99
459
390
37
342
316
395
333
398
401
370
200 322
425
8
110
307
410
119 467
57
7
177
133
403 400
207 378
463
419
166
468
393
204
343
249
75
11
287
293 168
383
65
265
280
14
456
358
472
59
46
281
209
290
179
78
230
225
234
1
199
347
149
310
255
94
282
220
157 87
79
51
185
356
325
317
125
404
445
73
309
444 394
81
328 335
142
274
184
271
365 373 182
272
239
10
212
90
323
137
299
48
0
130
53
437
153
457
284
83
327
364
363
426
252
3
443 270
455
298 122
440
226
129
253
465
351
167
224
248
77
198
186
388
320
231
368
433
267
331
441
314
193
121
250
141
359
339
431
227
15
196
289
219
33
321
54