61 97 302 155 70 456 43 215 233 247 276 287 240 395 411 445 468 128 446 47 175 33 20 366 19 313 418 443 416 250 403 139 281 346 392 450 147 211 473 229 368 267 279 405 459 226 168 188 144 410 209 201 383 471 284 449 118 255 111 461 357 312 66 151 424 288 320 212 36 55 303 89 134 330 241 266 344 347 143 243 231 356 285 431 59 289 448 272 152 27 11 269 359 93 238 277 123 224 173 467 441 292 355 191 156 469 259 472 389 21 305 154 149 108 164 309 106 81 136 159 382 104 77 323 85 207 329 428 256 14 315 442 166 52 109 352 99 29 122 162 377 17 165 333 374 63 135 160 214 46 142 430 348 90 385 318 138 457 74 380 40 435 44 86 286 270 194 3 406 300 350 319 349 242 71 422 102 13 421 325 393 28 254 95 113 219 268 301 73 399 409 223 48 274 423 364 317 32 75 466 283 65 51 129 373 367 434 375 225 124 222 203 376 294 41 91 184 24 453 307 342 227 432 334 140 387 381 427 92 402 386 440 444 31 15 372 257 438 206 246 370 5 390 1 117 192 34 220 316 321 245 39 157 18 171 69 7 131 56 202 9 353 0 120 150 54 451 290 163 87 262 84 200 205 25 454 462 58 306 23 133 64 354 116 397 228 98 236 30 170 362 217 248 218 265 198 130 78 252 338 278 208 148 460 298 365 125 263 49 401 105 400 2 127 425 177 388 261 22 455 193 210 371 76 463 361 417 221 145 176 447 213 436 112 345 190 100 237 68 178 439 327 293 324 407 88 335 326 273 341 181 429 260 452 16 408 331 12 275 384 79 358 474 182 167 204 50 72 337 153 179 314 42 234 141 291 6 8 4 391 464 458 328 232 38 470 172 351 415 132 296 396 126 339 101 426 251 216 80 62 235 114 332 437 10 308 169 378 185 394 107 322 53 35 60 174 264 295 180 183 26 186 195 37 311 420 249 244 161 299 413 258 310 158 253 103 197 379 433 137 343 119 297 271
369
146
336
189
96
82
340
115
67
360
187
304 465
45
414
412
398
110
57
419
280
230
199
94
282
404
239
83
363
121
196