319
345
30 55 84 147 349 80 64 6 214
318
203
357 464
453 439 127 296 178 421 169 348 391 346 183 473 303 148 195 374 254 392 155 126 111 292
369
297
146
236 70 61
190 312 470
350 208 338 215 329 380 330 283 389 442 134 260
35
28 31
301 242 251 337 362 132 206 120 399 238 266 104 97 471 116 237 161 386 118 98 158 188 150 295 385 159 428 143 241 175 191 105 430 114 261 302
324 344
39
367 102 49 154 63 32 460 22 71 41 452 44 278 113 354 91
131
88 2
210
458
336
189
36
162
216
145
42
288
379
52 291 229
180
194
424 436 326 256 109 334 138 160
60
96
123
427
201
117
82
462 47
294
93
17 27 20 4
276
340
115
413
151
240
223
26 89
106 417
140
402 197 92 286 9 205 136 466
174
38
67
387
300
360
372
95
19 245
217
221 202 308
187
5
13
50 12
257 69 435 396 172
171
25
420
165
273
108
448
107
304
381
135
311
305 128
213
45
24
101
192
375
405 416
139
434
262
222
173
21 23
16 85
29
361
268
352
156 264
163 341
170
449 233 384
62
176 355 275
164
306
68
407 103
269 418 382 432 228
258 406
377
461
415
332
232
409
469 259 438
18 74
371
422
454
429
40
447
450
423
56
34 72
451
235
366
414
152
412
285
244 124
411
474
76
263
43
397
86
211
353
58
446
277
181
408
218
144
315
243
66
279 313
112
246
247
99
459
390
37
342
316
395
333
398
401
370
200 322
425
8
110
307
410
119 467
57
7
177
133
400 403
378
463
419
166
468
393
204
343
249
75
11
287
168 293
383
65
265
280
207
14
456
358
472
59
46
281
209
290
179
78
230
225
234
1
199
347
149
310
255
94
282
220
87 157
79
51
185
356
325
317
125
404
445
73
376
309
444 394
81
335 328
142
274
184
271
373 365 182
272
239
10
212
90
323
137
299
48
0
130
53
437
153
457
284
83
327
364
363
426
252
3
270
455
298 122
440
226
129
253
465
351
167
224
248
77
198
186
388
320
231
368
433
267
331
443
441
314
193
121
250
141
359
339
431
227
100
15
196
289
219
33
321
54