319
345
214 147 64 55 84 349 6 80 30
318
203
357 464
296 126 292 254 148 391 303 111 169 178 374 155 346 127 473 439 195 183 421 348 392 453
369
297
146
61 236 70
470 190 312
338 380 350 283 260 215 329 442 134 389 330 208
35
31 28
386 132 428 105 362 98 118 97 261 116 471 188 150 242 191 385 430 238 158 399 159 175 104 337 143 241 251 114 266 295 301 206 120 237 302 161
324 344
39
278 154
131
88 2
210
458
336
189
36
162
216
145
42
288
379
291 229 52
180
194
334 326 160 109 256 138 436 424
60
96
123
427
201
117
82
113 91 71 41 22 354 49 32 367 460 102 44 452
47 462
294
93
20 17 4 27
276
340
115
413
151
240
223
26 89
417 106
140
205 9 466 402 286 136 92 197
174
38
67
387
300
360
372
95
19 245
217
202 221
187
5
13
50 12
396 257 172
171
25
420
165
273
108
448
107
304
381
135
311
128 305
213
45
24
101
192
375
405 416
139
434
262
222
173
23 21
16 85
29
361
268
352
264 156
341 163
63
170
233 384
62
355 275 176
164
306
68
407 103
432 269 228
258 406
377
461
415
332
232
69
409
469 438 259
18 74
371
422
454
429
40
449
447
450
423
56
34 72
451
235
366
414
152
412
285
418 382
124 244
411
474
76
263
43
397
86
211
353
58
446
277
181
435
408
218
144
315
243
66
279 313
112
246
247
99
459
390
37
342
316
395
333
398
401
370
200 322
425
8
110
307
410
119
57
7
177
133
400 403
378
463
419
166
468
393
204
343
249
75
11
287
293 168
383
65
467
265
280
207
14
456
358
472
59
46
281
209
290
179
78
230
225
234
1
199
347
149
310
255
94
282
220
157 87
79
51
185
356
308
325
317
125
404
445
73
376
309
444 394
81
335 328
142
274
184
271
182 373 365
272
239
10
212
90
323
137
299
48
0
130
53
437
153
457
284
83
327
364
363
426
252
3
270
455
298 122
440
226
129
253
465
351
167
224
248
77
198
186
388
320
231
368
433
267
331
443
441
314
193
121
250
141
359
339
431
227
100
15
196
289
219
33
321
54