319
345
214 84 349 80 6 30 55 147 64
318
203
464 357
392 127 421 183 348 473 292 169 346 126 439 155 111 303 178 296 195 453 391 254 148 374
369
297
146
61 236 70
312 470 190
329 330 134 380 260 208 389 215 442 338
35
28 31
161 143 191 237 98 301 430 266 150 471 105 114 242 261 97 158 302 116 120 188 337 385 251 399 428 206 386 104 238 118 132 175 295 362 159 241
324 344
39
154 278
131
2 88
210
458
336
189
36
162
216
145
42
288
379
52 291 229
180
194
283 350
109 160 424 138 334 436 256 326
60
96
123
427
201
117
82
102 452 113 49 91 367 71 41 354 460 22 32 44
47 462
294
93
17 27 20
276
340
115
413
151
240
223
89 26
417 106
140
205 402 136 286 9 466 92 197
174
38
67
387
300
360
372
95
245 19
217
221 202
187
5
13
50 12
257 396 172
171
25
420
165
273
108
448
107
304
381
135
311
128 305
213
45
24
101
192
375
405 416
139
434
262
222
173
23 21
16 85
29
361
268
352
156 264
341 163
63
170
384 233
62
275 355 176
164
306
68
103 407
228 432 269
258 406
377
461
415
332
232
69
409
259 438 469
18 74
371
422
454
429
40
449
447
450
423
56
34 72
451
235
366
414
152
412
285
382 418
244 124
411
474
76
263
43
397
86
211
353
58
446
277
181
435
408
218
144
315
243
66
313 279
112
246
247
99
459
390
37
342
316
395
333
4
398
401
370
322 200
425
8
110
307
410
119
57
7
177
133
400 403
378
463
419
166
468
393
204
343
249
75
11
287
293 168
383
65
467
265
280
207
14
456
358
472
59
46
281
209
290
179
78
230
225
234
1
199
347
149
310
255
94
282
220
87 157
79
51
185
356
308
325
317
125
404
445
73
376
309
394 444
81
335 328
142
274
184
271
373 182 365
272
239
10
212
90
323
137
299
48
0
130
53
437
153
457
284
83
327
364
363
426
252
3
270
455
298 122
440
226
129
253
465
351
167
224
248
77
198
186
388
320
231
368
433
267
331
443
441
314
193
121
250
141
359
339
431
227
100
15
196
289
219
33
321
54