319
345
214 6 80 55 30 64 147 349 84
318
203
357 464
348 111 453 473 392 439 374 127 195 155 346 296 178 254 303 421 148 391 169 126 292 183
369
297
146
61 236 70
190 470 312
260 389 338 208 442 380 329 330 215 134
35
28 31
385 430 362 251 471 116 143 428 175 97 295 132 120 399 241 238 386 150 161 104 237 114 118 159 261 158 302 98 337 188 242 206 301 191 105 266
344 324
39
278 154
131
88 2
210
458
336
189
36
162
216
145
42
288
379
52 291 229
180
194
283 350
334 436 109 326 160 138 424 256
60
96
123
427
201
117
82
71 354 460 367 41 49 44 22 452 32 102 113 91
462 47
294
93
27 17 20
276
340
115
413
151
240
223
89 26
106 417
140
402 197 286 466 92 9 205 136
174
38
67
387
300
360
372
95
19 245
217
221 202
187
5
13
50 12
257 396
171
25
420
165
273
108
448
107
304
381
135
311
128 305
213
45
24
101
192
375
405 416
139
434
262
222
173
21 23
85 16
29
361
268
352
156 264
163 341
63
170
384 233
62
355 176 275
164
306
68
103 407
269 228 432
406 258
377
461
415
332
232
69
409
438 259 469
18 74
371
422
454
429
40
449
447
450
423
56
34 72
451
235
366
414
152
412
285
418 382
124 244
411
474
76
263
43
397
86
211
353
58
446
277
181
435
408
218
144
315
243
66
279 313
112
246
247
99
459
390
37
342
316
395
333
4
398
172
401
370
322 200
425
8
110
307
410
119
57
7
177
133
400 403
378
463
419
166
468
393
204
343
249
75
11
287
293 168
383
65
467
265
280
207
14
456
358
472
59
46
281
209
290
179
78
230
225
234
1
199
347
149
310
255
94
282
220
87 157
79
51
185
356
308
325
317
125
404
445
73
376
309
444 394
81
335 328
142
274
184
271
373 182 365
272
239
10
212
90
323
137
299
48
0
130
53
437
153
457
284
83
327
364
363
426
252
3
270
455
298 122
440
226
129
253
465
351
167
224
248
77
198
186
388
320
231
368
433
267
331
443
441
314
193
121
250
141
359
339
431
227
100
15
196
289
219
33
321
54