319
345
80 6 214 64 84 349 30 147 55
318
203
464 357
127 195 169 439 111 292 391 346 148 392 126 421 254 303 183 348 296 374 155 178 473 453
369
297
146
70 61 236
312 470 190
442
35
28 31
385 98 206 362 242 97 251 386 237 188 143 428 430 116 159 337 150 261 399 238 295 241 118 191 104 301 161 120 105 158 266 114 471 302 175 132
344 324
39
154 278
131
88 2
210
458
336
189
36
162
216
145
42
288
379
229 52 291
180
194
283 350
256 424 334 109 326 138 436 160
60
96
123
427
201
117
82
91 32 22 367 71 354 113 460 452 44 102 41 49
462 47
294
389 260 208 338 329 380 215 134 330
93
17 20 27
276
340
115
413
151
240
223
89 26
417 106
140
136 402 197 466 92 9 205 286
174
38
67
387
300
360
372
95
245 19
217
202 221
187
5
13
50 12
396 257
171
25
420
165
273
108
448
107
304
381
135
311
305 128
213
45
24
101
192
375
416 405
139
434
262
222
173
21 23
85 16
29
361
268
352
156 264
341 163
63
170
384 233
62
355 275 176
164
306
68
103 407
228 269 432
258 406
377
461
415
332
232
69
409
259 469 438
74 18
371
422
454
429
40
449
447
450
423
56
34 72
451
235
366
414
152
412
285
418 382
244 124
411
474
76
263
43
397
86
211
353
58
446
277
181
435
408
218
144
315
243
66
313 279
112
246
247
99
459
390
37
342
316
395
333
4
398
172
401
370
322 200
425
8
110
307
410
119
57
7
177
133
403 400
378
463
419
166
468
393
204
343
249
75
11
287
168 293
383
65
467
265
280
207
14
456
358
472
59
46
281
209
290
179
78
230
225
234
1
199
347
149
310
255
94
282
220
157 87
79
51
185
356
308
325
317
125
404
445
73
376
309
444 394
81
328 335
142
274
184
271
365 373 182
272
239
10
212
90
323
137
299
48
0
130
53
437
153
457
284
83
327
364
363
426
252
3
270
455
298 122
440
226
129
253
465
351
167
224
248
77
198
186
388
320
231
368
433
267
331
443
441
314
193
121
250
141
359
339
431
227
100
15
196
289
219
33
321
54