202 207 319 142 192 112 62 3 162 327 75 60 104 225 462 255 150 421 68 455 403 12 118 178 167 195 308 157 366 201 42 249 281 247 149 29 229 446 337 243 203 7 87 182 271 181 173 303 179 140 148 218 439 65 241 326 279 6 473 128 415 138 437 11 116 184 137 422 406 2 55 204 353 59 312 166 17 292 344 168 0 356 380 452 305 314 38 198 379 183 8 424 214 431 44 37 371 20 221 264 51 21 275 206 307 348 135 442 427 466 276 98 172 81 209 388 161 283 402 190 338 48 258 436 219 423 127 78 73 311 147 193 15 405 164 411 246 125 248 191 299 251 163 47 13 341 302 418 346 43 430 242 425 35 335 420 34 364 26 85 92 145 171 309 472 396 322 433 88 467 294 134 413 56 401 186 334 300 375 463 438 130 274 180 268 111 449 136 158 86 324 54 103 70 213 40 287 155 254 101 238 347 16 385 400 368 231 200 49 133 464 215 443 66 71 260 197 468 228 27 289 91 277 222 76 297 399 208 252 160 14 227 165 18 89 456 470 236 256 217 432 74 235 361 384 194 224 373 159 393 267 176 429 458 72 113 233 454 453 392 123 152 386 266 286 216 77 95 90 426 185 117 52 109 447 4 205 79 410 273 9 389 474 253 333 46 428 61 19 284 50 298 378 451 237 63 244 105 151 120 257 84 263 374 278 270 357 342 407 372 24 301 58 409 170 359 250 174 132 362 188 22 23 212 265 210 395 460 232 169 143 261 329 211 285 444 36 220 318 321 461 471 441 64 93 240 381 30 354 290 315 325 352 41 365 102 310 330 355 119 25 99 459 377 417 317 295 445 394 376 114 434 367 331 122 154 390 1 226 349 97 139 106 262 457 391 259 39 5 313 358 269 144 10 450 469 177 316 387 408 435 33 370 53 32 131 69 272 107 100 306 382 223 156 339 108 323 153 350 124 296 440 351 245 343 129 345 416 291 383 28 332 320 126 234 31 397 448 328 80 175 293
369
146
336
189
288
96
82
340
115
67
360
187
465 304
45
414
412
398
110
57
419
280
230
199
94
282
404
239
83
363
121
141
196