319
345
64 349 55 84 147 30 6 214 80
318
203
464 357
453 303 348 195 391 421 254 392 148 178 439 473 346 155 296 126 111 292 169 183
369
297
146
61 236 70
190 312 470
442
35
28 31
118 386 385 238 175 301 161 302 97 399 251 105 261 295 104 191 114 337 143 132 428 116 362 150 98 242 206 241 188 159 266 120 158 430 471 237
344 324
39
278 154
131
88 2
210
458
336
189
36
162
216
145
42
288
379
229 52 291
180
194
350 283
334 436 326 256 138 424 160 109
60
96
123
427
201
117
82
44 22 452 102 41 49 354 91 367 113 32 460
47 462
294
389 208 260 330 134 329 380 338 215
93
20 17 27
276
340
115
413
151
240
223
89 26
417 106
140
136 286 197 402 92 9 466 205
174
38
67
387
300
360
372
95
245 19
217
221 202
187
5
13
50 12
257 396
171
25
420
165
273
108
448
107
304
381
135
311
128
213
45
24
101
305
192
375
416 405
139
434
262
222
173
21 23
16 85
29
361
268
352
264 156
163 341
63
170
233 384
62
355 176 275
164
306
68
103 407
269 228 432
406 258
377
461
415
332
71
232
69
409
438 469 259
74 18
371
422
454
429
40
449
447
450
423
56
72
451
235
366
414
152
412
285
382 418
244 124
411
474
76
263
43
397
86
211
353
58
446
277
181
435
408
218
144
315
243
66
279 313
112
246
247
99
459
390
37
342
316
395
333
4
398
172
401
370
322 200
425
8
110
307
410
119
57
7
177
133
403 400
34
378
463
419
166
468
393
204
343
249
75
11
287
168 293
383
65
467
265
280
207
14
456
358
472
59
46
281
209
290
179
78
230
225
234
1
199
347
149
310
255
94
282
220
87 157
79
51
185
356
308
325
317
125
404
445
73
376
309
394 444
81
328 335
142
274
184
271
365 373 182
272
239
10
212
90
323
137
299
48
0
130
374 127
53
437
153
457
284
83
327
364
363
426
252
3
270
455
122 298
440
226
129
253
465
351
167
224
248
77
198
186
388
320
231
368
433
267
331
443
441
314
193
121
250
141
359
339
431
227
100
15
196
289
219
33
321
54