319
345
55 6 147 30 214 80 349 64 84
318
203
357 464
346 453 292 303 473 155 183 148 421 439 254 391 178 111 169 126 392 296 195 348
369
297
146
70 61 236
470 312 190
442
35
31 28
399 337 302 143 116 237 266 191 251 238 159 385 241 158 97 188 132 104 430 386 114 175 161 362 105 98 206 150 120 261 295 242 118 471 301
344 324
39
278 154
131
2 88
210
458
336
189
36
162
216
145
42
288
379
229 291 52
180
194
350 283
424 334 138 160 436 109
60
326 256
96
123
427
201
117
82
32 49 367 102 91 44 113 452 41 22 460 354
47 462
294
260 215 329 389 338 330 134 208 380
93
20 17 27
276
340
115
413
151
240
223
26 89
417 106
140
197 286 9 466 205 402 92 136
174
38
67
387
300
360
372
95
19 245
217
221 202
187
5
13
50 12
396 257
171
25
420
165
273
108
448
107
304
381
135
311
128
213
45
24
101
305
192
375
405 416
139
434
262
222
173
23 21
85 16
29
361
268
352
264 156
341 163
63
170
233 384
62
275 176 355
164
306
68
407 103
432 228 269
406 258
377
461
415
332
71
232
69
409
259 469 438
74 18
371
422
454
429
40
449
447
450
423
56
72
451
235
366
414
152
412
285
418 382
124 244
411
474
76
263
43
397
86
211
353
58
446
277
181
435
408
218
144
315
243
66
313 279
112
246
247
99
459
390
37
342
316
395
333
4
398
172
401
370
322 200
425
8
110
307
410
119
57
7
177
133
403 400
34
378
463
419
166
468
393
204
343
249
75
11
287
293 168
383
65
467
265
280
207
14
456
358
472
59
46
281
209
290
179
78
230
225
234
1
199
347
149
310
255
94
282
220
87 157
79
51
185
356
308
325
317
125
404
445
73
376
309
394 444
81
328 335
428
142
274
184
271
373 182 365
272
239
10
212
90
323
137
299
48
0
130
374 127
53
437
153
457
284
83
327
364
363
426
252
3
270
455
298 122
440
226
129
253
465
351
167
224
248
77
198
186
388
320
231
368
433
267
331
443
441
314
193
121
250
141
359
339
431
227
100
15
196
289
219
33
321
54