319
345
147 84 6 214 64 80 30 55 349
318
203
357 464
155 348 148 195 346 178 439 421 126 169 473 392 303 391 254 111 453 296 183 292
369
297
146
70 61 236
312 190 470
442
35
28 31
118 237 251 399 206 105 337 158 238 302 175 242 430 104 132 98 301 116 150 191 471 161 188 386 120 241 261 362 295 114 266 143 159 385
344 324
39
278 154
131
88 2
210
458
336
189
36
162
216
145
42
288
379
291 229 52
180
194
350 283
424 138 334 109 436 160
60
256 326
96
123
427
201
117
82
460 367 91 32 49 452 102 44 22 113 41 354
462 47
294
215 329 134 260 208 389 338 330 380
93
17 20 27
276
340
115
413
151
240
223
89 26
106 417
140
9 466 197 92 402 286 136 205
174
38
67
387
300
360
372
95
245 19
217
221 202
187
5
13
12 50
396 257
171
25
420
165
273
108
448
107
304
381
135
311
128
213
45
24
101
305
192
375
416 405
139
434
262
222
173
23 21
85 16
29
361
268
352
156 264
341 163
63
170
384 233
62
275 176 355
164
306
68
407 103
228 432 269
406 258
377
461
415
332
71
232
69
409
259 469 438
74 18
371
422
454
429
40
449
447
450
423
56
72
451
235
366
414
152
412
285
382 418
244 124
411
474
76
263
43
397
86
211
353
58
446
277
181
435
408
218
144
315
243
66
279 313
112
246
247
99
459
390
37
342
316
395
333
4
398
97
172
401
370
200 322
425
8
110
307
410
119
57
7
177
133
400 403
34
378
463
419
166
468
393
204
343
249
75
11
287
293 168
383
65
467
265
280
207
14
456
358
472
59
46
281
209
290
179
78
230
225
234
1
199
347
149
310
255
94
282
220
157 87
79
51
185
356
308
325
317
125
404
445
73
376
309
444 394
81
335 328
428
142
274
184
271
365 373 182
272
239
10
212
90
323
137
299
48
0
130
374 127
53
437
153
457
284
83
327
364
363
426
252
3
270
455
298
440
226
129
253
465
351
167
224
248
77
198
186
388
320
231
368
433
267
331
443
441
314
193
121
250
141
359
339
122
431
227
100
15
196
289
219
33
321
54