319
345
64 6 214 349 80 30 84 55 147
318
203
464 357
473 195 254 178 439 392 303 453 169 421 296 155 346 148 292 348 183 126 111 391
369
297
146
70 61 236
312 190 470
442
35
28 31
98 301 471 206 175 337 116 238 237 385 399 120 386 159 105 266 302 430 242 150 104 261 143 295 114 191 241 118 158 362 251 188 161 132
344 324
39
154 278
131
88 2
210
458
336
189
36
162
216
145
42
288
379
291 229 52
180
194
283 350
436 334 138 109 160 424
60
326 256
96
123
427
201
117
82
460 49 452 367 102 44 91 32 41 113 22 354
47 462
294
208 380 260 338 330 215 329 134 389
93
17 20 27
276
340
115
413
151
240
223
26 89
417 106
140
205 136 402
174
38
67
387
300
360
372
95
245 19
217
221 202
187
5
13
12 50
257 396
171
25
420
165
273
108
448
107
304
381
135
311
128
213
45
24
101
305
192
375
405 416
139
286 466 9 197 92
434
262
222
173
23 21
85 16
29
361
268
352
264 156
163 341
63
170
384 233
62
355 176 275
164
306
68
103 407
269 228 432
406 258
377
461
415
332
71
232
69
409
259 438 469
74 18
371
422
454
429
40
449
447
450
423
56
72
451
235
366
414
152
412
285
418 382
244 124
411
474
76
263
43
397
86
211
353
58
446
277
181
435
408
218
144
315
243
66
279 313
112
246
247
99
459
390
37
342
316
395
333
4
398
97
172
401
370
322 200
425
8
110
307
410
119
57
7
177
133
403 400
34
378
463
419
166
468
393
204
343
249
75
11
287
168 293
383
65
467
265
280
207
14
456
358
472
59
46
281
209
290
179
78
230
225
234
1
199
347
149
310
255
94
282
220
87 157
79
51
185
356
308
325
317
125
404
445
73
376
309
444 394
81
335 328
428
142
274
184
271
182 365 373
272
239
10
212
90
323
137
299
48
0
130
127 374
53
437
153
457
284
83
327
364
363
426
252
3
270
455
298
440
226
129
253
465
351
167
224
248
77
198
186
388
320
231
368
433
267
331
443
441
314
193
121
250
141
359
339
122
431
227
100
15
196
289
219
33
321
54