319
345
214 55 6 84 64 30 80 147 349
318
203
464 357
473 254 303 453 178 346 126 391 155 148 439 195 169 292 296 392 183 111 348 421
369
297
146
61 70 236
312 190 470
442
35
28 31
132 399 261 301 430 237 386 362 98 150 241 385 114 175 251 143 118 242 161 337 206 266 191 158 471 105 188 238 302 295 120 116 159
344 324
39
154 278
131
2 88
210
458
336
189
36
162
216
145
42
288
379
52 291 229
180
194
350 283
334 436 109 424 160 138
60
326 256
96
123
427
201
117
82
44 102 49 91 41 22 354 452 367 460 113 32
47 462
294
330 208 260 338 380 215 389 329 134
93
17 27 20
276
340
115
413
151
240
223
89 26
417 106
140
136 402 205
174
38
67
387
300
360
372
95
19 245
217
202 221
187
5
13
12 50
396 257
171
25
420
165
273
108
448
107
304
381
135
311
128
213
45
24
101
305
192
375
416 405
139
197 286 466 9 92
434
262
222
173
21 23
16 85
29
361
268
352
156 264
341 163
63
170
233 384
62
176 275 355
164
306
68
103 407
269 228
258 406
377
461
415
332
71
232
69
409
469 259 438
74 18
371
422
454
429
40
449
447
450
423
56
72
451
235
366
414
152
412
285
382 418
244 124
411
474
76
263
43
397
86
211
353
58
446
277
181
435
408
218
144
315
243
66
279 313
112
246
247
99
459
390
37
342
316
395
333
4
398
97
172
401
370
322 200
425
8
110
307
410
119
57
7
177
133
403 400
34
378
463
419
166
468
393
204
343
249
75
11
287
293 168
383
65
467
265
280
207
14
456
358
472
59
46
281
209
290
179
78
230
225
234
1
199
347
149
310
255
94
282
220
87 157
79
51
185
356
308
325
317
125
404
445
73
376
309
394 444
81
328 335
428
142
274
184
271
373 365 182
272
239
10
212
90
323
137
299
48
0
130
374 127
53
437
153
457
284
83
327
364
363
426
252
3
270
455
432
298
440
226
129
253
465
351
167
224
248
77
198
186
388
320
231
368
433
267
331
443
441
314
193
121
250
141
359
339
122
431
104
227
100
15
196
289
219
33
321
54