319
345
30 6 349 80 64 147 84 214 55
318
203
357 464
155 254 303 453 148 392 473 183 439 421 348 391 178
369
297
146
236 70 61
470 190 312
442
35
31 28
261 206 175 120 301 143 159 385 98 302 116 295 237 150 105 158 118 266 241 471 251 386 191 188 430 114 132 161 362 242 238 337
344 324
39
169 292 296 126 111 346
154 278
131
2 88
210
458
336
189
36
162
216
145
42
288
379
52 291 229
180
194
350 283
109 334 160 138 436 424
60
326 256
96
123
427
201
117
82
367 49 460 44 452 91 102 41 22 113 32 354
47 462
294
215 338 330 389 208 380 134 329 260
93
20 17 27
276
340
115
413
151
240
223
89 26
106 417
140
402 136 205
174
38
67
387
300
360
372
95
19 245
217
221 202
187
5
13
12 50
257 396
171
25
420
165
273
108
448
107
304
381
135
311
128
213
45
24
101
305
192
375
416 405
139
466 9 197 92 286
434
262
222
173
21 23
85 16
29
361
268
352
156 264
341 163
63
170
384 233
62
275 355 176
164
306
68
407 103
228 269
406 258
377
461
415
332
71
232
69
409
438 259 469
18 74
371
422
454
429
40
449
447
450
423
56
72
451
235
366
414
152
412
195
285
382 418
124 244
411
474
76
263
43
397
86
211
353
58
446
277
181
435
408
218
144
399
315
243
66
279 313
112
246
247
99
459
390
37
342
316
395
333
4
398
97
172
401
370
200 322
425
8
110
307
410
119
57
7
177
133
400 403
34
378
463
419
166
468
393
204
343
249
75
11
287
168 293
383
65
467
265
280
207
14
456
358
472
59
46
281
209
290
179
78
230
225
234
1
199
347
149
310
255
94
282
220
87 157
79
51
185
356
308
325
317
125
404
445
73
376
309
394 444
81
335 328
428
142
274
184
271
365 373 182
272
239
10
212
90
323
137
299
48
0
130
374 127
53
437
153
457
284
83
327
364
363
426
252
3
270
455
432
298
440
226
129
253
465
351
167
224
248
77
198
186
388
320
231
368
433
267
331
443
441
314
193
121
250
141
359
339
122
431
104
227
100
15
196
289
219
33
321
54