319
345
64 80 147 214 30 349 55 6 84
318
203
357 464
348 148 473 392 391 178 439 303 421 155 254 453 183
369
297
146
236 70 61
190 312 470
442
35
28 31
301 471 302 114 206 337 188 105 241 98 261 295 242 385 120 175 161 118 143 238 237 386 158 191 266 150 132 430 362 251 116 159
344 324
39
296 346 126 111 169
154 278
131
88 2
210
458
336
189
36
162
216
145
42
288
379
52 229
180
194
283 350
436 138 109 160 424 334
60
326 256
96
123
427
201
117
82
292
32 113 354 460 91 367 41 22 452 102 44 49
47 462
294
208 260 389 330 134 338 215 380 329
93
20 27 17
276
340
115
413
151
240
223
26 89
106 417
140
136 205 402
174
38
67
387
300
360
372
95
19 245
217
202 221
187
5
13
12 50
396 257
171
25
420
165
273
108
448
107
304
381
135
311
128
213
45
24
101
305
192
375
405 416
139
286 466 92 9 197
434
262
222
173
23 21
16 85
29
361
268
352
264 156
163 341
63
170
384 233
62
176 275 355
164
306
68
407 103
228 269
406 258
377
461
415
332
71
232
69
409
438 469 259
18 74
371
422
454
429
40
449
447
450
423
56
72
451
235
366
414
152
412
195
285
418 382
244 124
411
474
76
263
43
397
86
211
353
58
446
277
181
435
408
218
144
399
315
243
66
313 279
112
246
247
99
459
390
37
342
316
395
333
4
398
97
172
401
370
200 322
425
8
110
307
410
119
57
7
177
133
400 403
34
378
463
419
166
468
393
204
343
249
75
11
287
168 293
383
65
467
265
280
207
14
456
358
472
59
46
281
209
290
179
78
230
225
234
1
199
347
149
310
255
94
282
220
157 87
79
51
185
356
308
325
317
125
404
445
73
376
309
394 444
81
328 335
428
142
274
184
271
373 365 182
272
239
10
212
90
323
137
299
48
0
130
127 374
53
437
153
457
284
83
327
364
363
426
252
3
270
455
432
298
440
226
129
253
465
351
291
167
224
248
77
198
186
388
320
231
368
433
267
331
443
441
314
193
121
250
141
359
339
122
431
104
227
100
15
196
289
219
33
321
54