319
345
30 214 349 64 55 84 6 80 147
318
203
357 464
254 392 421 183 473 155 148 303 178 453 348 391 439
369
297
146
61 70 236
312 190 470
442
35
28 31
188 302 118 98 175 238 158 385 120 191 150 241 430 159 295 386 261 116 337 206 362 471 266 237 132 143 242 114 251 105 161 301
344
39
126 296 346 169 111
278 154
131
2 88
210
458
336
189
36
162
216
145
42
288
379
229 52
180
194
283 350
424 436 109 334 160 138
60
256 326
96
123
427
201
117
82
292
324
113 452 367 102 22 91 354 49 32 44 460 41
462 47
294
338 208 389 215 260 329 380 134 330
93
20 27 17
276
340
115
413
151
240
223
26 89
417 106
140
136 205 402
174
38
67
387
300
360
372
95
245 19
217
202 221
187
5
13
12 50
396 257
171
25
420
165
273
108
448
107
304
381
135
311
128
213
45
24
101
305
192
375
405 416
139
286 197 9 466 92
434
262
222
173
23 21
16 85
29
361
268
352
264 156
163 341
63
170
384 233
62
355 176 275
164
306
68
407 103
269 228
406 258
377
461
415
332
71
232
69
409
469 438 259
18 74
371
422
454
429
40
449
447
450
423
56
72
451
235
366
414
152
412
195
285
382 418
124 244
411
474
76
263
43
397
86
211
353
58
446
277
181
435
408
218
144
399
315
243
66
313 279
112
246
247
99
459
390
37
342
316
395
333
4
398
97
172
401
370
322 200
425
8
110
307
410
119
57
7
177
133
400 403
34
378
463
419
166
468
393
204
343
249
75
11
287
168 293
383
65
467
265
280
207
14
456
358
472
59
46
281
209
290
179
78
230
225
234
1
199
347
149
310
255
94
282
220
157 87
79
51
185
356
308
325
317
125
404
445
73
376
309
394 444
81
335 328
428
142
274
184
271
373 365 182
272
239
10
212
90
323
137
299
48
0
130
127 374
53
437
153
457
284
83
327
364
363
426
252
3
270
455
432
298
440
226
129
253
465
351
291
167
224
248
77
198
186
388
320
231
368
433
267
331
443
441
314
193
121
250
141
359
339
122
431
104
227
100
15
196
289
219
33
321
54