319
345
214 147 55 64 6 84 349 80 30
318
203
464 357
392 178 148 421 439 473 391 155 303 453 254 183 348
369
297
146
70 236 61
190 312 470
442
35
28 31
105 158 430 150 238 261 241 98 471 302 251 159 120 206 161 386 385 362 337 295 132 266 188 242 116 118 237 301 175 191 114
344
39
126 169 346 111 296
278 154
131
88 2
210
458
336
189
36
162
216
145
42
288
379
52 229
180
194
350 283
424 334 138 109 160 436
60
326 256
96
123
427
201
117
82
292
324
367 113 41 22 452 102 354 460 44 91 32 49
462 47
294
380 389 208 338 215 134 329 260 330
93
20 17 27
276
340
115
413
151
240
223
26 89
106 417
140
136 402 205
174
38
67
387
300
360
372
95
245 19
217
202 221
187
5
13
50 12
257 396
171
25
420
165
273
108
448
107
304
381
135
311
128
213
45
24
101
305
192
375
416 405
139
197 466 9 286 92
434
262
222
173
21 23
16 85
29
361
268
352
264 156
341 163
63
170
233 384
62
176 275 355
164
306
68
407 103
269 228
406 258
377
461
415
332
71
232
69
409
438 469 259
18 74
371
422
454
429
40
449
447
450
423
56
72
451
235
366
414
152
412
195
285
382 418
124 244
411
474
76
263
43
397
86
211
353
58
446
277
181
435
408
218
144
399
315
243
66
313 279
112
246
247
99
459
390
37
342
316
395
333
4
398
97
172
401
370
322 200
425
8
110
307
410
119
57
7
177
133
400 403
34
378
463
419
166
468
393
204
343
249
75
11
287
293 168
383
65
467
265
280
207
14
456
358
472
59
46
281
209
290
179
78
230
225
234
1
199
347
149
310
255
94
282
220
87 157
79
51
185
356
308
325
317
125
404
445
73
376
309
444 394
81
328 335
428
142
274
184
271
373 365 182
272
239
10
212
90
323
137
299
48
0
130
127 374
53
437
153
457
284
83
327
364
363
426
252
3
270
455
432
298
440
226
129
253
465
351
291
167
224
248
77
198
186
388
320
231
368
433
267
331
443
441
314
193
121
143
250
141
359
339
122
431
104
227
100
15
196
289
219
33
321
54