170 334 300 92 457 195 38 458 153 399 435 434 464 125 291 277 84 99 319 156 72 437 179 342 474 247 20 463 142 275 233 303 127 209 443 162 287 50 116 268 44 263 265 15 285 29 273 350 206 320 392 424 37 374 455 152 192 108 290 226 0 165 425 52 8 302 175 309 292 440 310 341 93 442 185 200 172 376 232 26 202 143 370 327 305 318 55 471 131 339 18 353 151 222 174 352 298 32 357 401 70 267 260 36 429 212 176 338 447 47 337 139 22 102 77 351 63 123 245 373 473 234 124 272 246 394 27 332 90 183 75 388 426 163 43 65 3 197 214 262 461 441 138 294 454 359 456 25 228 33 171 248 201 48 311 315 161 85 71 241 371 389 78 154 111 223 224 166 7 34 193 409 126 242 436 466 295 204 324 415 240 136 251 317 390 281 382 244 258 430 269 144 145 469 213 452 164 384 103 81 30 132 325 46 386 1 117 13 328 56 444 472 236 348 393 91 218 60 252 180 186 88 39 372 297 405 133 147 361 24 157 42 395 423 148 217 119 271 6 100 380 58 428 207 249 446 450 9 64 184 221 313 69 453 349 266 314 210 40 11 211 68 462 208 198 118 274 167 160 53 316 158 403 422 4 12 257 10 229 5 270 411 215 312 79 238 35 216 109 296 256 279 418 416 135 387 61 237 130 137 2 396 381 322 120 178 255 264 364 439 177 105 225 467 51 62 80 427 354 343 220 114 299 432 438 368 16 330 188 326 87 89 346 73 107 227 106 113 98 235 323 173 375 345 383 231 14 250 276 54 470 155 284 219 41 181 205 169 367 134 344 397 306 406 410 21 129 301 402 379 433 293 74 377 182 408 19 451 307 468 378 149 86 140 407 95 321 31 191 76 362 448 97 23 358 104 286 421 331 417 413 17 28 59 459 420 122 347 128 150 355 400 460 333 259 190 356 385 49 431 168 261 449 308 278 283 365 101 335 194 289 253 112 445 391 159 66 254 329 203
369
146
336
189
288
96
82
340
115
67
360
187
465 304
45
366
414
412
243
398
110
57
419
280
230
199
94
282
404
239
83
363
121
141
196