319
345
30 214 147 6 349 55 80 64 84
318
203
464 357
254 421 439 148 155 473 392 391 303 183 348 453 178
369
297
146
236 70 61
470 190 312
442
35
28 31
191 261 188 251 266 238 116 206 105 337 98 385 386 159 118 471 302 120 114 301 241 150 242 237 158 161 132 175 362
344
39
169 346 126 111 296
154 278
131
2 88
210
458
336
189
36
162
216
145
42
288
379
229
180
194
283 350
334 436 109
60
326 256
96
123
427
201
117
82
292
324
22 44 41 460 354 452 113 49 367 32 91 102
462 47
294
330 260 134 329 208 389 215 380 338
93
17 27 20
276
340
115
413
151
240
223
89 26
417 106
140
136 402 205
174
38
67
387
300
360
372
95
19 245
217
202 221
187
5
13
50 12
396 257
171
25
420
165
273
108
448
107
304
381
135
424
311
128
213
45
24
101
305
192
375
416 405
139
466 9 92 286 197
434
262
222
173
21
85 16
29
361
268
352
156 264
163 341
63
170
233 384
62
355 176 275
164
306
68
23
103 407
228 269
406 258
377
461
415
332
71
232
69
409
469 438 259
18 74
371
422
454
429
40
449
447
450
423
56
72
451
235
366
414
152
412
195
285
382 418
124 244
411
474
76
263
43
397
86
211
353
58
446
277
181
435
408
218
144
399
315
243
66
313
112
246
247
99
459
390
37
138 160
342
316
395
333
4
398
97
172
401
370
200 322
425
8
110
52
307
410
119
57
7
177
133
403 400
34
378
463
295 430
279
419
166
468
393
204
343
249
75
11
287
168 293
383
65
467
265
280
207
14
456
358
472
59
46
281
209
290
179
78
230
225
234
1
199
347
149
310
255
94
282
220
87 157
79
51
185
356
308
325
317
125
404
445
73
376
309
444 394
81
328 335
428
142
274
184
271
365 373 182
272
239
10
212
90
323
137
299
48
0
130
374 127
53
437
153
457
284
83
327
364
363
426
252
3
270
455
432
298
440
226
129
253
465
351
291
167
224
248
77
198
186
388
320
231
368
433
267
331
443
441
314
193
121
143
250
141
359
339
122
431
104
227
100
15
196
289
219
33
321
54