319
345
80 84 64 147 30 349 55 6 214
318
203
464 357
183 178 148 473 421 453 348 439 392 254 303 391 155
369
297
146
70 61 236
190 312 470
442
35
28 31
161 237 261 116 471 98 188 114 105 118 385 175 206 266 242 302 337 386 120 241
344
39
346 111 169 126 296
154 278
131
88 2
210
458
336
189
36
162
216
145
42
288
158 150 238 251 191 159 132 301
379
229
180
194
283 350
334
60
326 256
96
123
427
201
117
82
292
324
41 113 49 44 460 367 102 32 22 91 452
47 462
294
338 329 380 330 260 215 208 134
93
27 17 20
276
340
115
413
151
240
223
26 89
417
140
402 205
174
389
38
67
387
300
360
372
95
245 19
217
202 221
187
5
13
12 50
257 396
171
25
420
165
273
108
448
107
304
381
135
424
311
128
213
45
24
101
305
192
375
136
405 416
139
466 197 286 9 92
434
262
222
173
21
85
29
361
268
352
156 264
163 341
63
170
362
384 233
62
355 275 176
164
306
68
23
103 407
269 228
406 258
377
461
415
332
71
232
69
409
469 259 438
18 74
371
422
454
429
40
449
447
450
423
56
72
451
235
366
414
152
412
195
285
382 418
124 244
411
474
109 436
76
263
43
397
86
211
353
58
446
277
181
435
408
218
144
399
315
243
66
313
112
246
247
99
459
390
37
16
160 138
342
316
395
333
4
398
97
172
401
370
322 200
425
8
110
52
307
410
119
57
7
177
133
400 403
34
378
463
430 295
279
419
166
468
393
204
343
249
75
11
287
293 168
383
65
467
265
280
207
14
456
358
472
59
46
281
209
290
179
78
230
225
234
1
199
347
149
310
255
94
282
220
87 157
79
51
185
356
308
325
317
125
404
445
73
376
309
354
394 444
81
335 328
428
142
274
184
271
182 365 373
272
239
10
212
90
323
137
299
48
0
130
127 374
53
437
153
457
284
83
327
364
363
426
252
3
270
455
432
298
440
226
129
253
465
351
291
167
224
248
77
198
186
388
320
231
368
433
267
331
443
441
314
193
121
143
250
141
359
339
122
431
104
227
100
15
196
289
219
33
321
54
106