154 203 335 142 108 101 275 24 395 245 74 294 17 8 88 99 58 36 2 14 124 339 252 425 344 92 234 228 130 241 148 444 139 106 443 120 259 472 157 273 123 50 457 399 426 10 184 266 467 158 442 449 46 87 417 315 210 173 164 159 420 302 298 191 63 229 379 177 231 325 357 327 405 362 433 380 377 262 376 29 306 453 81 381 441 97 317 5 13 246 466 166 61 103 163 140 113 374 227 290 55 253 128 285 38 249 224 201 151 323 111 297 65 296 39 436 132 169 21 437 382 118 93 188 257 194 462 37 460 153 175 180 117 51 35 90 52 452 3 102 213 455 185 286 301 372 144 19 295 172 91 223 25 264 440 385 204 95 20 333 145 413 422 205 459 161 23 56 473 215 464 171 22 170 255 44 432 143 401 221 126 322 356 378 182 179 312 416 328 350 396 160 116 338 206 220 4 429 468 105 423 391 114 53 387 33 300 281 334 279 232 147 72 165 0 197 307 211 98 176 435 260 407 292 393 149 219 263 271 330 367 397 270 202 313 411 42 329 109 192 276 351 78 461 86 408 451 122 349 31 346 309 107 388 190 471 41 167 434 28 208 291 284 34 418 403 439 394 331 256 251 392 136 358 348 274 125 267 250 186 62 54 431 445 272 162 195 343 238 32 353 244 311 265 18 299 324 389 447 371 84 277 218 359 303 427 347 200 47 217 1 235 410 100 409 138 71 27 430 226 43 64 375 137 458 456 9 12 183 268 402 421 178 269 254 337 319 424 181 278 352 470 30 448 75 463 368 127 212 174 156 320 332 119 428 89 104 198 216 11 454 49 225 59 209 242 237 364 287 233 133 289 283 168 383 321 60 386 155 68 240 354 446 342 438 370 152 76 6 258 314 70 308 66 48 345 261 134 415 112 135 85 214 305 365 40 474 77 310 318 450 247 248 129 355 406 384 236 131 222 193 16 26 316 15 80 469 73 7 400 373 150 207 79 293 69 361 326 341
369
146
336
189
288
96
82
340
115
67
360
187
465 304
45
366
414
412
243
390
398
110
57
419
280
230
199
94
282
404
239
83
363
121
141
196