319
345
6 214 349 30 84 147 80 64 55
318
203
464 357
473 155 254 178 421 439 303 148 453 183 348 392 391
369
297
146
236 70 61
312 470 190
442
35
28 31
118 237 337 161 266 471 98 206 120 105 385 241 188 116 114 261 302 242 175 386
344
39
346 111 126 296 169
154 278
131
2 88
210
458
336
189
36
162
216
145
42
288
132 251 238 158 191
379
229
180
194
350 283
334
60
256 326
96
123
427
201
117
82
292
324
41 113 44 367 102 91 49 452 22 460 32
47 462
294
134 338 380 260 215 208 330 329
93
20 17 27
276
340
115
413
151
240
223
26 89
417
140
402 205
174
389
38
67
387
300
360
372
95
159 301 150
245 19
217
202 221
187
5
13
50 12
257 396
171
25
420
165
273
108
448
107
304
381
135
424
311
128
213
45
24
101
305
192
375
136
405 416
139
92 286 9 197 466
434
262
222
173
21
85
29
361
268
352
156 264
163 341
63
170
362
384 233
62
176 355 275
164
306
68
23
103 407
228 269
258 406
377
461
415
332
71
232
69
409
469 438 259
74 18
371
422
454
429
40
449
447
450
423
56
72
451
235
366
414
152
412
195
285
382 418
124 244
411
474
436 109
76
263
43
397
86
211
353
58
446
277
181
435
408
218
144
399
315
243
66
313
112
246
247
99
459
390
37
16
138 160
342
316
395
333
4
398
97
172
401
370
200 322
425
8
110
52
307
410
119
57
7
177
133
400 403
34
378
463
430 295
279
419
166
468
393
204
343
249
75
11
287
293 168
383
65
467
265
280
207
14
456
358
472
59
46
281
209
290
179
78
230
225
234
1
199
347
149
310
255
94
282
220
87 157
79
51
185
356
308
325
317
125
404
445
73
376
309
354
394 444
81
328 335
428
142
274
184
271
182 365 373
272
239
10
212
90
323
137
299
48
0
130
127 374
53
437
153
457
284
83
327
364
363
426
252
3
270
455
432
298
440
226
129
253
465
351
291
167
224
248
77
198
186
388
320
231
368
433
267
331
443
441
314
193
121
143
250
141
359
339
122
431
104
227
100
15
196
289
219
33
321
54
106