319
345
55 349 64 147 30 214 84 6 80
318
203
357 464
155 348 453 391 148 183 421 473
369
297
146
61 70 236
303 439 178 254 392
312 470 190
442
35
31 28
266 98 114 237 118 302 188 116 206 385 261 161 471 337 120 386 242 105 175 241
344
39
126 111 169 296 346
278 154
131
2 88
210
458
336
189
36
162
216
145
42
288
132 251 158 238 191
379
229
180
194
350 283
334
60
256 326
96
123
427
201
117
82
292
324
367 102 32 49 22 91 452 113 41 44 460
462 47
294
215 260 208 330 380 329 338 134
93
27 20 17
276
340
115
413
151
240
223
89 26
417
140
205 402
174
389
38
67
387
300
360
372
95
159 150 301
19 245
217
221 202
187
5
13
50 12
396 257
171
25
420
165
273
108
448
107
304
381
135
424
311
128
213
45
24
101
305
192
375
136
416 405
139
92 9 466 286 197
434
262
222
173
21
85
29
361
268
352
156 264
341 163
63
170
362
384 233
62
176 275 355
164
306
68
23
407 103
269 228
406 258
377
461
415
332
71
232
69
409
469 259 438
18 74
371
422
454
429
40
449
447
450
423
56
72
451
235
366
414
152
412
195
285
418 382
124 244
411
474
436 109
76
263
43
397
86
211
353
58
446
277
181
435
408
218
144
399
315
243
66
313
112
246
247
99
459
390
37
16
138 160
342
316
395
333
4
398
97
172
401
370
200 322
425
8
110
52
307
410
119
57
7
177
133
400 403
34
378
463
430 295
279
419
166
468
393
204
343
249
75
11
287
168 293
383
65
467
265
280
207
14
456
358
472
59
46
281
209
290
179
78
230
225
234
1
199
347
149
310
255
94
282
220
157 87
79
51
185
356
308
325
317
125
404
445
73
376
309
354
394 444
81
335 328
428
142
274
184
271
182 365 373
272
239
10
212
90
323
137
299
48
0
130
374 127
53
437
153
457
284
83
327
364
363
426
252
3
270
455
432
298
440
226
129
253
465
351
291
167
224
248
77
198
186
388
320
231
368
433
267
331
443
441
314
193
121
143
250
141
359
339
122
431
104
227
100
15
196
289
219
33
321
54
106