319
345
80 30 214 349 64 55 84 6 147
318
203
464 357
148 421 473 391 348 155 183 453
369
297
146
61 236 70
392 254 439 178 303
190 312 470
442
35
28 31
385 386 237 120 105 116 242 161 206 188 241 98 266 471 302 114 118 261 337 175
344
39
169 126 296 111 346
154 278
131
2 88
210
458
336
189
36
162
216
145
42
288
238 191 251 132 158
379
229
180
194
283 350
334
60
256 326
96
123
427
201
117
82
292
324
32 367 91 44 460 41 102 49 113 22 452
47 462
294
330 215 260 208 338 329 134
93
17 27 20
276
340
115
413
151
240
223
89 26
417
140
402
174
389
38
67
387
300
360
372
95
150 159 301
245 19
217
221 202
187
5
13
50 12
396 257
171
25
420
165
273
108
448
107
304
381
135
424
311
128
213
45
24
101
305
192
375
136
416 405
139
9 286 466 197 92
434
262
222
173
21
85
29
361
268
352
264 156
341 163
63
170
362
233 384
62
275 176 355
164
306
68
23
103 407
269 228
258 406
377
461
415
332
71
232
69
409
469 259 438
18 74
371
422
454
429
40
449
447
450
423
56
72
451
235
366
414
152
412
195
285
382 418
124 244
411
474
436 109
76
263
43
397
86
211
353
58
446
277
181
435
408
218
144
399
315
243
66
313
112
246
247
99
459
390
37
16
160 138
342
316
395
333
4
398
97
172
401
370
200 322
425
8
110
52
307
410
119
57
7
177
133
400 403
34
378
463
430 295
279
419
166
468
393
204
343
249
75
11
287
168 293
383
65
467
265
280
207
14
380
456
358
472
59
46
281
209
290
179
78
230
225
234
1
199
347
149
310
255
94
282
220
157 87
79
51
185
356
308
325
317
125
404
445
73
376
309
354
394 444
81
328 335
428
142
274
184
271
182 365 373
272
239
10
212
90
323
137
299
48
0
130
127 374
53
437
153
457
284
83
327
364
363
426
252
3
270
455
432
298
440
226
129
205
253
465
351
291
167
224
248
77
198
186
388
320
231
368
433
267
331
443
441
314
193
121
143
250
141
359
339
122
431
104
227
100
15
196
289
219
33
321
54
106