319
345
30 55 64 6 147 214 349 80 84
318
203
464 357
421 453 183 391 148 155 473 348
369
297
146
236 61 70
303 392 178 439 254
470 312 190
442
35
31 28
114 188 98 242
344
39
111 169 126 346 296
278 154
131
88 2
210
458
336
189
36
162
216
145
302 237 386 241 116 266 206 385 337 161 120 105 118 261 175
42
288
132 251 191 158 238
379
229
180
194
283 350
334
60
256 326
96
123
427
201
117
82
292
324
102 22 41 452 49 32 44 91 460 113 367
462 47
294
215 329 338 330 134 260 208
93
20
276
340
115
413
151
240
223
89 26
417
140
402
174
389
38
67
387
300
360
372
95
301 159 150
19 245
217
221 202
17 27
187
5
13
12 50
396 257
171
25
420
165
273
108
448
107
304
381
135
424
311
128
213
45
24
101
305
192
375
136
405 416
139
92 197 9 286 466
434
262
222
173
21
85
29
361
268
471
352
156 264
341 163
63
170
362
233 384
62
355 176
164
306
68
23
407 103
269 228
258 406
377
461
415
332
71
232
69
409
438 469 259
74 18
371
422
454
429
40
449
447
450
423
56
72
451
235
366
414
152
412
195
285
418
244 124
411
474
436 109
76
263
43
397
86
211
275
353
58
446
277
181
435
408
218
144
399
315
243
66
313
112
246
247
99
459
390
37
16
138 160
342
316
395
333
4
382
398
97
172
401
370
322 200
425
8
110
52
307
410
119
57
7
177
133
403 400
34
378
463
430 295
279
419
166
468
393
204
343
249
75
11
287
168 293
383
65
467
265
280
207
14
380
456
358
472
59
46
281
209
290
179
78
230
225
234
1
199
347
149
310
255
94
282
220
157 87
79
51
185
356
308
325
317
125
404
445
73
376
309
354
394 444
81
328 335
428
142
274
184
271
365 182 373
272
239
10
212
90
323
137
299
48
0
130
127 374
53
437
153
457
284
83
327
364
363
426
252
3
270
455
432
298
440
226
129
205
253
465
351
291
167
224
248
77
198
186
388
320
231
368
433
267
331
443
441
314
193
121
143
250
141
359
339
122
431
104
227
100
15
196
289
219
33
321
54
106