19 16 436 430 162 2 159 306 421 438 224 378 156 439 455 407 188 120 263 291 26 117 257 471 32 219 109 293 364 84 467 345 399 321 333 346 353 113 46 169 8 244 139 401 387 58 342 89 433 332 473 68 119 379 339 65 437 435 299 7 296 424 344 273 136 60 423 217 52 118 212 452 0 262 395 381 249 305 106 461 247 334 64 90 231 112 256 13 428 184 327 454 254 326 365 205 130 409 411 466 246 324 150 397 403 432 137 442 25 383 449 155 28 88 11 198 181 318 347 300 154 171 295 402 315 286 222 362 183 80 71 250 440 392 148 85 38 238 277 265 182 124 380 429 284 75 396 359 415 453 160 276 72 220 267 167 92 144 173 234 81 382 79 66 191 367 5 225 21 135 294 41 457 175 56 1 469 50 61 343 447 179 361 458 206 203 233 140 168 248 6 51 70 252 53 389 29 301 152 30 468 460 40 123 186 292 260 142 149 204 12 111 193 373 269 15 298 157 278 261 352 394 36 450 385 463 174 44 275 27 33 266 384 434 3 87 287 376 374 108 405 138 325 236 255 221 128 180 303 145 431 268 408 42 416 289 422 126 372 197 14 443 153 272 122 73 93 310 129 177 355 215 377 114 211 201 69 207 371 176 337 34 297 314 283 62 95 91 251 464 190 107 227 210 47 368 163 317 208 151 308 100 338 200 462 228 417 445 192 400 446 195 311 320 388 54 470 270 341 133 348 459 161 319 86 104 264 413 78 258 218 31 77 127 170 245 472 125 178 39 354 24 335 143 285 98 164 202 441 158 253 426 370 350 425 358 48 99 102 55 420 134 49 105 9 232 216 147 131 97 74 43 313 241 4 279 418 307 330 223 302 410 20 290 375 76 18 391 213 240 63 37 116 323 165 312 331 274 185 456 242 448 237 235 309 356 101 474 328 259 351 59 209 316 10 103 444 214 271 393 451 17 329 229 132 406 194 349 23 357 226 281 22 386 427 172 322 166
369
146
35
336
189
288
96
82
340
115
67
360
187
465 304
45
366
414
412
243
390
398
110
57
419
280
230
199
94
282
404
239
83
363
121
141
196