319
345
80 147 349 30 64 55 214 6 84
318
203
464
421 148 391 348 473 155 183 453
369
297
146
70 61 236
178 439 392 254 303
470 312 190
442
35
28 31
242 188 114 98
344
39
346 126 296 111 169
278 154
131
88
210
458
336
189
36
162
216
145
118 161 385 175 116 266 261 337 105 120 206 302 237 386
42
288
132 191 238 158 251
379
229
180
194
283 350
334
60
326 256
96
123
427
201
117
82
292
324
460 44 49 22 102 367 452 32 91 113 41
47 462
294
215 260 208 338 134 330 329
93
20
276
340
115
413
151
240
223
89 26
417
140
402
174
389
38
67
387
300
360
372
95
159 150 301
19 245
217
221 202
17 27
187
5
13
50 12
396 257
171
25
420
165
273
108
448
107
304
381
135
424
311
128
213
45
24
101
305
192
375
136
405 416
139
466 286 92 9 197
434
262
222
173
21
85
29
361
268
471
352
264 156
341 163
63
170
362
384 233
62
176 355
164
306
68
23
407 103
269 228
258 406
377
461
415
332
71
232
69
409
438 469 259
18 74
371
422
454
429
2
40
449
447
450
423
56
72
451
235
366
414
152
412
195
285
418
124 244
411
474
436
76
263
43
397
86
211
275
353
58
446
277
181
435
408
218
144
399
315
243
66
313
112
246
247
99
459
390
37
16
160 138
342
316
395
333
4
382
398
97
172
401
370
200 322
425
8
110
52
307
410
119
57
7
177
133
400 403
34
378
463
295 430
279
419
166
468
393
204
343
249
75
11
287
293 168
383
65
467
265
280
207
14
380
456
358
472
59
46
281
209
290
179
78
230
225
234
1
199
347
149
310
255
357
94
282
220
87 157
79
51
185
356
308
325
317
125
404
445
241
73
376
309
354
444 394
81
328 335
428
142
274
184
271
373 182 365
272
239
10
212
90
323
109
137
299
48
0
130
127 374
53
437
153
457
284
83
327
364
363
426
252
3
270
455
432
298
440
226
129
205
253
465
351
291
167
224
248
77
198
186
388
320
231
368
433
267
331
443
441
314
193
121
143
250
141
359
339
122
431
104
227
100
15
196
289
219
33
321
54
106