310 169 315 319 261 397 444 462 383 420 9 179 426 350 373 66 449 417 318 132 341 207 101 430 456 276 53 461 425 220 30 348 258 256 123 247 244 164 334 285 39 379 418 219 4 97 184 64 149 343 454 362 105 365 286 254 268 293 393 409 253 7 411 266 284 81 235 431 245 60 153 193 208 316 212 440 459 165 401 324 443 305 344 374 233 136 345 73 392 190 106 333 111 41 92 469 301 217 291 51 140 214 391 325 250 206 299 353 210 1 327 117 434 103 281 21 468 274 237 370 112 203 403 359 43 470 295 255 329 290 302 15 151 278 48 89 402 145 0 26 13 63 181 407 229 147 223 303 463 18 227 167 138 91 192 128 137 317 446 441 339 308 423 246 337 429 174 376 185 296 62 19 387 371 241 37 114 368 70 314 52 236 163 472 424 125 133 375 17 85 24 437 396 421 222 28 226 432 271 356 213 439 257 78 347 464 342 361 104 170 59 44 279 297 157 200 326 422 20 171 269 191 108 231 11 306 267 413 270 218 328 68 367 182 186 364 298 122 307 399 312 14 313 195 335 198 177 331 40 86 134 242 320 436 232 127 156 23 29 466 109 126 46 265 251 194 311 42 433 47 99 354 294 351 378 55 74 471 321 155 405 176 152 142 98 80 56 216 380 77 79 287 332 107 455 377 2 224 178 150 175 205 458 385 135 102 172 22 58 406 49 349 168 355 25 139 292 264 154 323 160 180 357 450 148 372 386 457 338 474 209 388 69 38 277 259 240 428 283 448 262 84 95 124 445 300 61 116 263 161 8 252 234 201 381 113 162 3 5 248 389 87 188 143 76 238 408 382 452 36 228 72 322 447 119 33 158 453 260 204 16 6 438 159 93 221 416 400 442 473 50 183 27 289 395 32 197 415 54 225 75 427 34 435 12 346 10 100 249 118 144 309 394 88 215 71 451 272 352 275 330 410 120 130 460 384 173 90 202 467 211 273 358 31 131 166
369
146
35
336
189
288
96
82
340
115
67
360
187
465 304
45
366
414
412
243
390
398
110
57
419
65
280
230
199
94
282
404
239
83
363
129
121
141
196