421 430 296 298 411 405 63 257 182 337 53 154 467 212 68 140 153 92 347 144 471 303 72 36 66 42 117 240 292 38 78 406 127 344 401 155 309 361 218 444 293 161 449 55 214 185 427 181 246 410 119 259 356 70 151 432 314 374 324 167 43 291 311 98 207 149 86 367 56 2 272 350 183 357 262 33 468 203 51 228 409 105 89 52 396 152 209 462 179 245 15 334 147 116 108 80 323 81 211 399 346 171 136 451 415 20 29 48 263 113 385 71 261 37 443 21 62 150 330 248 393 319 103 85 8 14 295 253 40 286 249 226 234 352 308 466 331 431 389 200 162 461 137 260 450 459 61 425 318 457 201 456 446 134 395 231 332 198 454 394 429 437 254 202 328 222 267 268 416 30 107 358 73 124 84 422 12 130 269 131 233 372 434 60 355 250 388 384 132 184 284 50 301 373 413 359 168 217 220 440 164 438 16 59 326 145 464 387 362 279 307 448 463 353 114 270 24 470 188 364 278 349 473 276 283 160 428 442 39 192 101 126 0 88 111 426 242 26 327 354 194 138 118 436 104 316 377 19 402 335 204 210 79 380 339 474 341 469 391 44 122 329 31 58 191 3 170 120 106 4 175 74 34 195 169 264 125 274 453 241 93 109 17 232 90 244 258 237 383 275 447 310 91 452 219 156 221 77 18 371 392 163 76 382 13 165 157 368 312 458 193 173 206 158 174 28 225 289 417 166 313 441 47 445 281 325 87 216 190 424 128 403 418 10 300 9 223 213 266 100 5 265 22 238 251 472 1 41 439 229 172 378 290 305 407 255 54 345 102 186 133 320 252 271 381 365 375 139 123 11 224 297 317 338 112 180 408 205 306 97 370 455 247 376 148 302 176 178 32 343 6 215 227 322 277 400 299 23 420 235 69 49 7 273 342 177 351 75 95 379 99 27 333 435 433 423 315 287 460 321 397 159 143 142 348 294 208 25 64 236 46 256 197 386 135
369
146
35
336
189
288
96
82
340
115
67
360
187
304 465
45
366
414
412
285
243
390
398
110
57
419
65
280
230
199
94
282
404
239
83
363
129
121
141
196