273 268 87 174 348 136 325 135 331 246 439 34 320 131 98 408 9 317 163 309 327 444 435 467 176 54 209 395 198 16 318 220 102 171 383 252 179 32 18 88 236 178 284 168 164 28 424 249 455 150 218 173 148 155 270 388 376 103 302 165 372 205 183 17 290 223 153 7 415 37 14 24 343 47 256 89 200 85 314 79 339 473 202 177 471 371 474 260 349 51 244 95 353 445 72 265 425 206 201 394 274 391 389 39 106 364 215 257 127 188 459 76 133 362 279 458 356 75 122 283 217 417 31 278 19 324 354 233 71 441 367 0 68 4 295 311 341 229 461 120 11 378 307 374 403 117 470 422 73 373 397 266 392 221 410 271 253 358 299 385 297 159 344 137 33 43 144 134 365 234 119 399 450 238 21 301 36 12 287 222 228 326 116 63 247 193 346 62 6 387 86 84 255 335 359 204 342 248 351 291 128 125 316 152 107 453 368 99 421 357 126 452 426 262 259 319 298 370 405 118 26 100 124 328 156 214 310 123 313 111 104 264 305 312 462 269 64 377 184 431 3 355 20 61 151 2 411 112 154 142 108 347 143 169 263 443 463 427 139 185 197 379 224 418 172 375 380 140 438 231 44 306 300 195 60 303 80 338 52 166 157 449 59 49 29 10 38 281 469 186 289 92 160 466 132 147 429 446 451 25 210 191 70 420 437 396 293 149 447 1 386 235 413 93 432 46 352 97 277 330 22 15 77 213 337 208 382 203 430 66 315 23 323 436 74 329 50 181 406 322 30 78 13 175 242 5 448 275 69 401 109 53 226 400 308 440 40 272 161 460 101 472 8 423 162 251 219 286 294 41 333 407 90 321 416 237 227 402 350 192 145 442 250 361 216 138 190 170 241 42 384 55 225 381 456 468 56 409 296 114 254 258 457 130 393 207 261 91 180 58 105 267 464 433 167 182 194 245 240 48 232 212 428 276 292 113 454 211 158 27 334
345
369
146
35
336
189
288
96
82
340
115
67
360
187
304 465
45
434
332
366
414
412
285
243
390
398
110
57
419
65
280
230
199
94
282
404
81
239
83
363
129
121
141
196