421 306 392 186 284 442 211 72 323 446 271 410 214 17 354 308 438 153 248 276 441 111 140 183 415 429 254 374 7 181 42 174 128 250 127 409 179 324 109 76 241 200 216 278 175 209 333 449 299 467 402 397 458 68 171 316 142 383 167 353 44 219 372 287 2 41 25 377 120 307 255 424 388 407 190 30 157 104 314 222 231 85 78 122 43 61 134 436 165 260 205 309 417 252 229 400 342 460 20 139 105 406 403 5 379 343 131 126 416 80 188 283 294 117 4 56 391 262 298 385 112 92 422 70 0 264 34 170 87 16 212 55 272 173 358 305 26 413 320 48 193 251 452 291 195 444 338 213 123 10 293 169 297 395 130 337 451 52 172 257 249 176 107 217 227 273 160 168 238 136 259 233 325 335 132 384 93 310 177 334 427 267 247 277 66 69 373 381 144 46 268 296 39 166 408 386 125 95 329 12 208 218 145 98 24 328 295 101 265 206 396 357 71 159 147 29 192 194 198 15 89 116 349 258 151 290 11 361 270 77 237 339 225 401 37 138 462 281 313 180 155 432 162 330 423 327 3 318 356 435 143 473 207 8 289 228 341 63 457 18 158 31 471 428 347 13 184 322 370 178 103 108 453 114 311 185 439 470 201 376 23 375 74 331 387 223 47 124 91 79 149 389 73 236 135 64 352 221 466 292 119 148 19 88 431 344 226 235 418 472 90 368 315 437 346 202 22 448 99 433 300 263 378 197 33 275 242 21 154 234 6 461 137 215 1 474 60 447 97 49 86 59 312 302 84 246 50 362 463 443 269 220 399 150 286 365 100 380 118 244 204 351 355 426 450 224 326 163 232 256 14 303 405 203 133 36 359 245 253 164 440 430 279 350 455 266 371 191 319 394 459 464 62 456 156 468 240 445 317 454 364 27 9 28 51 40 274 411 210 106 38 469 382 261 321 348 161 113 54 182 420 152 393 301 367 53 32 102 58
345
369
146
35
336
189
288
96
82
340
115
67
360
187
304 465
45
434
332
366
414
412
285
243
390
398
425 75
110
57
419
65
280
230
199
94
282
404
81
239
83
363
129
121
141
196