319
345
80 30
318
203
464
473
369
297
146
70
178
470
442
35
28
188
344
39
126
278 154
131
88
210
458
336
189
36
98
162
55
216
145
266
42
288
238
379
229
180
194
350
334
60
256
96
123
427
201
117
236
453
82
292
324
452
47
294
330
93
20
276
340
115
413
151
338
240
223
260
26
417
462
140
402
174
389
38
67
387
300
349 147
360
372
95
159 301
19
217
221
27
187
5
13
50
396
171
22
25
114
420
116
165
273
84
108
448
183
107
302 385
304
381
135
424
311
91 49
128
155 148 391
213
45
337 386
24
101
305
192
375
136
405
139
466
434
262
326
222
173
21
132
85
29
361
268
214
471
352
9
156
341
63
170
362
384
264
62
355
164
306
44
68
23
407 103
269
312
258
377
169 111
461
415
332
71
232
69
409
438
18
329
371
422
454
429
2
161 118
163
40
449
447
450
423
89
56
72
296
134
451
235
366
414
152
412
195
257
285
418
124
411
474
436
76
263
43
397
303 439
86
211
275
353
58
446
277
181
435
408
421
218
144
399
460
315
105
243
66
313
112
246
247
99
459
390
74
37
16
138
342
158
316
395
333
4
215
261 237
382
176
398
97
172
190
401
370
322
202
425
8
110
52
307
410
119
57
259
7
177
133
400
34
378
463
430
279
419
166
468
393
175
206
204
343
249
75
11
113
287
168
469
383
65
254
467
265
406
280
207
14
200
380
61
456
358
472
59
46
281
6
209
290
41
179
78
230
225
102
160
234
1
199
251
403
208
347
149
310
255
357
191
94
282
220
87
79
51
185
356
308
325
317
125
404
445
241
73
376
309
354
394
295
32
81
17
328
428
142
274
184
271
365
272
239
10
228
212
90
323
109
137
31
299
48
0
130
127
374
53
437
367
153
457
284
83
327
346
364
363
426
348
252
3
270
455
432
298
440
226
12
129
444
373
205
286
245
64
157
253
465
351
291
167
224
248
77
150
392
198
186
283
388
120
320
231
368
433
267
416
182
293
331
443
441
314
193
121
143
250
141
92
359
339
122
431
104
227
335
233
100
242
15
244
196
289
197
219
33
321
54
106