4 410 426 251 185 293 375 271 472 168 136 113 301 385 15 118 319 255 302 331 277 422 86 329 326 258 453 294 401 350 68 173 216 377 354 347 233 408 165 245 356 324 252 70 279 220 320 206 267 197 32 193 174 153 128 119 147 69 406 131 388 0 278 53 227 467 400 391 309 172 303 159 321 351 334 276 8 111 27 151 386 49 109 122 314 427 221 76 134 257 62 416 275 142 194 229 368 262 100 66 367 158 143 124 254 192 312 80 101 297 442 341 240 137 144 286 355 56 460 152 14 246 164 171 77 34 16 97 317 222 451 471 117 201 287 54 256 463 170 353 178 28 125 139 40 235 383 30 431 346 306 184 372 64 394 411 73 215 379 362 177 429 26 389 299 318 98 458 38 281 46 443 138 327 468 339 37 212 84 10 352 469 6 473 104 261 190 454 51 17 264 361 3 208 22 132 79 59 93 2 175 9 439 182 421 204 39 420 296 333 323 248 290 364 273 106 41 441 1 387 162 102 322 237 462 328 249 393 92 359 269 155 266 214 415 50 72 231 186 338 114 43 459 145 325 343 130 219 112 349 344 403 423 380 330 291 384 457 310 234 371 284 447 450 89 357 217 163 274 18 160 308 466 337 24 295 289 307 417 198 259 396 29 223 224 433 91 140 225 21 407 78 395 44 103 432 226 195 13 95 149 179 161 148 20 181 116 444 61 265 263 311 202 370 135 36 342 428 456 436 87 74 250 449 348 209 464 127 376 300 397 424 123 183 203 23 167 365 382 107 247 270 292 191 373 455 25 88 169 452 437 126 156 378 200 166 11 218 445 58 430 272 461 154 305 298 60 180 150 157 440 409 474 205 313 446 315 213 31 392 48 90 52 210 55 418 133 316 47 19 236 405 42 232 85 207 176 358 399 402 188 228 283 448 381 108 99 12 244 238 33 241 268 260 374 470 105 242 335 120 71 63 435 438
345
369
146
35
336
189
288
96
82
340
115
413
67
360
187
5
465 304
45
434
332
366
414
412
285
211
243
390
398
75 425
110
57
7
419
65
280
230
199
94
282
404
81
239
83
363
129
253
121
141
196