396 297 430 166 312 34 408 194 26 73 274 327 100 290 320 309 159 18 473 27 409 356 62 149 286 113 24 105 37 252 36 308 328 59 281 183 88 132 235 219 210 313 353 124 255 29 367 339 294 428 117 395 216 198 242 60 315 147 277 459 136 322 114 438 224 66 74 227 78 445 238 218 173 89 127 151 460 22 212 354 137 284 375 392 87 263 348 330 152 52 21 232 344 417 468 188 474 442 455 123 432 161 106 98 311 449 418 406 325 376 30 329 279 377 326 437 225 97 389 116 213 352 324 405 133 14 349 383 220 180 266 370 394 39 86 19 385 424 49 374 295 448 170 233 306 305 456 72 248 378 174 40 273 245 4 260 163 91 154 160 131 364 139 391 221 177 368 365 192 13 119 3 195 135 289 380 93 358 244 453 443 190 165 17 200 104 64 334 343 126 331 373 446 8 2 250 410 444 426 463 112 101 341 162 215 276 25 287 164 56 158 451 54 337 61 145 447 316 355 321 388 46 70 171 407 291 314 416 108 415 427 208 1 150 259 439 317 278 185 249 234 51 423 372 351 143 342 229 107 186 9 122 206 223 264 293 400 172 240 38 319 271 231 84 298 0 222 350 80 167 69 134 109 197 32 399 226 10 357 457 471 138 307 436 421 470 431 202 184 420 361 125 467 381 302 201 153 79 301 411 299 204 397 148 461 182 323 23 247 6 382 228 422 292 258 207 402 270 157 236 440 462 346 214 31 262 16 251 347 283 140 209 103 118 130 257 441 269 169 77 175 120 403 58 246 338 181 71 43 254 433 11 155 335 102 379 168 275 435 33 296 333 318 265 142 454 53 41 401 50 179 15 362 47 256 44 12 85 469 68 386 90 241 267 429 176 452 55 272 205 393 144 458 193 99 48 63 472 156 359 464 20 387 95 111 237 28 450 310 203 178 92 128 268 76 300 466 261 217 191 384 303 371
345
369
146
35
336
189
42
288
96
82
340
115
413
67
360
187
5
465 304
45
434
332
366
414
412
285
211
243
390
398
425 75
110
57
7
419
65
280
230
199
94
282
404
81
239
83
363
129
253
121
141
196