376 357 303 257 100 11 368 343 352 162 386 456 389 71 177 34 15 359 194 468 276 93 106 444 262 380 208 164 176 200 209 0 180 4 167 163 195 56 337 191 198 33 351 232 445 313 433 73 249 248 361 122 123 335 98 426 120 51 9 49 417 26 291 457 116 275 24 277 1 132 375 314 396 95 399 384 259 64 158 440 436 289 118 441 157 461 271 279 36 17 290 460 244 438 188 12 105 206 421 173 149 429 286 355 328 393 245 104 251 138 326 451 346 298 394 387 76 293 217 66 44 439 227 428 339 207 128 295 240 216 28 171 204 101 193 50 344 443 372 305 446 139 405 155 142 109 87 40 112 182 265 472 450 178 43 68 18 296 86 320 315 442 46 147 159 452 235 263 80 454 152 134 254 22 348 19 467 430 144 61 214 406 324 222 331 437 327 402 169 135 202 52 462 374 323 258 255 449 203 186 137 69 47 221 329 423 427 306 88 151 97 347 117 8 131 418 409 269 350 79 224 473 170 373 447 459 161 241 127 422 274 119 416 20 154 292 179 319 39 392 168 31 38 260 124 126 136 453 236 234 10 210 261 284 330 294 185 21 471 62 379 415 41 382 322 273 160 233 218 108 297 229 63 316 420 278 325 321 362 205 411 250 267 470 156 301 318 455 231 219 474 463 130 287 395 190 464 13 432 140 403 77 153 378 256 299 307 54 143 225 272 310 212 367 246 184 85 431 333 388 133 29 458 354 266 341 309 59 175 312 172 311 181 377 338 252 300 237 247 111 145 125 55 89 99 215 113 385 281 242 84 72 308 48 58 448 469 435 30 408 197 466 25 16 92 6 371 2 365 183 381 32 268 74 78 114 107 213 174 23 148 91 102 228 353 192 401 37 60 270 53 400 27 356 150 3 424 220 342 317 238 397 391 103 223 14 90 383 226 166 70 264 370 334 302 283 165 364 349 407 410
345
369
146
35
336
189
42
288
96
201
82
340
115
413
67
360
187
5
304 465
45
434
332
366
414
412
285
211
243
390
398
425 75
110
57
7
419
65
280
358
230
199
94
282
404
81
239
83
363
129
253
121
141
196