415 98 231 306 303 407 341 180 178 236 334 448 51 13 338 60 444 312 172 63 323 348 223 85 29 356 463 10 386 272 467 133 68 241 335 43 217 355 271 90 281 310 109 131 442 248 315 428 257 206 424 405 449 350 373 95 297 382 237 394 354 421 103 365 264 147 92 261 457 23 311 326 11 437 100 3 179 319 266 233 416 333 387 423 349 31 155 252 76 186 313 1 450 244 262 406 9 274 330 173 461 24 295 118 184 453 54 216 454 456 44 470 256 138 325 183 300 472 263 396 205 284 202 351 462 185 99 249 120 380 409 162 290 331 410 342 32 194 219 422 49 37 337 175 134 25 166 225 181 308 328 265 105 283 34 91 420 322 18 401 158 270 321 164 339 106 169 439 438 14 443 234 119 242 292 52 393 440 56 400 435 193 191 464 291 117 62 113 460 204 132 318 426 111 372 441 250 364 112 240 459 36 101 314 445 397 4 2 116 227 154 455 28 176 21 77 46 163 153 436 215 391 218 399 170 260 329 88 278 55 123 469 15 47 238 468 275 16 273 19 78 71 298 17 417 148 255 379 344 353 224 139 20 346 144 182 48 195 368 427 50 361 174 104 89 347 452 362 80 151 269 384 474 213 86 267 447 168 371 39 72 402 296 157 320 375 327 258 73 33 385 188 177 383 140 97 247 395 114 277 41 374 388 392 149 294 143 161 352 79 418 64 235 220 430 70 309 389 324 159 289 210 359 466 246 58 293 53 431 212 411 357 432 74 276 433 0 152 150 208 381 408 279 12 305 299 59 214 343 307 93 38 197 251 27 287 377 40 228 429 125 142 286 127 200 136 167 122 471 198 30 232 221 222 22 376 124 165 84 26 66 156 190 446 245 203 207 130 192 229 126 171 209 135 403 473 108 302 6 226 458 301 451 128 370 87 107 8 137 69 268 317 254 378 259 367 160 102 61 145
345
369
146
35
336
189
42
288
96
201
82
340
115
413
67
360
187
5
304 465
45
434
332
366
414
412
285
211
243
390
316
398
75 425
110
57
7
419
65
280
358
230
199
94
282
404
81
239
83
363
129
253
121
141
196