134 159 218 186 166 52 31 424 208 389 133 315 277 30 418 172 407 385 37 212 337 249 330 69 453 86 178 471 331 299 135 241 266 348 164 324 49 34 375 329 137 309 152 156 59 383 221 290 207 147 158 236 467 51 176 391 224 36 193 47 238 265 77 405 29 10 246 287 216 107 379 370 320 442 206 342 143 104 58 66 21 461 225 181 433 198 437 429 174 377 197 268 403 452 351 278 145 14 44 430 222 118 215 91 24 80 39 167 140 474 111 469 117 245 179 371 202 317 443 327 456 346 463 382 153 296 195 154 294 219 393 6 455 444 421 303 396 397 270 79 183 353 124 220 149 257 214 13 180 416 18 392 394 60 203 427 76 380 298 40 310 234 325 53 226 205 440 255 450 367 284 103 297 445 38 165 15 341 130 275 247 439 384 289 464 261 23 97 409 293 138 305 323 93 190 376 417 322 139 415 169 74 428 426 173 264 161 16 279 233 120 368 48 356 100 458 423 113 311 41 64 354 335 63 326 359 459 122 420 338 349 228 273 136 400 281 204 160 0 318 192 12 229 357 184 70 447 114 98 217 112 386 374 209 19 448 432 101 470 185 472 422 157 85 92 11 295 27 148 95 188 155 90 410 274 406 191 260 89 9 170 267 151 381 451 182 223 32 431 352 339 242 8 177 55 387 33 4 395 106 108 301 56 373 119 262 128 25 411 334 388 62 256 127 269 231 162 132 125 71 259 250 237 333 20 401 54 73 402 361 271 258 307 291 399 171 1 306 436 232 102 263 300 126 88 347 313 46 365 131 378 286 105 194 227 302 314 454 276 462 254 244 68 163 17 435 372 28 251 319 116 466 441 123 78 84 22 362 449 408 43 150 312 72 364 355 344 350 144 235 248 446 99 200 468 142 2 210 26 321 460 168 3 328 457 272 473 292 343 87 308 175 61 252 283 109 438 50
345
369
146
35
336
189
42
288
96
201
82
340
115
413
240 213
67
360
187
5
304 465
45
434
332
366
414
412
285
211
243
390
316
398
75 425
110
57
7
419
65
280
358
230
199
94
282
404
81
239
83
363
129
253
121
141
196