428 309 24 23 408 402 427 27 350 194 365 167 63 361 264 58 349 122 163 389 186 327 114 259 168 364 416 352 395 14 74 459 275 415 25 33 174 368 85 383 89 324 411 156 343 70 93 69 445 109 421 447 244 338 99 273 296 172 120 341 238 437 165 152 131 328 246 373 132 376 164 147 387 287 197 111 55 138 431 180 87 181 310 271 269 119 0 410 302 453 291 272 423 76 308 229 451 225 359 224 231 9 260 454 50 31 270 6 392 255 40 374 401 48 124 19 92 86 127 403 323 441 262 426 452 347 460 443 26 13 326 77 2 474 472 339 107 210 420 151 335 305 397 158 203 125 193 100 41 72 22 379 319 51 184 370 344 218 234 385 384 98 466 227 242 80 292 161 329 313 159 145 79 78 166 283 95 144 362 219 268 325 130 432 429 108 185 265 433 258 183 232 377 116 469 277 179 221 456 406 315 407 435 252 400 371 254 321 155 297 113 314 46 47 444 386 162 235 133 250 209 306 409 68 1 334 60 39 449 439 91 356 438 274 461 357 295 198 263 18 20 471 38 372 228 473 222 29 430 71 175 284 178 176 215 136 337 236 177 118 367 348 117 205 261 257 256 103 448 135 450 353 267 214 212 59 299 106 37 279 245 223 169 43 12 458 354 457 191 248 333 303 462 160 422 281 15 375 237 351 137 3 300 66 64 11 394 104 149 330 182 322 56 150 142 208 204 249 32 101 139 391 4 171 468 293 30 463 405 276 54 21 312 16 8 52 217 105 241 97 123 380 88 467 342 331 143 128 307 153 355 378 393 470 436 226 418 157 126 455 44 278 381 53 294 298 346 382 173 266 112 311 200 301 417 140 286 190 442 148 202 49 399 170 396 134 207 464 61 154 206 188 17 251 290 62 34 90 84 73 424 195 446 247 440 102 318 216 36 220 192 388 28 10 233
345
369
146
35
336
189
42
288
96
201
82
340
115
413
240 213
67
360
187
5
304 465
45
434
332
366
414
412
285
211
243
390
316
398
75 425
110
57
7
419
65
280
358
230
199
94
282
317
404
81
239
83
363
129
253
320
121
141
196
289