193 161 223 424 442 378 233 314 384 347 322 265 277 250 380 185 140 326 303 119 244 456 457 221 427 76 191 357 440 387 401 148 16 283 368 112 144 116 275 319 87 430 258 71 402 344 257 452 79 220 246 458 13 292 91 209 14 264 162 451 450 228 102 40 335 307 251 352 86 217 66 372 334 364 394 142 462 381 287 188 173 473 203 70 1 23 399 205 63 107 56 272 175 101 391 242 229 219 124 315 453 134 46 426 68 248 312 238 30 127 106 420 449 18 318 218 6 305 109 410 284 367 133 27 139 167 297 22 467 43 25 38 382 362 374 222 53 406 254 417 437 85 397 249 73 9 231 448 95 371 232 293 463 445 17 80 296 174 433 389 342 309 8 438 34 24 330 15 323 392 268 236 200 301 78 294 212 428 263 156 313 331 37 261 439 337 155 446 328 255 349 164 385 343 166 180 36 168 355 0 376 88 235 108 202 214 356 50 237 153 128 3 20 271 84 160 455 145 118 177 19 245 47 329 422 354 89 252 327 10 92 137 295 113 418 210 33 11 60 4 388 346 29 471 131 472 186 59 225 104 74 117 325 138 90 290 149 111 184 431 383 120 286 151 429 400 72 171 351 26 403 69 447 190 273 183 93 99 443 182 396 32 338 260 421 28 77 143 147 64 306 44 262 444 469 298 466 227 377 359 267 179 206 49 470 393 350 154 150 373 375 226 407 405 132 136 461 308 341 454 52 2 279 169 61 423 468 302 135 39 181 62 176 51 270 269 125 114 98 441 192 281 409 122 256 361 207 208 157 100 348 408 48 311 241 12 259 215 216 163 172 379 432 299 41 178 436 170 54 234 198 165 300 416 370 459 411 333 152 321 158 464 194 274 324 123 278 247 310 276 159 105 386 31 266 130 58 474 55 435 365 291 353 197 339 21 204 97 126 460 195 103 415
345
369
146
35
336
189
42
288
96
201
82
340
115
413
240 213
67
360
187
5
465 304
45
434
332
366
414
412
285
211
243
390
316
395
398
75 425
110
57
7
419
65
280
358
230
199
94
282
317
404
81
239
83
363
129
253
224
320
121
141
196
289