41 352 402 472 291 120 454 427 216 34 423 286 466 455 409 127 326 134 416 73 217 436 379 457 324 265 400 190 244 22 195 107 219 170 314 255 11 330 118 125 208 29 339 327 64 130 333 301 159 238 162 335 329 124 447 177 315 50 266 344 212 392 453 407 112 467 63 362 21 290 403 383 60 268 56 156 155 440 459 218 149 418 8 59 370 72 23 111 408 349 20 386 152 102 229 406 176 388 269 192 461 84 31 47 181 284 430 178 198 417 391 350 452 18 14 119 303 71 19 449 70 396 15 126 77 463 93 348 36 235 150 354 469 389 165 175 53 2 128 164 297 283 347 262 99 372 194 382 114 393 293 222 78 287 474 24 294 375 108 179 95 138 356 421 292 460 210 384 166 437 431 473 338 450 147 387 10 261 66 322 246 306 451 52 378 397 142 420 167 247 260 380 410 270 13 88 43 281 51 312 123 462 470 323 422 151 135 209 200 185 311 92 12 234 116 367 221 313 32 80 295 267 74 106 458 4 442 346 44 365 254 446 168 97 249 68 26 468 236 153 471 58 299 277 122 448 25 245 145 337 252 139 40 203 105 233 279 1 173 325 37 302 307 334 328 69 180 357 226 174 86 87 193 183 91 137 298 355 275 308 54 411 376 46 205 101 445 220 227 273 62 310 30 443 319 117 381 456 132 28 85 259 242 225 399 278 33 172 429 428 258 76 343 49 169 331 140 98 263 186 9 342 191 271 48 433 144 341 104 276 424 435 61 426 438 296 103 353 351 207 264 364 133 38 401 182 232 27 385 158 6 241 444 377 359 131 321 415 89 113 439 79 394 231 405 90 432 274 228 39 157 184 171 148 160 109 214 250 368 257 309 197 373 143 202 161 55 136 163 223 371 154 206 305 272 256 188 374 251 215 441 248 100 0 204 17 3 16 464 361 237 300
345
318
369
146
35
336
189
42
288
96
201
82
340
115
413
213 240
67
360
187
5
304 465
45
434
332
366
414
412
285
211
243
390
316
395
398
425 75
110
57
7
419
65
280
358
230
199
94
282
317
404
81
239
83
363
129
253
224
320
121
141
196
289