175 169 311 334 93 105 326 391 206 12 466 165 275 60 468 123 323 204 276 314 433 457 265 469 215 149 321 98 424 399 32 127 261 157 20 394 403 119 324 226 97 218 407 350 103 331 111 333 441 338 416 249 70 174 293 160 50 328 370 256 252 112 431 25 408 190 381 267 450 39 229 456 396 307 185 168 242 114 78 348 388 330 367 335 151 401 24 137 72 287 18 87 176 380 152 223 417 405 244 439 161 193 428 100 61 312 208 130 309 379 142 357 10 337 209 118 346 227 461 80 164 1 6 62 262 386 54 47 53 375 155 342 436 266 464 180 9 85 188 344 136 234 69 132 178 454 299 368 409 198 467 470 371 216 246 423 3 303 295 290 241 52 315 15 300 248 278 429 30 162 181 385 284 14 207 296 322 432 133 463 264 131 442 238 268 438 297 126 167 56 339 147 453 319 150 471 271 306 308 101 102 51 153 8 382 228 272 16 59 292 473 462 270 26 387 411 99 415 143 440 305 68 106 310 364 210 166 49 21 443 73 327 286 156 365 184 446 325 64 95 63 458 13 17 301 410 352 329 128 259 134 158 257 138 186 361 117 84 40 79 455 182 89 148 376 354 217 37 66 459 91 23 351 71 392 302 291 449 139 195 74 104 170 447 135 46 418 163 41 420 29 435 44 113 221 383 437 92 451 202 277 179 225 283 120 251 90 254 444 400 36 145 349 281 355 48 154 237 389 177 359 109 273 472 232 212 422 76 19 393 171 124 233 373 22 452 86 28 219 372 341 430 269 378 116 205 2 140 55 43 0 197 343 263 384 77 294 421 172 194 125 347 107 183 279 426 222 108 203 122 298 260 427 200 255 34 274 247 374 362 313 460 250 448 33 38 245 191 402 88 356 220 173 236 27 397 159 192 214 11 377 4 31 235 231 406 258 144 474 58 445
345
318
369
146
35
336
189
42
288
96
201
82
340
115
413
240 213
67
360
187
5
304 465
45
434
332
366
414
412
285
211
353
243
390
316
395
398
425 75
110
57
7
419
65
280
358
230
199
94
282
317
404
81
239
83
363
129
253
224
320
121
141
196
289