119 15 252 195 12 25 248 403 44 179 178 411 326 231 294 451 59 391 266 251 50 55 432 442 446 444 262 90 408 454 273 246 259 458 381 229 455 471 232 130 120 139 307 20 160 29 405 469 299 343 225 409 106 286 41 43 301 371 209 361 348 453 33 270 107 212 356 73 278 365 220 89 147 324 306 149 462 158 214 123 105 401 174 208 134 279 14 109 87 315 456 140 112 76 40 241 71 32 389 328 61 341 221 156 27 394 338 377 424 30 359 84 122 441 438 325 125 382 238 203 183 108 423 302 88 415 312 433 104 466 375 13 380 111 133 58 420 275 86 207 352 339 191 103 24 368 267 430 297 10 435 167 222 254 99 128 9 292 236 206 463 162 124 388 185 70 322 202 440 310 459 327 244 300 53 287 276 52 431 223 330 468 216 407 264 271 60 219 100 193 116 180 237 155 277 113 85 233 102 346 200 418 467 461 163 226 367 400 138 170 283 31 364 342 410 135 378 472 406 131 258 114 152 284 69 175 335 344 190 385 2 255 290 337 269 80 153 460 422 227 194 77 447 26 63 450 245 95 210 154 34 242 228 428 173 148 49 137 217 436 329 256 448 250 0 204 184 272 426 142 357 21 445 249 165 159 177 19 305 22 350 373 145 157 281 172 402 265 234 166 452 309 334 72 383 347 298 64 161 54 372 198 23 331 126 439 296 396 118 417 144 150 164 39 393 79 291 399 171 197 397 127 38 429 92 143 303 78 182 362 192 8 313 443 392 168 473 379 374 132 3 314 11 186 136 247 274 257 181 36 117 268 437 319 91 351 295 218 449 386 376 93 384 308 4 370 68 205 235 470 354 51 16 349 46 66 263 355 6 56 293 37 427 215 17 261 421 387 98 260 323 188 169 101 321 48 333 176 311 97 62 47 464 1 28 151 416 457 474
345
318
369
146
35
336
189
42
288
96
201
82
340
115
413
213 240
67
360
187
5
465 304
45
434
332
74 18
366
414
412
285
211
353
243
390
316
395
398
425 75
110
57
7
419
65
280
358
230
199
94
282
317
404
81
239
83
363
129
253
224
320
121
141
196
289