294 223 21 91 249 416 447 427 43 351 86 152 424 244 56 373 164 136 88 273 391 417 256 28 309 40 365 156 58 90 184 44 112 161 66 14 78 113 270 415 347 107 137 237 452 17 127 438 409 169 330 355 423 327 268 321 401 165 15 174 378 389 265 315 47 31 457 69 36 296 171 9 472 177 120 49 215 51 450 362 163 178 160 221 16 322 241 399 310 27 455 464 236 277 100 326 79 154 346 172 255 198 98 228 219 109 379 89 344 180 451 334 231 87 118 393 70 103 157 173 367 440 233 283 108 145 303 403 204 191 324 117 12 194 176 341 158 374 470 460 325 238 299 50 445 97 234 132 267 337 166 286 130 195 382 101 143 439 20 128 442 182 377 311 95 406 84 80 461 155 11 3 250 301 422 359 257 356 72 170 13 453 287 258 375 387 162 212 179 10 235 297 64 32 350 381 467 468 471 314 54 151 247 106 93 274 357 46 284 148 48 456 407 329 392 376 271 119 328 426 105 134 248 380 122 272 308 153 111 262 22 444 252 150 313 61 140 202 227 264 275 77 225 432 142 261 246 76 342 459 338 62 71 405 159 185 421 279 446 463 430 269 300 226 276 251 30 408 388 8 431 368 323 68 222 343 386 474 429 245 473 371 99 232 242 190 208 259 186 305 38 131 63 147 138 384 396 290 125 168 354 410 41 0 203 102 55 278 312 260 254 220 114 200 4 85 188 418 306 348 335 229 331 319 458 175 307 92 437 60 397 433 385 217 469 192 52 29 37 207 216 149 291 24 181 402 349 73 263 435 133 466 370 448 400 333 352 59 420 25 214 361 6 293 167 411 292 53 454 126 123 206 281 139 205 298 372 2 124 135 197 183 33 462 449 443 210 39 23 394 441 302 339 428 144 193 209 1 34 218 19 104 364 116 266 436 295 26
345
318
369
146
35
336
189
42
288
96
201
82
340
115
413
213 240
67
360
187
5
465 304
45
434
332
18 74
366
414
412
285
211
353
243
390
316
395
398
425 75
110
57
7
419
383
65
280
358
230
199
94
282
317
404
81
239
83
363
129
253
224
320
121
141
196
289