52 301 269 149 472 58 6 367 293 287 197 136 356 168 262 120 327 137 276 406 90 55 166 163 359 177 409 469 382 326 279 37 431 182 154 379 59 474 183 172 17 439 107 454 85 48 1 273 73 435 134 207 219 386 271 117 165 162 441 407 193 105 255 3 429 299 306 450 387 330 355 446 109 139 227 44 23 62 250 79 156 127 135 175 202 246 208 111 260 104 54 313 275 215 236 325 394 171 381 283 268 423 38 22 56 68 468 322 402 249 161 346 167 15 376 294 331 324 380 92 13 305 244 270 140 27 8 408 335 333 203 40 350 209 63 144 86 131 445 274 218 263 371 192 248 418 98 160 91 399 378 368 341 106 153 124 185 188 361 298 53 242 466 195 256 372 362 266 339 310 194 128 415 97 303 76 456 261 179 237 357 222 241 28 455 281 126 226 31 119 278 61 302 396 354 60 217 158 238 99 384 26 93 234 374 235 25 39 463 123 150 403 343 259 405 29 443 295 69 471 440 103 210 428 212 416 432 252 430 392 220 411 449 221 34 151 176 138 296 448 21 225 452 319 389 80 72 264 155 133 473 251 70 461 267 46 11 114 451 157 254 342 348 108 50 191 51 0 66 364 377 272 159 14 47 464 205 338 312 391 410 204 433 467 462 87 422 9 337 2 459 71 198 181 292 460 400 265 323 417 152 232 307 314 470 116 223 173 122 125 349 16 311 12 321 64 102 184 315 258 77 164 229 10 216 347 352 427 143 49 436 170 297 426 30 421 290 438 190 233 420 393 84 437 370 385 32 33 309 308 424 373 328 148 231 206 4 78 458 19 180 401 100 397 142 169 388 447 457 24 444 300 247 351 145 132 257 291 118 200 41 174 101 277 214 88 245 130 186 112 89 147 365 284 20 375 453 228 178 113 344 329 442 286 334 95
345
318
369
146
35
336
189
43 36
42
288
96
201
82
340
115
413
240 213
67
360
187
5
465 304
45
434
332
18 74
366
414
412
285
211
353
243
390
316
395
398
75 425
110
57
7
419
383
65
280
358
230
199
94
282
317
404
81
239
83
363
129
253
224
320
121
141
196
289