70 394 222 149 118 453 25 23 14 271 260 145 328 471 238 242 380 270 176 386 464 204 21 428 267 58 443 439 203 411 112 268 99 163 396 248 436 367 64 357 212 183 33 474 92 430 445 277 393 124 219 63 364 460 105 177 245 431 194 84 128 266 333 12 244 258 71 279 385 56 173 334 210 151 382 346 231 410 261 24 209 172 159 40 111 377 349 233 53 469 343 290 17 387 27 255 298 344 91 461 171 444 44 307 362 137 180 246 371 314 4 200 273 185 127 153 206 148 51 134 359 157 375 66 321 228 429 313 52 297 455 193 48 295 247 41 0 473 237 19 229 76 162 342 10 426 309 351 116 226 283 302 311 175 467 114 265 49 241 259 350 422 355 9 438 126 11 73 77 406 135 208 286 278 232 272 136 31 407 104 144 147 166 296 143 102 254 392 215 98 235 448 402 60 468 326 217 120 459 249 221 408 331 315 97 420 93 384 139 198 449 374 132 356 250 15 446 182 119 156 352 72 470 2 117 305 450 88 347 197 327 341 312 130 403 281 223 276 106 131 256 142 339 158 400 95 167 335 458 376 190 284 466 263 122 361 123 8 89 440 155 472 37 236 416 32 90 275 47 433 292 269 6 274 329 20 109 54 34 379 154 133 165 308 85 179 181 463 16 26 452 214 301 462 192 415 207 68 46 252 424 381 140 456 365 338 39 161 257 202 227 303 325 441 29 354 423 178 397 293 391 388 337 59 13 170 78 401 216 435 299 28 38 79 294 409 205 451 138 174 399 457 287 262 427 87 405 1 113 69 348 103 370 421 324 251 55 195 264 437 100 86 447 3 168 225 150 310 188 432 191 80 330 319 454 22 323 61 160 368 442 62 220 306 218 184 125 30 372 169 50 152 164 373 291 418 186 322 101 417 378 389 300 108 107
345
318
369
146
35
336
189
43 36
42
288
96
201
82
340
115
413
240 213
67
360
187
5
304 465
45
434
332
18 74
366
414
412
285
211
353
243
390
316
395
398
425 75
110
57
7
419
383
65
280
358
230
234
199
94
282
317
404
81
239
83
363
129
253
224
320
121
141
196
289