401 341 99 208 267 393 470 242 102 293 86 198 120 112 137 290 111 400 88 101 188 220 378 194 70 324 206 313 173 328 275 306 445 300 251 131 357 385 28 310 274 4 149 32 69 247 387 334 73 406 273 319 170 66 452 207 13 373 255 48 346 168 311 322 252 1 100 20 339 367 380 348 89 443 222 391 411 450 236 281 166 53 250 299 329 183 133 402 375 278 78 469 210 432 228 467 152 403 204 79 76 31 314 435 294 427 381 374 335 308 62 283 337 264 33 46 139 61 286 41 177 237 167 263 15 428 433 197 354 449 63 59 244 415 209 117 34 466 338 10 262 382 159 417 71 372 474 97 176 122 227 312 259 298 399 38 350 114 130 184 371 438 265 268 64 157 246 389 113 292 303 295 325 384 128 124 6 459 330 323 458 118 277 437 12 190 388 140 309 109 49 51 231 116 464 138 145 125 119 136 93 186 291 376 142 205 272 107 436 104 269 321 22 193 347 179 55 219 192 271 462 407 301 25 421 364 9 165 95 169 457 342 80 349 172 422 448 153 154 451 155 370 215 447 98 17 108 439 424 85 256 103 134 305 377 143 212 21 416 174 164 54 72 456 257 150 191 418 429 19 453 126 431 178 180 405 423 279 356 326 232 397 440 351 218 3 52 355 175 216 185 386 361 171 229 344 396 144 362 270 30 410 44 287 331 87 254 181 307 442 14 454 468 203 132 302 359 225 147 235 409 200 258 16 58 461 182 226 221 430 241 84 261 441 77 92 444 238 47 91 379 68 217 195 56 60 40 127 214 460 368 0 26 249 27 315 11 37 446 23 266 463 202 2 260 455 276 162 394 420 343 333 161 297 29 223 248 352 105 148 392 472 245 473 39 160 327 8 296 284 365 426 163 408 135 151 471 233 158 106 90 50 123 156 24
345
318
369
146
35
336
189
36 43
42
288
96
201
82
340
115
413
240 213
67
360
187
5
304 465
45
434
332
18 74
366
414
412
285
211
353
243
390
316
395
398
425
110
57
7
419
75
383
65
280
358
230
234
199
94
282
317
404
81
239
83
363
129
253
224
320
121
141
196
289