468 171 212 4 163 100 162 29 113 416 372 204 124 471 62 244 311 407 424 473 222 267 98 351 164 17 144 447 108 191 117 195 95 153 415 89 361 33 41 72 63 90 13 378 111 47 299 247 150 214 66 387 338 430 400 302 167 210 313 31 298 28 123 343 251 194 319 101 438 77 23 209 238 103 279 64 92 379 388 165 136 355 59 176 439 128 19 401 70 248 460 417 80 236 158 306 377 314 333 112 22 220 389 197 122 8 331 452 443 160 266 118 15 382 147 126 292 186 466 263 301 130 149 435 221 102 154 315 3 152 231 132 271 145 357 40 229 455 327 325 32 10 456 88 217 91 135 174 166 125 38 120 53 287 181 225 329 397 76 376 341 131 277 151 156 52 469 259 324 342 380 403 300 93 422 249 440 458 321 294 161 50 21 250 346 309 172 432 273 208 375 396 265 20 46 68 39 99 104 37 296 446 284 71 347 373 134 9 308 44 232 410 461 218 245 431 228 148 170 97 283 202 328 25 451 264 79 54 448 190 205 349 11 474 303 462 261 463 192 55 34 322 450 155 428 51 393 114 433 198 286 470 105 177 362 337 272 246 215 169 178 48 381 49 274 323 339 310 352 334 405 402 421 368 14 344 444 203 391 370 116 429 27 326 61 140 406 185 364 180 206 257 179 143 295 348 226 73 281 227 453 193 268 394 423 420 200 106 436 219 426 30 290 386 472 350 408 441 223 411 297 69 260 16 367 84 2 133 26 12 374 307 312 258 255 107 184 175 454 385 137 235 139 256 427 56 384 464 173 6 237 399 87 442 182 159 242 467 241 354 418 60 392 85 58 252 24 459 86 233 335 457 449 188 78 269 183 138 305 127 293 437 409 1 276 359 330 291 216 142 262 365 278 270 119 445 275 356 109 207 168 157 254 0
345
318
369
146
35
336
189
43 36
42
288
96
201
82
340
115
413
240 213
67
360
187
5
304 465
45
434
332
74 18
371
366
414
412
285
211
353
243
390
316
395
398
425
110
57
7
419
75
383
65
280
358
230
234
199
94
282
317
404
81
239
83
363
129
253
224
320
121
141
196
289