443 157 117 435 190 77 218 12 361 107 171 473 460 399 103 334 298 112 362 140 72 54 165 30 19 92 436 184 79 159 108 438 197 370 347 393 90 405 186 138 471 246 339 39 272 245 342 242 333 131 403 310 126 268 250 233 102 194 455 21 3 149 292 286 152 22 251 279 95 27 422 384 364 374 174 281 136 377 44 210 0 307 379 172 344 467 312 178 331 204 294 231 148 183 262 283 248 324 249 41 444 315 328 58 276 429 454 98 330 106 109 85 309 382 256 179 296 29 132 469 28 86 175 59 32 421 63 104 449 394 257 388 352 48 278 24 237 166 225 348 326 229 127 354 66 6 457 337 266 423 144 25 372 9 453 441 52 343 214 378 241 263 170 101 452 62 219 139 346 322 191 31 154 411 277 430 408 350 416 13 124 355 295 468 40 69 300 450 176 223 461 220 100 53 205 415 311 375 47 381 228 391 17 206 447 445 232 215 118 222 4 145 173 252 161 181 368 143 208 114 123 226 164 327 113 99 410 418 185 338 162 193 433 420 153 299 188 209 424 150 313 409 367 202 128 254 325 472 38 76 93 351 255 392 135 168 470 261 356 217 111 314 207 437 56 122 87 440 466 359 73 321 376 80 158 265 387 68 182 397 125 431 91 134 244 451 133 365 432 401 386 49 259 319 84 137 177 258 227 88 456 8 51 120 417 37 446 284 406 23 448 235 385 389 155 163 271 402 458 14 269 64 459 349 61 247 427 200 474 291 308 357 428 439 212 329 147 55 297 116 78 236 198 306 71 151 380 130 293 20 323 260 305 264 16 167 50 142 195 156 267 274 400 238 270 273 11 303 169 373 15 10 290 301 335 221 60 396 287 2 302 203 34 442 97 275 463 192 462 464 407 70 119 46 105 341 33 216 160
345
318
369
146
35
336
189
43 36
42
288
180
96
201
82
340
115
413
213 240
26 89 1
67
360
187
5
465 304
45
434
332
18 74
371
366
414
412
285
211
353
243
390
316
395
398
425
110
57
7
419
75
383
65
280
358
230
234
199
94
282
317
404
81
239
83
363
426
129
253
224
320
121
141
196
289