365 125 298 137 452 69 68 308 135 200 312 321 437 231 406 402 116 71 191 357 128 286 157 458 427 376 150 221 327 356 32 432 388 126 104 450 382 359 218 93 41 306 370 364 429 138 325 113 415 91 0 247 167 11 55 337 175 23 208 451 72 20 50 303 252 64 444 472 202 190 389 449 436 169 17 439 403 118 3 47 407 205 194 323 447 76 176 117 420 31 300 56 241 387 60 333 95 223 179 98 294 143 6 58 348 392 53 212 329 171 106 391 470 182 283 260 264 25 172 275 100 66 232 235 48 422 188 163 362 307 40 228 49 258 237 301 119 384 335 416 185 344 401 456 88 428 341 461 209 203 290 178 457 13 310 261 102 168 385 70 226 349 130 85 338 448 37 440 386 334 311 16 77 210 27 381 30 44 39 183 411 313 222 164 266 238 244 131 272 54 322 455 160 114 393 192 394 132 59 350 467 127 214 445 162 147 423 379 343 346 347 193 361 248 453 206 19 459 309 375 466 112 99 186 73 207 38 250 352 396 295 474 139 274 330 28 418 417 255 400 107 245 373 142 109 256 153 468 184 269 463 278 397 292 430 225 378 293 15 339 195 268 219 165 215 62 8 342 29 21 101 46 52 156 367 305 149 354 251 324 24 267 87 249 90 408 161 108 281 12 471 152 158 435 144 181 10 271 246 302 105 328 51 242 151 315 220 204 198 233 111 154 174 297 170 263 257 22 374 254 296 259 368 2 424 4 410 405 134 177 229 460 431 122 372 155 331 473 9 227 421 326 217 166 14 33 355 63 399 319 314 159 61 133 145 279 277 120 34 124 236 443 469 377 216 273 299 80 103 454 92 276 351 284 446 123 136 438 442 291 462 464 270 97 380 197 287 84 148 173 79 86 262 409 265 433 140 78
345
318
369
146
35
336
189
36 43
42
288
180
96
201
82
340
115
413
240 213
26 89 1
67
360
187
5
304 465
45
434
332
18 74
371
366
414
412
285
211
353
243
390
316
395
398
425
110
57
7
419
75
383
65
280
358
230
234
199
94
282
317
404
81
239
83
363
426
129
253
224
320
441
121
141
196
289