452 188 348 361 38 123 156 292 14 445 209 62 394 355 48 242 220 137 231 17 380 91 70 424 159 293 330 311 155 80 297 117 351 97 165 193 100 150 379 131 225 305 453 192 6 462 386 415 315 132 397 66 403 370 232 93 354 467 329 421 327 432 378 233 392 162 9 326 122 334 167 107 381 302 152 246 429 313 126 368 212 457 72 294 286 342 447 245 319 153 92 387 169 119 139 85 125 323 221 343 443 166 182 163 47 34 416 335 185 99 148 252 112 422 449 113 344 251 27 84 175 377 322 90 118 179 53 306 206 226 309 264 161 290 455 105 272 58 138 56 385 194 473 130 236 450 114 143 408 19 120 291 278 341 203 365 181 391 227 59 171 463 52 216 41 16 254 448 238 145 135 144 237 214 439 256 217 176 116 249 49 29 338 374 98 12 71 436 474 263 258 339 198 301 470 324 296 86 261 433 265 384 308 228 78 472 142 109 382 456 269 346 446 32 51 178 257 405 73 295 195 312 389 215 103 40 33 87 459 208 50 458 202 275 274 104 471 328 401 430 235 170 247 400 60 22 184 134 222 127 158 20 372 331 373 303 64 108 160 367 68 388 218 406 451 111 399 255 77 359 279 63 23 250 244 128 21 106 46 321 172 164 273 190 248 460 427 437 69 61 136 186 133 3 356 147 284 8 440 197 287 270 204 223 88 191 241 407 154 37 76 431 268 325 376 277 409 333 140 276 267 364 454 428 418 101 393 102 283 149 347 11 438 469 281 349 262 350 411 352 210 410 39 435 259 396 444 10 337 375 13 402 442 266 31 461 229 417 271 423 468 124 151 0 2 15 298 44 307 420 357 55 183 30 95 4 24 205 464 168 314 219 362 207 25 177 310 173 28 466 54 157 79 260 299 174 200
345
318
369
146
35
336
189
43 36
42
288
180
96
201
82
340
115
413
240 213
89 1 26
67
300
360
187
5
304 465
45
434
332
18 74
371
366
414
412
285
211
353
243
390
316
395
398
425
110
57
7
419
75
383
65
280
358
230
234
199
94
282
317
404
81
239
83
363
426
129
253
224
320
441
121
141
196
289