126 450 186 78 84 287 270 446 368 459 296 123 421 148 248 86 136 457 76 409 359 437 64 15 265 334 236 266 420 424 238 157 306 137 259 250 256 301 130 254 10 193 295 77 106 200 197 442 384 372 182 219 233 47 147 399 381 322 218 432 323 294 72 98 458 445 440 364 386 348 376 356 73 303 427 232 135 261 168 112 235 155 164 90 297 262 100 357 46 471 125 128 335 212 151 273 6 313 343 158 382 13 134 210 229 347 127 319 21 205 50 423 93 117 185 203 159 370 120 373 124 460 252 308 277 91 69 244 438 377 462 217 79 393 291 474 283 351 31 402 406 11 140 169 448 417 470 281 38 225 268 87 311 247 324 29 16 455 70 190 260 150 284 394 387 337 367 292 52 310 391 231 451 469 307 63 422 132 467 349 114 223 55 194 220 346 338 226 330 466 9 14 109 221 215 174 176 447 172 341 309 468 131 350 40 61 184 227 456 263 191 122 315 321 37 188 161 165 44 104 275 12 435 430 328 162 305 20 198 228 365 237 344 443 62 181 53 411 208 242 39 105 403 410 71 392 66 279 379 178 473 269 342 246 249 327 290 429 286 166 449 204 271 133 163 170 472 312 68 34 274 293 51 436 113 179 49 167 59 107 17 209 245 374 195 452 85 58 48 156 329 3 400 171 0 138 32 380 276 139 143 355 119 177 454 108 97 99 388 206 257 22 258 153 408 54 401 80 142 160 362 118 175 102 241 183 222 354 30 375 202 192 405 361 325 103 60 444 389 19 255 101 463 302 407 27 173 333 431 145 385 352 92 4 144 264 378 298 396 23 272 28 216 95 278 251 418 416 339 314 24 116 428 8 299 464 56 2 331 25 41 415 88 33 326 433 453 207 439 461 111 152 267 214 149 154
345
318
369
146
35
336
189
43 36
42
288
180
96
201
82
340
115
413
213 240
89 26 1
67
300
360
187
5
465 304
45
434
332
74 18
371
366
414
412
285
397
211
353
243
390
316
395
398
425
110
57
7
419
75
383
65
280
358
230
234
199
94
282
317
404
81
239
83
363
426
129
253
224
320
441
121
141
196
289