236 464 125 13 409 231 355 454 462 200 445 271 0 357 150 108 106 92 349 361 326 297 472 255 244 95 12 164 68 389 418 432 119 362 218 325 104 401 388 174 263 461 205 354 365 260 111 356 194 393 278 215 6 295 273 453 252 261 368 370 436 139 293 127 56 32 290 246 342 102 73 337 450 123 222 17 251 216 15 62 159 158 379 447 220 21 292 198 299 417 120 193 131 170 429 9 352 58 124 14 46 276 431 245 171 307 10 93 442 162 376 133 40 99 101 381 188 350 265 359 392 181 167 47 223 140 138 452 69 160 385 312 242 372 335 283 157 377 3 50 471 408 195 250 311 433 209 423 214 61 319 143 266 331 315 416 438 430 264 34 459 116 122 130 374 28 85 228 225 309 396 346 203 103 226 257 439 232 23 204 30 59 348 175 420 137 310 179 22 448 324 410 375 63 254 197 281 367 44 458 384 190 191 19 105 217 351 97 270 296 169 37 444 269 55 178 262 321 474 186 233 287 52 210 277 274 29 118 322 467 303 323 147 306 114 183 202 275 344 422 134 373 87 427 411 248 207 76 149 259 53 435 51 77 437 184 112 144 86 142 177 24 182 163 347 405 38 249 107 387 172 66 313 258 91 173 49 80 16 235 421 60 128 20 460 343 406 4 380 268 176 27 48 333 415 156 330 302 247 305 117 314 341 286 219 126 272 238 451 98 469 400 456 241 31 443 11 403 132 165 33 328 155 64 440 457 148 166 84 446 70 291 88 161 135 267 301 227 8 386 470 208 256 221 168 2 39 90 79 25 455 466 364 402 153 54 113 327 185 152 100 294 308 338 237 78 329 71 394 206 72 279 473 378 298 41 449 334 428 229 109 154 391 212 136 145 151 399 463 468 407 284 424 382 192
345
318
369
146
35
336
189
36 43
42
288
180
96
201
82
340
115
413
213 240
89 26 1
67
300
360
187
5
304 465
45
434
332
74 18
371
366
414
412
285
397
211
353
243
390
316
395
398
425
110
57
7
419
75
383
65
280
358
230
234
199
94
282
317
404
81
239
83
363
426
129
253
224
320
441
121
141
339
196
289