386 407 71 418 188 410 392 171 389 64 176 296 90 301 305 37 56 236 87 34 377 394 133 53 298 278 281 11 66 472 458 210 218 457 168 446 372 357 409 291 198 290 443 164 373 122 212 197 160 347 256 344 227 28 153 60 385 294 27 292 255 248 163 399 148 374 424 79 86 297 314 9 172 436 309 474 95 136 283 265 62 343 326 114 159 393 15 6 361 307 3 415 93 260 417 19 194 359 217 147 132 58 76 29 400 460 158 215 175 270 135 470 427 462 277 85 221 8 128 375 235 161 21 152 329 246 31 30 433 242 101 195 274 324 178 207 408 144 55 272 313 222 365 299 68 349 252 401 91 16 341 182 192 325 105 138 263 279 303 113 183 13 173 238 275 108 330 154 251 191 269 46 333 388 445 134 468 116 471 78 117 262 127 205 52 151 103 102 170 403 368 12 125 48 145 156 293 223 77 38 327 451 469 157 70 120 455 206 51 225 350 241 216 267 287 348 177 184 432 310 254 97 266 311 23 286 244 49 370 382 259 402 416 209 204 464 137 276 250 337 449 466 440 220 405 140 118 437 453 111 59 444 2 247 422 126 0 367 352 463 312 106 143 24 166 98 438 39 155 346 80 387 450 264 44 22 384 32 40 284 261 228 237 130 355 150 165 63 10 473 431 338 123 73 430 302 131 273 124 421 186 411 461 162 448 452 104 380 258 119 319 442 214 54 185 69 226 271 232 334 190 308 268 406 249 41 362 391 323 25 202 47 112 231 378 107 306 335 354 149 467 92 229 167 179 174 20 456 351 439 72 364 245 315 331 420 208 376 454 4 203 100 169 356 193 84 423 17 142 181 379 429 257 342 50 99 61 435 428 88 328 447 381 295 459 321 396 219 14 109 139 233
345
318
369
146
35
336
189
43 36
42
288
180
96
201
82
340
115
413
213 240
26 89 1
67
300
360
187
5
304 465
45
434
332
18 74
371
366
414
412
285
397
211
353
243
390
316
395
398
322 200
425
110
57
7
419
75
383
65
280
358
230
234
199
94
282
317
404
81
239
83
363
426
129
253
224
320
441
121
141
339
196
289
33