424 306 181 4 393 251 421 86 142 351 302 249 417 307 52 118 450 175 231 296 279 177 28 430 84 134 226 47 148 215 343 329 403 367 2 188 124 90 238 144 260 190 442 137 355 297 348 286 178 164 31 453 342 473 160 223 254 405 245 291 133 344 143 248 32 150 396 30 411 63 13 392 16 312 439 92 104 259 464 87 147 364 262 460 276 21 161 418 416 283 71 471 14 24 274 214 185 102 331 227 195 461 202 422 203 284 270 88 326 328 347 305 27 182 8 217 410 428 91 38 136 385 437 463 341 184 149 39 256 19 454 321 232 174 127 173 212 246 98 166 78 112 50 85 388 46 389 70 49 114 373 168 443 293 154 346 325 77 151 440 191 56 163 210 216 105 362 209 156 402 172 66 128 140 242 80 62 354 126 446 186 409 155 218 130 107 400 467 423 335 466 261 108 311 183 165 451 247 0 406 459 192 380 23 381 41 95 9 139 132 120 220 457 76 337 193 455 162 338 290 323 294 11 51 407 427 169 470 391 229 61 3 264 408 281 99 372 319 22 386 111 37 252 298 122 158 117 448 205 271 113 222 384 387 301 349 101 208 206 59 447 159 119 257 167 377 179 207 176 225 258 378 106 309 204 198 324 72 97 255 365 267 233 17 370 359 237 449 250 34 368 292 170 444 299 241 244 64 330 73 429 374 308 268 116 265 68 278 310 456 273 462 153 314 375 194 452 361 197 275 333 53 445 334 138 394 415 474 376 69 431 55 152 401 382 356 6 221 10 48 469 266 303 20 263 438 357 157 219 399 12 100 228 313 472 350 435 236 433 93 44 125 135 432 145 272 131 295 29 58 420 171 40 315 235 269 327 109 436 468 379 54 103 277 458
345
318
369
146
35
336
189
43 36
42
288
180
60 15 79 25
96
123
201
82
340
115
413
213 240
89 26 1
67
300
360
187
5
304 465
45
434
352
332
74 18
371
366
414
412
285
397
211
353
243
390
316
395
398
322 200
425
110
57
7
419
75
287
383
65
280
358
230
234
199
94
282
317
404
81
239
83
363
426
129
253
224
320
441
121
141
339
196
289
33