268 63 171 20 378 334 376 143 255 389 125 97 276 17 147 144 470 10 132 379 88 283 166 424 58 420 428 219 206 233 165 344 370 296 208 427 415 284 136 259 312 471 72 29 128 407 453 105 108 257 263 204 374 440 351 323 183 153 76 11 40 396 120 347 101 310 355 99 127 423 220 3 403 392 326 186 302 305 87 69 333 46 162 459 431 252 269 184 66 116 277 84 207 266 473 227 356 442 329 271 135 338 309 212 342 71 225 295 321 346 173 260 152 435 229 4 161 104 155 242 472 68 2 109 86 61 281 34 151 308 158 176 117 102 306 466 372 450 145 335 107 375 106 30 6 118 418 391 78 286 122 52 9 462 444 39 474 408 197 193 417 451 54 24 429 73 217 138 38 365 8 245 119 387 301 172 290 401 235 267 93 126 167 303 13 28 228 270 194 244 251 291 205 85 77 70 148 468 221 364 264 298 49 367 149 112 178 124 23 53 140 163 131 160 254 231 384 16 64 461 343 31 438 170 218 469 214 422 410 56 241 14 51 190 174 458 175 278 292 381 27 192 311 37 313 315 457 95 406 168 411 437 399 188 250 48 59 361 443 464 209 237 274 368 314 337 103 359 430 328 385 164 111 55 293 142 215 433 460 181 159 265 41 463 275 216 307 297 456 179 154 436 44 388 454 448 331 362 150 238 249 185 247 409 261 246 80 324 402 467 421 348 256 294 299 327 354 12 130 198 377 325 373 139 447 279 203 137 386 349 380 191 0 195 446 319 182 416 350 91 232 210 357 382 455 19 272 21 32 113 133 177 202 439 394 223 432 449 258 134 98 341 445 156 400 222 452 114 330 405 248 226 100 262 47 169 157 236 393 50 90 92 273 22
345
318
369
146
35
336
189
43 36
42
288
180
15 79 60 25
96
123
201
82
340
115
413
213 240
26 89 1
67
300
360
187
5
304 465
45
434
352
62
332
18 74
371
366
414
412
285
397
211
353
243
390
316
395
398
322 200
425
110
57
7
419
75
287
383
65
280
358
230
234
199
94
282
317
404
81
239
83
363
426
129
253
224
320
441
121
141
339
196
289
33