48 215 307 226 32 381 225 312 348 165 467 90 166 354 95 179 250 275 4 270 237 470 122 100 321 302 104 135 69 125 453 0 92 378 262 281 298 377 161 77 168 182 313 73 93 394 203 160 438 449 157 40 34 39 337 347 269 254 153 274 144 127 236 185 63 399 283 137 430 51 184 436 139 147 233 308 221 238 334 120 219 458 342 335 38 439 457 151 174 154 252 109 204 148 117 261 452 290 194 374 113 392 173 21 210 408 217 218 350 49 327 214 178 6 331 466 384 59 13 107 471 373 193 437 205 102 156 212 195 85 351 101 367 391 279 264 401 143 177 119 190 359 459 410 446 259 91 338 356 70 19 443 393 330 402 382 411 66 273 294 385 292 260 258 388 56 407 124 128 28 472 158 223 380 416 76 291 133 142 138 163 469 245 149 346 37 355 387 47 228 329 403 357 435 257 323 365 231 24 71 251 162 126 150 454 444 216 244 78 172 433 266 370 423 328 326 344 417 429 170 106 295 10 222 235 31 255 2 362 464 131 462 473 88 427 268 209 440 9 418 183 242 46 229 99 108 169 68 175 112 118 284 421 114 272 3 22 171 448 405 361 311 167 98 379 265 386 87 368 61 11 55 396 105 461 84 271 247 431 188 17 29 450 249 192 315 474 97 409 463 276 389 424 420 23 267 227 406 159 314 422 349 305 27 278 176 103 220 20 299 455 325 375 130 232 310 140 248 155 134 303 296 72 324 372 136 181 400 263 451 286 64 86 277 306 246 16 376 30 111 44 53 343 309 191 197 207 206 428 145 54 208 364 333 12 297 116 152 432 241 442 256 198 301 319 58 80 8 52 447 293 456 186 460 341 132 445 468 50 164 202 415 41
345
318
369
146
35
336
189
36 43
42
288
180
15 79 60 25
96
123
201
82
340
115
413
240 213
89 1 26
67
300
360
187
5
304 465
45
434
352
62
332
18 74
371
366
414
412
285
397
211
353
243
390
316
395
398
200 322
425
110
57
7
419
75
287
383
65
280
14
358
230
234
199
94
282
317
404
81
239
83
363
426
129
253
224
320
441
121
141
339
196
289
33