157 468 291 151 87 393 124 295 139 80 160 63 182 100 356 178 112 457 450 272 222 376 415 186 259 32 341 206 103 244 209 473 424 197 458 125 293 325 274 21 365 169 241 58 311 47 377 467 470 220 347 261 71 218 145 265 372 331 466 359 313 77 203 227 229 298 299 439 327 198 286 460 297 250 455 378 185 95 128 117 430 367 20 137 55 324 143 24 312 3 215 258 402 392 208 0 49 462 69 429 446 296 389 388 301 195 134 323 437 292 152 248 235 70 342 162 50 305 459 98 170 333 149 166 270 236 91 64 354 408 205 406 13 409 54 273 269 277 219 374 368 90 111 290 264 303 93 120 266 350 114 349 135 29 2 142 315 68 113 101 379 442 193 155 192 284 177 165 194 387 251 418 257 147 127 48 225 173 46 28 436 59 447 246 255 223 334 191 19 431 122 375 56 283 245 329 40 231 417 8 102 158 78 238 249 126 247 328 97 51 278 461 99 133 346 131 432 399 118 254 84 361 140 271 212 132 364 172 423 9 309 444 314 394 4 445 330 448 175 308 119 279 381 355 214 382 422 326 226 138 88 472 11 405 373 438 86 154 400 17 66 190 232 204 109 108 72 410 221 105 181 210 130 144 148 104 335 435 107 150 471 385 384 428 370 202 207 427 116 164 407 469 337 321 420 263 106 348 179 156 34 453 10 343 167 411 252 85 136 260 176 92 52 294 163 401 16 61 53 174 456 30 306 256 183 310 396 302 242 31 380 38 357 217 153 464 44 338 351 276 76 362 281 184 386 421 440 23 443 262 344 27 171 416 268 6 391 12 449 188 168 159 228 275 237 39 433 37 216 474 161 233 452 319 463 22 403 41 73 454 267 307
345
318
369
146
35
336
189
43 36
42
288
180
60 79 15 25
96
123
201
82
340
115
413
240 213
89 26 1
67
300
360
187
5
465 304
45
434
352
62
332
74 18
371
451
366
414
412
285
397
211
353
243
390
316
395
398
200 322
425
110
57
7
419
75
287
383
65
280
14
358
230
234
199
94
282
317
404
81
239
83
363
426
129
253
224
320
441
121
141
339
196
289
33