236 378 348 296 23 140 71 242 27 72 69 330 233 375 354 171 108 34 212 166 274 427 420 440 401 396 160 118 269 39 302 47 250 444 268 90 220 315 294 406 265 416 104 58 51 145 98 52 408 421 176 177 162 164 184 124 154 443 272 350 424 119 130 309 205 70 303 92 208 246 102 370 148 297 279 237 61 56 204 305 16 28 298 181 278 107 361 131 394 193 319 338 455 152 351 462 295 377 392 192 9 439 231 221 11 156 389 55 273 216 100 137 436 355 275 384 472 393 405 311 248 362 286 112 438 469 326 313 264 210 380 400 37 474 20 257 197 293 84 202 271 276 97 245 227 106 433 432 417 244 321 132 165 323 410 114 113 214 290 430 255 22 3 252 188 178 172 284 376 59 68 0 262 306 142 450 446 30 333 256 470 109 157 247 335 149 372 399 198 261 133 379 423 415 241 138 251 203 24 449 50 388 291 195 127 66 327 209 111 409 331 312 38 235 175 402 135 44 452 173 299 238 183 357 223 4 391 217 328 442 445 218 8 54 122 161 314 21 139 194 125 429 215 260 386 99 364 49 29 91 159 411 373 466 17 448 126 64 374 78 428 206 473 270 359 458 437 334 385 435 88 191 12 325 63 105 463 382 259 158 120 367 461 344 46 266 457 283 93 32 179 53 101 147 349 134 40 456 163 341 292 422 80 151 464 467 368 308 170 228 387 381 249 254 343 182 117 447 128 258 207 229 2 86 454 225 136 453 168 232 418 471 167 19 329 356 337 87 10 281 190 169 103 459 219 41 144 301 365 174 85 95 222 116 153 150 155 13 6 76 460 346 185 48 263 77 347 310 277 324 143 307 431 407 468 403 267 342 226 31
345
318
369
146
35
336
189
43 36
42
288
180
60 79 15 25
96
123
201
82
340
115
413
213 240
89 1 26
67
300
360
187
5
304 465
45
434
352
62
332
74 18
371
451
366
414
412
285
397
211
353
243
390
316
395
398
322 200
425
110
57
7
419
75
287
383
65
280
14
358
230
234
199
94
282
317
404
73
81
239
83
363
426
129
253
224
186
320
441
121
141
339
196
289
33