342 52 192 184 257 229 159 264 330 31 92 238 319 439 70 351 411 283 181 136 449 467 95 329 68 305 284 297 346 133 429 112 292 374 430 408 361 69 415 220 236 357 464 10 114 348 72 298 435 124 48 428 153 8 457 432 173 263 225 80 84 183 410 437 137 164 88 375 301 262 474 226 370 63 278 311 378 174 87 271 248 347 223 252 260 448 90 267 407 306 391 227 444 460 471 246 167 268 50 416 321 205 266 466 231 244 58 453 422 469 38 384 368 335 182 350 118 111 132 255 259 55 202 387 251 71 400 32 131 399 436 54 337 458 273 299 215 424 269 11 155 372 148 127 433 392 77 78 315 194 91 418 291 461 446 389 122 128 333 303 380 107 405 427 13 156 158 44 462 41 105 218 343 0 197 431 176 349 30 445 53 178 256 191 171 324 381 331 20 144 364 393 56 46 276 102 126 312 103 214 100 135 456 138 423 206 190 307 233 117 247 120 341 16 334 108 119 166 93 356 130 203 149 286 310 29 151 359 204 228 37 177 442 382 170 327 116 275 344 470 455 302 420 254 39 222 447 24 208 6 308 468 440 232 406 49 9 295 47 23 277 76 258 195 179 217 207 51 272 22 421 365 237 3 104 386 250 417 293 377 388 125 270 401 145 290 294 221 313 99 152 163 139 40 134 168 323 354 12 19 172 459 394 249 235 216 97 113 106 385 17 367 245 443 61 452 209 142 274 210 4 438 379 2 162 154 140 198 450 454 169 98 21 261 296 376 101 27 34 28 85 355 219 165 150 160 402 188 325 265 59 326 409 314 109 362 147 241 403 328 279 64 472 212 161 396 143 338 86 281 309 242 175 473 463 157 373
345
318
369
146
35
336
189
43 36
42
288
180
25 60 15 79
96
123
201
82
340
115
413
240 213
26 1 89
67
300
360
187
5
304 465
45
434
352
62
332
18 74
371
451
366
414
412
285
397
211
353
243
66 185
390
316
395
398
200 322
425
110
57
7
419
75
287
383
65
280
14
358
230
234
199
94
282
317
404
73
81
239
83
363
426
129
253
224
186
320
441
193
121
141
339
196
289
33