391 163 122 100 258 260 172 118 384 329 55 327 226 98 259 80 34 415 354 273 106 420 438 254 131 139 424 402 19 248 119 134 92 68 337 408 144 325 101 410 455 448 314 228 88 212 348 126 269 388 130 220 430 422 165 114 372 39 242 433 341 208 58 214 164 59 406 381 87 310 361 435 61 205 150 265 52 127 31 334 462 392 229 306 249 409 411 84 103 198 449 319 373 48 321 16 364 47 350 261 295 294 132 400 178 173 49 183 355 421 177 78 302 23 382 375 450 283 377 225 298 175 102 380 91 368 112 108 452 174 270 267 349 209 0 399 442 176 9 307 379 50 95 473 468 40 227 105 385 343 326 107 301 46 8 27 210 161 431 437 203 86 472 333 338 299 471 90 443 266 255 28 238 416 271 194 191 439 458 362 274 124 156 313 44 460 154 446 235 111 37 53 190 428 293 128 386 315 246 335 11 151 328 264 155 427 432 236 70 125 250 312 158 104 464 148 109 257 160 30 116 133 29 63 351 387 467 142 233 456 56 276 2 459 277 346 469 3 215 218 324 394 17 393 167 374 149 262 117 344 4 245 290 38 303 474 204 13 217 24 137 357 113 281 223 120 181 157 461 237 365 407 152 403 308 10 429 292 356 135 296 166 188 76 197 330 136 396 272 256 466 470 170 207 21 195 376 279 323 140 162 169 97 192 221 275 216 453 72 389 244 69 370 454 291 168 286 247 179 263 182 444 153 401 222 71 309 331 311 251 268 64 342 99 417 278 305 145 51 423 159 77 347 41 138 367 20 143 405 202 147 93 252 184 206 241 436 418 457 22 12 171 378 284 440 297 231 232 85 6 32
345
318
369
146
35
336
189
43 36
42
288
180
25 79 15 60
96
123
201
82
340
115
413
240 213
26 89 1
67
300
360
187
5
304 465
45
434
352
62
332
74 18
371
447
451
366
414
412
285
397
211
353
243
66 185
390
316
395
398
322 200
425
110
57
7
463
419
75
287
383
65
280
14
358
230
234
199
94
282
317
404
445
73
81
239
83
363
426
129
253
224
186
320
441
193
121
141
359
339
196
289
219
33
54