184 417 356 424 31 177 39 50 423 55 471 68 171 266 216 440 90 98 468 222 97 284 249 459 113 241 28 122 368 321 309 385 8 150 29 161 347 194 433 156 310 334 218 354 80 70 236 175 131 470 126 217 17 174 472 85 406 10 203 34 24 299 302 198 324 254 63 130 474 407 344 460 51 384 346 77 165 306 261 214 246 421 139 315 204 188 473 105 92 143 422 164 220 305 410 223 439 275 134 293 215 378 343 183 295 307 303 206 350 16 466 461 44 202 262 450 53 251 95 331 319 386 290 138 264 355 431 47 437 154 136 152 467 388 106 99 38 333 462 167 195 166 411 229 232 231 402 169 392 242 101 381 393 88 418 272 103 427 182 27 351 125 179 297 252 372 118 226 269 442 258 286 337 212 327 207 11 147 455 30 153 438 168 456 342 379 76 373 281 197 4 72 0 114 205 93 311 102 452 298 449 453 432 357 464 40 279 59 335 436 151 301 323 46 380 228 341 348 403 120 158 273 328 276 91 330 22 233 64 296 145 308 221 157 458 48 172 291 292 365 415 274 21 430 49 149 271 58 23 41 244 247 119 267 192 314 238 364 409 257 78 108 159 144 294 2 278 237 235 367 349 260 329 13 84 209 374 176 377 6 69 112 132 19 61 227 191 155 268 420 117 396 283 20 163 148 428 37 107 361 52 277 429 109 245 104 325 135 250 140 12 362 208 178 326 173 9 100 454 124 116 170 225 87 210 443 86 270 370 313 416 389 56 382 162 71 255 401 387 338 32 181 376 259 405 457 256 128 133 3 448 265 127 399 469 446 263 391 111 160 375 435 400 137 248 190 312 408
345
318
369
146
35
336
189
43 36
42
288
180
25 15 79 60
96
123
201
82
340
115
413
240 213
1 89 26
67
300
360
187
5
304 465
45
434
352
62
332
74 18
371
447
451
366
414
412
285
397
211
353
243
66 185
390
316
395
398
200 322
425
110
57
7
463
419
75
287
383
65
280
14
358
230
234
199
94
282
317
404
445
73
394 444
81
142
239
83
363
426
129
253
224
186
320
441
193
121
141
359
339
196
289
219
33
54