403 139 178 407 222 40 51 111 220 266 225 283 122 134 379 161 314 461 105 137 151 9 77 32 458 326 367 330 217 301 348 241 459 335 148 179 39 114 167 41 237 101 133 23 393 263 100 436 46 362 265 216 309 402 421 120 0 168 321 276 380 306 338 257 331 471 212 205 221 104 349 29 20 409 244 268 176 203 290 269 247 324 365 228 334 432 143 342 347 59 192 438 293 466 315 373 427 80 470 61 16 405 250 469 450 307 136 261 156 69 468 259 231 298 232 88 103 208 435 149 166 238 144 184 272 160 95 274 229 107 223 98 273 375 408 453 355 262 305 214 31 169 386 215 245 86 277 116 275 175 391 297 34 99 252 138 182 24 254 370 350 145 172 308 97 251 30 343 401 154 255 423 71 271 264 47 389 372 174 12 233 28 159 158 448 457 218 125 467 181 460 346 411 364 50 204 377 455 17 429 374 198 319 127 49 310 384 207 124 437 376 428 170 3 4 299 439 206 387 236 64 191 163 382 102 235 400 417 177 63 227 106 197 108 78 153 422 333 430 312 6 21 433 249 378 341 91 128 55 337 454 152 302 446 284 473 344 58 130 117 462 296 131 150 410 90 112 258 464 242 424 361 416 443 418 328 53 388 279 456 188 48 313 118 292 195 44 396 286 126 474 392 164 87 248 27 147 93 72 385 256 357 381 246 354 119 8 452 165 431 294 281 132 162 13 140 70 311 171 68 329 85 323 37 210 19 84 291 420 109 278 183 351 356 327 260 11 303 226 157 52 406 155 449 209 22 190 135 325 10 56 267 194 2 440 270 442 472 92 173 295 113 399 368 76 202 38
345
318
369
146
35
336
189
43 36
42
288
180
25 15 60 79
96
123
201
82
340
115
413
240 213
89 26 1
67
300
360
187
5
304 465
45
434
352
62
415
332
18 74
371
447
451
366
414
412
285
397
211
353
243
66 185
390
316
395
398
200 322
425
110
57
7
463
419
75
287
383
65
280
14
358
230
234
199
94
282
317
404
445
73
394 444
81
142
239
83
363
426
129
253
224
186
320
441
193
121
141
359
339
196
289
219
33
54