220 80 430 120 153 264 305 148 192 127 294 438 113 171 246 474 327 443 217 195 416 458 247 235 271 140 22 472 245 30 17 104 374 297 256 471 343 251 91 124 116 131 379 97 206 461 349 50 130 143 396 263 376 335 132 165 208 255 286 145 154 252 306 52 197 100 410 106 99 37 11 8 137 267 387 365 175 244 207 237 228 275 385 59 183 314 323 279 402 439 377 177 28 64 321 330 218 248 307 362 470 170 270 51 101 167 392 433 182 71 421 325 10 103 311 4 312 250 338 31 40 161 328 468 460 9 326 108 21 125 70 56 3 138 209 238 55 12 225 216 135 205 46 375 162 309 258 380 268 172 16 388 257 156 453 241 29 295 160 341 292 405 76 236 152 48 98 313 24 90 139 403 174 155 417 442 350 229 283 324 342 34 299 319 188 261 391 233 303 437 382 473 411 109 212 6 19 32 448 242 469 151 221 337 389 269 401 147 112 310 202 277 431 190 63 331 298 418 72 361 88 370 166 260 68 254 204 27 334 428 346 249 203 368 386 452 117 49 210 262 133 159 281 134 308 78 119 136 464 144 223 184 436 284 87 232 408 293 429 86 198 53 372 222 400 399 422 20 357 466 111 102 290 440 344 231 407 173 107 455 77 302 459 278 462 128 355 181 296 214 176 435 274 194 456 58 105 158 38 149 44 450 2 364 272 150 163 406 301 329 393 354 178 449 226 85 114 420 215 315 333 126 179 0 351 446 39 467 423 13 41 454 157 93 273 266 164 61 122 23 378 168 169 427 95 432 92 191 259 424 69 291 457 409 373 118 84 384 227 348 47 347 276 367 356 381
345
318
369
146
35
336
189
43 36
42
288
180
25 79 60 15
96
123
201
82
340
115
413
240 213
26 89 1
67
300
360
187
5
465 304
45
434
352
62
415
332
18 74
371
447
451
366
414
412
285
397
211
353
243
185 66
390
316
395
398
200 322
425
110
57
7
463
419
75
287
383
65
265
280
14
358
230
234
199
94
282
317
404
445
73
394 444
81
142
239
83
363
426
129
253
224
186
320
441
193
121
141
359
339
196
289
219
33
54