95 191 99 173 291 225 459 331 161 462 312 470 235 323 206 204 176 344 255 466 387 368 294 106 116 270 309 455 297 152 448 373 214 293 63 461 91 198 128 48 440 273 40 145 114 247 21 430 216 217 117 227 165 452 78 138 422 231 184 380 271 446 192 341 120 337 400 103 118 449 108 150 439 212 188 376 157 347 136 124 372 303 403 346 17 155 356 69 30 357 90 354 132 335 237 24 406 442 64 378 190 139 418 467 181 163 460 281 97 144 47 68 228 246 41 107 256 305 244 361 178 306 374 250 454 279 233 93 80 389 113 164 46 276 10 11 384 269 229 151 86 409 313 428 429 435 0 275 396 143 208 259 134 457 131 197 330 8 260 367 39 70 311 34 437 177 12 257 174 321 61 349 28 242 167 6 104 464 23 160 334 420 258 241 195 421 29 52 407 171 88 327 436 87 158 364 450 277 109 284 469 443 119 59 473 147 140 405 85 401 417 245 77 71 388 175 290 438 248 348 168 37 20 399 310 223 319 299 325 423 391 13 162 3 292 50 315 302 375 148 154 2 262 453 16 55 112 468 222 338 111 296 236 261 411 27 386 278 351 308 202 268 209 98 266 264 410 32 431 215 471 133 342 301 38 272 343 392 456 84 72 169 172 254 22 295 149 370 218 324 170 156 19 362 263 432 210 51 238 101 329 307 286 159 232 326 153 355 194 126 249 433 382 365 402 350 92 416 427 137 220 102 424 183 379 127 182 49 393 179 100 76 226 251 205 9 377 381 252 472 58 474 408 314 135 274 31 328 44 4 122 221 207 267 105 130 385 203 298 56 53 125 283 458 333
345
318
369
146
35
336
189
36 43
42
288
180
60 25 15 79
96
123
201
82
340
115
413
213 240
1 89 26
67
300
360
187
5
304 465
45
434
352
62
415
332
18 74
371
447
451
366
414
412
285
397
211
353
243
185 66
390
316
395
398
322 200
425
110
57
7
463
419
166
75
287
383
65
265
280
14
358
230
234
199
94
282
317
404
445
73
444 394
81
142
239
83
363
426
129
253
224
186
320
441
193
121
141
359
339
196
289
219
33
54