250 181 361 135 2 209 454 370 40 417 449 4 308 228 418 276 423 296 245 217 122 27 244 21 298 396 248 254 378 281 270 34 468 99 119 384 341 408 214 260 103 326 169 156 456 118 111 446 275 409 386 177 229 87 120 269 473 259 162 170 274 195 474 80 226 32 51 160 59 294 335 430 437 20 210 381 58 29 203 392 338 329 262 100 171 462 295 212 31 85 77 470 232 149 469 10 91 76 126 307 190 464 95 161 202 268 132 101 374 365 306 145 450 188 124 173 452 291 333 116 261 321 128 164 442 407 9 368 278 256 175 167 17 251 53 133 453 192 158 215 311 400 263 114 362 205 11 52 301 137 346 246 347 303 372 457 165 420 23 150 402 104 223 231 344 427 139 44 78 183 13 350 324 330 439 367 134 61 117 197 113 323 107 105 405 351 286 55 319 312 155 436 305 0 88 432 147 71 309 98 440 148 221 272 388 356 387 443 70 297 401 252 3 64 310 271 84 39 178 241 385 233 112 421 328 403 19 208 411 131 389 238 391 422 433 206 379 37 236 106 198 429 41 235 354 242 92 293 290 8 6 109 69 207 63 227 216 255 136 218 225 382 154 204 299 125 438 399 222 247 435 364 461 284 194 424 357 172 28 416 138 176 97 377 266 86 163 348 334 467 355 174 410 50 313 376 46 152 267 90 38 179 12 93 472 277 325 24 16 431 375 258 342 393 337 279 283 157 153 140 143 151 130 257 448 343 237 108 314 22 191 349 49 406 292 373 302 102 459 220 315 460 30 327 184 471 428 72 159 331 144 264 249 182 466 47 273 127 380 168 458 56
345
318
369
146
35
336
189
43 36
42
288
180
60 79 15 25
96
123
201
82
340
115
413
213 240
26 1 89
67
300
360
187
5
304 465
45
434
352
62
68
415
332
18 74
371
447
451
366
414
412
285
397
211
353
243
185 66
390
316
395
398
200 322
425
110
57
7
463
419
166
75
287
383
65
265
280
14
358
230
234
199
94
282
317
404
445
73
394 444
81
142
239
48
83
363
426
455
129
253
224
186
320
441
193
121
141
359
339
196
289
219
33
54