301 350 231 153 122 221 226 389 267 439 408 17 272 12 406 472 207 41 9 205 175 192 468 261 329 365 379 38 147 432 271 162 86 116 250 28 337 31 330 84 295 277 457 464 417 324 392 112 456 202 225 342 179 430 16 473 90 170 46 382 88 85 108 191 157 281 298 462 356 403 429 13 152 92 278 377 305 474 284 59 56 273 311 407 87 275 128 125 167 443 214 138 156 290 269 91 388 251 106 160 238 296 279 39 126 53 446 459 424 164 215 450 113 431 387 331 437 100 132 256 155 145 313 8 252 98 229 184 386 410 458 4 299 361 111 346 151 308 181 452 384 381 438 139 246 50 32 449 328 49 454 183 327 338 401 334 314 158 362 169 80 471 302 168 198 351 217 319 70 101 411 367 95 237 448 242 467 378 194 268 266 71 182 24 130 297 216 148 341 343 105 0 470 143 249 293 391 370 2 134 423 30 460 22 97 402 161 344 264 20 453 436 206 159 136 131 144 195 375 34 291 248 165 163 21 133 354 263 236 323 72 220 10 233 310 127 276 262 223 52 124 204 172 173 315 347 174 37 349 335 93 150 312 309 119 212 373 274 190 222 433 77 137 409 188 294 435 135 364 421 40 405 209 47 154 6 399 197 306 259 303 428 286 355 102 469 418 11 118 3 368 149 374 19 227 55 461 58 76 292 385 103 260 61 333 64 51 244 396 380 241 44 466 29 247 420 258 176 270 257 140 357 416 203 78 442 393 210 228 218 69 178 254 376 117 326 400 440 99 27 232 348 427 372 114 283 177 208 63 235 422 307 171 120 321 104 255 23 109 325 245
345
318
369
146
35
336
189
36 43
42
288
180
15 79 60 25
96
123
201
82
340
115
413
240 213
1 89 26
67
300
360
187
5
107
465 304
45
434
352
62
68
415
332
18 74
371
447
451
366
414
412
285
397
211
353
243
66 185
390
316
395
398
322 200
425
110
57
7
463
419
166
75
287
383
65
265
280
14
358
230
234
199
94
282
317
404
445
73
394 444
81
142
239
48
83
363
426
455
129
253
224
186
320
441
193
121
141
359
339
196
289
219
33
54