453 279 229 168 157 97 405 156 190 76 112 109 119 133 305 78 401 392 293 38 86 347 6 459 32 278 473 217 95 72 122 351 275 362 260 241 327 391 155 310 273 161 442 34 127 257 130 421 202 153 84 328 348 181 59 169 143 176 235 171 138 183 384 126 188 407 355 0 277 80 266 233 402 344 167 16 334 149 331 245 382 52 238 454 367 393 341 242 299 99 387 379 51 3 471 227 40 192 346 467 160 47 368 376 231 313 474 8 269 314 460 309 145 197 165 263 335 152 103 323 191 27 214 251 207 178 319 380 374 272 50 302 10 389 46 254 342 87 312 452 55 329 399 31 218 330 162 468 132 131 276 159 470 91 44 326 128 116 290 306 437 427 117 462 63 144 134 208 111 354 49 220 361 283 268 223 271 4 259 461 77 333 292 325 93 303 349 24 124 307 98 246 216 125 172 449 101 375 370 466 164 106 118 173 408 430 403 21 424 100 400 22 256 244 381 418 194 113 137 435 114 225 210 262 450 9 136 221 92 237 88 105 182 436 350 179 365 281 11 148 443 29 150 175 472 139 203 17 284 315 291 85 416 410 428 212 431 301 102 270 140 248 439 337 12 456 58 39 174 422 386 297 417 385 433 228 364 311 90 151 296 163 420 30 321 286 338 177 255 308 446 372 457 429 388 135 409 324 343 469 209 184 294 252 448 195 19 104 222 158 69 120 170 432 261 396 198 226 249 206 411 295 205 154 356 458 28 373 423 250 247 440 64 215 53 377 274 2 267 147 41 298 264 108 378 258 438 20 13 71 23 406
345
318
464 357
369
146
70 61 56 236
35
336
189
43 36
42
288
180
25 79 60 15
96
123
201
82
340
115
413
213 240
1 26 89
67
300
360
187
5
107
304 465
45
434
352
62
68
415
332
232
74 18
371
447
451
366
414
412
285
397
211
353
243
66 185
390
37
316
395
398
322 200
425
110
57
7
463
419
166
204
75
287
383
65
265
280
14
358
230
234
199
94
282
317
404
445
73
394 444
81
142
239
48
83
363
426
455
129
253
224
186
320
441
193
121
141
359
339
196
289
219
33
54