195 346 349 350 389 291 6 212 13 222 405 333 52 473 377 259 181 125 4 361 325 461 21 370 319 210 69 139 9 446 16 470 365 105 51 207 257 194 161 233 309 144 453 130 245 273 99 92 327 101 354 173 328 221 367 38 183 406 40 343 466 252 296 372 2 31 385 12 305 258 298 148 331 410 172 438 175 439 231 431 28 127 266 399 154 162 164 58 387 229 112 278 433 474 46 3 260 263 23 268 458 104 30 275 326 17 301 262 102 174 437 347 299 50 209 126 149 408 124 29 188 430 95 456 165 329 108 324 313 122 435 118 382 159 368 376 170 237 270 272 241 292 134 167 424 341 391 184 314 49 454 467 460 22 47 217 378 235 136 396 393 163 373 203 380 77 274 244 468 407 80 277 226 429 190 63 254 286 116 449 323 344 169 53 459 90 155 283 450 225 342 255 293 98 261 311 103 402 388 171 421 335 206 384 208 337 306 198 24 279 71 220 303 147 428 386 315 55 88 176 64 150 197 158 334 267 250 20 179 27 44 379 84 153 72 462 422 97 249 457 423 375 39 374 191 135 168 157 271 34 442 297 381 364 420 91 41 290 246 192 248 132 8 417 178 145 392 138 401 85 348 216 152 256 202 119 427 117 295 215 59 308 418 242 276 247 294 205 338 351 321 156 0 111 472 133 310 330 227 355 19 436 86 100 228 269 312 403 307 177 87 120 264 218 469 114 93 160 452 356 251 131 137 214 238 109 411 128 448 182 32 113 223 400 471 151 140 409 443 362 284 76 143 106 432 416 302 440
345
318
357 464
369
146
61 70 56 236
35
336
189
43 36
42
288
180
60 25 15 79
96
123
201
82
340
115
413
240 213
89 1 26
67
300
360
187
5
107
465 304
45
434
352
62
68
415
332
232
74 18
371
447
451
366
414
412
285
397
211
353
243
66 185
390
37
316
395
398
322 200
425
110
57
7
463
419
166
204
75
10 281 11
287
383
65
265
280
14
358
78
230
234
199
94
282
317
404
445
73
394 444
81
142
239
48
83
363
426
455
129
253
224
186
320
441
193
121
141
359
339
196
289
219
33
54