350 29 430 27 225 435 98 448 341 147 108 169 80 155 34 195 423 64 388 406 178 69 391 119 132 2 405 143 248 241 233 386 197 244 461 347 52 442 245 418 223 315 286 378 356 102 303 310 91 55 87 431 411 427 198 433 217 274 474 417 100 344 407 71 325 113 72 438 342 335 365 171 190 295 58 261 375 59 283 133 439 170 457 208 19 137 164 159 24 424 51 3 279 168 473 167 291 49 84 402 296 93 309 111 112 12 250 382 88 462 384 247 252 269 122 443 259 379 154 408 409 41 255 452 374 139 373 471 355 216 307 151 367 337 306 183 165 260 150 432 294 181 319 229 321 264 227 370 152 92 231 468 153 313 453 99 116 124 8 44 222 128 238 106 188 191 0 301 436 266 220 207 293 469 372 46 163 158 258 173 338 334 380 311 148 32 298 254 175 472 126 174 228 156 329 351 267 273 290 403 276 459 206 134 40 440 215 50 302 109 449 104 327 226 460 454 182 6 343 376 221 39 125 103 16 179 17 149 278 20 145 256 28 9 21 246 312 97 387 95 105 203 4 202 161 381 53 275 400 470 237 162 410 297 205 456 333 401 210 272 251 131 271 218 138 429 349 118 421 212 437 194 308 257 38 192 292 284 458 428 47 31 117 63 314 354 130 467 144 346 177 385 323 377 242 422 348 140 270 30 324 326 364 214 361 396 172 416 136 305 389 277 466 331 120 127 23 249 90 22 399 135 446 176 13 392 450 235 268 101 420 85 263 393 114 184 262 362 160 328 209 157 368 330
345
318
464 357
369
146
70 61 236 56
35
336
189
43 36
42
288
180
25 60 15 79
96
123
201
82
340
115
413
213 240
26 89 1
67
300
360
187
5
107
304 465
45
434
352
62
68
415
332
232
74 18
371
447
451
366
414
412
285
76
397
86 77
211
353
243
66 185
390
37
316
395
398
200 322
425
110
57
7
463
419
166
204
75
281 10 11
287
383
65
265
280
14
358
78
230
234
199
94
282
317
404
445
73
444 394
81
142
239
299
48
83
363
426
455
129
253
224
186
320
441
193
121
141
359
339
196
289
219
33
54