245 373 51 388 202 20 367 302 27 381 255 292 301 163 423 148 405 100 266 29 157 220 103 38 238 386 191 64 362 442 254 400 410 158 272 169 235 92 118 101 12 268 32 446 321 22 49 337 87 392 407 17 84 356 309 424 283 461 251 344 259 312 237 246 275 294 88 34 307 111 374 195 382 229 263 138 416 218 448 85 165 63 50 262 23 401 125 215 343 102 422 271 190 325 182 458 303 391 152 387 310 249 342 72 456 290 116 119 212 293 470 467 256 132 472 80 126 372 435 430 134 247 164 328 207 52 105 454 277 6 244 140 162 393 408 217 143 349 474 183 252 192 93 276 354 370 335 429 176 113 69 127 159 341 286 226 333 466 47 154 248 225 431 197 409 172 261 108 151 114 420 314 39 257 155 462 194 170 188 133 175 21 24 361 153 231 338 135 308 396 228 112 181 168 222 30 305 106 221 4 326 377 296 350 440 184 258 117 131 58 91 124 378 355 178 324 438 450 421 452 295 241 380 41 346 399 98 13 418 179 160 161 104 3 171 198 214 99 323 469 147 233 449 206 267 109 379 460 71 330 19 128 173 351 59 16 417 368 406 457 260 44 139 471 443 436 315 144 384 364 297 9 2 403 46 40 136 319 389 150 439 291 130 90 205 468 459 55 8 385 411 31 177 264 203 28 0 227 145 334 156 313 306 327 210 250 209 428 242 95 284 120 311 269 270 137 437 278 433 365 453 331 473 279 348 167 273 274 402 97 432 149 174 223 208 329 216
345
318
464 357
369
146
70 56 236 61
35
336
189
43 36
42
288
180
79 15 25 60
96
123
427
201
82
340
115
413
213 240
89 26 1
67
300
360
187
5
107
304 465
45
298 122 375 376 347
434
352
62
68
415
332
232
18 74
371
447
451
366
414
412
285
76
397
86
211
353
243
66 185
390
37
316
395
398
200 322
425
110
57
7
463
419
166
204
75
10 11 281
287
383
65
265
280
14
358
78
230
234
199
94
282
317
404
445
73
444 394
81
142
239
299
48
53
83
363
426
455
129
253
224
77
186
320
441
193
121
141
359
339
196
289
219
33
54