244 379 360 242 293 421 88 300 442 273 344 124 299 11 171 58 7 63 471 62 420 128 12 288 110 76 143 422 47 78 142 23 123 307 33 455 65 303 297 87 41 226 148 40 52 309 361 96 102 270 456 426 104 328 199 346 155 188 70 203 16 174 400 119 340 217 111 150 42 376 312 158 363 453 250 181 71 20 133 443 425 125 251 57 137 372 268 325 462 135 292 109 330 1 472 238 31 412 90 429 240 97 232 208 27 470 290 387 48 424 101 211 418 356 86 67 29 246 434 221 406 298 269 149 126 193 349 354 362 310 316 281 38 169 178 205 30 167 145 82 446 21 259 411 53 75 15 284 68 350 98 200 428 275 79 127 159 335 258 39 189 339 89 197 26 59 85 51 278 444 394 122 43 324 5 10 166 274 469 195 449 161 153 176 94 302 317 223 19 285 179 0 345 220 81 397 347 28 399 91 337 279 305 17 84 160 451 267 334 332 45 140 235 459 73 236 99 207 263 351 473 291 209 247 214 252 384 352 4 382 131 93 18 61 342 107 438 283 80 415 219 182 120 138 417 338 385 336 287 315 49 46 467 225 157 230 36 265 371 359 448 366 163 308 198 280 327 264 393 331 322 306 378 313 185 229 461 375 170 180 72 364 276 92 383 319 431 254 403 13 437 213 241 175 218 381 365 152 286 405 141 34 173 108 466 439 392 116 132 210 190 212 369 66 395 433 202 320 452 154 191 69 172 237 314 323 6 54 301 260 192 25 391 248 423 14 396 388 261 55 357 144 296 454 162 147 233 227 253 134 224 103 445 343 164 450 117 216 50 295 427 430 74 8 353 374 355 408 95 416 464 255 231 390 136 380 121 249 9 44 460 329 2 130 204 458 468 389 373 333 105 447 407 32 318 358 35 106 266 177 386 206 228 201 113 151 243 277 139 186 56 234 402 321 440 457 245 436 215 289 37 100 341 60 463 413 474 129 377 64 326 222 183 409 256 271 272 3 401 165 435 262 114 410 112 368 282 441 311 367 432 184 294 118 257 370 168 194 22 24 77 156 348
146
115
187
304 465
414
398
419
404
239
83
196