362 457 313 103 168 85 47 403 351 290 370 163 374 409 470 420 373 231 197 133 24 97 424 218 439 462 87 32 330 209 152 84 149 131 120 134 365 183 378 235 44 276 249 50 429 268 12 433 348 119 184 27 406 364 28 258 156 132 291 411 380 305 255 321 472 188 212 179 127 328 71 343 2 335 314 143 29 6 4 98 279 422 100 312 153 52 159 151 46 331 301 367 460 297 210 112 446 174 292 106 454 30 275 319 252 437 388 108 393 144 337 271 238 63 178 217 269 205 167 309 223 471 16 346 368 262 270 145 396 172 21 125 435 341 260 431 432 202 135 102 308 0 8 40 173 459 417 402 41 93 267 226 139 274 182 381 387 423 39 342 356 233 49 158 80 91 263 324 401 13 350 326 92 128 34 278 214 467 442 469 242 244 20 216 473 170 273 311 372 17 228 51 105 246 225 310 55 192 421 448 474 306 302 126 349 99 286 59 277 221 215 333 23 164 114 436 171 148 382 124 208 344 69 137 284 466 19 140 254 138 101 334 207 176 295 198 392 247 461 229 400 430 136 220 248 428 190 450 177 449 64 88 165 377 327 453 443 111 399 418 58 206 296 354 160 162 458 355 222 416 440 256 191 408 251 283 3 147 194 325 130 109 391 161 150 379 266 264 104 237 329 245 157 303 261 175 154 9 195 95 338 155 323 452 405 293 181 72 294 384 468 31 241 307 118 227 407 113 259 456 385 116 272 257 389 22 90 386 410 169 438 250
345
318
203
357 464
369
146
70 56 236 61
35
336
189
43 36
42
288
180
60 15 79 25
96
123
427
201
117
82
340
115
413
240 213
1 26 89
38
67
300
360
187
5
107
304 465
45
298 347 375 376 122
434
361
352
62
68
415
332
232
18 74
371
447
451
366
414
412
285
76
397
86
211
353
315
243
185 66
390
37
316
395
398
200 322
425
110
57
7
463
419
166
204
75
11 10 281
287
383
65
265
280
14
358
78
230
234
199
94
282
317
404
445
73
444 394
81
142
239
299
48
53
83
363
426
455
129
253
224
77
186
320
441
193
121
141
359
339
196
289
219
33
54