266 396 432 20 114 368 226 113 435 428 454 8 466 192 101 191 437 438 311 87 16 267 456 90 40 378 468 342 411 92 469 153 177 459 3 416 171 97 439 46 303 341 138 168 202 156 450 233 194 106 297 431 130 272 350 471 301 167 286 325 355 183 364 391 181 152 64 263 461 148 116 268 271 118 422 373 244 446 182 12 248 100 225 197 221 256 144 229 430 238 119 382 294 227 279 164 4 270 111 172 460 149 473 258 440 385 308 429 31 124 453 312 387 273 389 207 24 222 216 98 334 145 55 206 139 423 103 217 457 324 49 374 470 52 44 381 310 388 241 215 214 163 365 17 313 449 41 274 331 421 379 28 335 99 208 32 157 424 188 173 327 205 309 198 393 112 349 13 175 179 29 329 143 362 228 184 384 356 137 63 261 39 372 291 125 443 462 220 170 326 0 165 174 343 147 401 71 296 190 407 245 306 448 314 95 23 237 102 132 85 47 348 72 246 452 400 9 255 305 22 354 392 50 467 405 212 27 293 251 406 19 276 264 126 370 195 162 409 209 290 160 161 319 275 295 247 34 418 249 150 135 410 403 2 128 292 131 474 283 277 442 120 210 328 218 69 337 386 159 302 252 6 105 344 380 155 242 21 269 417 262 433 323 250 169 80 278 330 104 257 436 108 30 235 338 351 84 109 458 93 91 402 51 176 399 408 284 136 133 420 254 259 154 346 231 178 158 88 140 59 127 134 58 260 367 223 377
345
318
203
357 464
369
146
70 61 56 236
35
336
189
43 36
42
288
180
60
96
123
427
201
117
82
340
115
413
307 151
213 240
89 26 1
38
67
300
360
187
5
25 15 79
107
304 465
45
376 122 298 347 375
434
361
352
62
68
415
332
232
18 74
371
447
451
366
414
412
285
76
397
86
211
353
315
243
185 66
390
37
316
395
333 472
398
322 200
425
110
57
7
463
419
166
204
75
10 281 11
287
383
65
265
280
14
358
78
230
234
199
94
282
317
404
445
73
444 394
81
142
239
299
48
53
83
363
426
455
129
253
224
77
186
320
441
193
121
141
359
339
196
289
219
33
321
54