137 22 165 337 258 59 269 135 432 305 119 181 17 190 401 241 214 388 342 157 452 69 249 290 207 223 310 470 47 262 338 58 92 98 428 248 44 433 273 343 354 276 256 63 183 130 309 467 176 438 198 365 95 355 167 143 385 391 50 297 351 402 386 132 34 373 246 245 294 286 374 108 39 420 85 409 19 372 104 156 459 206 392 400 194 440 88 311 330 301 116 278 215 103 8 349 422 284 449 424 161 0 40 55 270 209 356 154 2 27 271 102 308 173 182 377 436 252 274 31 90 393 448 267 164 220 328 163 417 99 421 314 225 124 205 133 295 431 131 150 466 228 242 136 91 264 255 184 313 291 263 268 257 329 471 138 84 457 113 326 24 153 152 160 112 12 191 389 71 127 41 418 114 227 109 279 408 51 237 469 443 251 210 202 221 101 169 461 80 462 16 460 458 346 188 381 179 423 105 162 155 111 430 174 4 217 325 231 159 93 216 454 177 197 32 380 275 158 64 49 106 9 439 260 261 72 97 323 134 148 468 233 370 348 128 399 403 292 405 222 13 364 306 247 172 46 334 21 387 272 235 396 384 331 195 6 238 303 341 302 453 120 474 283 171 327 368 218 29 229 435 296 28 212 208 126 250 192 118 23 125 319 147 350 382 362 178 410 52 277 226 335 446 367 416 140 100 266 20 450 145 175 312 30 429 149 437 244 87 407 259 324 344 144 139 3 473 411 406 378 379 456 254 442 170
345
318
203
357 464
369
146
61 70 56 236
35
336
189
36 43
42
288
180
60
96
123
427
201
117
82
340
115
413
151 307
213 240
26 89 1
38
67
300
360
187
5
79 15 25
107
465 304
45
376 347 375 122 298
434
361
352
62
68
415
332
232
18 74
371
447
451
366
414
412
285
76
397
86
211
353
315
243
66 185
390
37
316
395
472 333
398
322 200
425
110
57
7
463
419
166
204
75
11 10 281
287
168 293
383
65
265
280
14
358
78
230
234
199
94
282
317
404
445
73
444 394
81
142
239
299
48
53
83
363
426
455
129
253
224
77
186
320
441
193
121
141
359
339
196
289
219
33
321
54