381 105 82 215 227 186 52 191 207 153 155 301 176 413 267 144 107 325 286 175 123 20 427 368 151 450 411 127 61 334 70 377 461 341 394 362 178 453 208 96 156 287 366 15 31 5 307 245 332 161 108 57 350 60 454 469 297 65 298 67 213 135 145 464 47 430 27 88 201 365 214 364 228 197 258 250 92 463 85 442 106 102 467 378 30 143 444 446 361 29 416 211 389 265 329 323 229 120 69 355 76 423 331 139 162 200 409 266 335 438 58 257 337 194 132 166 32 51 202 434 253 251 303 270 198 122 38 311 376 392 182 397 13 230 21 17 313 317 142 160 379 79 205 386 284 353 244 367 203 241 217 255 63 221 140 441 118 147 432 312 402 234 12 269 408 319 321 0 45 193 231 190 170 314 458 138 261 22 412 328 71 369 238 104 44 7 218 399 290 6 224 195 294 447 471 249 59 333 72 130 393 150 48 124 277 125 39 460 103 285 296 281 352 206 169 263 94 95 466 340 42 310 128 56 322 345 91 359 49 114 396 180 183 289 271 443 440 445 34 315 455 264 382 225 358 116 46 35 354 291 279 113 40 272 407 235 415 462 36 474 344 181 3 246 433 448 212 472 2 326 101 275 342 179 66 330 420 97 305 282 167 210 247 19 429 220 387 25 43 324 53 99 280 188 300 14 470 436 268 410 435 62 50 248 422 451 8 24 288 236 338 278 157 26 177 371 90 299 149 80 237 439 242 226 28 136 158 308 426 418 380 131 421 68 216 384 260 254 168 126 401 9 87 189 273 152 185 154 395 174 405 292 351 468 346 55 204 117 133 78 316 16 424 457 388 232 93 259 84 98 223 417 100 318 262 283 343 89 295 240 164 54 173 336 347 437 141 184 391 119 390 165 18 320 111 137 148 219 109 293 276 129 327 23 209 425 41 403 192 10 252 112 363 339 406 171 81 473 431 77 370 357 372 222 1 11 452 456 306 274 309 74 199 348 360 459 243 110 449 172 37 33 373 4 374 233 73 302 134 163 64 383 349 385 375 428 356 75 86 256 400 159
146
115
187
304 465
414
398
419
404
239
83
121
196