39 233 330 310 460 2 367 402 30 245 181 158 364 467 470 225 274 393 301 34 248 380 384 172 98 461 423 396 171 106 177 63 87 296 448 133 269 19 462 127 372 354 149 88 250 156 100 27 246 183 191 348 47 373 206 169 421 457 197 440 291 453 139 182 324 334 417 80 433 20 135 468 261 137 95 41 170 210 184 126 378 471 273 355 140 466 218 262 329 227 160 72 428 259 377 209 202 69 335 92 356 416 217 422 436 406 290 257 190 85 303 241 124 101 381 343 114 283 379 24 128 112 192 387 64 134 125 473 302 284 237 207 432 268 271 325 409 231 338 51 258 351 389 223 382 174 84 91 144 235 256 311 392 175 6 138 17 429 179 399 44 229 442 385 312 208 407 52 374 431 319 40 400 9 93 164 391 277 454 153 452 46 161 59 255 401 308 3 0 23 150 120 264 31 331 58 408 247 267 22 108 403 242 294 260 251 143 132 103 263 205 50 148 474 228 16 270 405 145 55 212 279 276 12 105 165 216 238 118 226 147 297 178 4 194 435 386 13 188 254 163 469 410 176 162 136 305 306 418 102 411 327 152 275 368 278 49 195 266 71 97 450 8 323 430 131 456 215 32 349 222 155 365 438 90 214 272 458 314 130 119 286 346 424 362 104 113 198 220 344 109 157 341 326 437 159 252 249 459 443 328 446 116 449 337 292 221 295 350 439 154 244 21 28 313 111 370 388
345
318
203
357 464
369
146
70 61 236 56
35
336
189
43 36
42
288
180
60
96
123
427
201
117
82
340
115
413
151 307
240 213
26 1 89
38
67
300
360
187
5
25 15 79
99 420 173
107
465 304
45
376 122 298 347 375
434
29
361
352
62
68
415
332
232
74 18
371
447
451
366
414
412
285
76
397
86
211
353
315
243
185 66
390
37
342
316
395
472 333
398
200 322
425
110
57
7
463
419
166
204
75
11 10 281
287
168 293
383
65
265
280
14
358
78
230
234
199
94
282
317
404
445
73
309
394 444
81
142
239
299
48
53
83
363
426
455
129
253
167
224
77
186
320
441
193
121
141
359
339
196
289
219
33
321
54