313 235 32 436 373 286 92 12 64 231 105 163 150 90 421 160 176 184 139 220 449 114 156 337 254 438 171 138 428 246 364 20 97 165 401 23 344 266 233 381 430 258 104 393 350 182 402 273 257 362 435 327 406 278 388 387 71 207 370 44 124 214 39 30 378 95 424 408 338 241 238 405 367 329 244 377 155 212 109 27 252 52 462 174 192 215 31 19 374 259 326 131 469 423 356 2 272 271 157 407 63 16 399 468 380 178 473 147 270 290 256 330 119 40 144 262 291 50 325 93 459 120 422 456 247 440 126 467 443 346 161 311 49 354 384 409 218 237 385 24 132 91 221 302 140 9 292 103 334 431 411 324 222 28 379 306 113 164 136 118 319 34 149 191 198 458 125 457 429 206 229 179 159 365 72 418 227 0 251 98 145 134 87 158 217 55 471 410 277 308 245 403 208 80 177 108 59 51 372 197 368 154 84 249 297 127 452 263 305 417 331 21 153 268 261 102 474 255 17 183 301 314 328 274 13 382 264 137 8 175 205 323 228 202 400 466 162 169 181 450 310 112 223 351 4 101 341 47 439 6 454 225 343 276 41 349 216 152 111 391 133 195 386 303 453 88 348 446 389 190 432 188 209 279 170 172 143 269 355 130 296 275 248 416 284 135 22 396 250 106 461 312 470 116 294 433 69 260 148 3 226 100 85 267 437 460 295 128 58 442 392 283 335 242
345
318
203
464 357
369
146
61 70 236 56
35
210
336
189
36 43
42
288
180
194
60
96
123
427
201
117
82
340
115
413
307 151
213 240
26 89 1
38
67
300
360
187
5
79 25 15
173 99 420
448 46
107
465 304
45
298 347 122 375 376
434
29
361
352
62
68
415
332
232
18 74
371
447
451
366
414
412
285
76
397
86
211
353
315
243
66 185
390
37
342
316
395
333 472
398
322 200
425
110
57
7
463
419
166
204
75
11 10 281
287
168 293
383
65
265
280
14
358
78
230
234
199
94
282
317
404
445
73
309
394 444
81
142
239
299
48
53
83
363
426
455
129
253
167
224
77
186
320
441
193
121
141
359
339
196
289
219
33
321
54