263 93 237 44 258 467 34 256 346 405 399 127 163 128 108 423 268 437 179 13 245 326 138 327 313 254 85 206 157 362 216 466 302 291 16 337 365 27 380 278 238 49 197 9 2 433 440 370 453 348 267 152 246 356 90 208 301 159 276 330 134 350 450 250 176 449 294 244 160 406 217 161 408 97 111 229 221 457 306 462 162 305 132 220 207 446 351 188 104 261 269 131 274 172 334 91 373 257 6 192 311 283 391 177 50 372 88 135 22 461 143 20 125 400 4 218 297 154 249 175 308 109 182 103 228 120 92 178 264 314 21 277 411 402 331 260 385 17 156 19 471 325 474 403 215 295 469 355 23 271 98 184 323 468 255 226 130 310 418 442 335 417 252 71 28 259 367 155 428 205 102 137 198 69 101 59 454 119 459 247 106 284 279 286 195 443 292 39 169 40 84 126 379 377 384 242 64 456 30 407 223 87 183 270 3 170 328 212 381 150 112 393 133 251 153 95 148 432 24 233 409 116 396 344 105 275 12 266 124 354 171 329 174 214 262 80 382 424 136 248 41 429 439 435 47 312 140 349 460 470 389 139 165 368 114 296 410 364 52 51 431 0 386 452 458 430 118 190 436 63 227 100 422 374 225 222 324 343 272 72 421 438 55 235 241 231 191 388 144 202 181 341 473 113 164 338 32 401 145 147 158 8 387 149 290 416 31 209 378 273 392 319 303
345
318
203
357 464
369
146
70 61 56 236
35
210
336
189
36 43
42
288
180
194
60
96
123
427
201
117
82
340
115
413
151 307
240 213
26 1 89
38
67
300
360
187
5
79 25 15
99 173 420
448 46
107
304 465
45
376 375 298 122 347
434
29
361
352
62
68
415
332
232
74 18
371
447
451
366
414
412
285
76
397
86
211
353
58
315
243
66 185
390
37
342
316
395
333 472
398
200 322
425
110
57
7
463
419
166
204
75
281 11 10
287
293 168
383
65
265
280
14
358
78
230
234
199
94
282
317
404
445
73
309
394 444
81
142
239
299
48
53
83
363
426
455
129
253
167
224
77
186
320
441
193
121
141
359
339
196
289
219
33
321
54