228 214 32 467 255 183 148 254 158 312 114 163 284 143 24 435 328 124 389 458 128 126 335 269 50 393 275 208 91 31 215 133 409 164 410 374 344 262 437 431 178 27 418 273 469 2 283 356 302 440 430 439 80 270 170 171 274 370 40 118 174 338 462 326 406 351 226 365 165 21 331 294 87 220 245 264 346 261 450 85 235 378 303 131 432 30 237 120 181 176 221 159 98 355 127 428 212 330 277 266 367 184 452 471 188 306 9 198 51 250 258 205 22 372 246 135 244 324 229 456 334 195 150 329 348 140 297 319 41 382 247 278 327 145 401 443 242 4 218 112 137 6 136 161 72 101 125 69 429 466 17 400 385 263 387 337 97 268 424 149 155 260 217 286 162 325 251 105 290 267 153 381 100 55 272 407 108 192 454 373 368 116 354 49 109 222 34 19 384 411 436 391 231 459 259 95 138 88 44 132 177 449 225 47 63 468 310 152 157 111 39 191 343 175 8 403 392 134 422 16 446 233 13 257 147 216 314 276 388 172 457 252 377 271 71 169 113 28 308 223 20 402 473 313 379 156 59 256 362 470 106 130 279 84 408 421 433 119 249 341 23 396 92 102 248 0 209 144 423 93 190 206 380 12 349 103 202 241 386 442 238 52 154 207 399 350 323 182 453 438 405 460 301 179 311 227 160 474 197 292 139 296 305 64 416 364 3 104 291 295 461 90 417
345
318
203
357 464
369
146
61 236 56 70
35
210
336
189
43 36
42
288
180
194
60
96
123
427
201
117
82
340
115
413
151 307
240 213
26 89 1
38
67
300
360
187
5
25 15 79
420 173 99
46 448
107
304 465
45
122 347 375 376 298
434
29
361
352
62
68
415
332
232
18 74
371
447
451
366
414
412
285
76
397
86
211
353
58
315
243
66 185
390
37
342
316
395
333
398
200 322
425
110
57
7
463
419
166
204
75
10 281 11
287
168 293
383
65
265
280
14
358
472
78
230
234
199
94
282
317
404
445
73
309
444 394
81
142
239
299
48
53
83
363
426
455
129
253
167
224
77
186
320
441
193
121
141
359
339
196
289
219
33
321
54