473 184 216 346 118 396 160 382 80 389 22 222 221 103 313 104 466 9 424 379 159 6 460 260 17 262 348 105 227 138 469 223 351 131 368 32 312 170 229 64 438 393 44 421 270 303 372 218 324 334 171 215 191 443 296 106 175 274 174 301 416 101 430 19 325 59 172 93 52 233 152 111 410 246 161 30 388 145 181 206 178 116 272 208 177 113 3 205 314 12 179 310 126 156 365 63 275 343 355 242 403 135 367 136 254 163 349 411 378 302 124 323 297 432 454 153 292 453 149 401 400 207 100 452 158 306 440 257 198 84 331 39 305 429 132 266 28 402 283 295 409 8 47 102 319 112 154 269 407 311 386 127 95 433 147 356 341 50 162 69 391 197 252 259 244 308 72 258 399 183 144 51 150 133 137 120 87 373 31 140 202 109 470 350 364 217 114 408 442 182 474 291 34 212 143 13 20 471 278 85 422 169 335 374 277 55 251 125 130 214 27 467 362 461 457 370 256 294 405 164 228 157 209 417 155 439 284 435 449 249 384 128 2 88 195 279 344 49 241 377 261 4 337 119 255 225 271 90 276 273 267 381 176 458 24 380 16 92 108 237 330 220 328 41 247 268 238 418 248 40 188 338 250 134 462 468 459 0 286 263 98 235 71 139 190 192 428 231 431 406 329 450 392 437 385 456 264 148 354 326 327 245 91 387 436 226 97 446 290
345
318
203
464 357
369
146
70 61 56 236
35
210
336
189
43 36
42
288
180
194
60
96
123
427
201
117
82
340
115
413
151 307
213 240
1 89 26
38
67
300
360
187
5
79 15 25
99 173 420
165
448 46
107
304 465
45
122 347 375 376 298
434
21 23
29
361
352
62
68
415
332
232
74 18
371
447
423
451
366
414
412
285
76
397
86
211
353
58
315
243
66 185
390
37
342
316
395
333
398
200 322
425
110
57
7
463
419
166
204
75
10 281 11
287
293 168
383
65
265
280
14
358
472
78
230
234
199
94
282
317
404
445
73
309
394 444
81
142
239
299
48
53
83
363
426
455
129
253
167
224
77
186
320
441
193
121
141
359
339
196
289
219
33
321
54