346 337 372 452 256 208 250 16 296 409 72 9 164 24 244 393 433 205 373 20 381 424 325 137 252 428 222 422 103 172 175 179 330 418 221 140 274 113 466 98 19 214 401 400 365 470 105 135 446 63 276 391 262 354 97 295 368 389 247 429 399 431 355 388 148 143 202 349 335 305 310 267 302 468 323 311 237 474 471 258 177 34 102 257 171 328 120 301 157 191 329 228 198 153 206 184 111 291 430 374 71 312 170 453 44 432 242 212 319 49 138 377 215 0 124 449 128 55 84 460 127 272 17 410 378 32 188 114 294 385 303 407 279 264 160 220 416 118 469 216 41 437 290 8 22 277 2 382 327 396 411 324 454 331 87 116 271 158 119 286 155 284 246 297 13 254 273 85 408 195 343 263 169 163 351 438 255 156 473 266 306 259 462 344 278 161 341 132 241 384 379 69 126 435 93 269 108 440 104 190 50 12 275 178 182 402 59 245 51 90 334 130 197 467 227 370 403 91 174 350 88 387 292 125 233 436 147 380 261 364 456 40 229 159 152 314 459 145 162 249 223 144 101 348 362 192 367 248 6 392 176 131 225 154 443 450 417 235 28 226 405 39 326 4 134 150 47 106 386 109 406 207 112 133 238 100 181 92 95 442 64 457 52 30 308 421 136 260 183 149 27 80 231 338 439 356 313 31 209 458 268 139 217 3 283 270 251 461
345
318
203
464 357
369
146
70 236 56 61
35
210
336
189
36 43
42
288
180
194
60
96
123
427
201
117
82
340
115
413
151 307
240 213
89 1 26
38
67
300
360
187
5
15 79 25
173 99 420
165
46 448
107
304 465
45
375 122 347 376 298
434
21 23
29
361
352
62
68
415
332
232
18 74
371
447
423
451
366
414
412
285
76
397
86
211
353
58
218
315
243
66 185
390
37
342
316
395
333
398
322 200
425
110
57
7
463
419
166
204
75
11 10 281
287
168 293
383
65
265
280
14
358
472
78
230
234
199
94
282
317
404
445
73
309
394 444
81
142
239
299
48
53
83
363
426
455
129
253
167
224
77
186
320
441
193
121
141
359
339
196
289
219
33
321
54