181 453 374 112 418 334 249 198 172 386 52 182 372 257 228 238 103 244 473 195 354 439 127 382 126 468 44 225 212 145 256 436 326 467 356 160 191 291 351 417 449 272 407 2 337 20 6 31 178 164 136 409 51 402 130 341 144 278 202 39 169 220 346 305 140 277 92 267 435 205 111 279 32 128 284 98 41 100 227 241 380 49 161 216 109 313 106 387 158 433 247 292 437 338 251 207 365 470 474 290 327 286 217 252 399 396 276 170 223 40 408 254 90 328 22 175 349 192 157 101 183 59 135 460 405 105 258 393 294 159 3 266 154 330 297 331 456 443 324 421 148 343 312 269 306 367 177 323 17 429 120 245 406 132 377 379 95 319 27 156 139 71 446 13 222 411 174 255 149 335 179 133 93 400 364 344 302 274 466 301 275 350 391 246 454 84 381 388 430 113 461 471 231 452 378 303 138 370 30 215 50 362 264 262 424 462 116 283 438 268 310 55 24 155 16 102 9 432 457 88 295 125 237 124 108 118 229 458 325 114 0 147 442 410 416 459 4 428 150 63 355 91 368 314 235 308 329 221 250 233 87 34 389 271 197 450 401 47 226 12 259 422 385 373 80 8 176 64 119 152 209 248 97 131 214 440 85 208 392 263 69 270 104 431 163 28 311 296 72 469 403 19 153 348 260 242 143 134 206 190 261 384 273 188
345
318
203
464 357
369
146
236 70 56 61
35
210
336
189
36 43
162
42
288
180
194
60
96
123
427
201
117
82
340
115
413
307 151
240 213
89 26 1
38
67
300
360
187
5
171
25
99 420 173
165
46 448
107
304 465
45
347 298 122 376 375
434
23 21
29
361
352
62
68
415
332
232
18 74
371
447
423
451
366
414
412
285
76
397
86
211
353
58
218
315
243
185 66
390
37
342
316
395
333
398
322 200
425
110
57
7
463
419
166
204
75
10 281 11
287
293 168
383
65
265
280
14
358
472
78
230
234
199
94
282
79 15
317
404
445
73
309
444 394
81
142
184
239
137
299
48
53
83
363
426
455
129
253
167
224
77
186
320
441
193
121
141
359
339
196
289
219
33
321
54