155 192 144 51 262 334 195 161 9 254 308 179 47 88 114 84 377 386 436 261 27 163 215 176 452 279 164 149 6 32 148 72 216 242 132 327 323 109 19 401 466 241 228 158 100 140 197 424 439 257 159 256 409 12 207 467 269 405 130 302 328 312 367 267 456 244 368 429 97 208 305 172 235 182 90 85 80 198 135 190 286 157 297 278 152 473 17 175 111 370 71 306 225 104 303 91 433 178 283 59 270 16 331 87 98 348 450 131 461 31 169 220 247 227 294 112 63 410 20 181 335 221 443 260 350 2 392 311 458 421 313 407 374 351 319 338 154 259 136 343 249 432 442 202 402 64 457 381 113 8 264 118 411 24 437 330 274 106 188 382 275 245 105 102 388 380 364 258 222 145 459 273 295 326 206 223 0 372 365 296 150 385 116 209 277 406 13 431 252 170 460 44 133 356 92 49 344 453 314 430 393 349 391 22 229 52 428 183 471 355 469 28 418 396 237 373 378 276 95 103 41 156 226 341 255 119 50 191 417 55 139 3 34 354 4 214 416 272 449 400 248 93 440 263 435 231 438 174 384 408 290 138 389 324 108 346 291 399 271 160 246 30 301 329 101 143 454 470 39 205 120 474 462 268 147 233 212 292 266 127 446 126 379 125 250 362 153 310 124 69 422 284 177 468 337 128 387 134 40 325 403 217 238 251
345
318
203
464 357
369
146
56 236 61 70
35
210
336
189
36 43
162
42
288
180
194
60
96
123
427
201
117
82
340
115
413
151 307
240 213
1 26 89
38
67
300
360
187
5
171
25
420 173 99
165
448 46
107
465 304
45
347 376 298 375 122
434
21 23
29
361
352
62
68
415
332
232
18 74
371
447
423
451
366
414
412
285
76
397
86
211
353
58
218
315
243
66 185
390
37
342
316
395
333
398
200 322
425
110
57
7
463
419
166
204
75
11 281 10
287
293 168
383
65
265
280
14
358
472
78
230
234
199
94
282
79
317
404
445
73
309
444 394
81
142
184
239
137
299
48
53
83
363
426
455
129
253
167
224
77
186
320
441
193
121
141
359
339
15
196
289
219
33
321
54