454 254 459 388 268 197 270 262 238 147 119 443 291 216 354 179 391 408 457 330 399 138 215 400 55 207 6 202 34 364 311 169 348 40 104 106 41 429 16 80 127 343 435 24 103 131 17 112 31 227 144 256 271 132 223 310 433 279 3 374 378 108 124 90 341 334 135 437 252 381 349 63 377 100 327 458 380 411 20 471 460 323 277 120 28 177 292 222 231 150 469 356 303 403 178 431 19 393 69 461 221 338 328 136 30 295 410 436 52 365 126 373 382 181 92 140 152 297 237 312 453 313 225 51 208 385 50 302 116 192 182 351 384 362 27 191 267 98 246 229 402 442 406 308 337 164 428 260 386 8 241 259 350 155 156 39 422 387 174 306 326 133 405 470 430 446 134 257 172 95 290 258 372 466 324 118 264 148 272 4 157 143 416 389 170 392 474 417 105 462 212 64 102 242 154 248 346 32 44 49 278 163 88 101 217 160 84 449 250 188 329 452 325 114 355 249 283 2 139 85 305 335 284 273 424 244 145 301 473 255 438 331 72 401 379 87 209 432 153 269 247 205 228 71 198 368 344 286 319 59 418 13 266 158 235 93 450 468 370 12 276 183 407 176 111 261 190 367 175 220 456 296 439 263 130 440 275 97 206 274 226 294 467 195 47 161 128 421 396 233 125 251 22 113 159 109 214 9 91 245 149 0
345
318
203
464 357
369
146
236 61 56 70
35
210
336
189
43 36
162
42
288
180
194
60
96
123
427
201
117
82
340
115
413
151 307
213 240
26 89 1
38
67
300
360
187
5
171
25
420 99 173
165
46 448
107
465 304
45
376 122 298 347 375
434
21 23
29
361
352
62
68
415
332
232
409
18 74
371
447
423
451
366
414
412
285
76
397
86
211
353
58
218
315
243
66 185
390
37
342
316
395
333
398
322 200
425
110
57
7
463
419
166
204
75
10 11 281
287
168 293
383
65
265
280
14
358
472
78
230
234
199
94
282
79
317
404
445
73
309
394 444
81
142
184
239
137
299
48
53
83
363
426
455
129
253
167
224
77
186
320
441
314
193
121
141
359
339
15
196
289
219
33
321
54