332 25 322 40 425 343 213 154 344 48 65 218 119 238 202 333 283 385 39 301 279 401 15 383 1 142 426 168 176 317 371 209 354 336 405 353 23 272 230 441 269 439 409 399 440 180 360 402 194 129 326 157 320 392 443 377 365 102 364 256 212 43 296 292 163 170 186 195 188 134 451 118 190 246 380 8 89 179 288 151 34 347 77 422 127 455 295 335 261 162 71 249 229 298 277 370 100 450 167 330 395 136 448 161 49 289 293 44 356 268 225 33 251 132 54 26 362 231 130 274 101 155 174 205 337 278 193 224 308 462 244 252 396 382 270 456 468 19 250 69 254 47 432 141 300 275 379 291 237 160 243 394 68 421 367 10 284 181 375 80 460 374 133 105 223 457 37 418 226 58 359 199 400 189 386 459 345 200 106 276 4 144 85 294 111 306 94 340 42 72 328 464 28 305 12 339 204 372 184 303 128 0 329 92 113 348 437 198 108 258 219 17 123 433 153 2 265 388 29 287 406 210 470 471 135 427 376 78 214 324 342 87 245 381 177 378 350 435 420 171 211 315 112 38 264 442 84 355 64 228 313 159 143 390 55 86 423 148 81 338 150 124 373 321 45 240 191 311 436 109 262 235 182 152 61 110 446 88 14 286 126 351 66 424 172 445 166 307 74 41 215 346 139 227 24 11 429 260 169 368 467 463 9 20 266 60 104 46 197 22 21 361 201 62 138 96 164 79 255 93 415 5 95 302 449 257 366 183 281 408 107 98 56 458 453 319 428 221 247 145 73 216 273 31 248 411 389 430 137 349 90 63 233 403 263 35 53 50 36 472 97 82 434 461 325 67 206 369 192 51 417 147 27 397 267 474 131 280 6 318 120 125 175 327 297 407 7 438 173 149 236 331 357 241 178 352 3 444 341 290 310 469 316 309 13 312 384 271 285 466 358 217 416 116 117 232 387 314 334 30 158 99 57 473 207 140 323 16 32 391 70 59 452 242 299 220 234 122 454 103 156 253 114 431 75 185 363 410 52 447 393 413 91 165 208 76 203 222 18 259
146
115
187
465 304
414
412
398
419
282
404
239
83
121
196