471 235 341 241 440 380 323 355 80 226 216 152 452 153 179 290 92 128 246 432 462 52 297 20 365 430 116 454 402 155 132 6 433 373 161 148 102 411 403 119 19 346 417 405 257 306 176 114 111 264 87 109 4 428 3 120 442 392 325 223 134 271 190 198 326 242 100 266 286 178 27 439 13 330 84 362 138 431 252 435 106 217 164 250 418 63 157 338 149 59 295 269 34 144 207 388 222 468 183 150 261 377 408 378 393 438 267 17 343 154 220 139 72 351 449 244 368 159 90 2 391 169 284 273 108 470 229 215 387 206 348 227 429 446 400 238 303 354 163 457 328 474 208 32 443 308 95 170 421 143 0 30 133 247 212 205 103 158 39 276 458 272 104 305 69 401 364 172 127 214 31 192 327 382 372 221 459 260 113 277 245 126 51 136 461 8 279 399 41 147 181 28 258 50 319 124 131 335 313 64 22 174 311 231 233 460 329 456 469 145 24 367 270 195 202 91 294 47 118 254 182 370 251 160 263 302 248 437 125 175 71 406 268 105 135 436 249 97 389 49 379 473 93 259 188 291 381 275 466 349 384 350 140 255 386 396 424 177 450 156 344 292 85 256 101 228 209 55 283 301 12 191 237 98 130 44 410 331 16 385 312 278 467 197 407 274 337 296 453 416 225 356 324 88 334 262 422 9 374 310
345
318
203
357 464
369
146
56 236 61 70
35
210
336
189
36 43
162
42
288
180
194
60
96
123
427
201
117
82
340
115
413
307 151
240 213
26 89 1
38
67
300
360
187
5
171
25
99 173 420
165
448 46
107
304 465
45
347 122 298 376 375
434
23 21
29
361
352
62
68
415
332
232
409
18 74
371
40
447
423
451
366
414
412
285
76
397
86
211
353
58
218
315
243
66 185
112
390
37
342
316
395
333
398
200 322
425
110
57
7
463
419
166
204
75
11 281 10
287
293 168
383
65
265
280
14
358
472
78
230
234
199
94
282
79
317
404
445
73
309
394 444
81
142
184
239
137
299
48
53
83
363
426
455
129
253
167
224
77
186
320
441
314
193
121
141
359
339
15
196
289
219
33
321
54