190 161 229 116 133 370 202 411 156 175 261 124 377 215 334 80 41 188 222 163 454 399 459 277 365 262 268 238 462 212 259 55 157 439 111 127 159 328 32 305 384 457 471 3 182 327 237 266 51 362 251 154 228 85 150 205 306 341 296 34 59 432 214 405 470 136 208 148 344 50 267 379 6 338 152 143 91 286 27 92 28 269 313 310 8 120 231 329 250 30 13 292 323 172 343 2 431 257 198 9 275 39 126 271 93 177 260 145 324 449 442 160 106 433 381 276 473 403 349 273 443 217 387 461 4 295 248 97 263 169 149 191 373 155 103 105 64 438 178 424 382 114 385 102 52 207 113 256 388 393 319 418 241 209 469 467 225 223 63 396 109 147 242 356 337 325 428 128 348 355 400 407 474 283 311 274 221 69 179 71 452 255 331 233 303 17 24 378 164 95 49 391 401 374 31 422 135 367 372 380 435 220 47 87 12 183 98 227 456 416 308 406 264 302 254 130 351 290 364 389 437 44 192 368 197 245 118 272 134 100 170 158 90 195 153 139 326 335 468 247 440 429 278 350 138 392 144 72 312 235 88 216 446 354 101 16 226 402 346 19 279 174 176 453 249 284 294 466 108 436 0 258 408 125 181 291 104 301 246 430 84 458 22 421 20 330 417 297 131 244 206 386 140 460 132 270 450 119
345
318
203
464 357
369
146
236 61 70 56
35
210
336
189
36 43
162
42
288
180
194
60
96
123
427
201
117
82
340
115
413
307 151
213 240
26 89 1
38
67
300
360
187
5
171
25
173 99 420
165
448 46
107
465 304
45
122 347 298 375 376
434
21 23
29
361
352
62
68
415
332
232
409
18 74
371
40
447
423
451
366
414
412
285
76
397
86
211
353
58
218
315
243
66 185
112
390
37
342
316
395
333
398
322 200
425
110
410
57
7
463
419
166
204
75
11 281 10
287
293 168
383
65
265
280
14
358
472
78
230
234
199
94
282
79
317
404
445
73
309
394 444
81
142
184
239
137
299
48
53
83
363
426
252
455
129
253
167
224
77
186
320
441
314
193
121
141
359
339
15
196
289
219
33
321
54