3 291 160 59 260 470 208 430 118 139 182 458 155 416 440 235 231 220 418 190 105 471 284 95 126 460 100 449 249 71 306 312 433 453 32 402 367 452 170 311 188 223 192 272 257 198 119 114 237 431 263 205 111 327 450 175 248 432 294 159 131 421 55 384 127 330 215 348 381 2 88 228 145 255 242 84 329 69 313 125 177 279 335 382 296 195 247 401 222 19 362 428 295 158 209 101 343 169 39 267 379 8 124 152 92 197 373 323 136 411 229 258 16 102 154 97 326 355 90 27 245 191 106 403 128 341 28 338 393 91 302 202 24 435 87 378 269 344 150 22 429 405 273 104 407 250 467 456 172 417 6 466 72 474 391 303 64 30 377 212 51 439 278 207 130 297 301 149 133 385 264 459 469 157 20 214 93 216 241 41 156 364 98 354 274 47 52 424 12 246 266 183 396 163 17 325 386 319 462 109 408 271 144 305 442 351 310 337 174 238 277 370 275 372 457 44 80 392 161 461 406 262 422 387 221 283 290 350 164 13 233 328 103 50 388 179 147 63 349 132 181 178 276 438 356 254 454 135 368 226 473 324 138 331 380 140 399 308 261 244 34 256 153 113 346 446 227 389 108 31 292 9 148 400 143 251 436 134 217 334 4 437 176 268 85 374 0 206 365 49 468 286 259 116 120 443 270
345
318
203
464 357
369
146
56 61 70 236
35
210
336
189
36 43
162
42
288
180
194
60
96
123
427
201
117
82
340
115
413
151 307
240 213
26 89 1
38
67
300
360
187
5
171
25
420 99 173
165
46 448
107
304 465
45
347 376 298 122 375
434
21 23
29
361
352
62
68
415
332
232
409
18 74
371
40
447
423
451
366
414
412
285
76
397
86
211
353
58
218
315
243
66 185
112
390
37
342
316
395
333
398
200 322
425
110
410
57
7
463
419
166
204
75
10 11 281
287
168 293
383
65
265
280
14
358
472
78
230
225
234
199
94
282
79
317
404
445
73
309
394 444
81
142
184
239
137
299
48
53
83
363
426
252
455
129
253
167
224
77
186
320
441
314
193
121
141
359
339
15
196
289
219
33
321
54