131 452 2 235 238 145 244 140 6 221 92 256 135 417 13 8 88 241 343 308 250 471 51 63 198 354 257 205 458 454 258 156 443 272 84 202 277 436 237 126 372 3 305 388 245 330 197 144 44 39 147 159 248 329 105 93 216 384 346 380 153 125 269 432 379 52 421 231 439 319 102 338 459 297 133 261 103 163 406 190 268 462 286 344 215 355 24 263 220 386 174 251 85 400 429 323 158 453 381 377 95 169 207 104 279 246 292 132 470 295 460 411 209 160 4 301 260 212 396 98 273 20 119 401 408 291 402 466 148 365 431 249 226 22 468 278 275 155 150 435 424 27 385 229 69 242 111 228 337 16 97 356 378 116 368 306 461 351 312 118 143 214 296 179 157 473 474 181 349 172 170 255 183 80 303 450 233 405 393 350 310 341 387 324 325 34 267 438 334 28 457 382 276 440 100 266 416 149 101 290 392 433 128 437 0 161 348 138 373 407 223 47 247 331 374 124 113 367 403 206 294 176 467 192 227 283 30 50 41 335 327 449 311 130 109 302 418 31 59 134 72 91 32 49 188 364 139 19 195 313 254 71 182 430 191 270 456 326 127 114 271 362 391 389 175 328 178 154 120 177 469 222 12 422 108 370 106 208 152 259 442 217 428 399 90 284 64 164 136 262 264 87 9 17 55
345
318
203
464 357
369
146
56 70 61 236
35
210
336
189
36
162
42
288
180
194
60
96
123
427
201
117
82
340
115
413
307 151
240 213
89 1 26
38
67
300
360
187
5
171
25
99 173 420
165
448 46
107
304 465
45
375 376 122 347 298
434
23 21
29
361
352
62
68
415
332
232
409
74 18
371
40
447
423
451
366
414
412
285
76
43
397
86
211
353
58
446
218
315
243
185 66
112
390
37
342
316
395
333
398
200 322
425
110
410
57
7
463
419
166
204
75
10 11 281
287
168 293
383
65
265
280
14
358
472
78
230
225
234
199
94
282
79
317
404
445
73
309
444 394
81
142
274
184
239
137
299
48
53
83
363
426
252
455
129
253
167
224
77
186
320
441
314
193
121
141
359
339
15
196
289
219
33
321
54