272 172 349 346 132 148 364 191 403 431 296 221 399 197 334 270 407 34 17 216 47 30 102 337 473 392 393 106 231 442 335 269 389 160 311 474 133 190 370 202 273 80 50 120 379 214 19 248 276 348 329 323 457 188 85 90 245 249 264 41 372 158 170 127 124 277 109 261 456 28 32 247 297 93 351 104 233 421 9 163 0 344 51 4 388 263 69 292 438 63 136 182 286 114 220 118 145 154 3 458 467 258 450 16 326 381 161 242 256 259 95 266 52 6 27 284 174 267 386 325 365 310 156 150 72 417 177 125 244 470 260 164 291 178 303 228 126 429 198 278 443 31 13 169 100 305 338 405 302 424 237 437 400 155 436 401 222 368 183 250 380 343 241 350 246 378 92 44 175 134 384 294 111 226 324 440 391 435 428 373 229 71 367 275 461 195 209 354 408 192 382 301 153 262 206 144 279 159 91 235 87 103 396 20 433 406 149 295 208 24 453 157 356 147 212 64 181 113 55 131 432 143 140 128 227 215 105 97 355 469 119 328 271 138 460 341 452 257 179 59 116 176 8 290 471 217 255 387 374 313 430 377 101 416 308 268 331 130 135 39 49 466 238 411 152 327 84 306 454 439 418 205 330 207 422 251 402 312 468 223 362 283 12 22 98 462 139 108 385 254 319 449 459
345
318
203
357 464
369
146
70 61 236 56
35
2 88
210
336
189
36
162
42
288
180
194
60
96
123
427
201
117
82
340
115
413
151 307
240 213
1 26 89
38
67
300
360
187
5
171
25
420 173 99
165
448 46
107
304 465
45
376 375
434
23 21
29
361
352
62
68
415
332
232
409
74 18
371
40
447
423
451
366
414
412
285
76
43
397
86
211
353
58
446
218
315
243
185 66
112
390
37
342
316
395
333
398
200 322
425
110
410
57
7
463
419
166
204
75
11 10 281
287
168 293
383
65
265
280
14
358
472
78
230
225
234
199
347 298 122
94
282
79
317
404
445
73
309
394 444
81
142
274
184
239
137
299
48
53
83
363
426
252
455
129
253
167
224
77
186
320
441
314
193
121
141
359
339
15
196
289
219
33
321
54