150 464 381 133 195 43 143 380 394 127 378 170 171 55 188 430 37 409 358 302 179 287 227 244 222 57 364 432 265 450 110 307 220 229 198 320 147 152 277 226 441 78 27 164 79 94 390 93 306 217 197 109 363 8 11 449 405 113 7 101 104 118 392 297 445 362 108 53 142 111 333 299 5 123 103 426 22 321 275 28 173 245 39 138 59 456 119 447 250 360 387 178 413 98 156 462 231 10 26 281 274 193 261 125 422 194 344 183 339 382 182 163 161 289 418 352 345 66 216 388 473 233 89 353 401 137 214 322 284 62 209 210 455 303 51 474 253 141 347 206 136 278 45 190 192 65 326 56 292 199 423 158 429 457 421 335 379 54 355 91 117 294 290 180 446 230 215 470 367 327 350 424 18 14 63 82 308 472 60 341 439 440 85 407 17 80 181 402 29 134 129 75 428 128 317 167 273 175 396 223 33 242 385 132 145 30 124 76 15 221 64 406 36 298 461 172 349 416 338 236 291 203 425 157 296 329 106 448 92 469 315 42 72 16 259 467 240 325 370 35 454 395 400 86 361 238 397 343 471 420 365 285 384 224 309 348 184 256 268 237 369 376 312 47 342 219 366 218 444 77 393 159 279 2 272 391 356 48 102 235 126 32 258 293 269 383 96 247 95 74 131 84 427 4 399 408 334 324 122 328 9 286 436 20 288 359 460 300 52 357 34 331 213 251 6 81 410 374 165 351 249 31 70 463 433 21 280 25 130 204 411 368 264 120 177 148 212 44 38 144 107 174 154 313 431 337 73 437 263 166 403 305 151 207 375 459 270 100 276 24 283 88 468 346 241 149 452 140 466 435 246 295 105 372 41 260 371 153 116 243 354 225 160 314 191 189 257 254 112 201 0 443 332 415 310 90 135 340 185 262 168 87 208 255 248 49 46 373 438 58 186 200 377 99 232 451 336 266 69 139 155 316 1 68 301 202 318 458 169 453 330 386 389 19 442 267 50 12 252 114 211 162 40 311 61 71 228 205 176 417 271 97 319 13 434 3 323 23 234
146
115
67
187
465 304
414
412
398
419
282
404
239
83
121
196