458 325 400 278 148 44 422 429 350 407 456 197 337 114 202 190 311 291 256 331 241 4 212 338 260 24 324 64 251 220 356 152 388 362 343 100 396 273 277 147 125 159 272 242 183 389 351 250 233 329 264 248 246 216 468 435 259 341 174 157 392 249 149 13 80 416 95 222 471 449 310 313 130 245 59 116 227 348 378 111 97 150 206 247 432 163 406 266 428 286 442 172 284 443 436 355 335 393 6 138 217 170 405 98 382 418 101 28 158 87 126 221 417 124 27 346 270 459 85 175 9 207 473 49 319 380 179 155 12 72 181 385 161 3 452 143 261 276 0 120 268 31 47 372 254 306 144 408 237 103 154 367 460 164 32 34 132 30 469 255 295 195 461 344 292 269 55 208 214 267 374 160 205 135 302 453 91 19 145 354 50 421 229 140 467 381 169 403 119 128 93 191 330 364 238 228 22 104 51 283 328 133 131 188 454 108 69 399 437 209 271 134 244 226 105 431 178 438 462 176 258 198 430 296 192 323 466 440 424 386 223 349 92 275 90 41 308 290 326 235 391 474 294 279 118 127 470 303 457 20 136 52 439 215 109 257 301 39 312 102 262 402 106 305 71 17 177 377 16 368 8 231 156 387 433 63 297 113 334 401 370 450 84 263 139 384
345
318
203
464 357
369
146
70 61 236 56
35
2 88
210
336
189
36
162
42
288
379
180
194
60
96
123
427
201
117
82
340
115
413
151 307
213 240
1 26 89
38
67
300
360
187
5
171
25
420 99
165
448 46
107
304 465
45
375 376
434
173
23 21
29
361
352
62
68
415
332
232
409
18 74
371
40
447
423
451
366
414
412
285
411 153 365 327 182 373
76
43
397
86
211
353
58
446
218
315
243
185 66
112
390
37
342
316
395
333
398
200 322
425
110
410
57
7
463
419
166
204
75
281 10 11
287
168 293
383
65
265
280
14
358
472
78
230
225
234
199
347 298 122
94
282
79
317
404
445
73
309
444 394
81
142
274
184
239
137
299
48
53
83
363
426
252
455
129
253
167
224
77
186
320
441
314
193
121
141
359
339
15
196
289
219
33
321
54