469 374 328 59 157 405 3 154 217 169 403 100 140 176 350 343 216 138 295 246 47 471 158 452 401 310 388 93 128 272 337 55 458 474 431 349 264 72 461 348 259 207 438 372 367 34 392 226 27 338 326 41 273 17 306 377 144 399 269 292 437 408 177 190 277 296 470 473 456 231 356 91 159 161 313 278 64 163 303 85 222 0 179 147 257 150 384 136 433 284 381 233 95 421 63 435 90 126 28 319 418 432 103 261 120 262 155 130 386 459 275 119 50 324 109 205 143 468 4 354 105 242 116 80 422 49 249 208 32 178 181 330 430 97 302 135 263 424 462 271 429 400 175 258 406 276 380 391 344 195 215 355 19 220 101 131 331 104 266 244 152 378 291 16 214 228 351 13 382 84 8 260 362 229 31 114 71 442 102 255 402 191 106 227 364 467 170 160 235 237 156 254 183 450 290 301 396 9 149 52 329 286 124 248 221 251 457 312 245 416 69 440 428 197 279 283 12 294 334 132 443 305 250 346 39 139 108 148 125 247 389 267 172 241 466 387 407 202 223 270 308 385 370 212 134 6 335 209 92 164 127 133 460 341 417 188 325 24 98 256 323 454 51 311 174 436 111 30 393 206 22 198 268 439 113 449 87 20 238 453 368 44 145 118 192
345
318
203
464 357
369
297
146
61 70 56 236
35
88 2
210
336
189
36
162
42
288
379
180
194
60
96
123
427
201
117
82
340
115
413
307 151
240 213
1 89 26
38
67
300
360
187
5
171
25
420 99
165
448 46
107
465 304
45
376 375
434
173
23 21
29
361
352
62
68
415
332
232
409
18 74
371
40
447
423
451
366
414
412
285
153 182 373 327 411 365
76
43
397
86
211
353
58
446
218
315
243
185 66
112
390
37
342
316
395
333
398
322 200
425
110
410
57
7
463
419
166
204
75
11 10 281
287
293 168
383
65
265
280
14
358
472
78
230
225
234
199
122 298 347
94
282
79
317
404
445
73
309
394 444
81
142
274
184
239
137
299
48
53
83
363
426
252
455
129
253
167
224
77
186
320
441
314
193
121
141
359
339
15
196
289
219
33
321
54