438 126 270 396 378 271 179 223 418 113 55 245 251 275 474 160 402 102 355 221 277 260 17 405 177 214 439 362 269 235 337 244 346 301 215 295 382 305 440 116 256 205 231 258 367 202 140 159 421 306 87 406 44 460 13 188 246 98 291 228 263 296 135 220 124 249 51 428 52 130 91 348 408 114 328 128 417 386 85 323 209 393 389 385 97 422 227 257 284 3 175 356 127 350 31 462 292 273 148 30 170 334 104 118 222 150 377 143 50 131 132 139 262 335 63 471 8 399 19 22 442 431 312 325 229 172 106 4 456 469 344 278 372 313 453 330 473 324 20 381 49 206 109 294 319 242 432 108 149 290 247 119 400 59 181 198 436 216 93 103 303 226 90 437 125 374 343 217 100 458 34 267 384 368 250 156 433 64 466 416 279 302 92 387 12 190 443 154 254 16 311 197 133 380 286 192 174 452 308 391 430 152 407 454 27 157 39 261 276 264 233 111 403 161 191 195 351 450 80 388 164 178 349 331 467 338 470 105 9 69 272 212 32 468 364 266 6 183 255 144 147 155 392 138 461 237 248 354 163 101 71 435 370 449 24 207 169 136 41 0 310 457 145 238 84 326 208 401 241 158 120 259 329 47 176 424 283 429 72 341 268 28 134 95
345
318
203
464 357
369
297
146
70 56 61 236
35
2 88
210
336
189
36
162
42
288
379
180
194
60
96
123
427
201
117
82
340
115
413
151 307
213 240
89 26 1
38
67
300
360
187
5
171
25
99 420
165
448 46
107
304 465
45
376 375
434
173
21 23
29
361
352
62
68
415
332
232
409
18 74
371
40
447
423
451
366
414
412
285
411 153 373 365 327 182
76
43
397
86
211
353
58
446
218
315
243
185 66
112
459
390
37
342
316
395
333
398
200 322
425
110
410
57
7
463
419
166
204
75
11 10 281
287
293 168
383
65
265
280
14
358
472
78
230
225
234
199
347 298 122
94
282
79
317
404
445
73
309
444 394
81
142
274
184
239
137
299
48
53
83
363
426
252
455
129
253
167
224
77
186
320
441
314
193
121
141
359
339
15
196
289
219
33
321
54