368 335 13 233 242 208 474 473 407 223 435 291 284 421 16 424 374 177 259 290 416 228 355 310 205 222 440 388 462 430 384 271 28 159 160 275 431 116 19 27 433 276 63 191 104 197 85 188 126 91 443 346 148 343 20 261 3 249 405 229 164 248 214 305 278 454 12 400 106 44 270 69 170 102 134 158 362 133 95 125 55 370 266 354 144 283 114 8 124 181 244 34 255 344 24 267 458 437 301 263 251 467 52 195 215 238 303 120 131 406 132 308 334 84 460 221 212 17 260 226 438 4 468 209 250 80 147 178 386 393 175 217 246 90 279 6 0 326 396 257 32 247 264 179 47 348 312 227 139 207 64 22 466 140 331 119 50 161 150 295 269 403 71 429 39 109 105 174 157 329 453 450 372 154 135 457 202 469 256 206 258 471 172 231 143 49 442 391 169 392 92 306 108 292 100 378 470 380 432 456 149 183 254 341 387 351 136 313 245 273 97 41 9 418 145 98 93 128 401 118 311 59 449 163 235 436 330 428 241 31 350 192 408 138 286 338 262 461 152 452 439 277 389 113 156 399 381 402 127 377 382 30 337 364 103 417 325 87 190 176 294 323 296 324 72 422 198 51 272 155 356 111 349 220 130 268 319 237 328 385 302 367 101 216
345
318
203
357 464
369
297
146
236 61 70 56
35
2 88
210
336
189
36
162
42
288
379
180
194
60
96
123
427
201
117
82
340
115
413
151 307
240 213
89 1 26
38
67
300
360
187
5
171
25
99 420
165
46 448
107
304
45
375 376
434
173
21 23
29
361
352
62
68
415
332
232
409
74 18
371
40
447
423
451
366
414
412
285
411 153 373 327 365 182
76
43
397
86
211
353
58
446
218
315
243
185 66
112
459
390
37
342
316
395
333
398
200 322
425
110
410
57
7
463
419
166
204
75
281 10 11
287
293 168
383
65
265
280
14
358
472
78
230
225
234
199
298 122 347
94
282
79
317
404
445
73
309
394 444
81
142
274
184
239
137
299
48
53
83
363
426
252
455
129
253
465
167
224
77
186
320
441
314
193
121
141
359
339
15
196
289
219
33
321
54