418 176 145 393 403 428 72 90 124 406 377 367 28 92 157 191 401 147 80 456 301 460 468 270 238 250 251 233 474 109 175 364 324 378 334 277 133 440 461 350 430 209 437 228 247 311 355 470 312 126 85 150 326 69 93 149 439 128 132 374 197 405 44 16 328 341 272 279 310 98 155 4 207 325 290 64 260 235 51 190 432 368 396 104 305 399 454 267 384 59 294 102 407 417 138 381 143 97 268 306 214 452 263 392 351 457 31 95 41 308 158 266 208 91 136 131 271 198 387 380 174 335 370 188 330 262 202 87 295 354 313 206 400 462 181 319 331 254 169 344 249 118 183 466 163 469 227 152 261 135 177 103 116 450 436 256 139 34 391 242 71 127 296 9 453 284 49 275 246 55 192 111 433 134 205 17 159 47 100 372 348 226 154 0 113 386 431 130 212 156 114 449 302 148 388 178 223 52 3 32 467 231 244 84 140 389 385 421 349 20 276 362 216 245 217 338 258 164 255 222 19 337 125 106 13 257 408 259 8 27 215 443 160 248 220 264 473 170 108 22 119 303 283 416 229 195 424 179 30 442 402 471 292 356 241 24 429 458 161 12 343 221 237 63 291 172 101 435 382 39 105 329 438 269 422 6 273 323 286 346 50 278 120
345
318
203
357 464
369
297
146
70 61 56 236
35
88 2
210
336
189
36
162
42
288
379
180
194
60
96
123
427
201
117
82
340
115
413
151 307
213 240
26 89 1
38
67
300
360
187
5
171
25
420 99
165
448 46
107
304
45
376 375
434
173
23 21
29
361
352
62
68
415
332
232
409
74 18
371
40
447
423
451
366
414
412
285
365 153 373 327 182 411
76
43
397
86
211
353
58
446
218
144
315
243
66 185
112
459
390
37
342
316
395
333
398
200 322
425
110
410
57
7
463
419
166
204
75
11 10 281
287
168 293
383
65
265
280
14
358
472
78
230
225
234
199
298 122 347
94
282
79
317
404
445
73
309
394 444
81
142
274
184
239
137
299
48
53
83
363
426
252
455
129
253
465
167
224
77
186
320
441
314
193
121
141
359
339
15
196
289
219
33
321
54