436 156 101 349 399 378 84 374 135 245 183 138 229 47 355 64 223 387 111 134 296 377 259 266 91 104 222 396 284 384 126 250 3 310 87 422 174 319 9 256 267 468 263 215 391 190 354 388 30 452 346 192 120 291 148 389 362 175 32 449 100 278 337 392 97 16 418 356 277 159 19 102 179 143 8 456 294 206 108 209 386 350 331 271 435 439 442 338 228 212 473 255 154 95 244 430 231 127 344 303 116 106 381 205 257 273 467 432 80 440 145 152 71 393 147 416 109 133 49 198 246 283 248 181 460 41 408 261 438 44 69 158 471 313 52 462 405 72 27 207 150 457 51 428 461 227 125 12 400 130 424 160 4 59 417 139 170 335 90 292 295 55 161 308 169 6 326 197 34 118 312 458 221 177 188 348 407 113 258 470 325 155 28 124 39 119 302 92 341 157 172 343 330 233 368 270 93 114 195 385 324 364 306 367 163 279 103 24 13 402 191 242 237 238 469 202 50 403 466 220 305 276 136 290 431 128 214 226 429 132 251 105 421 17 176 334 372 286 22 329 351 328 260 454 85 323 63 0 20 401 311 241 249 301 217 269 272 453 98 235 437 216 264 247 208 443 149 406 370 178 131 380 31 254 268 382 275 164
345
318
203
357 464
369
297
146
70 236 56 61
35
2 88
210
336
189
36
162
42
288
379
180
194
60
96
123
427
201
117
82
340
115
413
151 307
240 213
1 89 26
140
38
67
300
360
187
5
171
25
420
165
46 448
107
304
45
376 375
434
262 433
173
23 21
29
361
352
62
68
415
332
232
409
18 74
371
40
447
450
423
451
366
414
412
285
182 153 411 365 327 373
474
76
43
397
86
211
353
58
446
218
144
315
243
185 66
112
99
459
390
37
342
316
395
333
398
200 322
425
110
410
57
7
463
419
166
204
75
281 11 10
287
168 293
383
65
265
280
14
358
472
78
230
225
234
199
298 122 347
94
282
79
317
404
445
73
309
444 394
81
142
274
184
239
137
299
48
53
83
363
426
252
455
129
253
465
167
224
77
186
320
441
314
193
121
141
359
339
15
196
289
219
33
321
54