50 331 335 154 254 306 402 291 355 255 226 127 400 104 308 20 457 120 348 381 430 268 108 136 119 380 31 273 370 147 92 198 150 118 145 338 272 0 392 351 179 163 202 237 4 305 302 393 34 133 452 246 214 292 188 438 131 328 264 396 205 93 222 30 242 156 324 52 9 113 403 63 319 27 244 249 311 103 241 263 130 354 181 135 416 22 231 417 228 310 408 257 432 301 453 471 100 8 152 155 6 442 421 178 344 251 124 220 341 90 389 217 12 177 247 238 3 431 284 391 469 164 461 377 343 59 458 346 227 382 172 385 208 157 367 388 269 235 19 386 132 313 356 467 283 71 422 271 158 233 138 85 378 116 407 439 111 349 41 206 462 143 449 192 95 139 49 468 102 275 223 364 436 424 105 374 295 98 372 169 368 456 405 466 215 277 418 473 174 406 148 149 183 330 429 24 109 125 191 87 51 128 250 32 296 334 266 84 454 294 258 443 80 47 16 256 134 470 267 159 437 190 350 435 384 69 55 39 195 326 270 325 286 221 216 229 428 460 401 323 276 126 399 245 209 114 101 259 106 260 176 261 72 440 337 303 28 248 207 290 17 212 387 160 161 44 312 64 13 97 91 197 362 175 278 329 279
345
318
203
357 464
369
297
146
70 56 61 236
35
88 2
210
336
189
36
162
42
288
379
180
194
60
96
123
427
201
117
82
340
115
413
307 151
213 240
1 26 89
140
38
67
300
360
187
5
171
25
420
165
448 46
107
304
45
376 375
434
262 433
173
21 23
29
361
352
170
62
68
415
332
232
409
18 74
371
40
447
450
423
451
366
414
412
285
373 327 153 411 365 182
474
76
43
397
86
211
353
58
446
218
144
315
243
66 185
112
99
459
390
37
342
316
395
333
398
200 322
425
110
410
57
7
463
419
166
204
75
281 11 10
287
293 168
383
65
265
280
14
358
472
78
230
225
234
199
347 298 122
94
282
79
317
404
445
73
309
444 394
81
142
274
184
239
137
299
48
53
83
363
426
252
455
129
253
465
167
224
77
186
320
441
314
193
121
141
359
339
15
196
289
219
33
321
54