242 467 50 159 205 103 387 324 132 380 44 158 341 469 456 217 367 301 267 454 391 402 275 264 154 235 85 283 417 279 55 229 127 0 59 362 384 277 98 435 453 443 460 195 364 449 260 319 20 163 22 164 80 250 12 128 221 87 473 49 124 28 329 422 271 470 246 226 214 179 261 114 399 178 16 233 175 155 120 241 421 97 191 4 47 270 31 212 227 337 388 418 100 9 92 438 377 323 247 403 437 312 126 69 355 109 249 220 147 131 177 286 273 63 27 52 269 405 202 106 330 251 458 431 135 190 101 325 176 400 406 368 466 350 396 104 30 51 385 19 228 138 295 266 255 471 346 71 328 338 256 268 442 335 276 311 118 392 248 237 157 462 348 34 169 152 263 24 136 148 160 432 149 84 113 111 372 344 6 306 294 370 119 8 150 17 39 374 407 125 198 278 208 401 231 41 408 258 108 292 197 326 102 139 428 72 331 382 308 183 222 90 174 133 461 291 452 238 105 32 134 245 215 116 209 244 439 430 206 457 436 381 386 192 181 259 424 349 429 91 172 334 3 254 284 302 296 440 257 303 143 93 130 64 305 356 290 95 343 416 13 156 310 313 272 389 468 216 161 188 223 354
345
318
203
357 464
369
297
146
61 70 56 236
35
88 2
210
336
189
36
162
145 378 393 207
42
288
379
180
194
60
96
123
427
201
117
82
340
115
413
151 307
213 240
89 26 1
140
38
67
300
360
187
5
171
25
420
165
448 46
107
304
45
376 375
434
433 262
173
23 21
29
361
352
170
62
68
415
332
232
409
18 74
371
40
447
450
423
451
366
414
412
285
153 411 373 327 182 365
474
76
43
397
86
211
353
58
446
218
144
315
243
185 66
112
99
459
390
37
342
316
395
333
398
322 200
425
110
410
57
7
463
419
166
204
75
10 281 11
287
293 168
383
65
265
280
14
358
472
78
230
225
234
199
298 347 122
94
282
79
317
404
445
73
309
444 394
81
142
274
184
239
137
299
48
53
83
363
426
252
455
129
253
465
351
167
224
77
186
320
441
314
193
121
141
359
339
15
196
289
219
33
321
54