235 237 223 439 163 328 190 319 104 64 28 277 405 396 392 435 32 384 402 343 275 323 380 401 98 8 453 120 19 177 228 344 136 84 119 13 238 385 114 248 462 100 202 188 349 268 92 443 291 324 399 0 215 214 338 175 157 382 389 269 362 467 438 440 276 16 273 354 20 133 246 227 91 24 90 106 205 212 255 469 286 179 247 471 164 197 152 17 370 244 226 245 368 377 118 154 169 71 254 191 381 294 181 160 292 231 47 131 149 102 178 80 97 209 49 220 59 325 216 208 346 147 430 50 116 134 221 192 306 138 278 391 41 387 264 159 156 355 4 456 302 259 69 295 158 400 198 457 101 242 261 431 406 125 330 206 222 113 44 337 470 183 449 161 350 257 143 311 31 452 34 290 364 421 103 258 424 22 283 403 250 135 341 176 418 473 301 461 312 52 148 251 335 429 111 155 260 139 85 9 422 416 432 174 93 128 296 6 310 279 454 374 150 437 109 195 263 30 428 284 55 217 233 348 12 356 408 63 3 241 256 272 132 458 270 72 124 329 95 126 267 305 249 108 313 127 372 266 386 308 407 39 388 367 172 468 87 460 436 331 271 130 27 442 105 417 303 466 326 334 229
345
318
203
464 357
369
297
146
236 56 70 61
35
88 2
210
336
189
36
162
378 207 393 145
42
288
379
180
194
60
96
123
427
201
117
82
340
115
413
151 307
240 213
89 26 1
140
38
67
300
360
187
5
171
25
420
165
448 46
107
304
45
376 375
434
433 262
173
23 21
29
361
352
170
62
68
415
332
232
409
74 18
371
40
447
450
423
451
366
414
412
285
411 182 373 365 327 153
474
76
43
397
86
211
353
58
446
218
144
315
243
66 185
112
99
459
390
37
342
316
395
333
398
200 322
425
110
410
57
7
463
419
166
204
75
10 281 11
287
293 168
383
65
265
280
14
358
472
78
230
225
234
199
122 347 298
94
282
79
51
317
404
445
73
309
444 394
81
142
274
184
239
137
299
48
53
83
363
426
252
455
129
253
465
351
167
224
77
186
320
441
314
193
121
141
359
339
15
196
289
219
33
321
54