277 178 55 206 231 453 460 302 9 197 111 305 267 44 0 346 400 24 136 108 405 275 161 254 286 306 246 128 71 157 402 102 370 4 72 69 124 163 273 341 439 308 148 263 356 283 403 175 271 209 326 215 32 127 84 47 80 20 130 245 430 97 241 424 247 257 116 120 214 443 16 384 349 310 30 266 407 362 458 91 109 296 331 348 467 138 462 367 132 269 399 92 226 93 312 227 313 101 183 295 392 260 255 12 229 270 95 228 294 188 385 350 105 388 416 284 468 368 303 386 13 401 49 256 432 387 87 324 250 436 190 290 338 6 330 52 276 301 205 176 440 143 195 454 8 41 343 406 28 104 179 34 237 372 233 466 418 244 59 292 160 31 325 334 319 248 154 150 198 381 251 114 382 27 19 268 164 90 364 149 442 417 328 471 63 172 139 431 435 473 202 249 113 192 22 311 174 64 106 374 438 181 380 335 216 208 456 131 429 437 159 377 125 177 147 261 470 278 337 258 221 238 355 39 422 242 222 344 220 158 3 85 428 223 259 396 119 191 329 391 98 152 389 461 134 217 452 212 264 421 408 354 323 103 118 449 155 135 457 272 291 156 133 126 279 17 469 169 50 100
345
318
203
464 357
369
297
146
70 61 236 56
35
88 2
210
336
189
36
162
145 207 393 378
42
288
379
180
194
60
96
123
427
201
117
82
340
115
413
151 307
240 213
1 26 89
140
38
67
300
360
187
5
171
25
420
165
46 448
107
304
45
375 376
434
262 433
173
23 21
29
361
352
170
62
68
415
332
232
409
74 18
371
40
447
450
423
451
235
366
414
412
285
365 182 327 411 153 373
474
76
43
397
86
211
353
58
446
218
144
315
243
66 185
112
99
459
390
37
342
316
395
333
398
322 200
425
110
410
57
7
463
419
166
204
75
11 10 281
287
293 168
383
65
265
280
14
358
472
78
230
225
234
199
347 122 298
94
282
79
51
317
404
445
73
309
444 394
81
142
274
184
239
137
299
48
53
83
363
426
252
455
129
253
465
351
167
224
77
186
320
441
314
193
121
141
359
339
15
196
289
219
33
321
54