126 217 402 136 119 9 52 386 231 20 380 12 44 216 226 246 127 197 328 270 59 254 405 442 422 92 4 181 118 387 103 286 250 301 278 384 172 432 400 116 6 292 343 449 8 439 435 3 133 39 214 305 208 350 50 192 159 220 174 183 163 233 221 325 295 106 429 125 291 330 147 329 396 437 16 154 462 80 34 261 372 399 90 139 205 245 95 143 223 389 424 279 268 440 102 175 271 242 381 114 13 212 438 227 385 134 248 155 87 49 190 249 284 319 391 244 276 377 237 177 179 260 131 100 269 135 283 156 157 238 120 132 331 313 346 215 296 273 259 349 111 303 272 27 138 310 324 348 195 401 164 255 453 368 19 344 421 460 306 334 275 251 341 470 32 362 93 407 47 128 71 418 84 98 323 294 109 337 382 457 202 222 403 124 370 188 436 364 198 28 101 257 247 452 22 169 113 406 55 191 388 176 374 69 206 209 456 263 326 152 41 467 63 228 428 335 392 91 311 430 85 417 160 24 0 241 308 338 266 408 229 354 258 105 158 267 104 72 471 473 312 356 431 458 149 454 30 256 461 17 31 302 264 468 148 466 290 355 97 367 161 178 150 64 469 130 443 416 277
345
318
203
464 357
369
297
146
56 70 61 236
35
2 88
210
336
189
36
162
145 207 393 378
42
288
379
180
194
60
96
123
427
201
117
82
340
115
413
151 307
240 213
1 26 89
140
38
67
300
360
187
5
171
25
420
165
108
46 448
107
304
45
375 376
434
433 262
173
23 21
29
361
352
170
62
68
415
332
232
409
74 18
371
40
447
450
423
451
235
366
414
412
285
373 327 365 153 411 182
474
76
43
397
86
211
353
58
446
218
144
315
243
66 185
112
99
459
390
37
342
316
395
333
398
322 200
425
110
410
57
7
463
419
166
204
75
10 11 281
287
168 293
383
65
265
280
14
358
472
78
230
225
234
199
298 347 122
94
282
79
51
317
404
445
73
309
394 444
81
142
274
184
239
137
299
48
53
83
363
426
252
455
129
253
465
351
167
224
77
186
320
441
314
193
121
141
359
339
15
196
289
219
33
321
54