268 147 222 260 380 188 135 136 442 237 312 255 277 387 330 283 155 247 292 39 190 102 172 109 30 341 197 335 198 50 381 452 350 468 169 286 449 179 238 191 418 119 101 156 183 416 208 120 90 215 59 384 272 17 269 126 460 9 435 20 408 355 209 367 143 325 249 163 154 470 130 443 291 454 231 391 34 69 343 403 319 202 177 271 164 103 364 105 3 28 439 216 97 323 217 346 116 302 389 348 258 275 84 279 295 226 368 305 382 440 276 331 311 125 19 284 473 438 27 310 80 212 328 248 396 245 344 113 158 22 148 244 456 4 377 71 406 229 386 432 223 13 313 257 157 104 388 128 428 407 131 63 437 106 471 431 31 399 41 6 430 466 270 308 206 174 160 176 261 326 95 139 421 401 250 227 192 362 8 356 259 296 400 114 436 306 337 91 134 32 111 267 175 462 98 251 127 100 241 354 152 242 263 429 338 349 374 0 181 424 85 469 256 264 72 221 64 228 266 405 294 195 52 150 55 290 392 92 385 124 402 458 205 301 44 273 132 16 214 329 334 461 220 324 233 161 12 118 303 370 453 457 87 24 278 178 138 417 246 49 422 47 467 159 372 133 254 149
345
318
203
464 357
369
297
146
61 236 56 70
35
2 88
210
336
189
36
162
207 378 393 145
42
288
379
180
194
60
96
123
427
201
117
82
93
340
115
413
151 307
240 213
89 26 1
140
38
67
300
360
187
5
171
25
420
165
108
46 448
107
304
45
376 375
434
262 433
173
23 21
29
361
352
170
62
68
415
332
232
409
74 18
371
40
447
450
423
451
235
366
414
412
285
411 153 182 373 365 327
474
76
43
397
86
211
353
58
446
218
144
315
243
185 66
112
99
459
390
37
342
316
395
333
398
322 200
425
110
410
57
7
463
419
166
204
75
10 281 11
287
168 293
383
65
265
280
14
358
472
78
230
225
234
199
347 298 122
94
282
79
51
317
404
445
73
309
394 444
81
142
274
184
239
137
299
48
53
83
363
426
252
455
129
253
465
351
167
224
77
186
320
441
314
193
121
141
359
339
15
196
289
219
33
321
54