290 335 134 328 380 31 126 277 241 183 329 385 284 113 247 139 4 111 264 17 337 128 405 263 461 310 367 28 473 92 296 227 326 205 462 386 302 90 416 202 244 354 374 424 439 209 136 437 226 246 3 131 148 261 119 237 159 452 269 399 275 118 456 52 50 362 348 254 228 229 295 343 6 157 305 460 283 257 467 9 152 172 158 195 428 181 174 63 0 430 432 313 87 250 41 438 443 223 120 400 98 381 154 72 104 175 13 401 388 470 308 406 440 84 138 149 64 245 177 214 217 418 100 179 178 270 306 350 421 325 85 106 16 338 324 161 429 27 102 449 279 191 24 71 355 198 132 471 319 124 469 169 34 222 301 417 403 44 422 8 156 97 344 242 160 109 95 458 349 330 346 255 143 190 249 278 276 231 12 105 312 272 370 32 273 454 442 130 19 384 407 233 331 323 402 248 216 133 303 271 103 311 382 49 114 39 408 341 392 436 368 294 101 387 377 59 215 212 20 163 267 69 286 176 291 47 238 466 55 391 80 127 468 292 155 147 389 251 268 116 150 192 197 457 260 22 208 206 266 334 188 221 30 435 256 91 453 259 220 372 164 396 258 356
345
318
203
464 357
369
297
146
56 61 236 70
35
2 88
210
336
189
36
162
393 207 145 378
42
288
379
180
194
60
96
123
427
201
117
82
93
340
115
413
151 307
240 213
1 26 89
140
38
67
300
360
187
5
171
25
420
165
108
448 46
107
304
431 135
45
375 376
434
262 433
173
21 23
29
361
352
170
62
68
415
332
232
409
74 18
371
40
447
450
423
451
235
366
414
412
285
411 365 182 373 153 327
474
76
43
397
86
211
353
58
446
218
144
315
243
185 66
112
99
459
390
37
342
316
395
333
398
200 322
425
110
410
57
7
463
419
166
204
75
10 281 11
287
168 293
383
65
265
280
14
358
472
78
230
225
234
199
122 298 347
94
282
79
51
317
125
404
445
73
309
394 444
81
142
274
184
239
137
299
48
53
83
364
363
426
252
455
129
253
465
351
167
224
77
186
320
441
314
193
121
141
359
339
15
196
289
219
33
321
54