128 402 319 120 231 442 267 323 102 116 348 39 326 131 155 460 133 334 305 266 103 341 313 143 250 172 52 466 279 388 454 55 335 436 251 178 286 111 263 12 381 237 241 0 27 343 223 24 256 80 220 134 271 161 374 59 154 458 290 19 283 9 257 255 428 3 275 206 175 453 90 418 160 228 467 106 195 209 303 264 164 249 127 28 244 130 384 216 229 329 97 372 214 310 92 470 355 248 437 324 72 396 181 438 471 258 227 149 338 382 16 440 461 118 354 44 192 421 407 124 217 443 85 169 91 191 439 306 417 8 87 468 380 105 385 399 272 205 176 101 422 346 392 212 295 435 278 457 312 139 20 408 31 22 190 469 148 13 233 109 177 259 71 113 198 389 119 84 247 183 350 238 157 242 63 41 302 174 260 452 156 147 98 188 64 34 325 158 4 449 30 221 197 368 331 270 100 32 294 308 424 291 6 362 17 330 387 403 254 391 269 226 69 179 104 47 49 202 456 367 261 356 430 138 245 159 429 114 208 400 473 370 132 311 95 386 401 292 416 268 246 277 126 406 50 337 377 296 328 349 344 215 462 301 163 136 150 152 432 405
345
318
203
464 357
369
297
146
236 61 70 56
35
2 88
210
336
189
36
162
393 207 378 145
42
288
379
180
194
60
96
123
427
201
117
82
93
273 276
340
115
413
151 307
240 213
26 89 1
140
38
67
300
360
187
5
171
25
420
165
108
448 46
107
304
135 431
45
376 375
434
433 262
222
173
21 23
29
361
352
170
62
68
415
332
232
409
18 74
371
40
447
450
423
451
235
366
414
412
285
153 411
474
76
43
397
86
211
353
58
446
218
144
315
243
66 185
112
99
459
390
37
342
316
395
333
398
200 322
425
110
410
57
7
463
419
166
204
75
281 11 10
287
293 168
383
65
265
280
14
358
472
78
230
225
234
199
347 122 298
94
282
79
51
317
125
404
445
73
309
444 394
81
142
274
184
182 365 373 327
239
137
299
48
53
284
83
364
363
426
252
455
129
253
465
351
167
224
77
186
320
441
314
193
121
141
359
339
15
196
289
219
33
321
54