355 134 138 3 124 198 241 47 215 460 246 438 155 256 290 261 291 437 330 20 278 469 416 28 458 368 354 302 90 139 269 362 188 9 295 192 251 159 408 157 105 260 245 130 4 396 442 120 372 95 106 449 348 424 13 71 226 418 163 386 24 231 174 220 214 150 55 468 158 338 148 374 286 259 456 422 197 313 325 401 403 292 114 384 344 116 228 275 233 59 127 323 92 370 277 97 126 406 454 301 30 41 267 178 156 312 380 306 388 179 177 237 270 294 326 436 85 439 356 195 430 331 223 385 244 443 242 113 104 209 164 249 334 101 263 191 452 19 63 32 128 257 72 432 417 428 12 407 172 64 111 50 311 440 310 212 44 229 421 264 152 382 335 87 399 387 52 349 429 131 283 8 84 305 176 227 133 16 377 435 143 470 258 102 268 17 402 202 254 109 103 461 22 175 149 208 247 466 154 206 217 272 255 467 392 39 350 91 405 98 31 238 69 346 248 457 391 462 250 271 160 367 266 319 308 471 400 190 296 389 181 343 136 216 221 341 303 161 6 337 100 183 0 329 205 279 473 169 453 147 119 34 328 118 324 49 132 27 80
345
318
203
464 357
369
297
146
70 61 236 56
35
2 88
210
336
189
36
162
378 393 145 207
42
288
379
180
194
60
96
123
427
201
117
82
93
273 276
340
115
413
151 307
240 213
26 1 89
140
38
67
300
360
187
5
171
25
420
165
108
46 448
107
304
381
135 431
45
375 376
434
433 262
222
173
23 21
29
361
352
170
62
68
415
332
232
409
18 74
371
40
447
450
423
451
235
366
414
412
285
153 411
474
76
43
397
86
211
353
58
446
218
144
315
243
185 66
112
99
459
390
37
342
316
395
333
398
200 322
425
110
410
57
7
463
419
166
204
75
11 10 281
287
293 168
383
65
265
280
14
358
472
78
230
225
234
199
122 347 298
94
282
79
51
317
125
404
445
73
309
444 394
81
142
274
184
327 365 182 373
239
137
299
48
53
284
83
364
363
426
252
455
129
253
465
351
167
224
77
186
320
441
314
193
121
141
359
339
15
196
289
219
33
321
54