159 229 246 59 323 362 417 399 452 277 133 386 279 449 154 228 164 64 20 102 436 380 87 319 44 50 266 198 178 461 437 127 119 325 242 248 356 172 454 331 177 435 136 13 85 405 132 124 97 294 467 158 195 401 392 418 55 372 6 208 150 257 310 223 258 470 16 312 267 155 241 245 302 116 202 382 337 12 384 338 191 290 385 31 303 402 109 344 291 313 217 407 367 263 143 34 430 47 72 374 41 190 8 341 256 126 301 368 330 442 268 387 216 416 233 4 103 231 30 396 139 63 354 335 391 254 432 270 175 206 90 95 149 49 181 212 161 120 24 295 468 292 346 460 220 32 422 52 355 260 104 39 92 80 157 453 169 147 440 286 296 244 3 466 458 19 377 22 462 197 17 429 308 192 326 188 101 259 424 406 98 179 130 131 255 389 343 238 148 249 237 91 215 421 306 438 324 251 278 334 275 28 100 469 264 471 0 311 205 428 9 269 227 370 105 221 328 128 349 271 261 183 247 400 84 118 176 106 209 457 163 226 27 214 138 473 160 113 443 134 283 114 408 174 272 439 403 456 350 71 156 329 348 111 388 152 305 69
345
318
203
357 464
369
297
146
61 236 70 56
35
2 88
210
336
189
36
162
145 393 207 378
42
288
379
180
194
60
96
123
427
201
117
82
93
273 276
340
115
413
307 151
240 213
89 1 26
140
38
67
300
360
187
5
171
25
420
165
108
46 448
107
304
381
431 135
45
375 376
434
433 262
222
173
23 21
29
361
352
170
62
68
415
332
232
409
18 74
371
40
447
450
423
451
235
366
414
412
285
411 153
474
76
43
397
86
211
353
58
446
218
144
315
243
185 66
112
99
459
390
37
342
316
395
333
398
200 322
425
110
410
57
7
463
419
166
204
75
10 11 281
287
168 293
383
65
265
280
14
358
472
78
230
225
234
199
298 122 347
94
282
79
51
317
125
404
445
73
309
394 444
81
142
274
184
182 365 373 327
239
137
299
48
53
284
83
364
363
426
252
455
129
253
465
351
167
224
77
186
320
441
314
193
121
250
141
359
339
15
196
289
219
33
321
54