260 442 368 208 6 401 341 241 432 8 355 32 272 422 212 147 469 449 85 328 440 370 102 471 350 430 124 238 178 387 132 263 356 128 468 283 454 64 133 269 302 55 13 0 47 296 319 111 176 382 384 417 453 30 22 17 138 116 104 261 127 195 244 421 424 326 231 118 206 92 158 191 258 59 136 221 305 301 429 396 223 330 311 324 154 101 399 452 402 437 139 39 177 271 349 439 84 114 251 367 12 119 159 41 175 268 435 385 197 71 97 28 264 308 161 277 337 217 279 209 310 169 181 266 149 3 290 256 190 306 44 9 278 377 220 157 312 98 227 80 202 215 229 172 156 313 143 247 249 257 334 295 456 245 246 106 126 380 470 69 338 292 389 386 460 400 152 406 20 343 403 329 131 473 183 462 467 344 192 242 436 205 87 63 120 19 408 100 270 405 174 134 286 109 50 354 303 388 164 103 323 392 148 105 428 335 362 254 291 27 31 179 267 90 325 275 150 226 391 461 24 188 163 233 52 95 348 255 438 155 457 331 113 443 34 228 214 16 418 346 216 458 237 198 91 374 49 130 259 294 160 466 72 416 407 4 248
345
318
203
357 464
369
297
146
236 56 61 70
35
88 2
210
336
189
36
162
378 145 207 393
42
288
379
180
194
60
96
123
427
201
117
82
93
273 276
340
115
413
151 307
213 240
26 89 1
140
38
67
300
360
372
187
5
171
25
420
165
108
46 448
107
304
381
431 135
45
375 376
434
262 433
222
173
21 23
29
361
352
170
62
68
415
332
232
409
74 18
371
40
447
450
423
451
235
366
414
412
285
153 411
474
76
43
397
86
211
353
58
446
218
144
315
243
66 185
112
99
459
390
37
342
316
395
333
398
200 322
425
110
410
57
7
463
419
166
204
75
281 11 10
287
168 293
383
65
265
280
14
358
472
78
230
225
234
199
347 298 122
94
282
79
51
317
125
404
445
73
309
394 444
81
142
274
184
327 365 373 182
239
137
299
48
53
284
83
364
363
426
252
455
129
253
465
351
167
224
77
186
320
441
314
193
121
250
141
359
339
15
196
289
219
33
321
54