248 104 149 17 449 101 406 290 259 228 20 175 263 443 120 473 152 95 172 148 468 439 139 306 22 49 438 181 323 91 174 242 231 261 192 283 106 255 292 72 277 209 370 324 380 246 264 143 337 133 163 377 238 396 30 442 103 111 405 229 233 338 421 368 226 429 470 138 350 305 349 147 27 220 416 392 417 453 457 391 436 164 422 387 119 432 71 6 275 237 308 84 329 116 430 156 4 216 311 118 279 454 208 408 400 272 98 418 13 343 205 251 124 257 469 401 462 114 227 214 258 385 0 195 188 384 16 461 223 28 32 8 440 245 310 346 312 325 176 177 41 97 302 197 354 39 158 278 244 160 260 313 69 132 159 424 87 157 179 215 47 249 291 206 9 389 386 254 471 190 356 435 367 127 348 402 202 437 256 466 241 31 247 109 331 269 105 183 217 335 403 374 319 270 303 12 460 267 382 452 131 161 458 334 34 266 126 221 362 169 59 102 128 55 428 294 44 301 136 399 85 326 64 90 296 113 341 286 24 52 155 134 63 19 271 92 50 130 456 407 178 467 80 150 388 330 154 212 3 198 295 100 328 355 344 191
345
318
203
357 464
369
297
146
56 70 236 61
35
88 2
210
336
189
36
162
145 378 393 207
42
288
379
180
194
60
96
123
427
201
117
82
93
276 273
340
115
413
307 151
213 240
26 89 1
140
38
67
300
360
372
187
5
171
25
420
165
108
46 448
107
304
381
135 431
45
376 375
434
433 262
222
173
23 21
29
361
268
352
170
62
68
415
332
232
409
74 18
371
40
447
450
423
451
235
366
414
412
285
153 411
474
76
43
397
86
211
353
58
446
218
144
315
243
66 185
112
99
459
390
37
342
316
395
333
398
322 200
425
110
410
57
7
463
419
166
204
75
281 10 11
287
293 168
383
65
265
280
14
358
472
78
230
225
234
199
347 298 122
94
282
79
51
317
125
404
445
73
309
394 444
81
142
274
184
182 365 327 373
239
137
299
48
53
284
83
364
363
426
252
455
129
253
465
351
167
224
77
186
320
441
314
193
121
250
141
359
339
15
196
289
219
33
321
54