194 141 329 402 175 46 467 114 198 124 88 344 327 246 74 209 211 325 390 223 112 290 35 358 23 90 135 20 128 443 129 411 451 0 44 346 307 288 197 101 403 444 55 446 418 179 195 335 464 348 97 470 382 22 378 130 315 425 157 65 370 442 249 143 104 317 441 225 204 279 48 334 456 215 39 31 309 219 116 149 132 66 159 42 173 33 349 350 356 207 152 400 17 102 190 287 144 278 113 177 201 251 360 243 32 254 59 60 241 263 178 171 217 399 38 162 260 270 469 82 407 453 405 174 220 284 105 176 51 397 193 72 6 264 460 257 109 52 138 167 258 342 125 321 234 250 15 77 188 447 462 313 340 472 41 191 273 286 308 376 427 431 421 274 36 145 213 34 203 461 364 272 371 54 357 381 25 471 50 392 322 395 341 359 61 21 345 99 354 123 387 62 169 11 417 255 244 318 247 437 91 137 4 424 455 186 216 301 172 136 311 14 118 3 422 434 277 156 323 94 253 27 352 150 450 305 205 147 401 26 389 122 63 180 12 283 271 218 13 185 131 81 292 298 420 428 324 240 310 336 214 383 154 233 19 314 256 458 221 110 183 37 57 373 202 363 238 409 331 93 454 18 40 227 148 426 43 119 75 84 71 268 440 375 339 79 302 374 316 394 408 343 106 139 127 153 5 368 235 466 140 435 332 182 155 410 24 459 266 80 285 10 463 168 269 391 355 56 280 432 267 366 330 385 320 338 53 328 92 377 291 351 85 312 429 333 100 319 303 252 306 108 70 448 452 388 212 16 430 406 230 87 68 7 98 2 69 163 181 73 151 384 236 103 120 293 445 413 210 231 296 294 365 76 433 353 262 386 158 192 362 9 170 337 161 126 228 474 297 261 281 208 473 396 224 361 133 415 30 229 248 457 367 134 111 299 164 237 78 29 245 379 8 326 232 259 372 289 107 300 28 295 393 166 95 226 423 449 64 160 438 347 49 242 117 189 200 275 380 439 276 86 142 416 468 265 165 1 222 199 184 436 206 47 89 58
369
146
96
115
67
187
304 465
45
414
412
398
419
282
404
239
83
121
196