389 0 192 31 356 63 292 386 407 156 399 50 306 134 13 362 266 406 334 238 269 119 30 328 127 294 329 422 469 461 183 44 163 98 132 264 368 97 452 159 237 283 437 344 251 136 326 272 24 157 346 27 84 47 367 49 190 457 435 391 19 462 149 178 139 91 440 442 242 104 208 301 177 245 226 449 9 105 152 195 277 191 101 436 85 174 205 312 22 131 291 337 424 12 249 255 256 221 396 147 52 41 217 325 377 470 241 429 296 259 233 319 473 432 69 64 114 258 179 72 402 154 382 323 172 355 471 466 102 188 206 278 343 160 348 392 331 16 401 220 405 388 443 106 126 198 324 421 71 428 197 169 175 286 143 453 303 257 260 349 59 385 438 408 148 17 20 116 229 313 215 248 103 310 305 212 176 34 209 138 6 3 311 118 418 244 467 400 290 261 155 338 28 335 55 150 214 374 384 460 456 228 275 8 380 216 350 90 246 80 128 416 124 417 111 164 181 263 403 133 161 458 100 120 267 354 370 341 330 247 308 430 295 439 32 113 223 202 158 227 468 254 39 95 270 87 387 302 109 271 4 454 231 92 130 279
345
318
203
357 464
369
297
146
61 70 56 236
35
88 2
210
336
189
36
162
207 145 378 393
42
288
379
180
194
60
96
123
427
201
117
82
93
273 276
340
115
413
307 151
213 240
1 26 89
140
38
67
300
360
372
187
5
171
25
420
165
108
448
107
304
381
135
45
376 375
434
262 433
222
173
23 21
29
361
268
352
170
62
68
415
332
232
409
18 74
371
40
447
450
423
451
235
366
414
412
285
153 411
474
76
43
397
86
211
353
58
446
218
144
315
243
185 66
112
99
459
390
37
342
316
395
333
398
200 322
425
110
410
57
7
463
419
166
204
75
11 281 10
287
168 293
383
65
265
280
14
358
472
46
78
230
225
234
199
298 347 122
94
282
79
51
317
125
404
445
73
309
444 394
81
142
274
184
365 182 373 327
239
137
299
48
53
284
83
364
363
426
252
455
129
253
465
351
167
224
77
186
320
441
314
193
121
250
141
359
339
431
15
196
289
219
33
321
54