228 402 462 160 92 198 279 231 439 197 396 458 181 133 245 384 206 216 32 80 124 460 319 306 295 346 114 407 49 337 118 362 150 69 341 461 20 16 233 178 95 8 19 34 329 155 242 367 215 292 72 294 385 246 350 443 220 260 139 400 344 259 377 102 428 254 119 437 382 468 422 418 471 84 136 134 91 0 97 328 283 258 223 473 401 355 6 429 106 405 143 457 113 334 104 467 391 388 326 159 424 205 177 103 454 303 466 111 430 163 101 105 183 244 148 331 131 130 156 249 41 39 116 149 421 9 176 408 305 31 138 202 313 147 269 179 100 195 164 386 237 152 440 4 174 226 157 266 453 241 221 301 406 24 436 50 338 392 311 238 330 248 324 470 271 403 209 13 374 291 12 85 263 47 188 247 98 208 275 257 399 449 214 354 109 172 161 348 154 456 212 278 190 416 128 302 175 27 63 158 312 192 59 132 120 264 64 30 227 126 325 17 343 417 469 286 387 87 380 308 3 323 52 251 335 435 44 217 389 55 169 356 270 229 452 191 296 261 71 255 432 127 442 272 349 256 22 438 28
345
318
203
357 464
369
297
146
61 236 70 56
35
2 88
210
336
189
36
162
393 145 207 378
42
288
379
180
194
60
96
123
427
201
117
82
93
273 276
340
115
413
151 307
240 213
26 89 1
140
38
67
300
360
372
187
5
171
25
420
165
108
448
107
304
381
135
45
375 376
434
433 262
222
173
21 23
29
361
268
352
170
62
68
415
332
232
409
74 18
371
40
447
450
423
451
235
366
414
412
285
411 153
474
76
43
397
86
211
353
58
446
277
218
144
315
243
66 185
112
99
459
390
37
342
316
395
333
398
370
322 200
425
110
410
57
7
463
419
166
204
75
10 281 11
287
168 293
383
65
265
280
14
358
472
46
290
78
230
225
234
199
298 347 122
310
94
282
79
51
317
125
404
445
73
309
394 444
81
142
274
184
373 182 365 327
239
267 90 368
137
299
48
53
284
83
364
363
426
252
455
129
253
465
351
167
224
77
186
320
441
314
193
121
250
141
359
339
431
15
196
289
219
33
321
54