385 113 221 106 388 163 449 84 139 348 44 188 24 396 174 452 220 49 22 103 156 3 302 150 259 261 147 205 313 176 104 31 80 341 91 177 319 417 92 270 30 132 418 161 72 406 8 337 169 442 111 405 181 190 178 69 424 437 97 130 34 356 306 460 346 215 377 245 303 334 275 148 470 100 283 349 471 436 407 197 39 98 278 202 264 462 149 257 154 355 454 158 59 258 13 295 124 324 272 260 386 269 209 301 134 228 311 461 172 17 389 453 443 328 143 136 286 159 198 271 473 400 64 157 457 87 440 47 429 308 231 335 102 105 266 119 466 6 212 63 384 195 329 109 28 469 312 254 9 16 430 367 399 4 467 191 155 256 402 428 416 227 41 296 354 50 183 152 279 133 192 229 223 32 343 325 401 160 118 249 216 438 114 326 19 85 95 0 127 362 126 55 439 421 458 120 246 422 331 101 128 27 241 175 392 247 350 403 374 238 391 242 330 432 179 456 131 12 251 323 244 382 248 387 214 344 237 52 208 164 468 138 380 226 116 217 435 292 255 338 20 71 206 263 233 291 294 305
345
318
203
464 357
369
297
146
61 70 56 236
35
88 2
210
336
189
36
162
207 378 145 393
42
288
379
180
194
60
96
123
427
201
117
82
93
276 273
340
115
413
307 151
213 240
26 1 89
140
38
67
300
360
372
187
5
171
25
420
165
108
448
107
304
381
135
45
376 375
434
433 262
222
173
23 21
29
361
268
352
170
62
68
415
332
232
409
18 74
371
40
447
450
423
451
235
366
414
412
285
153 411
474
76
43
397
86
211
353
58
446
277
408
218
144
315
243
185 66
112
99
459
390
37
342
316
395
333
398
370
322 200
425
110
410
57
7
463
419
166
204
75
11 10 281
287
168 293
383
65
265
280
14
358
472
46
290
78
230
225
234
199
347 298 122
310
94
282
79
51
317
125
404
445
73
309
394 444
81
142
274
184
327 182 365 373
239
368 90 267
137
299
48
53
284
83
364
363
426
252
455
129
253
465
351
167
224
77
186
320
441
314
193
121
250
141
359
339
431
15
196
289
219
33
321
54