418 50 63 3 192 12 470 421 439 302 206 92 231 245 178 158 292 294 278 430 164 319 257 438 269 291 217 305 27 52 296 59 270 248 374 260 131 103 251 271 275 329 100 337 16 348 102 220 221 172 85 6 461 417 111 272 303 238 106 377 215 209 132 127 160 191 31 471 330 362 355 457 264 343 324 87 308 247 212 147 109 460 161 241 176 47 386 405 467 350 197 95 402 429 183 13 344 325 98 442 20 469 335 114 195 331 341 156 384 69 301 41 157 223 149 64 312 432 424 473 124 169 71 0 286 228 435 328 190 313 249 453 134 261 227 380 259 104 113 266 256 19 401 462 174 338 392 119 237 255 468 163 84 179 334 44 246 400 17 416 34 440 188 458 387 177 49 32 154 39 346 159 263 143 139 80 208 116 283 466 323 24 214 126 101 279 391 367 382 4 229 326 233 91 295 388 258 437 422 454 148 22 175 349 152 120 28 97 72 449 55 456 105 118 181 407 136 226 254 198 150 155 354 443 385 452 133 436 396 399 205 242 406 30 244 428 138 202 8 9 306 403 389 128 130 356
345
318
203
357 464
369
297
146
236 56 70 61
35
88 2
210
336
189
36
162
216
207 145 378 393
42
288
379
180
194
60
96
123
427
201
117
82
93
276 273
340
115
413
307 151
240 213
26 89 1
140
38
67
300
360
372
187
5
171
25
420
165
108
448
107
304
381
135
311
45
375 376
434
262 433
222
173
23 21
29
361
268
352
170
62
68
415
332
232
409
18 74
371
40
447
450
423
451
235
366
414
412
285
411 153
474
76
43
397
86
211
353
58
446
277
408
218
144
315
243
66 185
112
99
459
390
37
342
316
395
333
398
370
200 322
425
110
410
57
7
463
419
166
204
75
11 281 10
287
168 293
383
65
265
280
14
358
472
46
290
78
230
225
234
199
298 122 347
310
94
282
79
51
317
125
404
445
73
309
444 394
81
142
274
184
373 327 182 365
239
368 90 267
137
299
48
53
284
83
364
363
426
252
455
129
253
465
351
167
224
77
186
320
441
314
193
121
250
141
359
339
431
15
196
289
219
33
321
54