116 0 106 430 388 401 92 191 49 91 266 438 80 271 442 39 424 238 272 343 435 302 436 50 59 183 64 291 126 456 391 458 3 328 471 294 202 233 460 278 348 172 263 334 109 72 385 251 367 407 131 16 457 161 418 341 248 258 197 128 223 399 217 319 159 245 417 19 149 346 124 382 264 120 220 416 246 179 443 111 324 292 195 344 308 103 101 312 215 249 155 323 206 98 279 349 102 392 295 247 84 174 326 260 4 6 177 150 138 28 44 362 136 325 63 71 374 330 105 305 313 208 113 160 156 190 9 22 439 468 338 241 198 254 275 229 27 32 256 389 69 143 139 356 148 387 154 55 470 47 244 231 178 377 133 87 466 437 261 12 422 449 303 127 181 205 134 396 104 406 354 13 331 31 214 175 164 20 306 95 30 429 41 454 386 380 440 158 8 432 97 152 163 259 100 428 237 17 228 114 188 286 355 132 402 452 255 227 257 192 24 335 269 209 283 453 467 337 350 473 34 296 421 329 119 118 462 461 147 130 169 85 212 301 270 469 226 242 221 176 157 52 384 405
345
318
203
464 357
369
297
146
56 236 61 70
35
88 2
210
336
189
36
162
216
145 393 378 207
42
288
379
180
194
60
96
123
427
201
117
82
93
276 273
340
115
413
307 151
240 213
89 1 26
140
38
67
300
360
372
187
5
171
25
420
165
108
448
107
304
381
135
311
45
376 375
434
262 433
222
173
21 23
29
361
268
352
170
62
68
415
332
232
409
74 18
371
40
447
450
423
451
235
366
414
412
285
153 411
474
76
43
397
86
211
353
58
446
277
408
218
144
315
243
66 185
112
99
459
390
37
342
316
395
333
398
370
200 322
425
110
410
57
7
400 403
463
419
166
204
75
281 10 11
287
168 293
383
65
265
280
14
358
472
46
290
78
230
225
234
199
298 122 347
310
94
282
79
51
317
125
404
445
73
309
444 394
81
142
274
184
365 182 327 373
239
90 368 267
137
299
48
53
284
83
364
363
426
252
455
129
253
465
351
167
224
77
186
320
441
314
193
121
250
141
359
339
431
15
196
289
219
33
321
54