160 399 87 260 382 328 208 156 401 292 98 461 462 157 435 421 198 295 237 355 249 178 312 346 473 27 416 263 439 386 183 324 214 458 261 44 272 354 63 3 215 100 147 24 149 257 161 131 271 128 269 266 12 279 377 202 440 6 91 192 270 80 181 138 442 389 402 374 331 291 114 116 163 349 17 177 454 264 380 296 436 387 391 49 195 155 55 254 172 424 308 432 468 227 283 175 118 69 159 190 223 139 47 417 430 305 64 449 238 247 405 217 22 120 103 429 248 471 169 422 31 396 406 9 41 470 113 329 467 388 303 335 301 150 8 92 119 428 313 286 302 437 251 275 130 32 105 97 84 337 319 453 176 330 231 246 460 28 457 127 101 334 19 72 452 325 228 104 418 256 34 221 385 348 71 233 384 148 133 111 344 258 466 343 109 174 356 85 132 392 39 242 278 443 306 50 136 407 134 179 154 456 469 13 0 52 95 241 59 205 362 191 255 30 188 367 229 226 212 158 16 102 350 338 197 164 326 220 245 341 259 206 143 106 126 323 152 438 294 20 4
345
318
203
357 464
369
297
146
70 56 236 61
35
2 88
210
336
189
36
162
216
378 393 207 145
42
288
379
180
194
60
96
123
427
201
117
82
93
273 276
340
115
413
307 151
240 213
26 1 89
140
38
67
300
360
372
187
5
171
25
420
165
108
448
107
304
381
135
311
45
375 376
434
433 262
222
173
23 21
29
361
268
352
170
62
68
415
332
232
409
18 74
371
40
447
450
423
451
235
366
414
412
285
244 124 209
153 411
474
76
43
397
86
211
353
58
446
277
408
218
144
315
243
66 185
112
99
459
390
37
342
316
395
333
398
370
322 200
425
110
410
57
7
400 403
463
419
166
204
75
11
287
168 293
383
65
265
280
14
358
472
46
281 10
290
78
230
225
234
199
298 122 347
310
94
282
79
51
317
125
404
445
73
309
444 394
81
142
274
184
327 365 182 373
239
368 267 90
137
299
48
53
284
83
364
363
426
252
455
129
253
465
351
167
224
77
186
320
441
314
193
121
250
141
359
339
431
15
196
289
219
33
321
54