453 469 416 160 139 8 467 158 155 52 111 270 3 255 95 457 466 118 30 438 231 470 92 424 312 109 355 454 258 292 208 32 275 283 9 64 164 120 449 175 399 159 116 430 241 190 4 13 132 374 150 306 149 417 44 386 442 272 246 331 329 377 205 384 279 156 396 197 198 348 324 422 468 266 212 391 50 20 269 0 215 389 308 461 128 330 49 432 223 98 247 437 106 291 17 16 326 177 214 183 335 249 242 152 181 439 22 227 161 148 303 387 24 458 418 233 192 260 136 257 103 178 350 456 344 343 421 41 84 157 97 325 226 114 338 406 251 354 229 154 301 362 102 228 143 91 119 328 80 130 238 405 259 356 341 138 195 39 179 202 191 402 221 105 176 323 101 131 382 271 471 19 100 217 87 69 385 134 172 245 163 319 367 302 305 147 443 407 452 278 206 435 104 346 55 28 337 286 313 71 428 263 436 220 349 380 63 473 113 296 264 295 248 254 334 237 392 440 6 126 429 174 59 127 188 169 85 256 12 460 261 388 27 31 401
345
318
203
357 464
369
297
146
70 61 56 236
35
2 88
210
336
189
36
162
216
207 393 145 378
42
288
379
180
194
60
96
123
427
201
117
82
462 47 72 34
294
93
273 276
340
115
413
307 151
240 213
1 26 89
140
38
67
300
360
372
187
5
171
25
420
165
108
448
107
304
381
135
311
45
376 375
434
433 262
222
173
21 23
29
361
268
352
170
62
68
415
332
232
409
18 74
371
40
447
450
423
451
235
366
414
412
285
124 209 244
153 411
474
76
43
397
86
211
353
58
446
277
408
218
144
315
243
185 66
112
99
459
390
37
342
316
395
333
398
370
322 200
425
110
410
57
7
133
403 400
463
419
166
204
75
11
287
293 168
383
65
265
280
14
358
472
46
10 281
290
78
230
225
234
199
122 347 298
310
94
282
79
51
317
125
404
445
73
309
394 444
81
142
274
184
327 373 365 182
239
90 267 368
137
299
48
53
284
83
364
363
426
252
455
129
253
465
351
167
224
77
186
320
441
314
193
121
250
141
359
339
431
15
196
289
219
33
321
54