202 278 435 286 245 39 156 212 453 195 443 169 139 143 50 401 270 155 128 30 442 227 16 32 208 179 389 131 457 438 55 31 157 428 205 114 344 306 385 424 148 147 387 329 295 159 334 220 113 191 399 292 254 255 355 362 302 283 231 27 71 324 190 87 217 214 101 132 4 116 238 149 437 266 233 382 19 461 92 303 432 337 138 49 257 269 84 28 467 136 13 264 354 127 396 20 305 69 466 430 95 150 100 471 246 181 221 456 12 152 197 160 449 226 59 242 469 98 109 248 296 440 223 119 346 392 178 261 41 356 422 328 260 44 3 341 460 326 272 473 63 380 106 343 118 374 331 104 103 229 470 439 130 407 0 275 418 120 312 134 377 421 335 388 164 97 126 52 85 258 271 308 391 188 161 417 183 249 22 319 158 172 91 406 17 384 64 259 24 163 338 9 8 386 325 402 367 105 228 468 263 429 452 175 256 416 405 458 111 349 215 154 241 301 350 436 291 348 177 192 6 206 454 323 237 247 176 102 251 198 174 80 330
345
318
203
464 357
369
297
146
61 236 56 70
35
2 88
210
336
189
36
162
216
393 145 378 207
42
288
379
180
194
60
96
123
427
201
117
82
34 47 462 72
294
93
273 276
340
115
413
151 307
213 240
1 89 26
140
38
67
300
360
372
187
5
171
25
420
165
108
448
107
304
381
135
311
45
375 376
434
262 433
222
173
23 21
29
361
268
352
170
62
68
415
332
232
409
74 18
371
40
447
450
423
451
235
366
414
412
285
209 244 124
153 411
474
76
43
397
86
211
353
58
446
277
408
218
144
315
243
66 185
279 313
112
99
459
390
37
342
316
395
333
398
370
200 322
425
110
410
57
7
133
400 403
463
419
166
204
75
11
287
293 168
383
65
265
280
14
358
472
46
281 10
290
78
230
225
234
199
298 122 347
310
94
282
79
51
317
125
404
445
73
309
394 444
81
142
274
184
365 182 373 327
239
90 368 267
137
299
48
53
284
83
364
363
426
252
455
129
253
465
351
167
224
77
186
320
441
314
193
121
250
141
359
339
431
15
196
289
219
33
321
54