355 101 24 380 130 214 147 306 305 116 286 350 197 100 52 85 139 264 429 308 138 334 421 64 343 39 152 388 41 4 229 106 241 95 9 176 473 179 312 271 248 335 454 63 231 387 346 269 377 32 416 8 356 27 438 470 261 190 28 354 237 87 453 104 148 467 91 291 348 212 328 362 266 259 258 331 161 191 150 97 374 325 92 341 71 69 188 430 16 386 323 22 143 469 272 223 257 245 468 50 402 6 164 220 424 439 3 155 283 172 202 349 458 389 215 452 118 242 406 428 128 19 460 49 399 301 227 384 367 417 59 405 131 205 324 102 337 326 435 391 98 217 228 329 292 385 278 105 80 111 330 149 295 449 251 159 275 302 256 113 175 206 126 270 456 466 158 198 461 437 457 344 120 20 55 160 319 396 422 156 30 109 154 44 338 296 249 178 226 17 12 136 134 157 84 177 443 192 392 195 418 432 174 247 442 303 169 119 407 221 471 436 254 183 238 260 163 263 127 114 246 382 208 0 13 181 103 440 31 255 233 401 132
345
318
203
464 357
369
297
146
70 61 56 236
35
2 88
210
336
189
36
162
216
145 393 207 378
42
288
379
180
194
60
96
123
427
201
117
82
72 34 462 47
294
93
276 273
340
115
413
307 151
240 213
89 1 26
140
38
67
300
360
372
187
5
171
25
420
165
108
448
107
304
381
135
311
45
375 376
434
262 433
222
173
23 21
29
361
268
352
170
62
68
415
332
232
409
74 18
371
40
447
450
423
451
235
366
414
412
285
244 124
411 153
474
76
43
397
86
211
353
58
446
277
408
218
144
315
243
185 66
279 313
112
99
459
390
37
342
316
395
333
398
370
200 322
425
110
410
57
7
133
400 403
463
419
166
204
75
11
287
293 168
383
65
265
280
14
358
472
46
10 281
209
290
78
230
225
234
199
122 347 298
310
94
282
79
51
317
125
404
445
73
309
394 444
81
142
274
184
373 365 327 182
239
267 90 368
137
299
48
53
284
83
364
363
426
252
455
129
253
465
351
167
224
77
186
320
441
314
193
121
250
141
359
339
431
15
196
289
219
33
321
54