178 127 421 212 417 229 158 148 263 85 246 388 432 437 249 328 157 176 106 269 128 206 231 233 119 27 440 215 32 109 399 337 242 341 188 348 191 380 439 248 418 391 195 220 143 183 175 349 428 449 169 456 260 205 214 247 179 259 164 163 44 238 91 59 17 422 131 202 325 28 308 362 101 457 49 87 367 245 406 466 303 283 174 343 103 335 392 453 435 278 6 154 221 306 172 130 132 344 468 458 302 292 228 461 84 424 346 261 258 270 355 471 152 254 251 20 155 39 324 120 296 156 264 22 197 217 149 198 138 319 95 177 31 438 134 275 473 389 402 429 442 460 295 354 136 256 52 97 257 0 291 430 3 377 13 111 19 329 385 16 467 8 443 416 63 208 323 374 118 55 470 405 312 384 227 114 64 255 150 4 102 272 113 301 181 161 116 286 192 330 241 454 334 436 41 266 338 98 71 387 9 147 452 237 401 12 126 24 139 356 469 326 69 104 386 190 100 50 305 80 105 226 396 30 331 160 350 159 382 92 407 271
345
318
203
464 357
369
297
146
56 236 70 61
35
2 88
210
336
189
36
162
216
378 145 393 207
42
288
379
180
194
60
96
123
427
201
117
82
47 72 462 34
294
93
273 276
340
115
413
307 151
240 213
223
1 26 89
140
38
67
300
360
372
187
5
171
25
420
165
108
448
107
304
381
135
311
45
375 376
434
433 262
222
173
21 23
29
361
268
352
170
62
68
415
332
232
409
74 18
371
40
447
450
423
451
235
366
414
412
285
244 124
411 153
474
76
43
397
86
211
353
58
446
277
408
218
144
315
243
66 185
279 313
112
99
459
390
37
342
316
395
333
398
370
200 322
425
110
410
57
7
133
403 400
463
419
166
204
75
11
287
293 168
383
65
265
280
14
358
472
46
10 281
209
290
78
230
225
234
199
347
310
94
282
79
51
317
125
404
445
73
309
444 394
81
142
274
184
182 365 327 373
239
368 267 90
137
299
48
53
284
83
364
363
426
252
455
122 298
129
253
465
351
167
224
77
186
320
441
314
193
121
250
141
359
339
431
15
196
289
219
33
321
54