341 128 467 55 269 136 208 392 27 337 453 69 324 50 0 164 270 468 17 132 91 8 346 259 191 161 20 255 131 435 377 432 396 64 405 329 362 367 160 6 343 428 179 386 31 87 198 458 152 416 385 422 312 471 266 443 4 156 134 246 456 380 470 292 206 227 150 430 130 155 349 80 109 286 214 256 238 63 172 440 296 344 138 44 163 247 436 319 242 221 181 260 143 116 331 402 407 338 106 261 120 212 100 283 103 295 158 275 220 228 330 190 22 226 356 264 178 188 302 354 176 231 52 271 258 183 175 105 84 159 28 12 442 454 98 334 424 291 113 157 101 97 127 111 301 3 119 417 192 49 205 308 102 460 32 323 215 335 237 174 149 388 169 139 399 104 418 147 355 473 387 278 202 328 306 177 469 438 263 217 195 30 254 303 229 197 389 126 374 350 439 461 154 251 241 248 305 59 325 382 19 452 326 429 148 245 95 457 39 391 92 114 406 118 257 466 249 272 437 421 348 71 41 9
345
318
203
464 357
369
297
146
70 56 236 61
35
2 88
210
336
189
36
162
216
378 393 207 145
42
288
379
180
194
60
96
123
427
201
117
82
47 462
294
93
276 273
340
115
413
307 151
213 240
223
26 89 1
140
38
67
300
360
372
187
5
85 13 16
171
25
420
165
108
448
107
304
381
135
311
45
24 401
375 376
434
262 433
222
173
23 21
29
361
268
352
170
233 449 384
62
68
415
332
232
409
18 74
371
40
447
450
423
72 34
451
235
366
414
412
285
124 244
153 411
474
76
43
397
86
211
353
58
446
277
408
218
144
315
243
185 66
279 313
112
99
459
390
37
342
316
395
333
398
370
200 322
425
110
410
57
7
133
400 403
463
419
166
204
75
11
287
293 168
383
65
265
280
14
358
472
46
281 10
209
290
78
230
225
234
199
347
310
94
282
79
51
317
125
404
445
73
309
394 444
81
142
274
184
365 182 373 327
239
90 368 267
137
299
48
53
284
83
364
363
426
252
455
298 122
129
253
465
351
167
224
77
186
320
441
314
193
121
250
141
359
339
431
15
196
289
219
33
321
54