319 272
345
139 467 91 163 443 325 256 64 191 421 126 255 59 161 229 417 330 469 127 109 283 80 114 175 221 176 249 17 242 460 435 349 237 157 292 228 39 198 354 392 104 259 215 331 251 27 150 302 130 160 164 63 438 461 212 456 55 257 32 334 174 197 374 344 341 377 158 220 190 452 22 4 0 97 429 105 356 458 148 208 323 98 102 231 266 471 12 335 468 396 346 156 181 424 227 50 454 120 179 183 19 217 247 348 432 131 399 362 52 205 305 436 439 261 118 301 149 263 389 473 260 328 6 326 30 324 440 350 84 116 71 428 95 152 188 382 387 103 407 312 49 291 453 355 406 69 437 308 226 296 100 154 286 101 202 402 337 177 92 20 206 386 195 246 119 254 442 457 422 169 134 159 113 306 8 238 147 245 275 343 172 128 388 87 214 9 192 270 380 136 367 269 303 295 143 178 248 241 470 138 106 271 418 258 111 44 329 278 385 41 430 155 264 338 3 391 466 132
318
203
464 357
369
297
146
70 56 236 61
35
31 28
88 2
210
336
189
36
162
216
393 207 145 378
42
288
379
180
194
60
96
123
427
201
117
82
47 462
294
93
273 276
340
115
413
151 307
240 213
223
26 1 89
140
38
67
300
360
372
187
5
16 13 85
171
25
420
165
108
448
107
304
381
135
311
45
401 24
375 376
416 405
434
433 262
222
173
21 23
29
361
268
352
170
233 384 449
62
68
415
332
232
409
74 18
371
40
447
450
423
34 72
451
235
366
414
412
285
124 244
153 411
474
76
43
397
86
211
353
58
446
277
408
218
144
315
243
66 185
313 279
112
99
459
390
37
342
316
395
333
398
370
322 200
425
110
410
57
7
133
403 400
463
419
166
204
75
11
287
293 168
383
65
265
280
14
358
472
46
10 281
209
290
78
230
225
234
199
347
310
94
282
79
51
317
125
404
445
73
309
394 444
81
142
274
184
182 373 327 365
239
90 368 267
137
299
48
53
284
83
364
363
426
252
455
122 298
129
253
465
351
167
224
77
186
320
441
314
193
121
250
141
359
339
431
15
196
289
219
33
321
54