272 319
345
214 147 256 80 348 436 443 331 238 181 100 104 105 245 3 106 254 98 247 150 261 130 188 169 296 259 192 136 467 134 174 255 229 157 326 428 258 338 155 341 114 149 91 396 160 452 118 246 198 454 12 334 131 362 102 27 195 101 120 248 132 387 269 270 152 175 22 69 377 251 242 208 330 306 205 116 103 163 303 392 429 220 6 417 458 283 386 119 437 278 179 424 206 388 143 231 63 329 260 156 439 355 343 226 237 113 202 197 97 159 473 391 374 440 263 271 215 158 356 30 402 178 286 292 148 399 457 161 305 111 344 471 71 41 172 139 154 354 346 308 183 466 59 0 4 217 407 432 257 20 109 9 127 228 8 435 221 418 164 389 212 191 335 312 406 241 264 350 95 92 422 325 456 275 301 295 421 367 382 349 430 39 302 17 52 453 249 323 126 385 64 461 337 138 32 227 266 190 55 49 50 128 291 324 87 442 468 460 380 438 469 19 470 44 176 328 84
318
203
357 464
369
297
146
61 70 56 236
35
28 31
2 88
210
336
189
36
162
216
145 378 207 393
42
288
379
180
194
60
96
123
427
201
117
82
47 462
294
93
273 276
340
115
413
151 307
240 213
223
89 1 26
140
38
67
300
360
372
187
5
13 16 85
171
25
420
165
108
448
107
304
381
135
311
45
24 401
376 375
405 416
434
262 433
222
173
23 21
29
361
268
352
170
233 384 449
62
68
415
332
232
409
18 74
371
40
447
450
423
34 72
451
235
366
414
412
285
244 124
411 153
474
76
43
397
86
211
353
58
446
277
408
218
144
315
243
185 66
313 279
112
99
459
390
37
342
316
395
333
398
370
200 322
425
110
410
57
7
177
133
403 400
463
419
166
204
75
11
287
168 293
383
65
265
280
14
358
472
46
281 10
209
290
78
230
225
234
199
347
310
94
282
79
51
317
125
404
445
73
309
394 444
81
142
274
184
365 373 182 327
239
267 90 368
137
299
48
53
284
83
364
363
426
252
455
298 122
129
253
465
351
167
224
77
186
320
441
314
193
121
250
141
359
339
431
15
196
289
219
33
321
54