319 272
345
468 264 452 407 220 255 179 385 131 437 432 134 417 324 198 241 17 259 116 118 55 132 208 466 192 291 440 103 337 176 106 349 30 128 346 237 105 269 471 12 231 119 91 457 156 362 275 6 382 32 428 251 22 226 473 377 245 98 258 306 113 391 227 469 97 242 109 214 49 341 161 442 292 84 248 323 138 389 312 87 205 172 127 348 126 163 158 149 249 169 183 330 217 261 212 148 8 256 59 387 278 374 104 260 424 402 458 308 52 114 430 150 453 44 195 20 283 155 101 305 392 221 303 460 41 354 154 380 271 406 286 331 238 229 136 467 3 181 175 246 80 4 120 9 422 202 461 367 206 100 421 350 190 188 454 338 152 247 325 438 436 111 19 71 470 429 191 257 344 326 228 335 50 143 439 435 92 64 386 329 174 215 95 147 266 254 197 63 130 164 388 178 270 355 456 301 102 418 328 343 157 295 396 356 160 27 443 334 302 69 0 399 296 159 39 263
318
203
464 357
369
297
146
236 61 56 70
35
28 31
88 2
210
336
189
36
162
216
145 207 378 393
42
288
379
180
194
60
96
123
427
201
117
82
462 47
294
93
273 276
340
115
413
151 307
240 213
223
1 89 26
140
38
67
300
360
372
187
5
13 85 16
171
25
420
165
108
448
107
304
381
135
311
45
401 24
376 375
405 416
139
434
262 433
222
173
21 23
29
361
268
352
170
233 384 449
62
68
415
332
232
409
74 18
371
40
447
450
423
34 72
451
235
366
414
412
285
244 124
411 153
474
76
43
397
86
211
353
58
446
277
408
218
144
315
243
185 66
279 313
112
99
459
390
37
342
316
395
333
398
370
322 200
425
110
410
57
7
177
133
403 400
463
419
166
204
75
11
287
293 168
383
65
265
280
14
358
472
46
10 281
209
290
78
230
225
234
199
347
310
94
282
79
51
317
125
404
445
73
309
444 394
81
142
274
184
327 373 365 182
239
368 267 90
137
299
48
53
284
83
364
363
426
252
455
298 122
129
253
465
351
167
224
77
186
320
441
314
193
121
250
141
359
339
431
15
196
289
219
33
321
54