272 319
345
174 119 138 324 102 103 305 421 105 380 231 255 275 39 191 188 430 391 158 19 341 181 354 266 95 325 470 303 456 269 237 264 97 242 220 249 387 92 147 132 156 286 301 442 101 457 49 388 27 468 109 175 111 246 17 392 283 120 161 238 130 356 69 245 190 134 178 437 382 270 214 98 256 337 197 346 312 152 461 440 176 343 436 257 205 362 157 258 260 330 263 206 466 295 221 329 471 367 20 126 116 355 302 377 417 418 30 63 100 454 247 91 453 127 114 435 227 452 179 469 259 9 402 308 4 0 71 118 64 208 215 202 473 12 443 143 438 59 460 344 428 296 399 3 406 155 386 150 291 424 80 217 128 385 306 292 212 160 131 389 374 87 439 348 331 228 106 458 52 198 195 261 429 172 254 84 323 192 55 422 328 148 407 32 183 349 50 335 22 396 241 467 104 159 278 164 432 229 163 338 154 226 41 169 326 6 136 248 113 334 251 350 149 44
318
203
464 357
369
297
146
56 236 70 61
35
28 31
88 2
210
336
189
36
162
216
145 393
42
288
379
180
194
60
96
123
427
201
117
82
47 462
294
93
273 276
340
115
413
151 307
213 240
223
26 1 89
140
38
67
300
360
372
187
5
16 13 85
171
25
420
165
108
448
107
304
381
135
311
45
401 24
375 376
416 405
139
434
262 433
222
173
21 23
29
361
268
352
170
384 233 449
62
68
415
332
232
409
74 18
371
40
447
450
423
34 72
451
235
366
414
412
285
124 244
411 153
474
76
43
397
86
211
353
58
446
277
408
218
144
315
243
185 66
313 279
112
99
459
390
37
342
316
395
333
398
370
200 322
425
8
110
410
57
7
177
133
400 403
378 207
463
419
166
204
75
11
287
293 168
383
65
265
280
14
358
472
46
281 10
209
290
78
230
225
234
199
347
310
94
282
79
51
317
125
404
445
73
309
444 394
81
142
274
184
271
365 373 182
239
267 90 368
137
299
48
53
284
83
327
364
363
426
252
455
298 122
129
253
465
351
167
224
77
186
320
441
314
193
121
250
141
359
339
431
15
196
289
219
33
321
54