272 319
345
205 258 432 344 190 270 176 435 4 275 138 64 229 325 295 105 69 466 418 128 387 443 242 237 452 87 388 163 152 71 59 337 131 104 302 178 206 192 266 468 257 278 127 338 214 158 164 380 330 154 197 30 198 326 424 402 292 417 3 27 238 226 301 436 50 470 421 254 256 202 155 440 116 385 174 467 241 32 147 22 249 55 259 217 438 175 49 473 80 346 374 132 341 306 161 188 157 457 335 343 245 134 367 101 20 296 106 100 148 220 350 227 160 118 63 98 179 9 246 119 91 12 407 458 442 251 260 456 221 334 109 312 150 471 461 391 454 430 305 159 356 172 386 102 422 377 149 111 269 212 97 324 44 41 453 215 396 382 264 308 460 328 95 286 195 113 255 191 231 17 392 181 283 84 303 208 354 389 362 136 52 6 126 143 399 349 329 355 103 428 291 248 406 348 39 130 323 169 120 19 439 437 429 247 469 228 331 261 263 183 92 0 156 114
318
203
464 357
369
297
146
70 56 236 61
35
31 28
2 88
210
336
189
36
162
216
145 393
42
288
379
180
194
60
96
123
427
201
117
82
47 462
294
93
276 273
340
115
413
307 151
213 240
223
1 89 26
140
38
67
300
360
372
187
5
16 85 13
171
25
420
165
108
448
107
304
381
135
311
45
24 401
375 376
405 416
139
434
262 433
222
173
21 23
29
361
268
352
170
384 233 449
62
68
415
332
232
409
74 18
371
40
447
450
423
34 72
451
235
366
414
412
285
244 124
153 411
474
76
43
397
86
211
353
58
446
277
408
218
144
315
243
66
313 279
112
99
459
390
37
342
316
395
333
398
370
200 322
425
8
110
410
57
7
177
133
400 403
378 207
463
419
166
204
75
11
287
168 293
383
65
265
280
14
358
472
46
281 10
209
290
78
230
225
234
199
347
310
94
282
79
51
185
317
125
404
445
73
309
394 444
81
142
274
184
271
182 365 373
239
90 267 368
137
299
48
53
284
83
327
364
363
426
252
455
298 122
129
253
465
351
167
224
77
186
320
441
314
193
121
250
141
359
339
431
15
196
289
219
33
321
54