319 272
345
406 148 452 385 430 155 106 114 350 152 270 266 457 392 59 214 264 259 63 354 19 261 389 382 69 429 324 343 380 344 238 436 226 95 292 331 101 164 220 275 355 325 442 191 178 206 229 158 215 228 257 329 27 149 349 221 136 30 407 422 473 374 49 341 302 260 160 109 132 399 0 157 87 169 337 175 237 163 247 12 80 188 330 312 91 439 278 256 466 402 301 468 456 113 258 161 118 467 50 120 269 150 181 246 470 44 138 97 440 198 295 84 391 103 116 202 39 147 435 195 231 134 396 245 102 128 437 263 6 326 126 296 227 52 328 367 377 100 348 119 303 469 174 428 417 460 255 438 356 172 9 192 183 4 242 55 104 190 338 176 17 105 41 291 179 334 212 308 92 64 249 131 197 241 453 251 432 362 421 386 248 335 20 127 346 418 205 283 443 323 424 22 305 387 111 98 159 32 156 130 471 154 208 217 254 3 286 458 143 388 306 454 71
318
203
464 357
369
297
146
236 70 61 56
35
28 31
2 88
210
336
189
36
162
216
393 145
42
288
379
180
194
60
96
123
427
201
117
82
47 462
294
93
273 276
340
115
413
151 307
240 213
223
89 1 26
140
38
67
300
360
372
187
5
85 13 16
171
25
420
165
108
448
107
304
381
135
311
45
24 401
375 376
405 416
139
434
262 433
222
173
21 23
29
361
268
352
170
449 384 233
62
68
461
415
332
232
409
74 18
371
40
447
450
423
34 72
451
235
366
414
412
285
244 124
153 411
474
76
43
397
86
211
353
58
446
277
408
218
144
315
243
66
313 279
112
99
459
390
37
342
316
395
333
398
370
200 322
425
8
110
410
57
7
177
133
400 403
378 207
463
419
166
204
75
11
287
293 168
383
65
265
280
14
358
472
46
10 281
209
290
78
230
225
234
199
347
310
94
282
79
51
185
317
125
404
445
73
309
444 394
81
142
274
184
271
373 182 365
239
90 267 368
137
299
48
53
284
83
327
364
363
426
252
455
298 122
129
253
465
351
167
224
77
186
320
441
314
193
121
250
141
359
339
431
15
196
289
219
33
321
54