272 319
345
237 109 228 19 302 87 238 198 374 443 50 179 159 160 114 385 164 113 220 39 389 226 324 337 95 91 305 55 306 59 214 111 387 338 49 402 457 119 154 452 80 255 468 4 424 12 470 283 217 417 453 242 156 134 292 231 399 191 245 278 136 466 104 215 63 92 149 440 330 103 3 147 331 270 178 221 454 126 0 356 429 206 438 362 406 432 257 157 259 422 263 9 254 105 435 20 269 256 343 260 442 251 132 301 197 326 143 247 155 367 377 323 286 308 428 295 421 325 261 458 120 350 128 150 97 205 158 439 329 296 430 190 161 101 172 174 467 195 246 391 169 208 248 388 229 148 382 437 181 192 127 98 473 52 436 131 349 346 212 334 163 22 69 118 102 227 17 344 418 138 175 341 27 106 328 471 30 249 71 32 460 312 335 469 264 183 84 44 396 386 380 188 116 303 41 64 100 392 407 6 266 291 202 348 258 354 241
318
203
357 464
369
297
146
56 61 236 70
35
31 28
88 2
210
336
189
36
162
216
145 393
42
288
379
180
194
60
96
123
427
201
117
82
47 462
294
93
273 276
340
115
413
151 307
240 213
223
26 89 1
140
38
67
300
360
372
187
5
13 85 16
171
25
420
165
108
448
107
304
381
135
311
45
401 24
376 375
416 405
139
434
262 433
222
173
21 23
29
361
268
352
170
449 233 384
62
275 355 456 176
68
461
415
332
232
409
18 74
371
40
447
450
423
34 72
451
235
366
414
152
412
285
244 124
411
474
76
43
397
86
211
353
58
446
277
408
218
144
315
243
66
313 279
112
99
459
390
37
342
316
395
333
398
370
322 200
425
8
110
410
57
7
177
133
400 403
378 207
463
419
166
204
75
11
287
168 293
383
65
265
280
14
358
472
46
10 281
209
290
78
230
225
234
199
347
310
94
282
79
51
185
317
125
404
445
73
309
394 444
81
142
274
184
271
182 365 373
239
368 90 267
137
299
48
130
53
153
284
83
327
364
363
426
252
455
298 122
129
253
465
351
167
224
77
186
320
441
314
193
121
250
141
359
339
431
15
196
289
219
33
321
54