319 272
345
469 246 157 422 308 4 118 386 119 380 263 237 179 226 256 113 338 329 120 324 453 198 392 471 181 30 202 150 457 248 100 106 131 349 440 19 149 188 148 128 442 71 69 104 443 335 291 470 266 44 229 424 27 138 255 242 109 460 387 303 374 190 362 367 439 247 12 377 432 98 301 388 126 32 350 197 143 260 249 305 344 52 452 283 92 312 302 97 417 396 41 259 49 87 407 251 161 385 147 227 80 6 191 399 164 435 343 95 328 116 238 127 326 178 103 354 257 102 278 55 114 132 466 346 421 286 3 20 231 430 228 158 241 437 389 159 105 296 254 195 406 91 154 382 454 214 0 160 264 468 63 134 306 402 64 473 17 428 269 111 221 337 215 438 325 136 206 84 323 192 212 341 429 101 391 258 270 208 155 217 245 261 467 169 292 174 348 330 172 436 334 175 163 22 183 9 418 156 205 39 356 295 50 331 59 458
318
203
464 357
369
297
146
236 70 61 56
35
28 31
2 88
210
336
189
36
162
216
393 145
42
288
379
180
194
60
96
123
427
201
117
82
47 462
294
93
273 276
340
115
413
307 151
240 213
223
89 26 1
140
38
67
300
360
372
187
5
13 85 16
171
25
420
165
108
448
107
304
381
135
311
45
401 24
375 376
405 416
139
434
262 433
222
173
21 23
29
361
268
352
170
384 233 449
62
275 355 176 456
68
461
415
332
232
409
74 18
371
40
447
450
423
72 34
451
235
366
414
152
412
285
124 244
411
474
76
43
397
86
211
353
58
446
277
408
218
144
315
243
66
313 279
112
99
459
390
37
342
316
395
333
398
370
200 322
425
8
110
410
57
7
177
133
400 403
207 378
463
419
166
204
75
11
287
168 293
383
65
265
280
14
358
472
46
281 10
209
290
78
230
225
234
199
347
310
94
282
220
79
51
185
317
125
404
445
73
309
394 444
81
142
274
184
271
365 373 182
239
90 368 267
137
299
48
130
53
153
284
83
327
364
363
426
252
455
298 122
129
253
465
351
167
224
77
186
320
441
314
193
121
250
141
359
339
431
15
196
289
219
33
321
54