272 319
345
147 192 102 418 95 257 329 292 119 104 330 109 286 175 380 41 106 128 432 399 19 263 161 437 266 388 198 466 22 190 55 52 39 238 348 172 429 105 30 245 174 323 324 269 296 334 442 212 457 467 111 303 421 302 270 179 254 221 469 63 163 391 227 59 97 4 387 305 116 188 382 64 217 468 385 20 374 150 247 9 49 183 155 470 136 255 138 417 197 0 291 148 436 17 344 143 256 44 214 178 261 69 435 127 84 259 134 249 251 452 12 156 246 264 430 3 440 118 428 159 202 154 260 164 208 439 241 306 92 443 367 337 237 473 386 312 181 356 453 354 101 231 326 6 338 126 103 362 195 471 226 438 229 424 228 301 32 169 87 71 392 350 242 460 278 114 132 295 157 191 331 341 283 80 98 215 149 205 113 407 396 377 160 422 248 402 349 27 120 389 308 343 406 50 158 346 91 454 258 100 325 131 206
318
203
464 357
369
297
146
70 61 236 56
35
31 28
88 2
210
458 328 335
336
189
36
162
216
393 145
42
288
379
180
194
60
96
123
427
201
117
82
47 462
294
93
273 276
340
115
413
151 307
213 240
223
89 1 26
140
38
67
300
360
372
187
5
85 16 13
171
25
420
165
108
448
107
304
381
135
311
45
401 24
375 376
416 405
139
434
262 433
222
173
21 23
29
361
268
352
170
233 449 384
62
355 176 456 275
68
461
415
332
232
409
18 74
371
40
447
450
423
34 72
451
235
366
414
152
412
285
124 244
411
474
76
43
397
86
211
353
58
446
277
408
218
144
315
243
66
313 279
112
99
459
390
37
342
316
395
333
398
370
200 322
425
8
110
410
57
7
177
133
400 403
378 207
463
419
166
204
75
11
287
293 168
383
65
265
280
14
358
472
46
10 281
209
290
78
230
225
234
199
347
310
94
282
220
79
51
185
317
125
404
445
73
309
444 394
81
142
274
184
271
182 365 373
239
267 368 90
137
299
48
130
53
153
284
83
327
364
363
426
252
455
122 298
129
253
465
351
167
224
77
186
320
441
314
193
121
250
141
359
339
431
15
196
289
219
33
321
54