272 319
345
326 20 157 432 255 308 428 241 377 215 330 407 437 104 266 396 164 111 292 12 386 159 160 131 258 105 44 27 457 331 198 453 181 9 59 471 242 80 442 302 50 295 208 202 248 238 148 17 126 190 406 387 350 341 247 136 470 424 92 286 325 245 399 178 134 259 113 256 156 41 422 71 296 150 473 469 101 354 22 227 102 349 6 205 348 128 466 392 0 237 192 197 138 324 127 440 303 55 421 454 438 214 306 402 69 257 114 391 175 217 362 206 435 143 19 389 228 254 283 436 91 100 163 49 118 291 329 97 52 161 188 269 3 356 264 172 221 452 251 95 334 231 418 30 367 337 312 388 385 154 4 261 229 98 380 344 417 439 382 430 120 169 84 149 179 278 87 183 301 132 338 147 246 343 374 64 226 195 63 103 212 174 106 443 260 158 191 39 468 346 109 116 270 155 429 32 305 460
318
203
464 357
369
297
146
61 70 236 56
35
28 31
88 2
210
458 335 328
336
189
36
162
216
393 145
42
288
379
180
194
60
96
123
427
201
117
82
462 47
294
93
273 276
340
115
413
307 151
213 240
223
26 89 1
140
38
67
300
360
372
187
5
13 85 16
171
25
420
165
108
448
107
304
381
135
311
45
401 24
376 375
416 405
139
434
262 433
222
173
21 23
29
361
268
352
170
449 384 233
62
275 176 456 355
68
461
415
332
232
409
74 18
371
40
447
450
423
72 34
451
235
366
414
152
412
285
124 244
411
474
76
467 119 263
43
397
86
211
353
58
446
277
408
218
144
315
243
66
279 313
112
99
459
390
37
342
316
395
333
398
370
322 200
425
8
110
410
57
7
177
133
403 400
207 378
463
419
166
204
249
75
11
287
168 293
383
65
265
280
14
358
472
46
281 10
209
290
78
230
225
234
199
347
310
94
282
220
79
51
185
317
125
404
445
73
309
394 444
81
142
274
184
271
182 365 373
239
90 368 267
323
137
299
48
130
53
153
284
83
327
364
363
426
252
455
298 122
129
253
465
351
167
224
77
186
320
441
314
193
121
250
141
359
339
431
15
196
289
219
33
321
54