272 319
345
92 457 147 422 308 231 471 452 391 324 59 454 71 302 470 188 205 103 436 41 286 44 229 356 55 245 260 158 473 50 380 80 9 131 255 178 190 228 261 154 169 278 111 98 202 247 6 19 389 428 175 39 172 27 362 149 84 242 241 254 132 226 296 388 292 113 32 354 179 102 337 214 269 208 192 12 212 407 191 418 301 406 468 69 346 128 258 392 114 143 349 251 385 160 3 460 215 399 227 432 350 134 257 106 148 325 49 198 20 367 22 343 331 136 0 326 101 402 183 348 344 312 126 120 259 221 104 442 100 421 238 195 156 197 303 374 181 377 138 424 150 295 440 4 341 157 306 155 174 283 417 164 396 127 237 163 256 95 429 453 330 438 387 217 386 435 437 439 264 118 97 63 266 159 466 17 161 109 64 248 52 334 430 206 30 338 105 382 469 291 116 91 329 246 305 87
318
203
464 357
369
297
146
61 70 56 236
35
31 28
2 88
210
458 335 328
336
189
36
162
216
145 393
42
288
379
180
194
60
96
123
427
201
117
82
47 462
294
93
273 276
340
115
413
151 307
240 213
223
89 1 26
140
38
67
300
360
372
187
5
85 13 16
171
25
420
165
108
448
107
304
381
135
311
45
24 401
376 375
405 416
139
434
262 433
222
173
23 21
29
361
268
352
170
233 449 384
62
355 176 456 275
68
461
415
332
232
409
74 18
371
40
447
450
423
34 72
451
235
366
414
152
412
285
244 124
411
474
76
263 467 119
43
397
86
211
353
58
446
277
408
218
144
315
243
66
313 279
112
99
459
390
37
342
316
395
333
398
370
322 200
425
8
110
410
57
7
177
133
400 403
207 378
463
419
166
204
249
75
11
287
293 168
383
65
265
280
14
358
472
46
281 10
209
290
78
230
225
234
199
347
310
94
282
220
79
51
185
317
125
404
445
73
309
444 394
81
142
274
184
271
365 373 182
239
368 90 267
323
137
299
48
130
53
153
284
83
327
364
363
426
252
443 270
455
298 122
129
253
465
351
167
224
77
186
320
441
314
193
121
250
141
359
339
431
15
196
289
219
33
321
54