319 272
345
257 49 382 247 113 91 52 430 337 468 429 330 246 195 306 440 432 331 32 44 278 27 259 396 266 208 71 329 183 116 55 229 191 471 174 158 334 442 258 198 354 102 261 374 460 402 101 283 22 362 326 160 50 161 453 156 188 103 418 17 454 248 237 127 104 92 228 255 181 164 19 98 301 214 147 212 197 385 452 205 159 206 286 136 245 356 221 6 138 97 387 469 424 4 473 254 470 148 391 312 227 238 126 292 3 341 80 39 163 466 392 242 438 417 118 12 407 386 178 109 325 106 41 190 134 149 421 388 100 377 436 120 179 59 302 169 295 143 269 457 399 128 338 64 226 192 172 175 95 131 251 260 296 422 84 303 428 437 324 69 349 202 256 0 350 30 154 308 87 435 132 105 217 9 264 241 63 348 305 343 380 111 150 367 344 406 389 346 157 20 155 291 114 439 215
318
203
357 464
369
297
146
70 61 56 236
35
31 28
88 2
210
458
336
189
36
162
216
145 393
42
288
379
180
194
60
96
123
427
201
117
82
47 462
294
93
273 276
340
115
413
307 151
213 240
223
89 1 26
140
38
67
300
360
372
187
5
16 85 13
171
25
420
165
108
448
107
304
381
135
311
45
401 24
375 376
416 405
139
434
433 262
222
173
23 21
29
361
268
352
170
384 233 449
62
355 275 456 176
68
461
415
332
232
409
18 74
371
40
447
450
423
72 34
451
235
366
414
152
412
285
244 124
411
474
76
263 467 119
43
397
86
211
353
58
446
277
408
218
144
315
243
66
313 279
112
99
459
390
37
342
316
395
333
398
370
200 322
425
8
110
410
57
7
177
133
403 400
207 378
463
419
166
204
249
75
11
287
168 293
383
65
265
280
14
358
472
46
10 281
209
290
78
230
225
234
199
347
310
94
282
220
79
51
185
317
125
404
445
73
309
444 394
81
335 328
142
274
184
271
365 373 182
239
368 267 90
323
137
299
48
130
53
153
284
83
327
364
363
426
252
443 270
455
298 122
129
253
465
351
167
224
77
186
320
231
441
314
193
121
250
141
359
339
431
15
196
289
219
33
321
54