319 272
345
49 367 438 134 30 114 226 402 156 155 254 457 330 291 350 147 344 439 63 32 104 172 178 91 163 175 39 424 132 228 337 292 50 55 422 436 258 174 118 3 84 471 27 97 157 208 116 301 283 17 454 356 87 188 80 120 399 248 338 69 392 128 113 389 396 354 247 278 9 326 286 260 192 0 453 374 92 111 349 214 127 387 325 429 242 59 391 269 385 388 106 202 296 44 217 418 303 12 131 302 331 407 442 245 41 215 109 417 259 4 421 149 386 251 432 19 295 161 143 343 71 98 255 136 460 348 183 190 150 105 329 206 212 241 169 346 22 256 306 64 428 181 264 20 246 100 197 377 95 473 466 52 138 148 101 257 469 312 324 102 334 470 430 266 308 159 305 6 160 437 164 227 406 362 435 205 229 158 237 191 380 195 103 341 468 221 154 179 238 261 126 452 382 198
318
203
357 464
369
297
146
61 56 70 236
35
31 28
88 2
210
458
336
189
36
162
216
145 393
42
288
379
180
194
60
96
123
427
201
117
82
47 462
294
93
273 276
340
115
413
151 307
240 213
223
89 26 1
140
38
67
300
360
372
187
5
85 16 13
171
25
420
165
108
448
107
304
381
135
311
45
24 401
376 375
405 416
139
434
433 262
222
173
23 21
29
361
268
352
170
384 233 449
62
355 176 275 456
68
461
415
332
232
409
74 18
371
40
447
450
423
72 34
451
235
366
414
152
412
285
124 244
411
474
76
263 467 119
43
397
86
211
353
58
446
277
408
218
144
315
243
66
313 279
112
99
459
390
37
342
316
395
333
398
370
200 322
425
8
110
410
57
7
177
133
400 403
378 207
463
419
166
204
249
75
11
287
168 293
383
65
265
280
14
358
472
46
10 281
209
290
78
230
225
234
199
347
310
94
282
220
79
51
185
317
125
404
445
73
309
394 444
81
328 335
142
274
184
271
182 365 373
239
90 267 368
323
137
299
48
130
53
153
284
83
327
364
363
426
252
443 270
455
298 122
440
129
253
465
351
167
224
77
186
320
231
441
314
193
121
250
141
359
339
431
15
196
289
219
33
321
54