272 319
345
30 84 417 92 111 226 436 292 388 102 4 128 113 0 470 329 457 147 63 9 407 312 22 217 303 354 421 197 136 377 396 157 349 402 438 469 259 44 80 343 49 156 254 190 246 346 330 391 247 325 460 221 215 148 109 350 229 466 41 163 205 95 208 172 59 6 387 334 424 305 127 87 179 55 3 367 12 183 429 283 442 286 100 155 341 389 134 380 453 138 160 52 452 50 164 248 32 256 20 212 202 91 103 260 149 169 178 374 154 214 17 69 291 392 338 454 198 473 326 64 348 435 264 439 195 344 126 278 257 324 308 106 71 27 296
318
203
357 464
369
297
146
56 70 61 236
35
28 31
116 191 386 382 406 174 471 188 242 120 418 301 251 428 175 227 245 39 158 104 258 430 269 432 337 362 118 241 159 161 98 302 19 143 105 295 206 131 306 356 266 228 261 468 237 385 238 181 132 114 437 399 150 97
88 2
210
458
336
189
36
162
216
393 145
42
288
379
180
194
60
96
123
427
201
117
82
462 47
294
93
276 273
340
115
413
151 307
240 213
223
89 1 26
140
38
67
300
360
372
187
5
16 13 85
171
25
420
165
108
448
107
304
381
135
311
45
24 401
192 331 101 255
375 376
405 416
139
434
433 262
222
173
21 23
29
361
268
352
170
233 384 449
62
456 275 176 355
68
461
415
332
232
409
74 18
371
422
40
447
450
423
72 34
451
235
366
414
152
412
285
244 124
411
474
76
119 467 263
43
397
86
211
353
58
446
277
408
218
144
315
243
66
313 279
112
99
459
390
37
342
316
395
333
398
370
322 200
425
8
110
410
57
7
177
133
403 400
207 378
463
419
166
204
249
75
11
287
293 168
383
65
265
280
14
358
472
46
281 10
209
290
78
230
225
234
199
347
310
94
282
220
79
51
185
317
125
404
445
73
309
444 394
81
328 335
142
274
184
271
365 373 182
239
267 90 368
323
137
299
48
130
53
153
284
83
327
364
363
426
252
270 443
455
122 298
440
129
253
465
351
167
224
77
186
320
231
441
314
193
121
250
141
359
339
431
15
196
289
219
33
321
54