272 319
345
324 147 473 246 17 106 100 330 127 254 214 95 154 3 389 264 305 341 348 190 454 329 172 27 226 55 4 41 334 442 164 435 163 0 453 429 148 439 44 259 102 183 91 212 350 436 438 30 303 52 343 407 346 460 109 217 64 380 278 6 247 71 338 138 59 126 392 283 391 113 160 457 178 111 84 134 417 388 69 326 421 22 215 424 452 169 292 157 260 149 80 396 195 49 256 349 374 469 367 291 87 312 179 103 50 208 32 156 198 12 128 229 325 296 20 221 248 63 257 202 470 155 344 354 308
318
203
357 464
369
297
146
56 236 70 61
35
28 31
269 159 242 120 206 132 227 118 428 245 39 406 266 105 114 399 237 158 385 228 161 174 175 19 295 258 181 306 188 432 471 238 468 116 104 302 418 261 337 437 301 251 97 150 362 382 143 386 191 356 241 98 131 430
88 2
210
458
336
189
36
162
216
145 393
42
288
379
180
194
60
96
123
427
201
117
82
47 462
294
93
276 273
340
115
413
307 151
213 240
223
89 1 26
140
402 9 92 377 466 286 205 387 197 136
38
67
300
360
372
187
5
13 16 85
171
25
420
165
108
448
107
304
381
135
311
45
401 24
192 255 101
375 376
405 416
139
434
262 433
222
173
23 21
29
361
268
352
170
449 233 384
62
275 355 176 456
68
461
415
332
232
409
74 18
371
422
40
447
450
423
34 72
451
235
366
414
152
412
285
244 124
411
474
76
263 119 467
43
397
86
211
353
58
446
277
408
218
144
315
243
66
279 313
112
99
459
390
37
342
316
395
333
398
370
322 200
425
8
110
410
57
7
177
133
403 400
207 378
463
419
166
204
249
75
11
287
168 293
383
65
265
280
14
358
472
46
281 10
209
290
78
230
225
234
199
347
310
94
282
220
79
51
185
317
125
404
445
73
309
444 394
81
335 328
142
274
184
271
373 182 365
239
368 267 90
323
137
299
48
130
53
153
284
83
327
364
363
426
252
270 443
455
298 122
440
129
253
465
351
167
224
77
186
320
231
331
441
314
193
121
250
141
359
339
431
15
196
289
219
33
321
54