319 272
345
126 308 64 354 421 103 305 52 329 229 283 417 100 260 380 291 346 424 214 312 254 164 341 344 138 215 190 460 0 442 113 247 392 334 374 27 128 429 396 457 226 439 169 154 179 172 349 63 87 325 388 22 208 49 454 111 198 452 3 407 338 12 6 202 436 55 44 102 391 20 163 156 473 69 350 134 348 80 155 330 246 17 303 264 367 469 326 32 256 149 106 217 296 160 148 278 30 324 59 91 41 259 50 453 221 470 178 438 248 147 257 71 292 389 4 212 157 127 195 109 84 183 435
318
203
464 357
369
297
146
56 70 61 236
35
31 28
382 242 306 432 418 251 406 238 386 266 337 132 302 131 97 161 114 227 19 228 105 159 399 191 261 158 150 237 174 356 188 104 471 437 143 118 181 98 468 362 175 245 385 301 269 428 258 241 120 39 430 116 295 206
2 88
210
458
336
189
36
162
216
393 145
42
288
379
180
194
60
96
123
427
201
117
82
47 462
294
93
276 273
340
115
413
307 151
240 213
223
1 26 89
140
402 136 197 205 92 286 466 9 387 377
38
67
300
360
372
343 95
187
5
85 13 16
171
25
420
165
108
448
107
304
381
135
311
45
24 401
255 101 192
376 375
416 405
139
434
262 433
222
173
21 23
29
361
268
352
170
233 384 449
62
275 176 456 355
68
461
415
332
232
409
74 18
371
422
40
447
450
423
72 34
451
235
366
414
152
412
285
124 244
411
474
76
467 263 119
43
397
86
211
353
58
446
277
408
218
144
315
243
66
279 313
112
99
459
390
37
342
316
395
333
398
370
200 322
425
8
110
410
57
7
177
133
400 403
207 378
463
419
166
204
249
75
11
287
168 293
383
65
265
280
14
358
472
46
281 10
209
290
78
230
225
234
199
347
310
94
282
220
79
51
185
317
125
404
445
73
309
394 444
81
335 328
142
274
184
271
373 365 182
239
90 267 368
323
137
299
48
130
53
153
284
83
327
364
363
426
252
270 443
455
298 122
440
129
253
465
351
167
224
77
186
320
231
331
441
314
193
121
250
141
359
339
431
15
196
289
219
33
321
54