319 272
345
149 452 49 312 160 202 254 41 248 438 354 50 260 3 308 256 221 349 215 453 155 341 305 154 111 179 169 84 164 183 469 134 0 291 473 439 6 156 334 178 106 126 55 396 103 190 421 292 127 148 100 208 87 113 246 52 324 264 460 138 20 407 329 367 391 217 442 63 346 12 44 157 163 325 303 69 296 283 330 71 128 344 91 278 388 374 32 247 147 350 102 17 257 109 27 172 198 454 338 214 380 326 30 212 457 470 195 22 4 389 348 59 259 64 229 424 392 435 417 436 226 80
318
203
464 357
369
297
146
236 61 70
35
28 31
174 120 131 385 399 430 337 386 258 302 158 161 269 228 116 97 306 19 132 105 175 191 418 242 150 356 143 468 159 98 227 428 406 251 237 382 206 266 362 295 39 114 432 245 118 261 104 241 238 188 471 301
88 2
210
458
336
189
36
162
216
145 393
42
288
379
180
194
60
96
123
427
201
117
82
47 462
294
93
273 276
340
115
413
151 307
213 240
223
26 89 1
140
402 377 136 9 197 286 387 205 466 92
38
67
300
360
372
95 343
187
5
13 85 16
171
25
420
165
108
448
107
304
381
135
311
45
24 401
101 192 255
375 376
416 405
139
434
433 262
222
173
21 23
29
361
268
352
170
233 384 449
62
355 275 456 176
68
461
415
332
232
409
18 74
371
422
429
40
447
450
423
56
72 34
451
235
366
414
152
412
285
124 244
411
474
76
467 119 263
43
397
86
211
353
58
446
277
181 437
408
218
144
315
243
66
279 313
112
99
459
390
37
342
316
395
333
398
370
322 200
425
8
110
410
57
7
177
133
400 403
207 378
463
419
166
204
249
75
11
287
293 168
383
65
265
280
14
358
472
46
10 281
209
290
78
230
225
234
199
347
310
94
282
220
79
51
185
317
125
404
445
73
309
394 444
81
335 328
142
274
184
271
373 182 365
239
267 368 90
323
137
299
48
130
53
153
284
83
327
364
363
426
252
270 443
455
122 298
440
129
253
465
351
167
224
77
186
320
231
331
441
314
193
121
250
141
359
339
431
15
196
289
219
33
321
54