319 272
345
247 424 256 438 164 217 473 246 346 100 460 106 344 44 350 63 22 454 127 113 469 283 259 59 154 260 111 172 453 202 84 436 87 396 257 178 291 334 163 296 102 457 229 12 134 212 148 169 195 156 6 452 308 71 330 374 126 69 435 391 325 214 128 215 55 380 442 155 292 160 341 470 354 17 41 349 264 208 27 338 147 312 4 149 329 421 248 52 80 221 388 64 49 389 157 109 303 348 50 190 30 138 103 324 392 326 198 183 278 367 179 32 305 407 417 3 20 254 439 226 91
318
203
357 464
369
297
146
236 70 61
35
28 31
191 386 206 399 430 228 258 356 301 385 120 245 116 432 97 428 188 175 150 337 242 19 238 39 143 104 471 105 251 161 382 406 269 114 174 266 131 158 295 261 302 468 98 227 159 132 237 418 362 118 306 241
2 88
210
458
336
189
36
162
216
393 145
42
288
379
180
194
60
96
123
427
201
117
82
462 47
294
93
276 273
340
115
413
151 307
240 213
223
26 89 1
140
466 402 136 286 387 205 377 197 9 92
38
67
300
360
372
95 343
187
5
85 16 13
171
25
420
165
108
448
107
304
381
135
311
45
24 401
255 192 101
375 376
405 416
139
434
262 433
222
173
21 23
29
361
268
352
170
449 233 384
62
456 355 176 275
68
461
415
332
232
409
18 74
371
422
429
40
447
450
423
56
34 72
451
235
366
414
152
412
285
244 124
411
474
76
467 119 263
43
397
86
211
353
58
446
277
437 181
408
218
144
315
243
66
313 279
112
99
459
390
37
342
316
395
333
398
370
322 200
425
8
110
410
57
7
177
133
403 400
378 207
463
419
166
204
249
75
11
287
168 293
383
65
265
280
14
358
472
46
10 281
209
290
78
230
225
234
199
347
310
94
282
220
79
51
185
317
125
404
445
73
309
444 394
81
328 335
142
274
184
271
373 182 365
239
90
323
137
299
48
0
130
53
153
284
83
327
364
363
426
252
443 270
455
122 298
440
129
253
465
351
167
224
77
186
320
231
368 267
331
441
314
193
121
250
141
359
339
431
15
196
289
219
33
321
54