319 272
345
257 44 334 392 52 154 49 303 59 156 172 127 183 354 473 291 454 147 55 17 208 113 442 452 278 128 148 27 126 326 63 111 388 215 292 164 41 389 4 421 367 312 417 217 71 436 260 460 296 102 32 435 155 308 214 80 330 229 106 453 380 195 160 12 439 344 169 324 149 348 305 248 346 134 109 424 202 470 87 84 178 138 163 391 103 226 100 221 247 198 212 341 329 246 157 457 69 283 349 179 3 50 254 91 256 350 20 6 407 264 338 374 30 64 190 22 396
318
203
464 357
369
297
146
236 70 61
35
28 31
258 269 306 238 356 241 430 118 175 191 143 399 150 471 432 131 362 19 428 386 237 228 159 302 385 227 98 206 261 39 105 418 406 382 104 188 158 301 468 174 266 251 116 337 295 120 245 114 97 132 242 161
88 2
210
458
336
189
36
162
216
393 145
42
288
379
180
194
60
96
123
427
201
117
82
47 462
294
93
273 276
340
115
413
307 151
240 213
223
26 89 1
140
377 136 387 205 402 286 9 466 197 92
38
67
300
360
372
95 343
187
5
13 85 16
171
25
420
165
108
448
107
304
381
135
311
45
24 401
192 255 101
375 376
405 416
139
434
433 262
222
173
21 23
29
361
268
352
170
233 384 449
62
355 275 176 456
68
461
415
332
232
409
259 469 325 438
18 74
371
422
429
40
447
450
423
56
72 34
451
235
366
414
152
412
285
244 124
411
474
76
119 263 467
43
397
86
211
353
58
446
277
437 181
408
218
144
315
243
66
313 279
112
99
459
390
37
342
316
395
333
398
370
322 200
425
8
110
410
57
7
177
133
403 400
207 378
463
419
166
204
249
75
11
287
168 293
383
65
265
280
14
358
472
46
281
209
290
78
230
225
234
199
347
310
94
282
220
79
51
185
317
125
404
445
73
309
444 394
81
328 335
142
274
184
271
365 373 182
239
10
90
323
137
299
48
0
130
53
153
284
83
327
364
363
426
252
443 270
455
122 298
440
129
253
465
351
167
224
77
186
320
231
267 368
331
441
314
193
121
250
141
359
339
431
15
196
289
219
33
321
54