319 272
345
324 246 183 126 178 257 392 190 64 20 436 329 71 198 164 473 442 439 374 154 100 103 291 334 59 292 391 349 128 221 303 389 149 460 457 6 208 87 55 52 348 424 248 229 17 111 80 435 283 452 344 296 195 172 3 354 326 163 148 312 147 160 260 453 50 396 84 212 380 102 278 69 341 417 41 32 106 308 214 215 27 421 388 169 109 22 30 138 113 91 367 338 407 305 156 179 217 157 49 44 256 63 202 12 127 247 155 134 264 350 470 346 254 454 330 4 226
318
203
357 464
369
297
146
70 236 61
35
31 28
237 301 295 471 385 399 118 242 258 251 337 228 428 306 238 97 161 98 206 120 362 241 105 382 132 175 261 131 266 143 39 104 356 159 19 430 468 114 116 150 406 302 158 188 386 269 418 174 191 227 432 245
88 2
210
458
336
189
36
162
216
393 145
42
288
379
180
194
60
96
123
427
201
117
82
47 462
294
93
276 273
340
115
413
151 307
213 240
223
26 89 1
140
402 197 92 377 9 205 466 136 387 286
38
67
300
360
372
95 343
187
5
85 13 16
171
25
420
165
108
448
107
304
381
135
311
45
24 401
255 192 101
375 376
405 416
139
434
433 262
222
173
21 23
29
361
268
352
170
384 449 233
62
275 456 176 355
68
461
415
332
232
409
259 469 438
18 74
371
422
429
40
447
450
423
56
72 34
451
235
366
414
152
412
285
244 124
411
474
76
467 119 263
43
397
86
211
353
58
446
277
437 181
408
218
144
315
243
66
279 313
112
99
459
390
37
342
316
395
333
398
370
322 200
425
8
110
410
57
7
177
133
400 403
378 207
463
419
166
204
249
75
11
287
293 168
383
65
265
280
14
358
472
46
281
209
290
78
230
225
234
199
347
310
94
282
220
79
51
185
325
317
125
404
445
73
309
394 444
81
335 328
142
274
184
271
373 182 365
239
10
90
323
137
299
48
0
130
53
153
284
83
327
364
363
426
252
270 443
455
298 122
440
129
253
465
351
167
224
77
186
320
231
267 368
331
441
314
193
121
250
141
359
339
431
15
196
289
219
33
321
54