272 319
345
164 396 179 214 392 103 454 326 154 291 473 69 338 20 190 195 17 156 163 283 417 64 111 453 109 247 324 264 102 160 49 215 248 330 439 147 169 27 380 305 50 84 212 100 303 292 435 149 198 329 6 128 41 407 3 460 354 32 59 349 52 178 374 217 421 452 155 172 138 296 91 30 257 44 4 55 148 12 246 126 157 436 334 208 183 388 470 63 87 134 256 80 367 22 346 341 226 312 260 254 278 391 389 350 71 424 113 106 457 127 344 348 442 229
318
203
464 357
369
297
146
61 236 70
35
28 31
430 386 418 150 97 302 191 104 382 237 159 132 116 161 242 39 120 295 406 19 143 362 468 266 118 251 399 356 337 105 228 428 471 432 306 114 227 188 238 241 245 301 385 98 258 174 269 175 131 158 206 261
88 2
210
458
336
189
36
162
216
145 393
42
288
379
180
194
60
96
123
427
201
117
82
462 47
294
93
276 273
340
115
413
151 307
240 213
223
89 1 26
140
286 387 136 205 402 197 466 92 9 377
38
67
300
360
372
95 343
221 308 202
187
5
85 13 16
171
25
420
165
108
448
107
304
381
135
311
45
401 24
255 101 192
375 376
416 405
139
434
433 262
222
173
21 23
29
361
268
352
170
233 449 384
62
456 355 275 176
68
461
415
332
232
409
438 469 259
74 18
371
422
429
40
447
450
423
56
72 34
451
235
366
414
152
412
285
124 244
411
474
76
467 263 119
43
397
86
211
353
58
446
277
181 437
408
218
144
315
243
66
313 279
112
99
459
390
37
342
316
395
333
398
370
200 322
425
8
110
410
57
7
177
133
400 403
378 207
463
419
166
204
249
75
11
287
293 168
383
65
265
280
14
358
472
46
281
209
290
78
230
225
234
199
347
310
94
282
220
79
51
185
325
317
125
404
445
73
309
394 444
81
328 335
142
274
184
271
182 365 373
239
10
90
323
137
299
48
0
130
53
153
284
83
327
364
363
426
252
443 270
455
298 122
440
129
253
465
351
167
224
77
186
320
231
267 368
331
441
314
193
121
250
141
359
339
431
15
196
289
219
33
321
54