319 272
345
155 312 292 172 87 214 3 215 338 169 157 160 417 148 91 4 260 344 374 138 113 156 388 32 424 44 55 111 20 164 254 256 30 229 350 457 305 226 63 134 247 324 190 195 49 454 439 341 396 163 12 407 452 470 179 329 69 436 303 154 346 283 330 264 296 421 208 349 84 389 147 6 106 248 52 27 103 217 380 17 212 22 246 391 183 442 326 102 392 64 71 126 460 109 128 59 80 41 367 291 348 354 278 334 149 198 453 50 257 435 127 178 473 100
318
203
464 357
369
297
146
61 70 236
35
31 28
238 269 251 241 432 188 237 471 386 114 399 97 118 191 261 104 266 385 159 306 174 131 418 406 356 468 428 161 120 150 245 143 301 175 19 158 302 228 362 132 430 295 337 116 258 206 105 39 98 227 242 382
88 2
210
458
336
189
36
162
216
145 393
42
288
379
180
194
60
96
123
427
201
117
82
462 47
294
93
273 276
340
115
413
151 307
240 213
223
26 1 89
140
136 205 387 466 286 92 197 9 402 377
38
67
300
360
372
95
202 221 308
187
5
13 85 16
171
25
420
165
108
448
107
304
381
135
311
45
401 24
192 101 255
376 375
405 416
139
434
433 262
222
173
21 23
29
361
268
352
170
384 449 233
62
275 355 456 176
68
461
415
332
232
409
438 259 469
74 18
371
422
429
40
447
450
423
56
72 34
451
235
366
414
152
412
285
124 244
411
474
76
263 467 119
43
397
86
211
353
58
446
277
181 437
408
218
144
315
243
66
279 313
112
99
459
390
37
342
316
395
333
398
370
322 200
425
8
110
410
57
7
177
133
403 400
207 378
463
419
166
204
343
249
75
11
287
168 293
383
65
265
280
14
358
472
46
281
209
290
78
230
225
234
199
347
310
94
282
220
79
51
185
325
317
125
404
445
73
309
444 394
81
335 328
142
274
184
271
182 365 373
239
10
90
323
137
299
48
0
130
53
153
284
83
327
364
363
426
252
270 443
455
298 122
440
129
253
465
351
167
224
77
186
320
231
368 267
331
441
314
193
121
250
141
359
339
431
15
196
289
219
33
321
54