272 319
345
278 436 208 260 248 344 226 41 155 113 22 334 229 421 190 91 6 453 154 134 160 156 179 164 391 354 256 147 389 212 312 435 296 374 329 163 247 341 17 84 470 69 348 392 350 396 178 50 3 254 63 55 102 157 460 183 20 52 380 330 64 388 80 291 417 215 246 103 439 264 44 100 169 452 407 303 30 27 457 12 257 172 148 195 49 32 442 198 149 138 473 338 111 126 367 292 326 424 59 106 4 283 217 346 324 349 109 214 454 127 71 87
318
203
464 357
369
297
146
70 61 236
35
31 28
159 261 406 430 269 175 19 39 471 150 174 306 131 468 97 188 362 428 238 356 245 120 399 242 337 228 302 105 251 266 132 118 191 386 432 382 143 258 206 104 418 385 301 116 114 237 98 241 158 161 295
2 88
210
458
336
189
36
162
216
393 145
42
288
379
180
194
60
96
123
427
201
117
82
47 462
294
93
276 273
340
115
413
151 307
240
223
1 26 89
140
402 387 466 205 9 197 286 92 377 136
38
67
300
360
372
95
308 221 202
187
5
85 13 16
171
25
420
165
108
448
107
304
381
135
311
128 305
213
45
401 24
192 255 101
376 375
405 416
139
434
262 433
222
173
21 23
29
361
268
352
170
233 449 384
62
355 456 176 275
68
461
415
332
232
409
438 469 259
74 18
371
422
429
40
447
450
423
56
34 72
451
235
366
414
152
412
285
244 124
411
474
76
263 119 467
43
397
86
211
353
58
446
277
181 437
408
218
144
315
243
66
313 279
112
99
459
390
37
342
316
395
333
398
370
200 322
425
8
110
410
57
7
177
133
400 403
378 207
463
419
166
204
343
249
75
11
287
168 293
383
65
265
280
14
358
472
46
281
209
290
78
230
225
234
199
347
310
94
282
220
79
51
185
325
317
125
404
445
73
309
394 444
81
328 335
142
274
184
271
365 182 373
239
10
90
323
137
299
48
0
130
53
153
284
83
327
364
363
426
252
443 270
455
122 298
440
129
253
465
351
167
224
77
186
320
231
368 267
331
441
314
193
121
250
141
359
339
431
227
15
196
289
219
33
321
54