74 38 450 225 75 455 193 368 142 34 56 252 332 317 432 81 12 315 157 44 275 5 337 191 232 198 474 156 464 288 133 406 268 448 357 171 119 335 208 69 25 149 278 251 402 76 8 90 376 126 420 294 104 353 334 250 327 272 286 98 322 189 3 131 468 205 15 408 35 277 29 16 379 102 400 290 100 93 47 316 23 28 40 467 24 395 344 127 383 107 470 459 295 88 264 256 176 175 161 246 388 178 219 103 254 259 394 31 116 63 301 244 426 393 293 173 349 446 212 42 399 109 348 214 245 50 2 387 424 221 181 269 184 359 260 129 309 445 186 223 326 389 11 233 458 306 425 311 84 381 203 441 433 130 85 302 422 378 51 30 362 209 343 248 263 201 46 49 447 158 211 300 428 140 449 385 59 234 253 165 108 292 452 52 396 442 125 444 134 190 73 194 71 461 226 62 358 9 367 247 242 438 291 352 60 199 386 222 351 328 180 440 6 298 70 97 58 437 469 14 373 421 283 407 64 148 105 174 177 360 473 390 430 361 213 312 136 471 1 87 36 95 257 287 374 113 320 138 434 237 410 132 111 145 22 154 403 26 66 284 122 371 37 382 91 462 273 195 170 128 324 342 169 262 329 377 217 7 124 162 220 285 339 319 13 99 397 185 363 17 356 380 338 413 330 274 457 435 240 297 153 456 204 321 21 207 143 224 235 236 160 120 238 289 227 345 139 101 310 466 255 333 308 261 305 197 123 391 210 370 216 375 167 33 366 271 159 86 53 460 182 228 206 258 0 32 241 436 202 112 415 411 341 106 429 68 55 78 192 318 230 350 347 416 10 72 141 117 152 401 168 215 48 147 150 409 454 18 19 188 172 281 4 243 89 61 65 200 92 365 80 439 137 270 155 384 451 249 39 427 54 27 135 267 20 417 183 77 443 79 307 423 266 231 364 372 346 431 229 418 276 114 43 179 405 265 313 453 218 151 166 163 325 355 303 463 279 144 118 296 331 392 41 323 299 164 314 472 354
369
146
336
96
82
340
115
67
187
304 465
45
414
412
398
110
57
419
280
94
282
404
239
83
121
196