272 319
345
55 424 138 436 334 59 80 6 256 326 349 214 84 109 4 20 17 12 27 147 30 50 179 160 64 212
318
203
464 357
111 473 52 278 346 439 460 330 324 470 164 134 155 374 354 190 69 91 63 417 380 254 341 454 264 248 257 344 87 329 453 260 396 367 303 217 183 391 291 389 157 126 106 208 348 3 148 178 71 421 102 172 247 283 154 442 163 435 392 103 44 312 49 100 156 198 292 32 169 22 229 388 215 127 41 296 407 350 457 338 195 452 226 246 113 149
369
297
146
61 236 70
35
28 31
471 430 406 428 241 418 362 191 158 468 301 131 266 258 206 337 386 161 295 120 269 116 174 143 188 432 385 39 356 159 242 228 150 118 306 97 238 302 114 261 175 19 105 399 237 104 382 245 132 98 251
2 88
210
458
336
189
36
162
216
393 145
42
288
379
180
194
60
96
123
427
201
117
82
47 462
294
93
276
340
115
413
151 307
240
223
26 89
140
402 197 205 9 286 466 377 136 387 92
38
67
300
360
372
95
221 308 202
187
5
85 13 16
171
25
420
165
273
108
448
107
304
381
135
311
305 128
213
45
401 24
255 192 101
375 376
405 416
139
434
433 262
222
173
23 21
29
361
268
352
170
233 449 384
62
355 275 456 176
68
461
415
332
232
409
438 259 469
18 74
371
422
429
40
447
450
423
56
34 72
451
235
366
414
152
412
285
124 244
411
474
76
263
43
397
86
211
353
58
446
277
181 437
408
218
144
315
243
66
313 279
112
99
459
390
37
342
316
395
333
398
370
200 322
425
8
110
410
119 467
57
7
177
133
400 403
378 207
463
419
166
204
343
249
75
11
287
168 293
383
65
265
280
14
358
472
46
281
209
290
78
230
225
234
1
199
347
310
94
282
220
79
51
185
325
317
125
404
445
73
309
394 444
81
335 328
142
274
184
271
373 365 182
239
10
90
323
137
299
48
0
130
53
153
284
83
327
364
363
426
252
270 443
455
298 122
440
129
253
465
351
167
224
77
186
320
231
267 368
331
441
314
193
121
250
141
359
339
431
227
15
196
289
219
33
321
54