272 319
345
326 349 50 334 59 4 212 20 64 214 12 179 17 109 424 160 27 256 55 84 147 6 138 30 80 436
318
203
464 357
91 460 367 454 248 341 149 52 106 87 260 217 380 292 155 178 421 257 164 350 198 154 470 264 346 22 392 69 148 312 190 134 32 391 41 389 453 283 226 374 3 246 254 100 388 291 330 407 354 278 111 44 215 348 338 49 195 183 439 457 229 113 127 103 169 435 157 126 329 172 296 163 396 442 417 71 247 473 452 344 63 156 102 303 324 208
369
297
146
61 70 236
35
28 31
174 261 104 468 430 161 132 242 238 241 471 116 228 382 432 385 150 428 39 206 19 158 143 245 251 97 120 118 306 356 362 295 131 237 159 406 188 258 418 302 114 105 98 399 386 337 266 175 301 191 269
88 2
210
458
336
189
36
162
216
393 145
42
288
379
180
194
60
96
123
427
201
117
82
47 462
294
93
276
340
115
413
151
240
223
26 89
140
402 466 286 92 387 377 136 205 197 9
38
67
300
360
372
95
308 202 221
187
5
13 85 16
171
25
420
165
273
108
448
107
304
381
135
311
128 305
213
45
24 401
101 192 255
375 376
416 405
139
434
262 433
222
173
23 21
29
361
268
352
170
449 233 384
62
176 456 275 355
68
461
415
332
232
409
469 438 259
74 18
371
422
429
40
447
450
423
56
72 34
451
235
366
414
152
412
285
124 244
411
474
76
263
43
397
86
211
353
58
446
277
437 181
408
218
144
315
243
66
313 279
112
99
459
390
37
342
316
395
333
398
370
322 200
425
8
110
307
410
467 119
57
7
177
133
400 403
378 207
463
419
166
204
343
249
75
11
287
168 293
383
65
265
280
14
358
472
46
281
209
290
78
230
225
234
1
199
347
310
94
282
220
79
51
185
325
317
125
404
445
73
309
394 444
81
328 335
142
274
184
271
365 182 373
239
10
90
323
137
299
48
0
130
53
153
284
83
327
364
363
426
252
270 443
455
298 122
440
129
253
465
351
167
224
77
186
320
231
267 368
331
441
314
193
121
250
141
359
339
431
227
15
196
289
219
33
321
54