319 272
345
334 84 212 436 179 27 6 55 147 4 20 214 80 256 12 138 109 326 59 64 50 17 160 424 30 349
318
203
464 357
49 380 407 330 41 454 254 303 470 100 208 87 44 111 296 344 260 346 190 392 134 126 195 102 374 283 164 154 439 103 69 149 229 329 324 473 22 113 457 157 71 264 341 127 442 417 248 246 217 215 338 350 367 198 163 156 52 226 396 421 172 32 452 388 460 63 389 278 435 178 155 391 312 354 3 183 148 348 169 91 292 453 257 291 106
369
297
146
236 70 61
35
28 31
191 241 242 428 237 306 39 188 356 337 302 266 362 386 161 399 245 432 206 406 269 132 120 118 150 301 261 19 385 175 143 228 131 430 471 97 418 295 258 105 104 98 468 251 158 116 114 382 238 159
88 2
210
458
336
189
36
162
216
393 145
42
288
379
180
194
60
96
123
427
201
117
82
462 47
294
93
276
340
115
413
151
240
223
89 26
140
197 136 92 402 205 377 466 9 387 286
174
38
67
300
360
372
95
202 221 308
187
5
85 16 13
171
25
420
165
273
108
448
107
304
381
135
311
128 305
213
45
24 401
192 255 101
376 375
416 405
139
434
433 262
222
173
23 21
29
361
268
352
170
233 449 384
62
355 275 456 176
68
461
415
332
232
409
469 259 438
74 18
371
422
429
40
447
450
423
56
34 72
451
235
366
414
152
412
285
124 244
411
474
76
263
43
397
86
211
353
58
446
277
181 437
408
218
144
315
243
66
279 313
112
247
99
459
390
37
342
316
395
333
398
370
322 200
425
8
110
307
410
119 467
57
7
177
133
403 400
207 378
463
419
166
204
343
249
75
11
287
168 293
383
65
265
280
14
358
472
46
281
209
290
78
230
225
234
1
199
347
310
94
282
220
79
51
185
325
317
125
404
445
73
309
394 444
81
335 328
142
274
184
271
373 365 182
239
10
90
323
137
299
48
0
130
53
153
284
83
327
364
363
426
252
270 443
455
298 122
440
129
253
465
351
167
224
77
186
320
231
368 267
331
441
314
193
121
250
141
359
339
431
227
15
196
289
219
33
321
54