272 319
345
30 50 6 436 109 55 424 12 80 27 17 64 147 20 212 256 84 349 160 326 179 334 4 214 138
318
203
464 357
172 303 157 344 283 100 312 457 183 296 3 254 52 346 155 439 407 350 392 87 127 229 164 111 473 367 103 113 149 134 452 69 470 324 154 41 338 106 126 91 380 22 71 348 291 156 341 198 148 264 454 246 460 278 190 435 63 195 208 453 32 329 391 44 389 417 292 374 442 102 163 421 388 354 178 396 169 49 330 215 226 260 257
369
297
146
236 70 61
35
31 28
430 418 261 399 362 428 120 295 468 104 237 471 105 302 131 19 98 159 266 301 97 188 206 118 245 116 150 39 242 228 386 132 385 251 191 306 238 175 406 241 143 382 114 161 269 258 356 337 158 432
88 2
210
458
336
189
36
162
216
145 393
42
288
379
180
194
60
96
123
427
201
117
82
47 462
294
93
276
340
115
413
151
240
223
26 89
140
136 466 92 286 9 377 402 205 197 387
174
38
67
300
360
372
95
217
308 202 221
187
5
13 16 85
171
25
420
165
273
108
448
107
304
381
135
311
128 305
213
45
401 24
101
255 192
376 375
405 416
139
434
262 433
222
173
21 23
29
361
268
352
170
449 233 384
62
355 275 176 456
68
461
415
332
232
409
259 469 438
18 74
371
422
429
40
447
450
423
56
72 34
451
235
366
414
152
412
285
124 244
411
474
76
263
43
397
86
211
353
58
446
277
181 437
408
218
144
315
243
66
279 313
112
247
99
459
390
37
342
316
395
333
398
370
322 200
425
8
110
307
410
467 119
57
7
177
133
403 400
207 378
463
419
166
204
343
249
75
11
287
168 293
383
65
265
280
14
358
472
59
46
281
209
290
78
230
225
234
1
199
347
310
94
282
220
79
51
185
325
317
125
404
445
73
309
444 394
81
328 335
142
274
184
271
365 373 182
239
10
90
323
137
299
48
0
130
53
153
284
83
327
364
363
426
252
443 270
455
122 298
440
129
253
465
351
167
224
248
77
186
320
231
368 267
331
441
314
193
121
250
141
359
339
431
227
15
196
289
219
33
321
54