319 272
345
30 27 334 147 160 80 6 436 256 12 179 20 326 84 17 50 138 109 424 64 55 4 349 214 212
318
203
464 357
178 389 257 106 134 52 103 338 473 63 470 396 195 111 155 264 329 460 148 380 113 215 183 91 163 291 312 407 354 208 126 454 127 292 452 254 71 388 154 3 190 102 296 149 344 69 229 44 87 367 439 246 435 453 164 172 391 169 198 417 156 341 226 157 324 442 283 260 421 22 346 348 457 330 100 32 49 41 278 303 392 374 350
369
297
146
236 70 61
35
31 28
228 428 120 399 468 266 118 258 97 175 386 242 306 98 19 382 105 132 245 39 191 418 104 269 237 114 188 261 432 251 143 131 158 241 295 430 385 159 301 362 238 161 356 150 116 206 302 337 471 406
88 2
210
458
336
189
36
162
216
393 145
42
288
379
180
194
60
96
123
427
201
117
82
47 462
294
93
276
340
115
413
151
240
223
89 26
140
136 387 286 466 197 92 205 377 402 9
174
38
67
300
360
372
95
217
221 308 202
187
5
13 85 16
171
25
420
165
273
108
448
107
304
381
135
311
305 128
213
45
401 24
101
192 255
375 376
416 405
139
434
262 433
222
173
21 23
29
361
268
352
170
449 233 384
62
275 456 176 355
68
461
415
332
232
409
469 259 438
74 18
371
422
429
40
447
450
423
56
72 34
451
235
366
414
152
412
285
124 244
411
474
76
263
43
397
86
211
353
58
446
277
437 181
408
218
144
315
243
66
279 313
112
247
99
459
390
37
342
316
395
333
398
370
322 200
425
8
110
307
410
119 467
57
7
177
133
400 403
207 378
463
419
166
204
343
249
75
11
287
168 293
383
65
265
280
14
358
472
59
46
281
209
290
78
230
225
234
1
199
347
310
94
282
220
79
51
185
325
317
125
404
445
73
309
444 394
81
328 335
142
274
184
271
365 373 182
239
10
90
323
137
299
48
0
130
53
153
284
83
327
364
363
426
252
270 443
455
298 122
440
129
253
465
351
167
224
248
77
186
320
231
368
267
331
441
314
193
121
250
141
359
339
431
227
15
196
289
219
33
321
54