272 319
345
334 212 4 80 436 55 147 6 160 30 179 12 64 109 214 20 50 84 138 256 17 326 349 27 424
318
203
357 464
52 417 296 3 348 127 421 460 49 264 32 260 178 103 303 344 157 457 106 155 71 407 439 388 208 283 113 338 198 470 473 190 44 163 215 367 149 154 278 91 346 229 134 195 22 100 148 164 226 292 330 354 254 169 41 452 380 183 350 87 102 63 329 374 156 291 392 442 389 312 453 341 391 324 111 126
369
297
146
236 70 61
35
28 31
19 191 159 430 131 118 306 98 269 406 258 188 242 385 302 266 39 386 295 471 245 237 150 418 105 228 175 116 104 238 158 428 143 399 161 356 132 337 114 362 241 120 468 382 97 301 432 261 251 206
88 2
210
458
336
189
36
162
216
393 145
42
288
379
180
194
60
96
123
427
201
117
82
47 462
294
93
276
340
115
413
151
240
223
89 26
140
92 9 466 136 377 286 402 205 387 197
174
38
67
300
360
372
95
217
221 202 308
187
5
85 13 16
435 69 257 396 172
171
25
420
165
273
108
448
107
304
381
135
311
305 128
213
45
401 24
101
255 192
376 375
416 405
139
434
433 262
222
173
21 23
29
361
268
352
170
449 384 233
62
275 456 355 176
68
461
415
332
232
409
438 469 259
18 74
371
422
454
429
40
447
450
423
56
34 72
451
235
366
414
152
412
285
244 124
411
474
76
263
43
397
86
211
353
58
446
277
437 181
408
218
144
315
243
66
279 313
112
246
247
99
459
390
37
342
316
395
333
398
370
200 322
425
8
110
307
410
467 119
57
7
177
133
403 400
207 378
463
419
166
204
343
249
75
11
287
293 168
383
65
265
280
14
358
472
59
46
281
209
290
78
230
225
234
1
199
347
310
94
282
220
79
51
185
325
317
125
404
445
73
309
444 394
81
328 335
142
274
184
271
365 182 373
239
10
90
323
137
299
48
0
130
53
153
284
83
327
364
363
426
252
443 270
455
122 298
440
129
253
465
351
167
224
248
77
186
320
231
368
267
331
441
314
193
121
250
141
359
339
431
227
15
196
289
219
33
321
54