319 272
345
4 160 64 214 30 84 138 326 27 179 334 6 80 256 424 109 17 50 12 20 212 349 55 436 147
318
203
464 357
154 169 374 264 183 103 102 215 283 195 291 208 178 470 126 111 329 460 156 350 354 457 22 344 392 346 41 292 113 164 338 348 157 303 254 324 52 380 453 49 198 149 229 134 388 100 260 330 442 44 155 452 190 148 312 32 278 91 341 407 127 417 3 473 163 389 391 106 421 71 439 226 367 296 63 87
369
297
146
236 70 61
35
28 31
98 161 118 150 301 206 116 269 385 39 261 356 362 337 382 175 105 242 258 245 191 237 302 406 104 251 399 158 132 159 97 19 295 238 143 241 430 188 228 131 120 468 114 471 432 386 418 428 266
88 2
210
458
336
189
36
162
216
393 145
42
288
379
180
194
60
96
123
427
201
117
82
462 47
294
93
276
340
115
413
151
240
223
26 89
140
136 387 286 466 402 9 197 377 92 205
174
38
67
300
360
372
95
217
202 221 308
187
5
16 85 13
396 69 257 172 435
171
25
420
165
273
108
448
107
304
381
135
311
128 305
213
45
401 24
101
192 255
375 376
405 416
139
434
433 262
222
173
21 23
29
361
268
352
170
384 449 233
62
355 275 456 176
306
68
461
415
332
232
409
438 259 469
18 74
371
422
454
429
40
447
450
423
56
34 72
451
235
366
414
152
412
285
244 124
411
474
76
263
43
397
86
211
353
58
446
277
181 437
408
218
144
315
243
66
313 279
112
246
247
99
459
390
37
342
316
395
333
398
370
322 200
425
8
110
307
410
119 467
57
7
177
133
400 403
207 378
463
419
166
204
343
249
75
11
287
293 168
383
65
265
280
14
358
472
59
46
281
209
290
78
230
225
234
1
199
347
310
94
282
220
79
51
185
325
317
125
404
445
73
309
444 394
81
335 328
142
274
184
271
182 373 365
239
10
90
323
137
299
48
0
130
53
153
284
83
327
364
363
426
252
270 443
455
298 122
440
129
253
465
351
167
224
248
77
186
320
231
368
267
331
441
314
193
121
250
141
359
339
431
227
15
196
289
219
33
321
54