319 272
345
27 424 30 147 17 160 179 12 84 326 138 349 64 55 6 80 20 214 50 334 109 256 4 212 436
318
203
357 464
22 195 32 111 391 163 149 439 3 278 126 374 453 71 292 113 183 157 198 154 91 44 303 155 63 354 156 460 87 346 392 41 341 169 49 264 127 102 348 452 367 421 178 148 296 254 473
369
297
146
70 236 61
470 215 442 190 134 388 350 344 52 330 389 283 312 260 380 164 208 100 338 226 291 324 329 229
35
31 28
428 97 245 385 116 188 237 118 242 206 241 161 120 105 399 158 132 468 266 114 295 258 337 302 238 191 301 150 98 175 406 104 362 261 430 471 19 251 159 356 39 143 131 386
88 2
210
458
336
189
36
162
216
145 393
42
288
379
180
194
60
96
123
427
201
117
82
462 47
294
93
276
340
115
413
151
240
223
26 89
417 106 103 457 407
140
205 136 286 197 9 377 402 92 387 466
174
38
67
300
360
372
95
217
202 308 221
187
5
13 85 16
435 69 172 257 396
171
25
420
165
273
108
448
107
304
381
135
311
128 305
213
45
24 401
101
255 192
375 376
416 405
139
434
262 433
222
173
23 21
29
361
268
352
170
233 449 384
62
456 275 355 176
306
68
432 228 382 269 418
461
415
332
232
409
259 438 469
18 74
371
422
454
429
40
447
450
423
56
72 34
451
235
366
414
152
412
285
124 244
411
474
76
263
43
397
86
211
353
58
446
277
437 181
408
218
144
315
243
66
313 279
112
246
247
99
459
390
37
342
316
395
333
398
370
322 200
425
8
110
307
410
119 467
57
7
177
133
400 403
207 378
463
419
166
204
343
249
75
11
287
293 168
383
65
265
280
14
358
472
59
46
281
209
290
78
230
225
234
1
199
347
310
94
282
220
79
51
185
325
317
125
404
445
73
309
444 394
81
335 328
142
274
184
271
365 373 182
239
10
90
323
137
299
48
0
130
53
153
284
83
327
364
363
426
252
270 443
455
298 122
440
129
253
465
351
167
224
248
77
186
320
231
368
267
331
441
314
193
121
250
141
359
339
431
227
15
196
289
219
33
321
54