319 272
345
17 50 147 64 27 214 6 84 20 334 349 256 138 30 55 160 109 80 436 326 12 212 179 424 4
318
203
357 464
111 367 127 392 169 91 41 354 421 149 452 113 292 49 157 156 348 341 154 439 87 296 3 63 460 254 148 264 163 303 391 71 198 346 44 374 32 195 155 453 178 278 126 183 473 102 22
369
297
146
236 61 70
260 324 344 388 190 283 229 329 164 330 52 134 312 470 338 291 100 389 226 442 215 380 350 208
35
28 31
191 337 19 356 116 159 237 206 114 471 97 385 241 428 386 406 242 261 104 161 39 131 158 302 175 245 150 98 132 430 301 143 258 399 118 238 266 295 120 468 362 105 251 188
88 2
210
458
336
189
36
162
216
145 393
42
288
379
180
194
60
96
123
427
201
117
82
47 462
294
93
276
340
115
413
151
240
223
89 26
106 103 407 417
140
402 286 205 136 466 197 9 377 92
174
38
67
387
300
360
372
95
217
308 221 202
187
5
13 85 16
435 257 396 69 172
171
25
420
165
273
108
448
107
304
381
135
311
305 128
213
45
401 24
101
192 255
375 376
416 405
139
434
262 433
222
173
21 23
29
361
268
352
170
384 233 449
62
355 176 275 456
306
68
269 228 382 432 418
461
415
332
232
409
469 259 438
18 74
371
422
454
429
40
447
450
423
56
34 72
451
235
366
414
152
412
285
124 244
411
474
76
263
43
397
86
211
353
58
446
277
181 437
408
218
144
315
243
66
279 313
112
246
247
99
459
390
37
342
316
395
333
398
370
200 322
425
8
110
307
410
467 119
57
7
177
133
403 400
378 207
463
419
166
204
343
249
75
11
287
293 168
383
65
265
280
14
358
472
59
46
281
209
290
78
230
225
234
1
199
347
310
94
282
220
79
51
185
325
317
125
404
445
73
309
394 444
81
335 328
142
274
184
271
373 365 182
239
10
90
323
137
299
48
0
130
53
153
457
284
83
327
364
363
426
252
270 443
455
122 298
440
129
253
465
351
167
224
248
77
186
320
231
368
267
331
441
314
193
121
250
141
359
339
431
227
15
196
289
219
33
321
54