319 272
345
20 212 138 17 109 12 80 84 27 30 349 214 6 326 55 256 64 436 147 4 424 50 160 334
318
203
357 464
254 111 292 452 126 341 156 113 127 49 348 169 157 148 473 71 3 264 91 367 296 102 374 154 44 460 178 391 198 149 392 41 278 87 195 439 183 63 453 421 303 163 155 32 354 22 346
369
297
146
61 236 70
329 350 442 164 226 344 134 324 330 52 291 100 208 229 190 470 215 388 338 312 260 283 389 380
35
31 28
98 19 242 161 175 104 114 158 118 258 337 471 159 150 105 385 362 356 386 266 188 261 120 191 295 302 39 399 468 238 143 241 132 406 97 206 116 428 237 301 245 430 251 131
2 88
210
458
336
189
36
162
216
393 145
42
288
379
180
194
60
96
123
427
201
117
82
462 47
294
93
276
340
115
413
151
240
223
89 26
106 417 103 407
140
402 92 136 286 205 197 466 9 377
174
38
67
387
300
360
372
95
217
202 221 308
187
5
13 16 85
435 396 257 172 69
171
25
420
165
273
108
448
107
304
381
135
311
305 128
213
45
401 24
101
192 255
375 376
405 416
139
434
433 262
222
173
21 23
29
361
268
352
170
384 233 449
62
355 176 275 456
306
68
382 418 432 228 269
461
415
332
232
409
259 438 469
18 74
371
422
454
429
40
447
450
423
56
72 34
451
235
366
414
152
412
285
244 124
411
474
76
263
43
397
86
211
353
58
446
277
437 181
408
218
144
315
243
66
279 313
112
246
247
99
459
390
37
342
316
395
333
398
370
322 200
425
8
110
307
410
467 119
57
7
177
133
400 403
378 207
463
419
166
204
343
249
75
11
287
293 168
383
65
265
280
14
358
472
59
46
281
209
290
179
78
230
225
234
1
199
347
310
94
282
220
79
51
185
325
317
125
404
445
73
309
444 394
81
328 335
142
274
184
271
365 182 373
239
10
90
323
137
299
48
0
130
53
153
457
284
83
327
364
363
426
252
270 443
455
298 122
440
129
253
465
351
167
224
248
77
186
320
231
368
267
331
441
314
193
121
250
141
359
339
431
227
15
196
289
219
33
321
54