62 466 425 253 473 37 294 261 112 427 98 183 421 148 87 372 97 93 359 407 2 69 422 325 105 75 8 254 73 47 195 162 158 49 307 225 334 393 210 10 214 114 35 152 380 151 364 86 31 0 228 12 198 330 460 371 322 116 435 80 70 399 173 139 42 259 377 288 335 430 13 468 318 403 145 443 176 287 211 428 292 267 39 251 130 56 185 4 206 313 373 331 321 15 9 27 191 272 59 327 409 350 101 301 154 391 363 456 461 295 53 32 106 48 23 368 186 278 375 170 213 6 134 260 405 378 126 215 5 356 65 453 21 245 238 471 310 309 328 72 243 279 450 268 302 319 241 370 449 229 143 382 161 277 119 281 28 41 244 92 40 262 89 332 408 317 312 462 24 78 337 17 157 217 58 360 30 455 182 446 250 434 314 60 190 283 345 444 352 402 218 153 208 315 163 107 7 216 387 329 99 406 142 342 276 76 128 249 248 189 289 209 339 71 341 125 160 411 178 333 273 433 285 141 123 286 298 167 102 18 150 385 132 133 324 452 29 34 326 22 374 353 429 354 437 172 66 200 90 177 426 237 270 410 361 236 463 306 296 109 381 247 203 50 188 362 197 175 389 472 104 118 232 63 300 442 25 36 3 323 1 164 464 265 19 79 179 234 204 193 316 445 357 355 394 431 108 181 174 231 308 233 205 95 397 432 136 131 201 358 91 111 81 165 222 156 386 347 26 113 122 77 263 420 366 459 140 338 320 180 346 396 54 311 68 416 388 129 171 423 383 149 38 227 61 120 202 400 454 401 137 252 349 266 159 264 376 55 447 219 275 44 258 290 257 436 305 192 242 458 64 33 14 297 274 440 384 438 470 351 467 256 240 415 127 246 291 135 418 457 144 395 43 51 88 168 469 303 169 16 155 226 379 348 11 46 124 417 299 103 293 138 221 212 20 390 271 448 284 474 100 441 413 117 166 255 424 392 343 344 223 147 84 74 220 85 184 194 451 235 224 365 52 439 269 367 207
369
146
336
96
82
340
115
67
187
465 304
45
414
412
398
110
57
419
280
230
199
94
282
404
239
83
121
196