272 319
345
147 256 138 424 436 27 349 64 6 17 20 334 80 160 12 214 109 212 84 55 30 50 326 4
318
203
464 357
292 148 157 3 374 392 113 91 127 195 87 63 22 154 156 296 473 460 198 354 149 367 41 452 348 303 111 264 32 341 102 254 126 155 453 169 49 421 278 44 346 183 71 439 163 391 178
369
297
146
236 61 70
338 283 190 344 442 312 134 380 215 226 389 350 330 164 260 329 208 388 324 470
35
28 31
98 116 362 295 245 161 206 251 337 468 242 114 241 301 266 19 105 430 143 159 120 104 131 97 237 238 188 132 471 39 428 302 175 399 261 158 386 385 191 118 150
2 88
210
458
336
189
36
162
216
145 393
42
288
379
229 100 291 52
180
194
60
96
123
427
201
117
82
47 462
294
93
276
340
115
413
151
240
223
26 89
407 103 417 106
140
9 205 197 466 136 286 377 92 402
174
38
67
387
300
360
372
95
217
221 308 202
187
5
13 85 16
435 257 172 396 69
171
25
420
165
273
108
448
107
304
381
135
311
128 305
213
45
24
101
192 255
375 376
405 416
139
434
433 262
222
173
21 23
29
361
268
352
170
384 233 449
62
355 176 275
306
68
228 418 432 269 382
258 356 406
461
415
332
232
409
469 438 259
18 74
371
422
454
429
40
447
450
423
56
34 72
451
235
366
414
152
412
285
244 124
411
474
76
263
43
397
86
211
353
58
446
277
181 437
408
218
144
315
243
66
279 313
112
246
247
99
459
390
37
342
316
395
333
398
401
370
200 322
425
8
110
307
410
119 467
57
7
177
133
400 403
378 207
463
419
166
204
343
249
75
11
287
168 293
383
65
265
280
14
456
358
472
59
46
281
209
290
179
78
230
225
234
1
199
347
310
94
282
220
79
51
185
325
317
125
404
445
73
309
394 444
81
328 335
142
274
184
271
373 365 182
239
10
90
323
137
299
48
0
130
53
153
457
284
83
327
364
363
426
252
270 443
455
298 122
440
129
253
465
351
167
224
248
77
186
320
231
368
267
331
441
314
193
121
250
141
359
339
431
227
15
196
289
219
33
321
54