319 272
345
4 12 147 84 138 80 109 20 214 17 256 6 334 212 326 436 160 349 55 424 30 27 50 64
318
203
464 357
439 111 183 22 392 102 278 391 44 113 453 71 3 254 157 49 341 473 178 354 87 296 374 195 63 303 264 460 292 156 91 149 163 348 346 41 126 367 169 148 198 127 32 155 421 452 154
369
297
146
236 70 61
350 164 338 324 388 312 442 226 283 389 470 215 190 260 208 344 134 330 380 329
35
28 31
191 430 241 266 251 242 98 468 386 238 428 362 114 301 104 97 158 159 385 116 471 118 302 120 237 143 399 295 132 261 175 131 150 206 161 105 188 19 245 337 39
88 2
210
458
336
189
36
162
216
393 145
42
288
379
52 229 291 100
180
194
60
96
123
427
201
117
82
462 47
294
93
276
340
115
413
151
240
223
26 89
106 103 417 407
140
136 466 402 92 286 205 197 9
174
38
67
387
300
360
372
95
217
221 202 308
187
5
16 85 13
435 396 257 69 172
171
25
420
165
273
108
448
107
304
381
135
311
128 305
213
45
24
101
192 255
375 376
405 416
139
434
262 433
222
173
23 21
29
361
268
352
170
449 384 233
62
176 275 355
306
68
228 432 269 418 382
356 258 406
377
461
415
332
232
409
438 469 259
74 18
371
422
454
429
40
447
450
423
56
72 34
451
235
366
414
152
412
285
244 124
411
474
76
263
43
397
86
211
353
58
446
277
437 181
408
218
144
315
243
66
313 279
112
246
247
99
459
390
37
342
316
395
333
398
401
370
322 200
425
8
110
307
410
119 467
57
7
177
133
400 403
378 207
463
419
166
204
343
249
75
11
287
293 168
383
65
265
280
14
456
358
472
59
46
281
209
290
179
78
230
225
234
1
199
347
310
94
282
220
79
51
185
325
317
125
404
445
73
309
444 394
81
328 335
142
274
184
271
182 365 373
239
10
90
323
137
299
48
0
130
53
153
457
284
83
327
364
363
426
252
443 270
455
298 122
440
129
253
465
351
167
224
248
77
186
320
231
368
267
331
441
314
193
121
250
141
359
339
431
227
15
196
289
219
33
321
54