319
345
424 84 55 30 436 326 4 349 80 50 20 138 147 6 27 17 214 256 64 212 160 109 334 12
318
203
464 357
157 63 264 178 198 22 169 292 348 91 303 87 346 473 126 460 254 374 296 354 391 183 102 32 154 156 148 392 163 49 41 452 278 341 127 367 71 149 113 155 453 421 439 44 3 195 111
369
297
146
236 70 61
442 190 350 338 283 215 329 344 380 324 226 208 470 260 134 388 389 330 312 164
35
28 31
97 158 399 131 98 362 337 132 428 188 302 471 159 301 19 191 143 104 241 251 295 468 242 175 237 116 105 245 120 386 150 114 118 261 39 238 206 266 385 430 161
2 88
210
458
336
189
36
162
216
145 393
42
288
379
291 100 229 52
180
194
60
96
123
427
201
117
82
462 47
294
93
276
340
115
413
151
240
223
89 26
106 407 103 417
140
92 9 402 197 286 136 466 205
174
38
67
387
300
360
372
95
217
308 202 221
187
5
16 85 13
396 69 257 172 435
171
25
420
165
273
108
448
107
304
381
135
311
128 305
213
45
24
101
192 255
375 376
405 416
139
434
262
222
173
21 23
29
361
268
352
170
449 384 233
62
176 275 355
306
68
432 382 228 418 269
258 356 406
377
461
415
332
232
409
438 469 259
18 74
371
422
454
429
40
447
450
423
56
72 34
451
235
366
414
152
412
285
244 124
411
474
76
263
43
397
86
211
353
58
446
277
437 181
408
218
144
315
243
66
279 313
112
246
247
99
459
390
37
342
316
395
333
398
401
370
322 200
425
8
110
307
410
119 467
57
7
177
133
403 400
207 378
463
419
166
204
343
249
75
11
287
168 293
383
65
265
280
14
456
358
472
59
46
281
209
290
179
78
230
225
234
1
199
347
310
94
282
220
79
51
185
325
317
125
404
445
73
309
394 444
81
328 335
142
274
184
271
182 365 373
272
239
10
90
323
137
299
48
0
130
53
153
457
284
83
327
364
363
426
252
270 443
455
298 122
440
129
253
465
351
167
224
248
77
186
320
231
368
433
267
331
441
314
193
121
250
141
359
339
431
227
15
196
289
219
33
321
54