319
345
160 212 326 256 27 436 20 138 55 6 30 50 80 4 214 349 109 424 334 17 147 84 12 64
318
203
464 357
473 113 178 49 87 341 154 71 32 41 155 367 157 421 169 126 296 392 348 3 63 292 163 452 354 460 453 391 111 264 148 127 278 156 183 91 303 346 198 149 102 374 439 195 254 44 22
369
297
146
61 70 236
330 470 324 442 350 389 208 338 226 134 388 164 283 380 329 260 215 344 312 190
35
28 31
120 143 237 241 191 471 428 386 266 430 175 362 132 161 301 131 302 206 150 238 261 245 295 251 399 468 337 159 98 188 39 158 97 118 114 116 385 104 105 19 242
88 2
210
458
336
189
36
162
216
145
42
288
379
229 291 52 100
180
194
60
96
123
427
201
117
82
462 47
294
93
276
340
115
413
151
240
223
89 26
417 106 407 103
140
197 466 402 286 92 9 136 205
174
38
67
387
300
360
372
95
217
308 202 221
187
5
16 13 85
435 257 396 69 172
171
25
420
165
273
108
448
107
304
381
135
311
305 128
213
45
24
101
192 255
376 375
416 405
139
434
262
222
173
21 23
29
361
268
352
170
449 384 233
62
176 355 275
306
68
382 418 228 269 432
406 356 258
377
461
415
332
232
409
438 469 259
74 18
371
422
454
429
40
447
450
423
56
34 72
451
235
366
414
152
412
285
124 244
411
474
76
263
43
397
86
211
353
58
446
277
437 181
408
218
144
315
243
66
279 313
112
246
247
99
459
390
37
342
316
395
333
398
401
370
322 200
425
8
110
307
410
467 119
57
7
177
133
400 403
378 207
463
419
166
393
204
343
249
75
11
287
293 168
383
65
265
280
14
456
358
472
59
46
281
209
290
179
78
230
225
234
1
199
347
310
94
282
220
79
51
185
325
317
125
404
445
73
309
394 444
81
335 328
142
274
184
271
365 182 373
272
239
10
90
323
137
299
48
0
130
53
153
457
284
83
327
364
363
426
252
443 270
455
298 122
440
129
253
465
351
167
224
248
77
186
320
231
368
433
267
331
441
314
193
121
250
141
359
339
431
227
15
196
289
219
33
321
54