319
345
30 17 4 20 214 84 147 64 12 80 55 27 50 6 349
318
203
357 464
348 87 460 303 149 63 346 156 421 296 183 452 155 44 41 148 254 354 127 154 195 198 163 473 157 367 22 91 32 71 278 102 49 178 126 292 453 391 169 264 341 374 113 3 111 392 439
369
297
146
236 61 70
344 470 260 330 283 324 312 164 389 215 380 338 226 134 329 190 442 208 350 388
35
31 28
237 118 471 98 337 159 132 120 385 105 191 301 131 245 251 206 97 428 161 266 261 19 104 241 188 242 175 386 143 150 430 295 468 114 116 238 39 399 158 302 362
2 88
210
458
336
189
36
162
216
145
42
288
379
52 291 229 100
180
194
160 138 109 326 436 212 256 334 424
60
96
123
427
201
117
82
47 462
294
93
276
340
115
413
151
240
223
26 89
103 407 417 106
140
92 136 286 197 205 466 402 9
174
38
67
387
300
360
372
95
217
221 308 202
187
5
85 16 13
69 435 172 396 257
171
25
420
165
273
108
448
107
304
381
135
311
128 305
213
45
24
101
255 192
375 376
405 416
139
434
262
222
173
23 21
29
361
268
352
170
449 384 233
62
355 275 176
306
68
228 418 382 432 269
258 406 356
377
461
415
332
232
409
469 259 438
18 74
371
422
454
429
40
447
450
423
56
34 72
451
235
366
414
152
412
285
244 124
411
474
76
263
43
397
86
211
353
58
446
277
437 181
408
218
144
315
243
66
279 313
112
246
247
99
459
390
37
342
316
395
333
398
401
370
322 200
425
8
110
307
410
119 467
57
7
177
133
400 403
207 378
463
419
166
393
204
343
249
75
11
287
168 293
383
65
265
280
14
456
358
472
59
46
281
209
290
179
78
230
225
234
1
199
347
310
94
282
220
79
51
185
325
317
125
404
445
73
309
444 394
81
335 328
142
274
184
271
182 365 373
272
239
10
90
323
137
299
48
0
130
53
153
457
284
83
327
364
363
426
252
443 270
455
298 122
440
129
253
465
351
167
224
248
77
186
320
231
368
433
267
331
441
314
193
121
250
141
359
339
431
227
15
196
289
219
33
321
54