319
345
6 147 80 214 30 349 4 27 20 64 84 17 12 50 55
318
203
357 464
49 111 102 278 392 452 155 254 44 41 198 374 127 354 148 3 439 113 292 367 303 71 453 296 32 421 341 195 346 178 91 473 163 126 183 169 22 63 348 154 149 391 460
369
297
146
70 61 236
329 324 134 260 208 190 215 338 470 330 388 164 283 389 226 350 344 312 380 442
35
28 31
362 251 242 116 97 175 301 430 143 19 158 237 385 386 114 161 238 471 266 399 188 302 98 241 295 118 120 468 159 261 206 150 245 428 39 104 131 105 337 132 191
88 2
210
458
336
189
36
162
216
145
42
288
379
52 291 229 100
180
194
436 160 212 256 334 109 424 138 326
60
96
123
427
201
117
82
47 462
294
93
276
340
115
413
151
240
223
89 26
417 103 407 106
140
286 402 466 9 205 92 136 197
174
38
67
387
300
360
372
95
217
202 308 221
187
5
85 16 13
257 435 396 172 69
171
25
420
165
273
108
448
107
304
381
135
311
128 305
213
45
24
101
192 255
376 375
416 405
139
434
262
222
173
23 21
29
361
268
352
156 87 157 264
170
233 449 384
62
275 355 176
306
68
382 269 432 228 418
258 406 356
377
461
415
332
232
409
438 469 259
18 74
371
422
454
429
40
447
450
423
56
34 72
451
235
366
414
152
412
285
124 244
411
474
76
263
43
397
86
211
353
58
446
277
437 181
408
218
144
315
243
66
313 279
112
246
247
99
459
390
37
342
316
395
333
398
401
370
200 322
425
8
110
307
410
467 119
57
7
177
133
400 403
378 207
463
419
166
393
204
343
249
75
11
287
168 293
383
65
265
280
14
456
358
472
59
46
281
209
290
179
78
230
225
234
1
199
347
310
94
282
220
79
51
185
325
317
125
404
445
73
309
394 444
81
335 328
142
274
184
271
182 365 373
272
239
10
90
323
137
299
48
0
130
53
153
457
284
83
327
364
363
426
252
270 443
455
122 298
440
129
253
465
351
167
224
248
77
186
320
231
368
433
267
331
441
314
193
121
250
141
359
339
431
227
15
196
289
219
33
321
54