319
345
214 80 30 55 6 349 147 64 84
318
203
464 357
421 91 296 183 348 292 3 354 154 32 102 126 71 198 49 391 22 44 453 155 367 149 473 113 41 111 63 278 439 169 254 303 452 374 127 148 178 392 341 163 460 346 195
369
297
146
61 236 70
312 329 470 324 134 330 215 164 380 442 350 389 338 226 388 344 190 283 208 260
35
31 28
114 266 430 118 385 105 245 295 301 242 337 104 188 399 206 116 386 159 237 471 241 302 175 120 428 143 19 98 131 362 97 238 261 468 158 39 191 251 150 132 161
88 2
210
458
336
189
36
162
216
145
42
288
379
291 229 52 100
180
194
109 436 138 334 160 256 326 424
60
96
123
427
201
117
82
462 47
294
93
12 20 4 27 50 17
276
340
115
413
151
240
223
26 89
103 407 417 106
140
136 92 9 197 466 205 402 286
174
38
67
387
300
360
372
95
217
202 221 308
187
5
16 13 85
396 69 257 435 172
171
25
420
165
273
108
448
107
304
381
135
311
305 128
213
45
24
101
192
376 375
405 416
139
434
262
222
173
21 23
29
361
268
352
264 156
170
233 384 449
62
355 275 176
306
68
382 432 228 269 418
258 406 356
377
461
415
332
232
409
469 259 438
18 74
371
422
454
429
40
447
450
423
56
34 72
451
235
366
414
152
412
285
124 244
411
474
76
263
43
397
86
211
353
58
446
277
181 437
408
218
144
315
243
66
279 313
112
246
247
99
459
390
37
342
316
395
333
398
401
370
322 200
425
8
110
307
410
119 467
57
7
177
133
403 400
207 378
463
419
166
393
204
343
249
75
11
287
168 293
383
65
265
280
14
456
358
472
59
46
281
209
290
179
78
230
225
234
1
199
347
310
255
94
282
220
87 157
79
51
185
325
317
125
404
445
73
309
444 394
81
335 328
142
274
184
271
182 373 365
272
239
10
212
90
323
137
299
48
0
130
53
153
457
284
83
327
364
363
426
252
270 443
455
298 122
440
129
253
465
351
167
224
248
77
186
320
231
368
433
267
331
441
314
193
121
250
141
359
339
431
227
15
196
289
219
33
321
54