319
345
84 6 64 349 30 147 80 214 55
318
203
464 357
32 113 452 296 126 198 111 49 148 91 149 63 71 254 367 354 392 421 439 178 346 303 473 374 292 44 341 460 278 127 348 183 391 155 3 169 102 453 22 41 163 154 195
369
297
146
236 70 61
338 134 329 344 312 324 389 470 283 442 164 215 350 190 380 330 226 388 260 208
35
31 28
251 131 159 301 158 191 237 241 468 132 143 430 98 97 206 386 104 362 242 105 295 385 238 471 337 39 245 150 161 188 116 266 399 118 302 428 114 120 19 261 175
2 88
210
458
336
189
36
162
216
145
42
288
379
291 52 229 100
180
194
326 109 334 138 424 436 160 256
60
96
123
427
201
117
82
47 462
294
93
17 50 4 27 20 12
276
340
115
413
151
240
223
26 89
103 407 417 106
140
205 92 286 466 197 402 136 9
174
38
67
387
300
360
372
95
217
308 221 202
187
5
85 16 13
257 172 435 69 396
171
25
420
165
273
108
448
107
304
381
135
311
305 128
213
45
24
101
192
375 376
416 405
139
434
262
222
173
23 21
29
361
268
352
156 264
170
449 233 384
62
275 355 176
306
68
418 432 382 269 228
406 258
377
461
415
332
232
409
438 469 259
18 74
371
422
454
429
40
447
450
423
56
72 34
451
235
366
414
152
412
285
244 124
411
474
76
263
43
397
86
211
353
58
446
277
181 437
408
218
144
315
243
66
313 279
112
246
247
99
459
390
37
342
316
395
333
398
401
370
322 200
425
8
110
307
410
119 467
57
7
177
133
403 400
378 207
463
419
166
393
204
343
249
75
11
287
293 168
383
65
265
280
14
456
358
472
59
46
281
209
290
179
78
230
225
234
1
199
347
310
255
94
282
220
157 87
79
51
185
356
325
317
125
404
445
73
309
394 444
81
328 335
142
274
184
271
373 182 365
272
239
10
212
90
323
137
299
48
0
130
53
153
457
284
83
327
364
363
426
252
270 443
455
298 122
440
129
253
465
351
167
224
248
77
186
320
231
368
433
267
331
441
314
193
121
250
141
359
339
431
227
15
196
289
219
33
321
54