319
345
147 349 55 84 30 80 64 214 6
318
203
464 357
367 71 460 126 91 292 452 346 148 63 44 32 22 473 254 154 195 49 453 278 374 149 113 303 183 439 392 178 348 155 391 354 169 111 296 421 198 41 127 102
369
297
146
61 236 70
388 324 344 134 283 330 215 442 389 226 190 329 208 470 164 338 260 380 350 312
35
28 31
114 191 399 251 19 98 337 386 471 266 159 132 237 120 131 188 150 362 295 116 39 428 97 206 430 385 118 161 301 261 245 241 143 105 242 302 158 104 238 175
2 88
210
458
336
189
36
162
216
145
42
288
379
229 52 291 100
180
194
109 326 334 138 256 424 436 160
60
96
123
427
201
117
82
462 47
294
93
4 27 50 17 20 12
276
340
115
413
151
240
223
26 89
417 407 106 103
140
197 205 466 9 136 92 286 402
174
38
67
387
300
360
372
95
217
308 221 202
187
5
16 85 13
435 69 257 172 396
171
25
420
165
273
108
448
107
304
381
135
311
305 128
213
45
24
101
192
375 376
405 416
139
434
262
222
173
21 23
29
361
268
352
264 156
341 163 3
170
384 233 449
62
176 355 275
306
68
269 228 418 432 382
258 406
377
461
415
332
232
409
259 469 438
74 18
371
422
454
429
40
447
450
423
56
34 72
451
235
366
414
152
412
285
244 124
411
474
76
263
43
397
86
211
353
58
446
277
181 437
408
218
144
315
243
66
279 313
112
246
247
99
459
390
37
342
316
395
333
398
401
370
322 200
425
8
110
307
410
467 119
57
7
177
133
400 403
207 378
463
419
166
468
393
204
343
249
75
11
287
168 293
383
65
265
280
14
456
358
472
59
46
281
209
290
179
78
230
225
234
1
199
347
310
255
94
282
220
87 157
79
51
185
356
325
317
125
404
445
73
309
394 444
81
335 328
142
274
184
271
365 373 182
272
239
10
212
90
323
137
299
48
0
130
53
153
457
284
83
327
364
363
426
252
443 270
455
122 298
440
129
253
465
351
167
224
248
77
186
320
231
368
433
267
331
441
314
193
121
250
141
359
339
431
227
15
196
289
219
33
321
54