319
345
64 147 349 30 84 55 80 214 6
318
203
464 357
22 460 452 91 473 421 154 374 392 149 44 391 439 148 155 32 296 102 126 292 111 183 348 127 195 113 49 63 41 71 453 367 178 354 278 346 303 169 254
369
297
146
70 61 236
344 470 330 324 208 226 190 380 442 389 134 215 312 164 350 260 338 329 388 283
35
28 31
295 105 386 114 362 399 302 132 245 206 116 118 337 97 385 242 158 241 131 237 161 428 98 430 159 175 191 188 150 301 266 238 19 120 261 39 104 251 471 143
88 2
210
458
336
189
36
162
216
145
42
288
379
100 229 52 291
180
194
256 326 436 138 160 424 334 109
60
96
123
427
201
117
82
47 462
294
93
50 20 17 12 4 27
276
340
115
413
151
240
223
26 89
103 106 407 417
140
466 197 9 286 92 205 402 136
174
38
67
387
300
360
372
95
217
221 308 202
187
5
16 13 85
172 69 435 257 396
171
25
420
165
273
108
448
107
304
381
135
311
305 128
213
45
24
101
192
375 376
416 405
139
434
262
222
173
21 23
29
361
268
352
156 264
3 341 163
170
233 449 384
62
176 355 275
306
68
418 228 382 269 432
258 406
377
461
415
332
232
409
438 259 469
74 18
371
422
454
429
40
447
450
423
56
72 34
451
235
366
414
152
412
285
124 244
411
474
76
263
43
397
86
211
353
58
446
277
437 181
408
218
144
315
243
66
313 279
112
246
247
99
459
390
37
342
316
395
333
398
401
370
322 200
425
8
110
307
410
119 467
57
7
177
133
400 403
207 378
463
419
166
468
393
204
343
249
75
11
287
168 293
383
65
265
280
14
456
358
472
59
46
281
209
290
179
78
230
225
234
1
199
347
310
255
94
282
220
87 157
79
51
185
356
325
317
125
404
445
73
309
444 394
81
335 328
142
274
184
271
373 182 365
272
239
10
212
90
323
137
299
48
0
130
53
153
457
284
83
327
364
363
426
252
270 443
455
298 122
440
129
253
465
351
167
224
248
77
198
186
320
231
368
433
267
331
441
314
193
121
250
141
359
339
431
227
15
196
289
219
33
321
54