319
345
147 30 349 80 6 84 214 55 64
318
203
357 464
374 296 127 41 111 460 154 391 126 49 346 453 22 183 421 254 367 473 392 63 348 292 178 148 155 303 354 102 44 113 149 278 32 71 169 91 195 439 452
369
297
146
61 70 236
190 470 134 260 330 389 215 226 350 442 338 283 329 388 324 380 312 344 208 164
35
28 31
428 337 159 266 98 114 161 150 242 430 399 132 105 386 237 241 97 385 471 302 301 261 120 245 295 251 362 131 118 206 104 39 19 175 158 188 191 116 238 143
88 2
210
458
336
189
36
162
216
145
42
288
379
100 291 52 229
180
194
138 424 160 326 109 334 436 256
60
96
123
427
201
117
82
47 462
294
93
17 12 50 4 27 20
276
340
115
413
151
240
223
26 89
407 106 417 103
140
286 197 92 205 9 466 136 402
174
38
67
387
300
360
372
95
217
202 308 221
187
5
13 16 85
396 435 69 257 172
171
25
420
165
273
108
448
107
304
381
135
311
305 128
213
45
24
101
192
375 376
405 416
139
434
262
222
173
21 23
29
361
268
352
264 156
3 341 163
170
233 384 449
62
355 275 176
306
68
228 382 269 418 432
258 406
377
461
415
332
232
409
259 469 438
74 18
371
422
454
429
40
447
450
423
56
72 34
451
235
366
414
152
412
285
244 124
411
474
76
263
43
397
86
211
353
58
446
277
181
408
218
144
315
243
66
279 313
112
246
247
99
459
390
37
342
316
395
333
398
401
370
200 322
425
8
110
307
410
467 119
57
7
177
133
403 400
378 207
463
419
166
468
393
204
343
249
75
11
287
168 293
383
65
265
280
14
456
358
472
59
46
281
209
290
179
78
230
225
234
1
199
347
310
255
94
282
220
87 157
79
51
185
356
325
317
125
404
445
73
309
394 444
81
335 328
142
274
184
271
182 365 373
272
239
10
212
90
323
137
299
48
0
130
53
437
153
457
284
83
327
364
363
426
252
270 443
455
122 298
440
129
253
465
351
167
224
248
77
198
186
320
231
368
433
267
331
441
314
193
121
250
141
359
339
431
227
15
196
289
219
33
321
54