410 461 105 155 22 472 185 445 246 269 323 13 393 113 259 140 344 248 108 126 26 43 325 136 193 295 303 213 147 324 240 182 173 46 296 38 91 165 298 313 122 72 376 434 127 86 169 473 221 457 442 275 154 103 268 35 257 337 347 315 11 405 210 387 469 50 54 338 453 20 7 206 74 174 39 139 459 129 364 243 440 415 194 53 40 284 250 208 88 141 289 306 224 201 27 236 188 49 128 111 431 254 99 242 176 399 23 429 170 5 267 299 455 197 253 335 368 148 291 421 1 367 365 403 417 427 371 260 317 231 12 36 66 101 372 112 137 285 416 4 263 293 439 107 397 64 433 48 6 78 245 195 106 474 471 307 328 458 462 276 181 261 177 217 460 85 278 443 448 382 422 37 144 0 143 186 452 297 171 157 251 93 73 360 395 134 228 92 437 349 426 332 320 357 447 229 400 288 33 359 277 69 232 362 319 389 52 89 109 348 138 58 202 81 133 290 318 354 47 175 162 160 301 361 163 142 358 467 209 60 30 65 178 28 411 355 223 366 271 449 356 463 380 216 388 272 117 383 446 407 71 430 241 190 391 265 373 31 44 75 385 292 273 124 249 386 378 21 100 68 123 384 204 428 255 418 167 308 466 42 205 309 145 464 180 161 55 158 168 438 264 149 218 79 184 377 316 339 454 345 2 435 444 233 333 300 132 413 219 346 70 286 258 80 302 256 326 179 152 56 214 331 270 374 409 350 396 24 424 247 118 450 234 353 97 59 351 294 281 159 379 34 120 8 18 423 262 375 87 211 130 456 235 116 15 343 17 321 150 10 77 25 394 244 191 215 164 341 131 327 314 153 390 425 63 305 279 76 62 84 330 156 283 312 203 41 436 222 401 14 102 119 29 227 172 352 226 198 19 310 135 207 470 322 225 311 95 420 441 274 432 212 451 334 329 51 408 192 90 125 104 220 98 468 287 114 183 381 3 200 32 61 16 238 266 392 402 151 252 237 9 406 370 166 342
369
146
336
189
96
82
340
115
67
187
465 304
45
414
412
398
110
57
419
280
230
199
94
282
404
239
83
363
121
196