319
345
64 30 55 80 147 6 214 349 84
318
203
464 357
63 154 195 254 453 391 126 303 127 22 354 452 460 367 392 71 149 278 44 374 473 32 348 148 111 421 439 169 41 102 346 113 292 183 155 296 49 178 91
369
297
146
236 70 61
312 260 215 442 389 164 329 350 208 324 134 470 190 344 388 283 380 338 330
35
31 28
430 104 362 266 118 302 241 261 97 206 238 159 175 105 191 251 116 471 399 242 131 143 301 161 428 98 150 120 114 337 158 295 188 132 237 385 386
39
88 2
210
458
336
189
36
162
216
145
42
288
379
52 291 229 100
180
194
256 334 160 424 138 326 109 436
60
96
123
427
201
117
82
462 47
294
93
4 20 27 50 17 12
276
340
115
413
151
240
223
26 89
103 106 407 417
140
92 136 197 286 9 402 466 205
174
38
67
387
300
360
372
95
19 245
217
308 221 202
187
5
16 13 85
435 396 257 172 69
171
25
420
165
273
108
448
107
304
381
135
311
128 305
213
45
24
101
192
375 376
405 416
139
434
262
222
173
21 23
29
361
268
352
156 264
163 3 341
170
384 449 233
62
275 176 355
306
68
418 228 382 269 432
406 258
377
461
415
332
232
409
438 469 259
18 74
371
422
454
429
40
447
450
423
56
34 72
451
235
366
414
152
412
285
124 244
411
474
76
263
43
397
86
211
353
58
446
277
181
408
218
144
315
243
66
313 279
112
246
247
99
459
390
37
342
316
395
333
398
401
370
200 322
425
8
110
307
410
467 119
57
7
177
133
400 403
207 378
463
419
166
468
393
204
343
249
75
11
287
293 168
383
65
265
280
14
456
358
472
59
46
281
209
290
179
78
230
225
234
1
199
347
310
255
94
282
220
87 157
79
51
185
356
325
317
125
404
445
73
309
444 394
81
335 328
142
274
184
271
365 182 373
272
239
10
212
90
323
137
299
48
0
130
53
437
153
457
284
83
327
364
363
426
252
443 270
455
122 298
440
226
129
253
465
351
167
224
248
77
198
186
320
231
368
433
267
331
441
314
193
121
250
141
359
339
431
227
15
196
289
219
33
321
54