319
345
349 147 80 84 55 64 30 214 6
318
203
464 357
178 346 63 348 292 453 452 392 148 41 303 154 49 102 254 439 113 91 32 22 195 44 296 111 473 460 126 391 127 278 71 169 354 421 155 183 374 367
369
297
146
61 236 70
338 380 215 208 350 312 442 329 389 164 134 388 283 330 260 470 190
35
31 28
175 158 242 159 120 302 105 161 301 188 251 399 114 295 385 131 241 428 238 386 150 98 362 471 191 237 116 337 261 97 266 143 104 118 206 430 132
324 344
39
88 2
210
458
336
189
36
162
216
145
42
288
379
229 291 100 52
180
194
109 424 160 334 256 436 138 326
60
96
123
427
201
117
82
47 462
294
93
12 27 20 17 50 4
276
340
115
413
151
240
223
89 26
103 407 417 106
140
205 466 92 197 9 402 286 136
174
38
67
387
300
360
372
95
19 245
217
221 202 308
187
5
13 85 16
172 435 396 69 257
171
25
420
165
273
108
448
107
304
381
135
311
305 128
213
45
24
101
192
375 376
416 405
139
434
262
222
173
23 21
29
361
268
352
156 264
341 3 163
170
384 449 233
62
176 275 355
306
68
269 228 418 432 382
406 258
377
461
415
332
232
409
438 259 469
74 18
371
422
454
429
40
447
450
423
56
34 72
451
235
366
414
152
412
285
244 124
411
474
76
263
43
397
86
211
353
58
446
277
181
408
218
144
315
243
66
313 279
112
246
247
99
459
390
37
342
316
395
333
398
401
370
200 322
425
8
110
307
410
119 467
57
7
177
133
400 403
378 207
463
419
166
468
393
204
343
249
75
11
287
293 168
383
65
265
280
14
456
358
472
59
46
281
209
290
179
78
230
225
234
1
199
347
149
310
255
94
282
220
157 87
79
51
185
356
325
317
125
404
445
73
309
444 394
81
328 335
142
274
184
271
373 182 365
272
239
10
212
90
323
137
299
48
0
130
53
437
153
457
284
83
327
364
363
426
252
443 270
455
122 298
440
226
129
253
465
351
167
224
248
77
198
186
320
231
368
433
267
331
441
314
193
121
250
141
359
339
431
227
15
196
289
219
33
321
54