319
345
30 6 55 84 80 214 147 64 349
318
203
357 464
303 169 296 148 195 111 453 126 183 374 421 127 292 348 178 254 392 346 439 473 155 391
369
297
146
61 70 236
470 260 380 215 134 329 283 312 389 442 338 330 164 388 350 190 208
35
31 28
251 302 295 116 362 97 399 266 430 386 132 98 150 120 175 158 105 114 159 385 261 301 131 241 161 237 337 206 191 471 188 238 143 242 118 428 104
344 324
39
460 367 71 354 113 63 102 22 91 154 278 44 49 32 41 452
88 2
210
458
336
189
36
162
216
145
42
288
379
100 291 229 52
180
194
160 109 326 424 334 138 436 256
60
96
123
427
201
117
82
462 47
294
93
27 4 17 20 50 12
276
340
115
413
151
240
223
26 89
407 103 106 417
140
205 9 136 92 466 402 197 286
174
38
67
387
300
360
372
95
19 245
217
221 202 308
187
5
13 85 16
172 435 396 69 257
171
25
420
165
273
108
448
107
304
381
135
311
128 305
213
45
24
101
192
375 376
405 416
139
434
262
222
173
21 23
29
361
268
352
264 156
3 163 341
170
449 384 233
62
355 176 275
306
68
382 269 432 418 228
406 258
377
461
415
332
232
409
259 438 469
74 18
371
422
454
429
40
447
450
423
56
34 72
451
235
366
414
152
412
285
124 244
411
474
76
263
43
397
86
211
353
58
446
277
181
408
218
144
315
243
66
313 279
112
246
247
99
459
390
37
342
316
395
333
398
401
370
200 322
425
8
110
307
410
467 119
57
7
177
133
400 403
207 378
463
419
166
468
393
204
343
249
75
11
287
168 293
383
65
265
280
14
456
358
472
59
46
281
209
290
179
78
230
225
234
1
199
347
149
310
255
94
282
220
87 157
79
51
185
356
325
317
125
404
445
73
309
444 394
81
335 328
142
274
184
271
373 365 182
272
239
10
212
90
323
137
299
48
0
130
53
437
153
457
284
83
327
364
363
426
252
270 443
455
298 122
440
226
129
253
465
351
167
224
248
77
198
186
320
231
368
433
267
331
441
314
193
121
250
141
359
339
431
227
15
196
289
219
33
321
54