319
345
349 55 64 214 84 6 30 147 80
318
203
357 464
346 183 439 148 111 392 421 169 391 374 127 254 303 348 195 126 178 296 473 453 292 155
369
297
146
236 61 70
190 470 312
442 283 338 260 389 330 164 350 134 215 380 208 329
35
28 31
97 191 430 337 266 302 301 114 143 362 188 261 120 471 104 132 105 428 131 237 161 159 386 242 295 251 158 118 116 175 238 150 98 385 241 399 206
344 324
39
460 113 91 63 49 32 71 22 452 41 154 354 278 367 102 44
88 2
210
458
336
189
36
162
216
145
42
288
379
229 52 100 291
180
194
334 109 326 436 160 138 256 424
60
96
123
427
201
117
82
462 47
294
93
20 17 50 4 27 12
276
340
115
413
151
240
223
89 26
407 103 106 417
140
9 136 402 92 286 466 205 197
174
38
67
387
300
360
372
95
245 19
217
221 202 308
187
5
13 16 85
396 172 69 435 257
171
25
420
165
273
108
448
107
304
381
135
311
305 128
213
45
24
101
192
375 376
405 416
139
434
262
222
173
21 23
29
361
268
352
156 264
341 163
170
449 233 384
62
355 176 275
306
68
228 269 418 382 432
406 258
377
461
415
332
232
409
469 259 438
74 18
371
422
454
429
40
447
450
423
56
34 72
451
235
366
414
152
412
285
244 124
411
474
76
263
43
397
86
211
353
58
446
277
181
408
218
144
315
243
66
313 279
112
246
247
99
459
390
37
342
316
395
333
398
401
370
322 200
425
8
110
307
410
467 119
57
7
177
133
400 403
207 378
463
419
166
468
393
204
343
249
75
11
287
168 293
383
65
265
280
14
456
358
472
59
46
281
209
290
179
78
230
225
234
1
199
347
149
310
255
94
282
220
87 157
79
51
185
356
325
317
125
404
445
73
309
394 444
81
328 335
142
274
184
271
365 182 373
272
239
10
212
90
323
137
299
48
0
130
53
437
153
457
284
83
327
364
363
426
252
3
270 443
455
298 122
440
226
129
253
465
351
167
224
248
77
198
186
388
320
231
368
433
267
331
441
314
193
121
250
141
359
339
431
227
15
196
289
219
33
321
54