319
345
349 80 30 147 64 6 214 55 84
318
203
464 357
392 178 111 169 183 473 303 254 148 421 292 155 126 439 374 391 346 296 127 453 348 195
369
297
146
236 70 61
190 312 470
260 283 442 329 350 208 134 338 330 380 164 215 389
35
28 31
362 105 337 242 430 104 150 471 251 118 191 428 116 241 132 120 159 143 238 261 158 266 206 399 301 237 188 114 97 302 98 385 295 161 175 386
324 344
39
154 102 41 71 354 22 44 49 367 113 63 278 91 460 452 32
131
88 2
210
458
336
189
36
162
216
145
42
288
379
52 291 100 229
180
194
109 424 138 256 436 160 334 326
60
96
123
427
201
117
82
47 462
294
93
50 12 20 17 4 27
276
340
115
413
151
240
223
89 26
103 417 407 106
140
286 402 136 205 92 9 197 466
174
38
67
387
300
360
372
95
19 245
217
308 221 202
187
5
85 16 13
435 396 69 257 172
171
25
420
165
273
108
448
107
304
381
135
311
128 305
213
45
24
101
192
376 375
416 405
139
434
262
222
173
21 23
29
361
268
352
156 264
341 163
170
384 233 449
62
176 275 355
306
68
382 432 269 228 418
258 406
377
461
415
332
232
409
469 438 259
18 74
371
422
454
429
40
447
450
423
56
72 34
451
235
366
414
152
412
285
244 124
411
474
76
263
43
397
86
211
353
58
446
277
181
408
218
144
315
243
66
313 279
112
246
247
99
459
390
37
342
316
395
333
398
401
370
322 200
425
8
110
307
410
467 119
57
7
177
133
403 400
207 378
463
419
166
468
393
204
343
249
75
11
287
168 293
383
65
265
280
14
456
358
472
59
46
281
209
290
179
78
230
225
234
1
199
347
149
310
255
94
282
220
157 87
79
51
185
356
325
317
125
404
445
73
309
394 444
81
328 335
142
274
184
271
373 365 182
272
239
10
212
90
323
137
299
48
0
130
53
437
153
457
284
83
327
364
363
426
252
3
443 270
455
298 122
440
226
129
253
465
351
167
224
248
77
198
186
388
320
231
368
433
267
331
441
314
193
121
250
141
359
339
431
227
15
196
289
219
33
321
54