319
345
147 349 6 30 64 80 214 84 55
318
203
357 464
374 439 473 169 346 254 155 348 391 195 421 392 303 296 178 127 453 183 126 292 111 148
369
297
146
61 236 70
470 312 190
338 380 442 330 134 389 350 260 329 283 208 215
35
28 31
237 104 301 266 188 386 242 295 143 471 150 238 116 120 362 261 98 206 118 97 191 302 158 114 161 428 159 337 430 132 385 175 399 251 241 105
344 324
39
154 452 44 63 367 32 91 22 49 102 71 41 460 113 278 354
131
88 2
210
458
336
189
36
162
216
145
42
288
379
52 229 291 100
180
194
326 138 160 256 424 436 109 334
60
96
123
427
201
117
82
462 47
294
93
27 17 4 20
276
340
115
413
151
240
223
26 89
103 106 407 417
140
286 92 136 9 402 466 205 197
174
38
67
387
300
360
372
95
19 245
217
221 202 308
187
5
85 16 13
12 50
172 435 69 396 257
171
25
420
165
273
108
448
107
304
381
135
311
128 305
213
45
24
101
192
375
405 416
139
434
262
222
173
23 21
29
361
268
352
264 156
341 163
170
233 384 449
62
355 176 275
164
306
68
269 228 382 418 432
406 258
377
461
415
332
232
409
438 469 259
74 18
371
422
454
429
40
447
450
423
56
72 34
451
235
366
414
152
412
285
124 244
411
474
76
263
43
397
86
211
353
58
446
277
181
408
218
144
315
243
66
313 279
112
246
247
99
459
390
37
342
316
395
333
398
401
370
322 200
425
8
110
307
410
467 119
57
7
177
133
400 403
378 207
463
419
166
468
393
204
343
249
75
11
287
293 168
383
65
265
280
14
456
358
472
59
46
281
209
290
179
78
230
225
234
1
199
347
149
310
255
94
282
220
157 87
79
51
185
356
325
317
125
404
445
73
376
309
394 444
81
328 335
142
274
184
271
373 365 182
272
239
10
212
90
323
137
299
48
0
130
53
437
153
457
284
83
327
364
363
426
252
3
270 443
455
122 298
440
226
129
253
465
351
167
224
248
77
198
186
388
320
231
368
433
267
331
441
314
193
121
250
141
359
339
431
227
15
196
289
219
33
321
54