319
345
64 147 6 55 30 214 80 349 84
318
203
464 357
421 303 348 155 254 374 453 169 391 439 111 346 126 296 195 392 178 148 183 127 473 292
369
297
146
61 70 236
190 312 470
350 330 389 380 260 329 208 442 215 134 338 283
35
28 31
158 385 242 386 143 302 241 266 191 261 399 132 104 337 251 430 159 206 150 114 116 161 362 237 238 120 118 188 175 295 97 301 428 471 98 105
344 324
39
154 367 102 71 41 63 113 460 452 91 32 22 49 278 44 354
131
2 88
210
458
336
189
36
162
216
145
42
288
379
100 229 291 52
180
194
138 424 109 256 436 160 326 334
60
96
123
427
201
117
82
47 462
294
93
20 4 17 27
276
340
115
413
151
240
223
26 89
106 103 417 407
140
9 205 402 286 466 92 197 136
174
38
67
387
300
360
372
95
19 245
217
202 221 308
187
5
13 85 16
50 12
435 396 257 172 69
171
25
420
165
273
108
448
107
304
381
135
311
128 305
213
45
24
101
192
375
405 416
139
434
262
222
173
23 21
29
361
268
352
264 156
341 163
170
384 233 449
62
176 275 355
164
306
68
382 228 432 418 269
406 258
377
461
415
332
232
409
438 469 259
74 18
371
422
454
429
40
447
450
423
56
34 72
451
235
366
414
152
412
285
124 244
411
474
76
263
43
397
86
211
353
58
446
277
181
408
218
144
315
243
66
313 279
112
246
247
99
459
390
37
342
316
395
333
398
401
370
322 200
425
8
110
307
410
119 467
57
7
177
133
400 403
378
463
419
166
468
393
204
343
249
75
11
287
293 168
383
65
265
280
207
14
456
358
472
59
46
281
209
290
179
78
230
225
234
1
199
347
149
310
255
94
282
220
87 157
79
51
185
356
325
317
125
404
445
73
376
309
444 394
81
328 335
142
274
184
271
373 365 182
272
239
10
212
90
323
137
299
48
0
130
53
437
153
457
284
83
327
364
363
426
252
3
270 443
455
122 298
440
226
129
253
465
351
167
224
248
77
198
186
388
320
231
368
433
267
331
441
314
193
121
250
141
359
339
431
227
15
196
289
219
33
321
54