319
345
80 30 55 214 349 64 84 6 147
318
203
464 357
346 296 195 183 374 178 169 453 126 303 473 148 155 254 127 348 392 439 391 421 111 292
369
297
146
70 236 61
312 470 190
283 442 260 208 350 338 134 380 330 389 329 215
35
28 31
385 362 105 118 471 302 188 143 97 114 399 428 150 430 175 241 242 301 159 261 104 120 132 266 158 237 191 161 98 238 295 337 386 116 206 251
324 344
39
278 452 63 91 367 44 154 49 41 22 460 113 71 102 32 354
131
2 88
210
458
336
189
36
162
216
145
42
288
379
291 52 229 100
180
194
109 424 436 334 138 326 256 160
60
96
123
427
201
117
82
47 462
294
93
4 20 17 27
276
340
115
413
151
240
223
89 26
106 417 407 103
140
205 286 9 466 402 92 197 136
174
38
67
387
300
360
372
95
19 245
217
202 221 308
187
5
13 85 16
50 12
172 257 69 396 435
171
25
420
165
273
108
448
107
304
381
135
311
128 305
213
45
24
101
192
375
405 416
139
434
262
222
173
23 21
29
361
268
352
156 264
341 163
170
384 233 449
62
176 355 275
164
306
68
382 269 418 432 228
406 258
377
461
415
332
232
409
438 259 469
74 18
371
422
454
429
40
447
450
423
56
34 72
451
235
366
414
152
412
285
124 244
411
474
76
263
43
397
86
211
353
58
446
277
181
408
218
144
315
243
66
279 313
112
246
247
99
459
390
37
342
316
395
333
398
401
370
200 322
425
8
110
307
410
119 467
57
7
177
133
403 400
378
463
419
166
468
393
204
343
249
75
11
287
168 293
383
65
265
280
207
14
456
358
472
59
46
281
209
290
179
78
230
225
234
1
199
347
149
310
255
94
282
220
87 157
79
51
185
356
325
317
125
404
445
73
376
309
394 444
81
335 328
142
274
184
271
373 182 365
272
239
10
212
90
323
137
299
48
0
130
53
437
153
457
284
83
327
364
363
426
252
3
270
455
122 298
440
226
129
253
465
351
167
224
248
77
198
186
388
320
231
368
433
267
331
443
441
314
193
121
250
141
359
339
431
227
15
196
289
219
33
321
54