319
345
6 30 349 214 84 147 80 55 64
318
203
464 357
421 169 453 348 178 391 111 155 254 296 374 292 439 346 126 195 183 303 473 148 392 127
369
297
146
70 236 61
470 190 312
389 329 380 260 442 330 215 208 350 283 134 338
35
28 31
251 116 428 188 159 143 238 118 120 97 158 237 104 386 206 362 150 399 241 132 175 301 385 430 114 266 105 295 261 161 242 302 98 471 337 191
324 344
39
22 278 41 452 113 32 367 71 460 354 63 44 154 102 91 49
131
88 2
210
458
336
189
36
162
216
145
42
288
379
291 229 52
180
194
160 138 109 256 436 334 326 424
60
96
123
427
201
117
82
47 462
294
93
17 4 27 20
276
340
115
413
151
240
223
89 26
407 106 103 417
140
197 466 92 136 9 402 286 205
174
38
67
387
300
360
372
95
245 19
217
221 202 308
187
5
85 13 16
50 12
435 396 257 69 172
171
25
420
165
273
108
448
107
304
381
135
311
128 305
213
45
24
101
192
375
405 416
139
434
262
222
173
21 23
29
361
268
352
264 156
163 341
170
384 449 233
62
275 355 176
164
306
68
228 269 382 418 432
406 258
377
461
415
332
232
409
469 259 438
18 74
371
422
454
429
40
447
450
423
56
72 34
451
235
366
414
152
412
285
124 244
411
474
76
263
43
397
86
211
353
58
446
277
181
408
218
144
315
243
66
313 279
112
246
247
99
459
390
37
342
316
395
333
398
401
370
322 200
425
8
110
307
410
467 119
57
7
177
133
400 403
378
463
419
166
468
393
204
343
249
75
11
287
293 168
383
65
265
280
207
14
456
358
472
59
46
281
209
290
179
78
230
225
234
1
199
347
149
310
255
94
282
220
87 157
79
51
185
356
325
317
125
404
445
73
376
309
444 394
81
328 335
142
274
184
271
182 373 365
272
239
10
212
90
323
137
299
48
0
130
53
437
153
457
284
83
327
364
363
426
252
3
270
455
298 122
440
226
129
253
465
351
167
224
248
77
198
186
388
320
231
368
433
267
331
443
441
314
193
121
250
141
359
339
431
227
100
15
196
289
219
33
321
54