319
345
214 55 84 30 64 6 349 80 147
318
203
357 464
439 195 178 346 473 374 111 391 169 127 453 126 183 296 392 421 155 148 292 254 303 348
369
297
146
61 70 236
312 470 190
389 134 380 329 208 442 350 330 260 283 338 215
35
31 28
237 302 191 251 116 175 428 266 471 206 295 132 261 386 430 97 399 301 120 105 362 98 104 337 158 238 159 150 188 242 241 114 161 118 143 385
344 324
39
452 367 49 278 460 91 63 71 154 44 354 102 41 32 113 22
131
2 88
210
458
336
189
36
162
216
145
42
288
379
229 52 291
180
194
424 326 256 160 334 109 138 436
60
96
123
427
201
117
82
47 462
294
93
17 20 27 4
276
340
115
413
151
240
223
26 89
417 103 106 407
140
205 466 92 197 136 402 9 286
174
38
67
387
300
360
372
95
19 245
217
308 202 221
187
5
13
50 12
69 435 257 172 396
171
25
420
165
273
108
448
107
304
381
135
311
305 128
213
45
24
101
192
375
416 405
139
434
262
222
173
21 23
16 85
29
361
268
352
156 264
163 341
170
384 233 449
62
275 176 355
164
306
68
269 418 432 382 228
406 258
377
461
415
332
232
409
469 259 438
74 18
371
422
454
429
40
447
450
423
56
34 72
451
235
366
414
152
412
285
124 244
411
474
76
263
43
397
86
211
353
58
446
277
181
408
218
144
315
243
66
313 279
112
246
247
99
459
390
37
342
316
395
333
398
401
370
322 200
425
8
110
307
410
119 467
57
7
177
133
403 400
378
463
419
166
468
393
204
343
249
75
11
287
168 293
383
65
265
280
207
14
456
358
472
59
46
281
209
290
179
78
230
225
234
1
199
347
149
310
255
94
282
220
157 87
79
51
185
356
325
317
125
404
445
73
376
309
444 394
81
335 328
142
274
184
271
182 373 365
272
239
10
212
90
323
137
299
48
0
130
53
437
153
457
284
83
327
364
363
426
252
3
270
455
122 298
440
226
129
253
465
351
167
224
248
77
198
186
388
320
231
368
433
267
331
443
441
314
193
121
250
141
359
339
431
227
100
15
196
289
219
33
321
54