319
345
214 6 147 80 84 55 30 349 64
318
203
464 357
111 126 127 292 348 453 178 374 195 183 169 392 303 296 473 346 421 391 148 155 439 254
369
297
146
61 236 70
470 190 312
380 338 389 260 350 329 442 283 215 330 208 134
35
28 31
161 237 114 362 430 471 175 242 105 158 206 150 251 241 385 97 399 302 301 104 295 386 261 120 266 238 159 188 428 118 132 337 98 191 143 116
344 324
39
49 32 41 113 452 278 63 44 22 102 354 71 91 460 367 154
131
88 2
210
458
336
189
36
162
216
145
42
288
379
52 229 291
180
194
256 326 436 138 160 424 109 334
60
96
123
427
201
117
82
47 462
294
93
17 4 20 27
276
340
115
413
151
240
223
26 89
106 417
140
466 286 402 205 136 197 9 92
174
38
67
387
300
360
372
95
19 245
217
202 308 221
187
5
13
12 50
396 69 435 257 172
171
25
420
165
273
108
448
107
304
381
135
311
305 128
213
45
24
101
192
375
405 416
139
434
262
222
173
23 21
85 16
29
361
268
352
156 264
163 341
170
384 449 233
62
355 176 275
164
306
68
103 407
432 418 382 269 228
258 406
377
461
415
332
232
409
469 259 438
74 18
371
422
454
429
40
447
450
423
56
34 72
451
235
366
414
152
412
285
244 124
411
474
76
263
43
397
86
211
353
58
446
277
181
408
218
144
315
243
66
279 313
112
246
247
99
459
390
37
342
316
395
333
398
401
370
200 322
425
8
110
307
410
119
57
7
177
133
403 400
378
463
419
166
468
393
204
343
249
75
11
287
293 168
383
65
467
265
280
207
14
456
358
472
59
46
281
209
290
179
78
230
225
234
1
199
347
149
310
255
94
282
220
87 157
79
51
185
356
325
317
125
404
445
73
376
309
394 444
81
328 335
142
274
184
271
182 365 373
272
239
10
212
90
323
137
299
48
0
130
53
437
153
457
284
83
327
364
363
426
252
3
270
455
298 122
440
226
129
253
465
351
167
224
248
77
198
186
388
320
231
368
433
267
331
443
441
314
193
121
250
141
359
339
431
227
100
15
196
289
219
33
321
54