319
345
30 64 214 6 147 55 80 349 84
318
203
464 357
292 453 392 421 111 126 195 183 169 473 391 254 439 178 148 155 346 296 374 303 127 348
369
297
146
61 236 70
190 312 470
338 283 134 330 380 215 260 442 389 350 208 329
35
28 31
386 301 251 242 362 399 132 97 175 158 337 237 114 471 143 241 428 191 261 118 385 120 159 295 302 238 105 150 266 430 206 161 188 116 98 104
344 324
39
102 49 41 71 113 354 460 32 154 22 367 63 44 452 278 91
131
88 2
210
458
336
189
36
162
216
145
42
288
379
229 52 291
180
194
160 436 138 109 334 256 326 424
60
96
123
427
201
117
82
47 462
294
93
20 17 27 4
276
340
115
413
151
240
223
26 89
417 106
140
9 197 205 136 92 466 286 402
174
38
67
387
300
360
372
95
245 19
217
202 308 221
187
5
13
12 50
257 396 172
171
25
420
165
273
108
448
107
304
381
135
311
305 128
213
45
24
101
192
375
405 416
139
434
262
222
173
21 23
16 85
29
361
268
352
264 156
163 341
170
233 449 384
62
176 355 275
164
306
68
103 407
432 418 269 382 228
406 258
377
461
415
332
232
69 435
409
259 438 469
18 74
371
422
454
429
40
447
450
423
56
72 34
451
235
366
414
152
412
285
124 244
411
474
76
263
43
397
86
211
353
58
446
277
181
408
218
144
315
243
66
279 313
112
246
247
99
459
390
37
342
316
395
333
398
401
370
200 322
425
8
110
307
410
119
57
7
177
133
400 403
378
463
419
166
468
393
204
343
249
75
11
287
293 168
383
65
467
265
280
207
14
456
358
472
59
46
281
209
290
179
78
230
225
234
1
199
347
149
310
255
94
282
220
157 87
79
51
185
356
325
317
125
404
445
73
376
309
394 444
81
328 335
142
274
184
271
365 182 373
272
239
10
212
90
323
137
299
48
0
130
53
437
153
457
284
83
327
364
363
426
252
3
270
455
298 122
440
226
129
253
465
351
167
224
248
77
198
186
388
320
231
368
433
267
331
443
441
314
193
121
250
141
359
339
431
227
100
15
196
289
219
33
321
54