319
345
55 64 349 214 147 80 84 6 30
318
203
464 357
392 126 148 346 391 111 296 453 155 439 421 254 195 292 374 169 178 303 348 473 127 183
369
297
146
61 236 70
470 190 312
208 389 338 350 330 329 215 442 134 260 380 283
35
31 28
143 118 114 266 471 116 132 242 430 150 161 428 206 237 241 104 238 158 105 399 191 175 301 385 337 98 295 188 120 159 386 251 302 362 261 97
324 344
39
452 367 22 154 44 71 278 102 63 91 460 41 49 354 113 32
131
88 2
210
458
336
189
36
162
216
145
42
288
379
229 52 291
180
194
256 160 326 109 138 436 424 334
60
96
123
427
201
117
82
47 462
294
93
27 4 20 17
276
340
115
413
151
240
223
26 89
417 106
140
197 286 402 92 9 136 466 205
174
38
67
387
300
360
372
95
19 245
217
308 221 202
187
5
13
50 12
396 257 172
171
25
420
165
273
108
448
107
304
381
135
311
128 305
213
45
24
101
192
375
416 405
139
434
262
222
173
23 21
85 16
29
361
268
352
264 156
341 163
170
233 384 449
62
176 355 275
164
306
68
407 103
432 382 228 418 269
258 406
377
461
415
332
232
69
409
438 469 259
74 18
371
422
454
429
40
447
450
423
56
72 34
451
235
366
414
152
412
285
244 124
411
474
76
263
43
397
86
211
353
58
446
277
181
435
408
218
144
315
243
66
279 313
112
246
247
99
459
390
37
342
316
395
333
398
401
370
200 322
425
8
110
307
410
119
57
7
177
133
400 403
378
463
419
166
468
393
204
343
249
75
11
287
168 293
383
65
467
265
280
207
14
456
358
472
59
46
281
209
290
179
78
230
225
234
1
199
347
149
310
255
94
282
220
157 87
79
51
185
356
325
317
125
404
445
73
376
309
444 394
81
335 328
142
274
184
271
373 365 182
272
239
10
212
90
323
137
299
48
0
130
53
437
153
457
284
83
327
364
363
426
252
3
270
455
298 122
440
226
129
253
465
351
167
224
248
77
198
186
388
320
231
368
433
267
331
443
441
314
193
121
250
141
359
339
431
227
100
15
196
289
219
33
321
54