319
345
214 84 147 55 80 30 349 6 64
318
203
464 357
391 183 169 421 348 346 111 292 453 473 178 374 155 439 148 254 126 296 303 392 195 127
369
297
146
236 61 70
470 190 312
208 338 329 350 283 215 260 134 380 442 330 389
35
28 31
120 237 132 238 302 241 399 301 114 188 143 430 362 428 191 242 98 385 150 175 337 159 118 97 266 158 161 261 206 251 471 116 295 105 386 104
344 324
39
278 154
131
88 2
210
458
336
189
36
162
216
145
42
288
379
52 229 291
180
194
326 138 256 109 436 334 160 424
60
96
123
427
201
117
82
460 49 452 91 63 32 102 22 71 367 44 41 354 113
462 47
294
93
27 20 4 17
276
340
115
413
151
240
223
26 89
417 106
140
197 286 205 402 466 136 9 92
174
38
67
387
300
360
372
95
245 19
217
221 308 202
187
5
13
12 50
396 257 172
171
25
420
165
273
108
448
107
304
381
135
311
305 128
213
45
24
101
192
375
416 405
139
434
262
222
173
23 21
16 85
29
361
268
352
156 264
163 341
170
449 384 233
62
176 275 355
164
306
68
407 103
382 432 228 418 269
258 406
377
461
415
332
232
69
409
259 438 469
18 74
371
422
454
429
40
447
450
423
56
72 34
451
235
366
414
152
412
285
124 244
411
474
76
263
43
397
86
211
353
58
446
277
181
435
408
218
144
315
243
66
313 279
112
246
247
99
459
390
37
342
316
395
333
398
401
370
322 200
425
8
110
307
410
119
57
7
177
133
400 403
378
463
419
166
468
393
204
343
249
75
11
287
168 293
383
65
467
265
280
207
14
456
358
472
59
46
281
209
290
179
78
230
225
234
1
199
347
149
310
255
94
282
220
87 157
79
51
185
356
325
317
125
404
445
73
376
309
444 394
81
328 335
142
274
184
271
373 182 365
272
239
10
212
90
323
137
299
48
0
130
53
437
153
457
284
83
327
364
363
426
252
3
270
455
298 122
440
226
129
253
465
351
167
224
248
77
198
186
388
320
231
368
433
267
331
443
441
314
193
121
250
141
359
339
431
227
100
15
196
289
219
33
321
54