6 272 279 106 215 24 423 262 409 300 192 18 452 284 102 411 305 371 355 389 73 337 112 397 221 7 101 132 243 99 47 426 27 313 185 310 264 30 259 258 277 298 314 50 308 458 385 240 207 447 345 4 464 21 297 219 23 325 208 16 338 182 75 323 435 98 19 394 315 140 267 3 1 453 322 29 36 8 357 329 359 356 134 333 65 373 269 197 220 89 90 448 287 223 148 364 147 401 443 26 9 163 370 190 468 37 393 348 451 206 156 61 366 92 210 222 38 444 191 79 418 405 63 399 168 261 352 462 70 449 77 257 135 330 157 11 285 316 169 200 183 249 186 151 59 459 51 149 85 173 296 105 402 274 286 46 108 436 442 217 456 116 461 81 353 273 131 22 93 162 129 290 166 439 80 34 429 212 136 10 334 100 225 227 233 253 194 260 472 35 229 319 382 408 271 141 111 387 12 250 383 400 407 125 367 406 153 160 306 14 202 361 365 66 109 391 430 17 62 278 470 471 232 450 420 268 350 137 254 244 467 473 246 123 181 205 332 214 238 161 307 295 64 164 457 155 438 180 216 427 113 392 41 107 114 247 432 78 150 178 231 56 127 424 376 124 380 154 321 275 128 69 460 165 251 344 266 292 395 263 358 53 291 170 32 117 176 211 335 445 226 130 201 276 388 381 122 309 68 95 455 351 342 299 317 159 133 0 48 72 437 320 42 374 20 234 293 440 31 15 91 209 143 184 177 152 126 175 76 224 172 84 469 368 421 237 188 417 235 103 171 88 431 281 71 198 33 203 118 5 346 384 86 39 241 403 327 204 362 54 256 74 428 463 265 318 396 138 228 311 390 339 328 303 60 248 289 195 145 13 55 43 425 245 377 326 144 415 104 324 372 174 301 413 302 283 422 466 97 218 354 252 179 312 294 454 341 441 255 416 28 40 120 270 378 193 139 375 474 44 87 242 410 331 119 434 58 49 347 167 158 343 142 2 236 349 25 213 446 433 52 379 386
369
146
336
189
288
96
82
340
115
67
360
187
304 465
45
414
412
398
110
57
419
280
230
199
94
282
404
239
83
363
121
196