319
345
80 64 349 84 55 30 147 214 6
318
203
357 464
254 126 453 392 111 292 178 155 183 296 391 421 346 195 148 439 303 348 169 374 127 473
369
297
146
61 236 70
312 190 470
208 338 215 134 283 442 329 260 389 330 350 380
35
31 28
385 261 238 242 104 301 386 143 337 191 362 159 150 266 471 98 399 161 295 251 97 114 118 116 206 188 120 132 237 105 428 430 158 175 241 302
324 344
39
278 154
131
88 2
210
458
336
189
36
162
216
145
42
288
379
52 229 291
180
194
109 326 424 334 436 138 160 256
60
96
123
427
201
117
82
63 102 91 367 452 32 44 22 71 354 113 49 41 460
462 47
294
93
4 27 20 17
276
340
115
413
151
240
223
26 89
417 106
140
286 92 466 402 136 205 197 9
174
38
67
387
300
360
372
95
245 19
217
221 202 308
187
5
13
50 12
172 396 257
171
25
420
165
273
108
448
107
304
381
135
311
128 305
213
45
24
101
192
375
405 416
139
434
262
222
173
21 23
16 85
29
361
268
352
264 156
341 163
170
233 449 384
62
176 355 275
164
306
68
103 407
269 228 432
258 406
377
461
415
332
232
69
409
438 259 469
18 74
371
422
454
429
40
447
450
423
56
34 72
451
235
366
414
152
412
285
382 418
124 244
411
474
76
263
43
397
86
211
353
58
446
277
181
435
408
218
144
315
243
66
313 279
112
246
247
99
459
390
37
342
316
395
333
398
401
370
322 200
425
8
110
307
410
119
57
7
177
133
403 400
378
463
419
166
468
393
204
343
249
75
11
287
168 293
383
65
467
265
280
207
14
456
358
472
59
46
281
209
290
179
78
230
225
234
1
199
347
149
310
255
94
282
220
87 157
79
51
185
356
325
317
125
404
445
73
376
309
444 394
81
328 335
142
274
184
271
365 373 182
272
239
10
212
90
323
137
299
48
0
130
53
437
153
457
284
83
327
364
363
426
252
3
270
455
122 298
440
226
129
253
465
351
167
224
248
77
198
186
388
320
231
368
433
267
331
443
441
314
193
121
250
141
359
339
431
227
100
15
196
289
219
33
321
54