319
345
64 214 80 349 55 147 30 6 84
318
203
357 464
391 292 473 195 111 421 148 169 254 346 296 392 126 439 155 303 178 374 127 453 183 348
369
297
146
236 70 61
190 470 312
442 283 389 380 338 350 329 215 330 260 134 208
35
28 31
114 98 143 242 132 206 118 161 238 104 266 175 97 430 302 158 116 159 301 385 105 188 295 191 120 150 241 261 428 362 471 337 251 399 237 386
324 344
39
154 278
131
88 2
210
458
336
189
36
162
216
145
42
288
379
229 52 291
180
194
138 109 160 424 436 256 334 326
60
96
123
427
201
117
82
367 452 91 22 44 49 354 113 71 41 102 32 460
462 47
294
93
27 17 4 20
276
340
115
413
151
240
223
89 26
417 106
140
92 9 466 136 286 205 197 402
174
38
67
387
300
360
372
95
245 19
217
221 202 308
187
5
13
12 50
257 172 396
171
25
420
165
273
108
448
107
304
381
135
311
128 305
213
45
24
101
192
375
405 416
139
434
262
222
173
21 23
16 85
29
361
268
352
156 264
163 341
63
170
233 384 449
62
275 176 355
164
306
68
407 103
269 432 228
406 258
377
461
415
332
232
69
409
469 259 438
18 74
371
422
454
429
40
447
450
423
56
34 72
451
235
366
414
152
412
285
418 382
244 124
411
474
76
263
43
397
86
211
353
58
446
277
181
435
408
218
144
315
243
66
313 279
112
246
247
99
459
390
37
342
316
395
333
398
401
370
322 200
425
8
110
307
410
119
57
7
177
133
400 403
378
463
419
166
468
393
204
343
249
75
11
287
293 168
383
65
467
265
280
207
14
456
358
472
59
46
281
209
290
179
78
230
225
234
1
199
347
149
310
255
94
282
220
87 157
79
51
185
356
325
317
125
404
445
73
376
309
444 394
81
328 335
142
274
184
271
182 365 373
272
239
10
212
90
323
137
299
48
0
130
53
437
153
457
284
83
327
364
363
426
252
3
270
455
122 298
440
226
129
253
465
351
167
224
248
77
198
186
388
320
231
368
433
267
331
443
441
314
193
121
250
141
359
339
431
227
100
15
196
289
219
33
321
54