319
345
6 30 349 214 147 80 64 84 55
318
203
464 357
292 439 195 453 254 303 392 374 183 421 391 296 348 126 169 148 346 178 155 473 111 127
369
297
146
61 70 236
470 312 190
134 260 389 330 283 338 442 329 350 208 215 380
35
28 31
399 337 132 301 161 362 385 428 116 295 251 159 238 118 302 261 237 114 105 241 242 120 206 471 175 158 97 386 98 104 188 191 266 143 150 430
344 324
39
154 278
131
2 88
210
458
336
189
36
162
216
145
42
288
379
229 291 52
180
194
326 256 424 436 138 109 160 334
60
96
123
427
201
117
82
460 49 354 91 32 41 452 102 113 22 367 71 44
47 462
294
93
20 4 27 17
276
340
115
413
151
240
223
26 89
106 417
140
286 402 92 466 136 205 197 9
174
38
67
387
300
360
372
95
245 19
217
221 308 202
187
5
13
12 50
396 172 257
171
25
420
165
273
108
448
107
304
381
135
311
305 128
213
45
24
101
192
375
405 416
139
434
262
222
173
23 21
16 85
29
361
268
352
156 264
341 163
63
170
233 384
62
275 176 355
164
306
68
103 407
228 432 269
406 258
377
461
415
332
232
69
409
469 259 438
74 18
371
422
454
429
40
449
447
450
423
56
72 34
451
235
366
414
152
412
285
382 418
124 244
411
474
76
263
43
397
86
211
353
58
446
277
181
435
408
218
144
315
243
66
279 313
112
246
247
99
459
390
37
342
316
395
333
398
401
370
200 322
425
8
110
307
410
119
57
7
177
133
400 403
378
463
419
166
468
393
204
343
249
75
11
287
293 168
383
65
467
265
280
207
14
456
358
472
59
46
281
209
290
179
78
230
225
234
1
199
347
149
310
255
94
282
220
87 157
79
51
185
356
325
317
125
404
445
73
376
309
444 394
81
335 328
142
274
184
271
182 373 365
272
239
10
212
90
323
137
299
48
0
130
53
437
153
457
284
83
327
364
363
426
252
3
270
455
298 122
440
226
129
253
465
351
167
224
248
77
198
186
388
320
231
368
433
267
331
443
441
314
193
121
250
141
359
339
431
227
100
15
196
289
219
33
321
54