319
345
80 214 55 6 147 30 64 84 349
318
203
357 464
453 296 303 169 346 348 391 421 178 473 127 155 148 183 195 111 126 392 439 254 374 292
369
297
146
61 236 70
312 470 190
329 330 338 389 260 350 283 134 442 380 208 215
35
28 31
242 161 105 295 98 302 241 386 251 143 116 97 266 385 159 337 118 158 188 301 104 428 261 191 238 114 175 132 150 471 120 362 399 430 237 206
344 324
39
278 154
131
88 2
210
458
336
189
36
162
216
145
42
288
379
229 291 52
180
194
436 326 334 160 424 138 256 109
60
96
123
427
201
117
82
113 354 102 460 44 91 367 71 41 22 452 32 49
47 462
294
93
17 20 27
276
340
115
413
151
240
223
26 89
417 106
140
466 402 197 92 9 136 205 286
174
38
67
387
300
360
372
95
19 245
217
202 221
187
5
13
50 12
396 257 172
171
25
420
165
273
108
448
107
304
381
135
311
128 305
213
45
24
101
192
375
416 405
139
434
262
222
173
21 23
16 85
29
361
268
352
156 264
341 163
63
170
233 384
62
355 275 176
164
306
68
103 407
432 228 269
258 406
377
461
415
332
232
69
409
438 469 259
74 18
371
422
454
429
40
449
447
450
423
56
34 72
451
235
366
414
152
412
285
418 382
124 244
411
474
76
263
43
397
86
211
353
58
446
277
181
435
408
218
144
315
243
66
313 279
112
246
247
99
459
390
37
342
316
395
333
4
398
401
370
322 200
425
8
110
307
410
119
57
7
177
133
400 403
378
463
419
166
468
393
204
343
249
75
11
287
168 293
383
65
467
265
280
207
14
456
358
472
59
46
281
209
290
179
78
230
225
234
1
199
347
149
310
255
94
282
220
157 87
79
51
185
356
308
325
317
125
404
445
73
376
309
394 444
81
335 328
142
274
184
271
182 365 373
272
239
10
212
90
323
137
299
48
0
130
53
437
153
457
284
83
327
364
363
426
252
3
270
455
122 298
440
226
129
253
465
351
167
224
248
77
198
186
388
320
231
368
433
267
331
443
441
314
193
121
250
141
359
339
431
227
100
15
196
289
219
33
321
54