319
345
80 349 55 214 64 30 84 147 6
318
203
357 464
178 374 127 195 126 169 473 254 391 296 148 292 346 453 392 348 155 111 439 303 183 421
369
297
146
236 70 61
470 190 312
442
35
31 28
114 188 362 105 430 242 175 337 116 386 251 118 150 261 428 97 237 266 471 158 104 161 241 295 120 132 191 238 301 143 98 385 206 399 302 159
344 324
39
154 278
131
2 88
210
458
336
189
36
162
216
145
42
288
379
52 229 291
180
194
350 283
138 424 160 326 256 334 109 436
60
96
123
427
201
117
82
102 22 41 91 354 452 44 49 32 113 460 367 71
462 47
294
134 215 329 338 260 330 389 208 380
93
27 17 20
276
340
115
413
151
240
223
26 89
417 106
140
197 286 9 205 136 466 402 92
174
38
67
387
300
360
372
95
19 245
217
221 202
187
5
13
12 50
396 257
171
25
420
165
273
108
448
107
304
381
135
311
305 128
213
45
24
101
192
375
405 416
139
434
262
222
173
21 23
16 85
29
361
268
352
264 156
163 341
63
170
233 384
62
355 176 275
164
306
68
103 407
269 432 228
258 406
377
461
415
332
232
69
409
438 259 469
18 74
371
422
454
429
40
449
447
450
423
56
72
451
235
366
414
152
412
285
382 418
124 244
411
474
76
263
43
397
86
211
353
58
446
277
181
435
408
218
144
315
243
66
279 313
112
246
247
99
459
390
37
342
316
395
333
4
398
172
401
370
200 322
425
8
110
307
410
119
57
7
177
133
400 403
34
378
463
419
166
468
393
204
343
249
75
11
287
168 293
383
65
467
265
280
207
14
456
358
472
59
46
281
209
290
179
78
230
225
234
1
199
347
149
310
255
94
282
220
87 157
79
51
185
356
308
325
317
125
404
445
73
376
309
444 394
81
335 328
142
274
184
271
365 373 182
272
239
10
212
90
323
137
299
48
0
130
53
437
153
457
284
83
327
364
363
426
252
3
270
455
298 122
440
226
129
253
465
351
167
224
248
77
198
186
388
320
231
368
433
267
331
443
441
314
193
121
250
141
359
339
431
227
100
15
196
289
219
33
321
54