319
345
80 349 6 64 55 84 147 30 214
318
203
464 357
296 391 303 392 292 453 348 148 126 346 473 169 183 421 178 111 155 439 254 195
369
297
146
236 61 70
312 470 190
442
35
28 31
337 362 238 159 120 158 118 399 188 242 150 386 175 114 191 430 471 428 241 97 301 132 104 98 302 105 161 143 116 295 385 251 237 206 266 261
344 324
39
154 278
131
2 88
210
458
336
189
36
162
216
145
42
288
379
291 229 52
180
194
283 350
160 326 109 334 424 138 256 436
60
96
123
427
201
117
82
452 22 460 113 91 49 367 44 41 71 102 32 354
47 462
294
260 389 208 338 380 215 134 329 330
93
17 20 27
276
340
115
413
151
240
223
89 26
106 417
140
205 92 286 402 136 197 466 9
174
38
67
387
300
360
372
95
19 245
217
202 221
187
5
13
50 12
257 396
171
25
420
165
273
108
448
107
304
381
135
311
128
213
45
24
101
305
192
375
405 416
139
434
262
222
173
23 21
16 85
29
361
268
352
156 264
341 163
63
170
384 233
62
275 176 355
164
306
68
103 407
432 269 228
406 258
377
461
415
332
232
69
409
438 259 469
18 74
371
422
454
429
40
449
447
450
423
56
72
451
235
366
414
152
412
285
382 418
124 244
411
474
76
263
43
397
86
211
353
58
446
277
181
435
408
218
144
315
243
66
279 313
112
246
247
99
459
390
37
342
316
395
333
4
398
172
401
370
322 200
425
8
110
307
410
119
57
7
177
133
403 400
34
378
463
419
166
468
393
204
343
249
75
11
287
168 293
383
65
467
265
280
207
14
456
358
472
59
46
281
209
290
179
78
230
225
234
1
199
347
149
310
255
94
282
220
157 87
79
51
185
356
308
325
317
125
404
445
73
376
309
444 394
81
328 335
142
274
184
271
365 373 182
272
239
10
212
90
323
137
299
48
0
130
374 127
53
437
153
457
284
83
327
364
363
426
252
3
270
455
298 122
440
226
129
253
465
351
167
224
248
77
198
186
388
320
231
368
433
267
331
443
441
314
193
121
250
141
359
339
431
227
100
15
196
289
219
33
321
54