319
345
147 349 55 80 214 64 84 30 6
318
203
464 357
303 178 292 126 346 155 111 473 296 439 421 453 195 391 169 148 183 392 254 348
369
297
146
70 61 236
470 190 312
442
35
31 28
386 188 143 132 238 301 161 98 97 158 337 261 242 206 105 362 430 191 251 302 385 175 116 295 399 150 104 118 114 471 120 159 428 241 237 266
324 344
39
278 154
131
2 88
210
458
336
189
36
162
216
145
42
288
379
52 291 229
180
194
283 350
109 436 160 334 138 424
60
326 256
96
123
427
201
117
82
22 354 113 49 32 102 452 41 367 91 44 460
462 47
294
260 338 389 330 215 329 208 380 134
93
17 27 20
276
340
115
413
151
240
223
89 26
417 106
140
197 92 9 402 286 205 466 136
174
38
67
387
300
360
372
95
19 245
217
221 202
187
5
13
12 50
396 257
171
25
420
165
273
108
448
107
304
381
135
311
128
213
45
24
101
305
192
375
416 405
139
434
262
222
173
21 23
16 85
29
361
268
352
264 156
341 163
63
170
233 384
62
355 275 176
164
306
68
407 103
432 269 228
258 406
377
461
415
332
71
232
69
409
259 438 469
18 74
371
422
454
429
40
449
447
450
423
56
72
451
235
366
414
152
412
285
382 418
124 244
411
474
76
263
43
397
86
211
353
58
446
277
181
435
408
218
144
315
243
66
279 313
112
246
247
99
459
390
37
342
316
395
333
4
398
172
401
370
322 200
425
8
110
307
410
119
57
7
177
133
403 400
34
378
463
419
166
468
393
204
343
249
75
11
287
293 168
383
65
467
265
280
207
14
456
358
472
59
46
281
209
290
179
78
230
225
234
1
199
347
149
310
255
94
282
220
87 157
79
51
185
356
308
325
317
125
404
445
73
376
309
444 394
81
328 335
142
274
184
271
365 373 182
272
239
10
212
90
323
137
299
48
0
130
127 374
53
437
153
457
284
83
327
364
363
426
252
3
270
455
298 122
440
226
129
253
465
351
167
224
248
77
198
186
388
320
231
368
433
267
331
443
441
314
193
121
250
141
359
339
431
227
100
15
196
289
219
33
321
54