319
345
80 6 64 214 30 147 349 84 55
318
203
357 464
348 473 254 303 346 292 421 148 155 392 178 391 111 126 296 453 439 183 169 195
369
297
146
61 236 70
312 470 190
442
35
28 31
242 206 238 159 385 399 98 251 161 116 120 302 295 237 114 386 266 132 150 261 362 105 337 471 241 301 158 175 143 104 191 118 430 188
344 324
39
278 154
131
2 88
210
458
336
189
36
162
216
145
42
288
379
291 52 229
180
194
350 283
334 424 160 138 436 109
60
326 256
96
123
427
201
117
82
44 102 91 49 460 367 32 113 452 41 354 22
47 462
294
330 260 215 134 338 389 380 208 329
93
20 17 27
276
340
115
413
151
240
223
89 26
106 417
140
205 136 402
174
38
67
387
300
360
372
95
19 245
217
221 202
187
5
13
12 50
396 257
171
25
420
165
273
108
448
107
304
381
135
311
128
213
45
24
101
305
192
375
405 416
139
466 92 197 286 9
434
262
222
173
23 21
16 85
29
361
268
352
156 264
341 163
63
170
384 233
62
355 176 275
164
306
68
103 407
269 228
406 258
377
461
415
332
71
232
69
409
438 259 469
74 18
371
422
454
429
40
449
447
450
423
56
72
451
235
366
414
152
412
285
418 382
244 124
411
474
76
263
43
397
86
211
353
58
446
277
181
435
408
218
144
315
243
66
279 313
112
246
247
99
459
390
37
342
316
395
333
4
398
97
172
401
370
322 200
425
8
110
307
410
119
57
7
177
133
403 400
34
378
463
419
166
468
393
204
343
249
75
11
287
293 168
383
65
467
265
280
207
14
456
358
472
59
46
281
209
290
179
78
230
225
234
1
199
347
149
310
255
94
282
220
157 87
79
51
185
356
308
325
317
125
404
445
73
376
309
444 394
81
335 328
428
142
274
184
271
365 373 182
272
239
10
212
90
323
137
299
48
0
130
127 374
53
437
153
457
284
83
327
364
363
426
252
3
270
455
432
298
440
226
129
253
465
351
167
224
248
77
198
186
388
320
231
368
433
267
331
443
441
314
193
121
250
141
359
339
122
431
227
100
15
196
289
219
33
321
54