34 70 416 262 253 131 151 273 54 111 212 46 148 245 300 86 31 81 287 35 193 88 145 451 435 422 295 166 123 237 276 334 248 42 195 50 224 10 380 4 272 376 226 307 136 198 454 182 18 268 144 0 221 41 343 225 329 310 292 143 470 277 397 152 243 279 209 113 112 459 109 68 157 223 177 364 362 466 348 316 473 474 399 97 257 229 202 89 274 203 11 5 106 73 52 333 26 36 90 358 194 425 65 302 247 181 162 84 441 314 434 29 306 409 439 19 235 251 281 370 338 124 85 39 345 447 460 400 407 40 132 200 56 298 361 192 356 254 155 411 163 258 436 438 49 347 126 222 134 98 403 63 153 393 16 95 256 278 77 44 80 332 233 118 270 468 426 353 294 171 433 446 284 299 431 395 391 330 246 37 324 234 178 139 125 105 458 15 323 389 71 76 138 64 372 61 421 150 78 216 185 180 469 432 213 264 164 156 1 47 415 381 405 315 386 385 101 24 170 318 20 456 437 352 424 394 388 326 140 197 28 147 231 120 214 354 62 308 207 331 293 161 48 321 168 69 211 408 32 130 23 337 464 349 417 427 30 167 79 461 374 296 392 122 206 261 418 325 453 286 396 87 365 429 291 428 443 103 60 319 452 25 462 448 335 290 21 99 27 59 228 149 188 301 58 457 190 74 410 303 341 313 375 236 75 471 66 311 320 249 240 6 242 43 53 72 339 232 217 285 371 107 12 2 317 133 379 174 142 3 114 359 14 137 467 91 449 238 33 220 244 269 22 159 201 367 463 135 263 373 455 384 127 250 309 51 297 351 102 219 191 382 252 13 104 283 154 378 208 327 17 186 241 173 289 172 275 165 108 215 445 328 355 387 346 158 260 406 210 259 205 255 227 344 38 175 430 93 472 350 117 204 129 390 266 440 160 9 179 184 128 402 444 265 116 169 401 450 342 423 368 183 7 92 218 413 271 176 55 377 420 119 100 383 312 267 357 8 442 322 305
369
146
336
189
288
96
82
340
115
67
360
187
465 304
45
366
414
412
398
110
57
419
280
230
199
94
282
404
239
83
363
121
141
196