319
345
214 55 30 80 147 6 64 349 84
318
203
464 357
392 391 155 148 421 439 473 254 303 178 453 348 183
369
297
146
236 70 61
312 470 190
442
35
31 28
159 266 386 175 116 188 143 150 251 241 242 337 120 295 132 238 118 399 362 430 191 385 98 261 237 105 158 206 301 302 161 471 114
324 344
39
292 296 111 346 126 169
278 154
131
88 2
210
458
336
189
36
162
216
145
42
288
379
229 52 291
180
194
350 283
436 160 109 138 424 334
60
256 326
96
123
427
201
117
82
460 102 32 49 91 44 41 367 354 113 22 452
47 462
294
338 329 215 330 134 208 260 389 380
93
17 27 20
276
340
115
413
151
240
223
26 89
106 417
140
136 402 205
174
38
67
387
300
360
372
95
19 245
217
221 202
187
5
13
50 12
396 257
171
25
420
165
273
108
448
107
304
381
135
311
128
213
45
24
101
305
192
375
405 416
139
9 197 466 286 92
434
262
222
173
21 23
85 16
29
361
268
352
156 264
163 341
63
170
233 384
62
176 275 355
164
306
68
103 407
228 269
258 406
377
461
415
332
71
232
69
409
438 259 469
74 18
371
422
454
429
40
449
447
450
423
56
72
451
235
366
414
152
412
195
285
418 382
124 244
411
474
76
263
43
397
86
211
353
58
446
277
181
435
408
218
144
315
243
66
313 279
112
246
247
99
459
390
37
342
316
395
333
4
398
97
172
401
370
200 322
425
8
110
307
410
119
57
7
177
133
400 403
34
378
463
419
166
468
393
204
343
249
75
11
287
293 168
383
65
467
265
280
207
14
456
358
472
59
46
281
209
290
179
78
230
225
234
1
199
347
149
310
255
94
282
220
157 87
79
51
185
356
308
325
317
125
404
445
73
376
309
444 394
81
328 335
428
142
274
184
271
182 365 373
272
239
10
212
90
323
137
299
48
0
130
374 127
53
437
153
457
284
83
327
364
363
426
252
3
270
455
432
298
440
226
129
253
465
351
167
224
248
77
198
186
388
320
231
368
433
267
331
443
441
314
193
121
250
141
359
339
122
431
104
227
100
15
196
289
219
33
321
54