319
345
55 6 214 84 80 147 30 349 64
318
203
464 357
155 439 473 178 183 148 391 421 453 392 348 254 303
369
297
146
70 61 236
470 190 312
442
35
31 28
161 238 266 150 261 175 430 295 143 362 188 118 471 114 242 301 251 159 120 158 191 105 206 241 116 132 385 386 302 98 237 337
344 324
39
111 292 346 126 296 169
278 154
131
88 2
210
458
336
189
36
162
216
145
42
288
379
229 52
180
194
283 350
160 436 109 138 334 424
60
326 256
96
123
427
201
117
82
452 354 44 460 113 32 49 367 41 22 91 102
47 462
294
338 330 260 208 329 134 380 215 389
93
20 17 27
276
340
115
413
151
240
223
26 89
417 106
140
205 402 136
174
38
67
387
300
360
372
95
245 19
217
221 202
187
5
13
50 12
257 396
171
25
420
165
273
108
448
107
304
381
135
311
128
213
45
24
101
305
192
375
416 405
139
466 9 197 286 92
434
262
222
173
23 21
85 16
29
361
268
352
264 156
341 163
63
170
384 233
62
355 275 176
164
306
68
407 103
269 228
406 258
377
461
415
332
71
232
69
409
438 469 259
74 18
371
422
454
429
40
449
447
450
423
56
72
451
235
366
414
152
412
195
285
382 418
124 244
411
474
76
263
43
397
86
211
353
58
446
277
181
435
408
218
144
399
315
243
66
313 279
112
246
247
99
459
390
37
342
316
395
333
4
398
97
172
401
370
322 200
425
8
110
307
410
119
57
7
177
133
400 403
34
378
463
419
166
468
393
204
343
249
75
11
287
168 293
383
65
467
265
280
207
14
456
358
472
59
46
281
209
290
179
78
230
225
234
1
199
347
149
310
255
94
282
220
157 87
79
51
185
356
308
325
317
125
404
445
73
376
309
394 444
81
328 335
428
142
274
184
271
182 365 373
272
239
10
212
90
323
137
299
48
0
130
374 127
53
437
153
457
284
83
327
364
363
426
252
3
270
455
432
298
440
226
129
253
465
351
291
167
224
248
77
198
186
388
320
231
368
433
267
331
443
441
314
193
121
250
141
359
339
122
431
104
227
100
15
196
289
219
33
321
54