319
345
30 84 214 147 80 64 349 55 6
318
203
357 464
439 155 148 421 391 348 303 254 392 453 473 178 183
369
297
146
236 61 70
312 470 190
442
35
28 31
132 237 161 191 261 295 386 206 158 471 362 159 116 175 266 120 337 242 238 118 430 302 150 385 241 188 251 301 114 105 98
344
39
346 126 296 111 169
278 154
131
2 88
210
458
336
189
36
162
216
145
42
288
379
52 229
180
194
350 283
424 334 436 109 138 160
60
326 256
96
123
427
201
117
82
292
324
102 91 44 367 452 41 113 460 22 49 32 354
462 47
294
389 260 380 338 134 215 208 329 330
93
17 20 27
276
340
115
413
151
240
223
89 26
417 106
140
205 136 402
174
38
67
387
300
360
372
95
19 245
217
202 221
187
5
13
50 12
257 396
171
25
420
165
273
108
448
107
304
381
135
311
128
213
45
24
101
305
192
375
405 416
139
466 197 286 9 92
434
262
222
173
23 21
85 16
29
361
268
352
156 264
341 163
63
170
384 233
62
176 275 355
164
306
68
103 407
269 228
258 406
377
461
415
332
71
232
69
409
438 469 259
74 18
371
422
454
429
40
449
447
450
423
56
72
451
235
366
414
152
412
195
285
418 382
244 124
411
474
76
263
43
397
86
211
353
58
446
277
181
435
408
218
144
399
315
243
66
313
112
246
247
99
459
390
37
342
316
395
333
4
398
97
172
401
370
200 322
425
8
110
307
410
119
57
7
177
133
403 400
34
378
463
279
419
166
468
393
204
343
249
75
11
287
293 168
383
65
467
265
280
207
14
456
358
472
59
46
281
209
290
179
78
230
225
234
1
199
347
149
310
255
94
282
220
87 157
79
51
185
356
308
325
317
125
404
445
73
376
309
394 444
81
328 335
428
142
274
184
271
365 373 182
272
239
10
212
90
323
137
299
48
0
130
127 374
53
437
153
457
284
83
327
364
363
426
252
3
270
455
432
298
440
226
129
253
465
351
291
167
224
248
77
198
186
388
320
231
368
433
267
331
443
441
314
193
121
143
250
141
359
339
122
431
104
227
100
15
196
289
219
33
321
54