319
345
64 80 214 147 349 30 84 6 55
318
203
357 464
303 392 183 473 439 348 254 178 155 453 391 421 148
369
297
146
70 61 236
190 312 470
442
35
28 31
120 301 132 386 116 188 362 237 337 206 261 118 105 98 385 114 242 241 266 150 238 191 161 175 159 471 302 251 158
344
39
169 346 296 111 126
154 278
131
88 2
210
458
336
189
36
162
216
145
42
288
379
229
180
194
350 283
334
60
256 326
96
123
427
201
117
82
292
324
367 102 49 41 32 354 452 460 113 44 22 91
47 462
294
215 330 380 329 338 208 134 260
93
27 17 20
276
340
115
413
151
240
223
26 89
106 417
140
136 205 402
174
389
38
67
387
300
360
372
95
245 19
217
221 202
187
5
13
50 12
257 396
171
25
420
165
273
108
448
107
304
381
135
424
311
128
213
45
24
101
305
192
375
405 416
139
466 9 197 286 92
434
262
222
173
21
85 16
29
361
268
352
156 264
341 163
63
170
233 384
62
176 275 355
164
306
68
23
103 407
269 228
258 406
377
461
415
332
71
232
69
409
259 469 438
74 18
371
422
454
429
40
449
447
450
423
56
72
451
235
366
414
152
412
195
285
418 382
124 244
411
474
109 436
76
263
43
397
86
211
353
58
446
277
181
435
408
218
144
399
315
243
66
313
112
246
247
99
459
390
37
160 138
342
316
395
333
4
398
97
172
401
370
200 322
425
8
110
52
307
410
119
57
7
177
133
403 400
34
378
463
295 430
279
419
166
468
393
204
343
249
75
11
287
168 293
383
65
467
265
280
207
14
456
358
472
59
46
281
209
290
179
78
230
225
234
1
199
347
149
310
255
94
282
220
157 87
79
51
185
356
308
325
317
125
404
445
73
376
309
394 444
81
335 328
428
142
274
184
271
182 365 373
272
239
10
212
90
323
137
299
48
0
130
127 374
53
437
153
457
284
83
327
364
363
426
252
3
270
455
432
298
440
226
129
253
465
351
291
167
224
248
77
198
186
388
320
231
368
433
267
331
443
441
314
193
121
143
250
141
359
339
122
431
104
227
100
15
196
289
219
33
321
54