319
345
147 349 64 80 214 30 55 84 6
318
203
357 464
421 254 183 348 453 392 439 155 148 473 391 303 178
369
297
146
70 61 236
190 312 470
442
35
31 28
159 261 116 132 302 238 118 362 237 188 251 385 158 386 98 120 242 150 105 241 114 301 266 206 471 337 161 191 175
344
39
169 296 111 126 346
278 154
131
2 88
210
458
336
189
36
162
216
145
42
288
379
229
180
194
283 350
334
60
326 256
96
123
427
201
117
82
292
324
460 22 91 113 367 102 49 452 32 41 354 44
47 462
294
380 134 329 208 260 215 330 338
93
20 27 17
276
340
115
413
151
240
223
26 89
417
140
205 402 136
174
389
38
67
387
300
360
372
95
245 19
217
221 202
187
5
13
12 50
396 257
171
25
420
165
273
108
448
107
304
381
135
424
311
128
213
45
24
101
305
192
375
416 405
139
92 286 197 466 9
434
262
222
173
21
16 85
29
361
268
352
156 264
341 163
63
170
384 233
62
176 355 275
164
306
68
23
103 407
228 269
258 406
377
461
415
332
71
232
69
409
469 438 259
18 74
371
422
454
429
40
449
447
450
423
56
72
451
235
366
414
152
412
195
285
418 382
124 244
411
474
436 109
76
263
43
397
86
211
353
58
446
277
181
435
408
218
144
399
315
243
66
313
112
246
247
99
459
390
37
138 160
342
316
395
333
4
398
97
172
401
370
200 322
425
8
110
52
307
410
119
57
7
177
133
400 403
34
378
463
295 430
279
419
166
468
393
204
343
249
75
11
287
293 168
383
65
467
265
280
207
14
456
358
472
59
46
281
209
290
179
78
230
225
234
1
199
347
149
310
255
94
282
220
87 157
79
51
185
356
308
325
317
125
404
445
73
376
309
394 444
81
328 335
428
142
274
184
271
182 373 365
272
239
10
212
90
323
137
299
48
0
130
127 374
53
437
153
457
284
83
327
364
363
426
252
3
270
455
432
298
440
226
129
253
465
351
291
167
224
248
77
198
186
388
320
231
368
433
267
331
443
441
314
193
121
143
250
141
359
339
122
431
104
227
100
15
196
289
219
33
321
54
106