319
345
349 214 6 64 84 55 80 30 147
318
203
357 464
453 183 473 421 439 348 303 254 155 148 392 178 391
369
297
146
70 236 61
312 470 190
442
35
31 28
175 266 132 114 261 242 206 301 386 385 188 159 251 238 98 120 362 337 471 161 191 237 150 116 105 158 241 302 118
344
39
346 111 169 126 296
278 154
131
2 88
210
458
336
189
36
162
216
145
42
288
379
229
180
194
350 283
334
60
256 326
96
123
427
201
117
82
292
324
49 22 460 102 452 41 91 44 32 367 113
47 462
294
329 134 215 260 208 338 330 380
93
20 17 27
276
340
115
413
151
240
223
26 89
417
140
402 205 136
174
389
38
67
387
300
360
372
95
19 245
217
221 202
187
5
13
12 50
396 257
171
25
420
165
273
108
448
107
304
381
135
424
311
128
213
45
24
101
305
192
375
416 405
139
466 286 92 197 9
434
262
222
173
21
85 16
29
361
268
352
264 156
341 163
63
170
233 384
62
355 176 275
164
306
68
23
103 407
228 269
406 258
377
461
415
332
71
232
69
409
438 259 469
74 18
371
422
454
429
40
449
447
450
423
56
72
451
235
366
414
152
412
195
285
382 418
244 124
411
474
109 436
76
263
43
397
86
211
353
58
446
277
181
435
408
218
144
399
315
243
66
313
112
246
247
99
459
390
37
160 138
342
316
395
333
4
398
97
172
401
370
322 200
425
8
110
52
307
410
119
57
7
177
133
400 403
34
378
463
295 430
279
419
166
468
393
204
343
249
75
11
287
168 293
383
65
467
265
280
207
14
456
358
472
59
46
281
209
290
179
78
230
225
234
1
199
347
149
310
255
94
282
220
87 157
79
51
185
356
308
325
317
125
404
445
73
376
309
354
394 444
81
335 328
428
142
274
184
271
182 373 365
272
239
10
212
90
323
137
299
48
0
130
127 374
53
437
153
457
284
83
327
364
363
426
252
3
270
455
432
298
440
226
129
253
465
351
291
167
224
248
77
198
186
388
320
231
368
433
267
331
443
441
314
193
121
143
250
141
359
339
122
431
104
227
100
15
196
289
219
33
321
54
106