319
345
147 64 30 214 84 349 55 80 6
318
203
464 357
303 439 392 391 473 178 183 148 254 155 453 348 421
369
297
146
61 236 70
470 190 312
442
35
28 31
302 161 386 159 191 175 114 237 301 150 116 385 188 105 98 158 206 241 471 261 242 118 238 132 251 120 266 337
344
39
126 169 296 346 111
154 278
131
88 2
210
458
336
189
36
162
216
145
42
288
379
229
180
194
283 350
334
60
256 326
96
123
427
201
117
82
292
324
22 32 452 367 41 113 44 460 49 102 91
47 462
294
330 134 329 260 208 380 215 338
93
17 20 27
276
340
115
413
151
240
223
26 89
417
140
205 136 402
174
389
38
67
387
300
360
372
95
245 19
217
221 202
187
5
13
50 12
257 396
171
25
420
165
273
108
448
107
304
381
135
424
311
128
213
45
24
101
305
192
375
416 405
139
197 9 92 466 286
434
262
222
173
21
16 85
29
361
268
352
264 156
341 163
63
170
362
384 233
62
176 275 355
164
306
68
23
407 103
228 269
258 406
377
461
415
332
71
232
69
409
438 259 469
74 18
371
422
454
429
40
449
447
450
423
56
72
451
235
366
414
152
412
195
285
418 382
244 124
411
474
109 436
76
263
43
397
86
211
353
58
446
277
181
435
408
218
144
399
315
243
66
313
112
246
247
99
459
390
37
138 160
342
316
395
333
4
398
97
172
401
370
200 322
425
8
110
52
307
410
119
57
7
177
133
400 403
34
378
463
295 430
279
419
166
468
393
204
343
249
75
11
287
168 293
383
65
467
265
280
207
14
456
358
472
59
46
281
209
290
179
78
230
225
234
1
199
347
149
310
255
94
282
220
157 87
79
51
185
356
308
325
317
125
404
445
73
376
309
354
394 444
81
328 335
428
142
274
184
271
365 373 182
272
239
10
212
90
323
137
299
48
0
130
374 127
53
437
153
457
284
83
327
364
363
426
252
3
270
455
432
298
440
226
129
253
465
351
291
167
224
248
77
198
186
388
320
231
368
433
267
331
443
441
314
193
121
143
250
141
359
339
122
431
104
227
100
15
196
289
219
33
321
54
106