319
345
55 64 214 147 6 80 349 30 84
318
203
357 464
421 183 473 155 453 348 391 148
369
297
146
236 70 61
392 439 303 254 178
312 470 190
442
35
31 28
206 161 241 114 337 98 116 385 266 120 261 302 242 188 118 237 175 105 386
344
39
346 126 111 169 296
278 154
131
88 2
210
458
336
189
36
162
216
145
42
288
238 132 191 251 158
379
229
180
194
283 350
334
60
326 256
96
123
427
201
117
82
292
324
41 44 22 91 367 102 49 460 32 113 452
47 462
294
338 134 260 215 330 329 208
93
20 17 27
276
340
115
413
151
240
223
26 89
417
140
402
174
389
38
67
387
300
360
372
95
301 159 150
19 245
217
202 221
187
5
13
12 50
396 257
171
25
420
165
273
108
448
107
304
381
135
424
311
128
213
45
24
101
305
192
375
136
416 405
139
197 466 286 92 9
434
262
222
173
21
85
29
361
268
471
352
156 264
341 163
63
170
362
384 233
62
176 275 355
164
306
68
23
103 407
269 228
258 406
377
461
415
332
71
232
69
409
438 469 259
18 74
371
422
454
429
40
449
447
450
423
56
72
451
235
366
414
152
412
195
285
382 418
124 244
411
474
436 109
76
263
43
397
86
211
353
58
446
277
181
435
408
218
144
399
315
243
66
313
112
246
247
99
459
390
37
16
138 160
342
316
395
333
4
398
97
172
401
370
322 200
425
8
110
52
307
410
119
57
7
177
133
403 400
34
378
463
430 295
279
419
166
468
393
204
343
249
75
11
287
293 168
383
65
467
265
280
207
14
380
456
358
472
59
46
281
209
290
179
78
230
225
234
1
199
347
149
310
255
94
282
220
157 87
79
51
185
356
308
325
317
125
404
445
73
376
309
354
444 394
81
328 335
428
142
274
184
271
373 365 182
272
239
10
212
90
323
137
299
48
0
130
374 127
53
437
153
457
284
83
327
364
363
426
252
3
270
455
432
298
440
226
129
205
253
465
351
291
167
224
248
77
198
186
388
320
231
368
433
267
331
443
441
314
193
121
143
250
141
359
339
122
431
104
227
100
15
196
289
219
33
321
54
106