319
345
64 80 30 55 147 214 349 6 84
318
203
464
421 391 183 473 155 348 453 148
369
297
146
61 236 70
392 254 178 303 439
190 312 470
442
35
28 31
188
344
39
296 126 346
154 278
131
88
210
458
336
189
36
98 242 114
162
216
145
116 302 386 175 118 266 161 261 385 120 105 206 237 337
42
288
191 238 158 132 251
379
229
180
194
350 283
334
60
256 326
96
123
427
201
117
82
292
324
367 91 22 460 44 452 102 32 113 41 49
462 47
294
330 260 329 208 338 134 215
93
20
276
340
115
413
151
240
223
26
417
140
402
174
389
38
67
387
300
360
372
95
150 159 301
245 19
217
221
17 27
187
5
13
12 50
396 257
171
25
420
165
273
108
448
107
304
381
135
424
311
128
213
45
24
101
305
192
375
136
416 405
139
286 92 9 466 197
434
262
222
173
21
85
29
361
268
471
352
156
163 341
63
170
362
233 384
264
62
355 176
164
306
68
23
103 407
269 228
258 406
377
169 111
461
415
332
71
232
69
409
438 469 259
74 18
371
422
454
429
2
40
449
447
450
423
89
56
72
451
235
366
414
152
412
195
285
418
244 124
411
474
436
76
263
43
397
86
211
275
353
58
446
277
181
435
408
218
144
399
315
243
66
313
112
246
247
99
459
390
37
16
160 138
342
316
395
333
4
382
398
97
172
401
370
322 200
202
425
8
110
52
307
410
119
57
7
177
133
400
34
378
463
295 430
279
419
166
468
393
204
343
249
75
11
287
293 168
383
65
467
265
280
207
14
380
456
358
472
59
46
281
209
290
179
78
230
225
234
1
199
403
347
149
310
255
357
94
282
220
157 87
79
51
185
356
308
325
317
125
404
445
241
73
376
309
354
394
81
328 335
428
142
274
184
271
365 373 182
272
239
10
212
90
323
109
137
299
48
0
130
374 127
53
437
153
457
284
83
327
364
363
426
252
3
270
455
432
298
440
226
129
444
205
253
465
351
291
167
224
248
77
198
186
388
320
231
368
433
267
331
443
441
314
193
121
143
250
141
359
339
122
431
104
227
100
15
196
289
219
33
321
54
106