42 285 33 386 163 410 408 357 401 28 303 88 205 333 413 430 447 236 107 383 190 328 77 457 438 172 338 463 432 267 455 126 21 318 185 215 376 337 268 385 332 6 474 156 364 168 86 161 358 177 232 265 166 245 260 330 75 103 149 158 40 453 105 458 202 138 206 111 38 32 309 227 434 436 441 219 353 234 431 178 214 218 461 246 244 435 229 433 426 129 257 117 26 291 261 370 348 29 181 59 101 319 132 341 258 452 394 61 85 373 395 164 34 186 183 365 142 283 417 448 72 194 298 228 157 300 62 349 52 176 422 289 279 133 99 217 23 2 175 402 440 324 389 251 356 87 167 388 253 98 95 15 154 53 135 237 418 207 443 31 12 17 16 295 449 272 255 273 471 128 437 79 68 114 36 327 123 407 378 335 148 44 203 247 445 302 80 69 221 313 312 134 314 223 66 420 266 321 25 352 405 55 446 444 76 225 180 197 460 20 235 192 48 130 351 22 368 473 3 400 60 5 240 131 9 468 238 345 467 195 270 393 286 305 406 162 116 323 47 90 342 188 89 343 472 81 264 374 165 241 293 137 392 439 213 428 371 19 174 459 262 326 296 10 424 299 70 39 160 143 210 122 339 231 275 429 375 322 8 108 152 316 308 242 56 292 301 350 329 320 416 263 147 211 382 41 170 409 425 274 271 220 469 204 421 411 307 415 325 119 466 269 179 64 153 464 222 224 144 27 442 278 233 104 451 209 200 145 198 150 367 355 250 106 91 140 297 58 13 11 403 456 139 182 462 254 43 248 281 208 118 50 30 354 427 1 127 311 284 306 7 71 287 372 377 361 454 74 347 18 397 92 387 37 73 191 169 276 346 226 317 344 294 379 277 112 46 151 470 216 0 24 334 113 290 399 184 49 256 159 331 450 63 97 78 102 93 249 155 252 362 391 109 193 212 124 120 423 201 381 125 396 54 259 380 310 51 315 14 359 136 384 171 84 100 173 4
369
146
35
336
189
288
96
82
340
115
67
360
187
465 304
45
366
414
412
243
390
398
110
57
419
65
280
230
199
94
282
404
239
83
363
121
141
196