319
345
214 30 64 349 55 147 84 80 6
318
203
464
148 391 421 348 453 155 473 183
369
297
146
236 70 61
178 303 392 254 439
190 470 312
442
35
28 31
188
344
39
126 346 296
154 278
131
88
210
458
336
189
36
242 114 98
162
216
145
337 118 266 116 161 261 175 206 302 105 385 237 120 386
42
288
158 251 191 238 132
379
229
180
194
283 350
334
60
256 326
96
123
427
201
117
82
292
324
32 102 44 41 22 49 91 460 113 367 452
462 47
294
338 330 208 215 134 260 329
93
20
276
340
115
413
151
240
223
26
417
140
402
174
389
38
67
387
300
360
372
95
150 301 159
19 245
217
221
27 17
187
5
13
50 12
396 257
171
25
420
165
273
108
448
107
304
381
135
424
311
128
213
45
24
101
305
192
375
136
405 416
139
197 9 286 466 92
434
262
222
173
21
85
29
361
268
471
352
156
341 163
63
170
362
384 233
264
62
355 176
164
306
68
23
103 407
269 228
406 258
377
169 111
461
415
332
71
232
69
409
469 259 438
18 74
371
422
454
429
2
40
449
447
450
423
89
56
72
451
235
366
414
152
412
195
285
418
124
411
474
436
76
263
43
397
86
211
275
353
58
446
277
181
435
408
218
144
399
315
243
66
313
112
246
247
99
459
390
37
16
138
342
316
395
333
4
382
398
97
172
401
370
200 322
202
425
8
110
52
307
410
119
57
7
177
133
400
34
378
463
295 430
279
419
166
468
393
204
343
249
75
11
287
293 168
383
65
467
265
280
207
14
380
456
358
472
59
46
281
209
290
179
78
230
225
160
234
1
199
403
347
149
310
255
357
94
282
220
87 157
79
51
185
356
308
325
317
125
404
445
241
73
376
309
354
394
81
335 328
428
142
274
184
271
182 365 373
272
239
10
212
90
323
109
137
299
48
0
130
374 127
53
437
153
457
284
83
327
364
363
426
252
3
270
455
432
298
440
226
129
444
205
253
465
351
291
167
224
248
77
198
186
388
320
231
368
433
267
331
443
441
314
193
121
143
250
141
359
339
122
431
104
227
100
15
244
196
289
219
33
321
54
106