319
345
80 214 147 349 84 64 30 55
318
203
464
148 183 391 348 155 473 453
369
297
146
236 70 61
178 303 392 439 254
470 190 312
442
35
28 31
188
344
39
126 346 296
154 278
131
88
210
458
336
189
36
114 242 98
162
216
145
266 206 302 385 116 386 337
42
288
238
379
229
180
194
350
334
60
326 256
96
123
427
201
117
82
292
324
44 367 91 102 113 22 460 32 452 49
462 47
294
208 338 260 215 330 134 329
93
20
276
340
115
413
151
240
223
26
417
140
402
174
389
38
67
387
300
360
372
95
159 301 150
19 245
217
221
27
187
5
13
12 50
257 396
171
25
420
165
273
108
448
107
304
381
135
424
311
128
213
45
24
101
305
192
375
136
416 405
139
197 286 9 466 92
434
262
222
173
21
251 158 132 191
85
29
361
268
471
352
156
163 341
63
170
362
233 384
264
62
355 176
164
306
68
23
407 103
269
258 406
377
169 111
461
415
332
71
232
69
409
259 438 469
74 18
371
422
454
429
2
118 161
40
449
447
450
423
89
56
72
451
235
366
414
152
412
195
285
418
124
411
474
436
76
263
43
397
86
211
275
353
58
446
277
181
435
408
421
218
144
399
315
237 120 175 261 105
243
66
313
112
246
247
99
459
390
37
16
138
342
316
395
333
4
382
398
97
172
401
370
322 200
202
425
8
110
52
307
410
119
57
7
177
133
400
34
378
463
430
279
419
166
468
393
204
343
249
75
11
287
168 293
383
65
467
265
280
207
14
380
456
358
472
59
46
281
6
209
290
41
179
78
230
225
160
234
1
199
403
347
149
310
255
357
94
282
220
87
79
51
185
356
308
325
317
125
404
445
241
73
376
309
354
394
295
81
17
328 335
428
142
274
184
271
182 365 373
272
239
10
228
212
90
323
109
137
299
48
0
130
127
374
53
437
153
457
284
83
327
364
363
426
252
3
270
455
432
298
440
226
129
444
205
157
253
465
351
291
167
224
248
77
198
186
283
388
320
231
368
433
267
331
443
441
314
193
121
143
250
141
359
339
122
431
104
227
100
15
244
196
289
219
33
321
54
106