229 181 467 206 131 120 100 454 142 203 350 145 135 6 27 137 265 391 362 409 451 102 263 421 162 15 345 209 89 383 382 301 23 1 371 349 86 48 87 155 449 36 255 62 407 417 432 385 252 70 8 150 429 464 284 258 166 169 351 426 323 78 214 334 257 453 274 313 3 473 26 58 105 207 85 202 393 99 54 205 330 443 262 367 222 354 55 49 379 423 132 462 217 51 29 43 91 208 386 245 195 104 322 374 34 312 381 339 242 211 321 50 170 139 436 329 148 151 61 18 186 33 84 264 74 355 446 10 66 24 287 377 109 316 416 216 106 244 364 182 213 191 13 422 278 179 290 463 192 337 31 324 134 161 248 46 448 159 119 272 111 315 21 271 314 149 305 392 433 358 117 52 455 368 160 188 17 28 425 177 174 434 471 95 450 56 295 317 438 441 197 234 81 140 307 298 71 299 138 153 19 165 88 365 92 75 306 136 122 253 293 47 237 269 259 247 401 440 430 273 380 469 0 212 232 411 215 277 201 370 260 320 251 302 361 283 235 158 286 276 400 221 395 241 413 107 431 309 152 40 375 266 198 403 143 456 338 60 405 410 200 124 2 176 452 359 326 178 394 218 112 147 341 44 457 250 127 373 444 79 68 238 261 249 30 389 4 384 7 308 5 442 184 226 210 333 233 154 236 346 42 470 38 204 353 9 406 296 157 461 59 347 130 424 387 408 114 144 279 420 20 267 281 291 11 402 220 185 319 63 352 80 64 69 25 231 22 53 275 190 439 156 268 472 171 240 376 297 73 289 468 466 396 41 175 12 474 270 344 458 378 116 325 16 37 14 194 246 331 415 437 219 311 183 93 348 39 435 399 256 163 103 113 101 228 133 118 372 427 292 356 327 164 342 294 225 460 77 97 254 108 335 126 223 418 173 447 357 318 167 90 343 227 125 128 300 72 224 76 459 98 328 180 303 193 123 445 310 388 428 32 172 168 397
369
146
35
336
189
288
96
82
340
115
67
360
187
304 465
45
332
366
414
412
285
243
390
398
110
57
419
65
280
230
199
94
282
404
239
83
363
129
121
141
196