319
345
30 214 80 64
318
203
464
148 453 473 155 348 183 391
369
297
146
70
439 303 178 392 254
470 190 312
442
35
28
188
344
39
126 346
154 278
131
88
210
458
336
189
36
98 242 114
162
55 84 349 147
216
145
302 385 206 266
42
288
238
379
229
180
194
350
334
60
256
96
123
427
201
117
236
82
292
324
49 44 32 460 452 91 113 22 367 102
47
294
330
93
20
276
340
115
413
151
338
240
223
208 329 260 134
26
417
462
140
402
174
389
38
67
387
300
360
372
95
159 301
19 245
217
221
27
187
5
13
50 12
257 396
171
25
420
386 337 116
165
273
108
448
107
304
381
135
424
311
128
213
45
24
101
305
192
375
136
405 416
139
197 286 466
434
262
326
222
173
21
158 132 191
85
29
361
268
471
352
9
156
341 163
63
170
362
384 233
264
62
355
164
306
68
23
103 407
269
258 406
377
111 169
461
415
332
71
232
69
409
438 259 469
18 74
371
422
454
429
2
161 118
40
449
447
450
423
89
56
72
296
451
235
366
414
152
412
195
285
418
124
411
474
436
76
263
43
397
86
211
275
353
58
446
277
181
435
408
421
218
144
399
315
261 120 105 175 237
243
66
313
112
246
247
99
459
390
37
16
138
342
316
395
333
4
215
382
176
398
97
172
401
370
322 200
202
425
8
110
52
307
410
119
57
7
177
133
400
34
378
463
430
279
419
166
468
393
204
343
249
75
11
287
168
383
65
467
265
280
207
14
380
61
456
358
472
59
46
281
6
209
290
41
179
78
230
225
160
234
1
199
251
403
347
149
310
255
357
94
282
220
87
79
51
185
356
308
325
317
125
404
445
241
73
376
309
354
394
295
81
17
328 335
428
142
274
184
271
373 182 365
272
239
10
228
212
90
323
109
137
31
299
48
0
130
127
374
53
437
153
457
284
83
327
364
363
426
252
3
270
455
432
298
440
226
129
444
205
157
253
465
351
291
167
224
248
77
150
198
186
283
388
320
231
368
433
267
293
331
443
441
314
193
121
143
250
141
92
359
339
122
431
104
227
100
15
244
196
289
219
33
321
54
106