175 194 261 59 229 142 371 337 179 384 163 397 326 149 365 472 265 468 271 167 34 44 63 109 71 470 228 411 210 50 220 18 97 277 406 9 270 290 301 118 88 443 463 11 151 155 394 331 418 469 86 181 325 51 251 370 253 281 351 95 102 128 364 429 19 80 380 293 99 378 372 156 444 124 284 451 317 454 138 254 108 184 430 178 231 279 286 292 10 289 203 389 186 37 428 350 89 208 300 423 226 169 294 402 61 26 38 438 144 46 264 349 323 237 396 13 81 20 303 52 415 245 387 48 56 425 68 207 147 321 64 185 177 240 457 250 91 143 255 333 227 295 53 355 12 127 334 276 111 73 352 379 173 224 431 105 125 268 6 219 145 432 233 441 386 180 3 427 117 0 391 119 401 126 298 139 188 376 362 137 1 69 206 308 77 74 461 324 244 382 344 47 452 212 192 76 182 246 437 383 316 103 348 162 314 7 171 399 236 405 381 166 157 25 273 40 41 2 27 21 335 424 78 435 439 195 296 209 200 150 420 302 5 388 259 23 413 377 445 22 311 198 153 197 400 183 305 392 267 75 320 60 436 367 205 160 221 361 140 252 287 393 466 455 8 449 92 152 440 328 407 202 93 154 456 421 358 395 356 112 272 31 357 30 375 201 14 122 161 66 113 123 319 464 322 222 106 132 315 107 283 256 79 87 176 313 234 235 275 471 191 368 134 403 473 223 374 98 211 409 307 16 54 130 170 474 291 446 49 17 460 299 373 342 85 297 135 100 327 84 447 310 218 462 215 467 278 242 165 148 433 213 266 217 72 190 410 216 120 42 36 164 15 249 58 257 330 114 116 453 4 347 131 241 343 263 172 448 214 90 354 359 416 168 309 434 353 29 312 459 225 339 204 274 158 32 422 417 258 55 458 193 133 442 43 269 39 260 338 408 385 159 101 450 238 426 174 346 247 28 70 24 262 136 248 318 62 306 33 232 341 329 104
345
369
146
35
336
189
288
96
82
340
115
67
360
187
465 304
45
332
366
414
412
285
243
390
398
110
57
419
65
280
230
199
94
282
404
239
83
363
129
121
141
196