185 450 158 106 470 242 474 452 405 219 74 317 149 315 227 235 349 401 453 391 328 171 361 422 382 73 284 335 294 109 34 451 124 61 128 276 433 217 41 206 267 469 2 454 449 455 175 6 142 56 409 28 192 467 389 254 134 212 410 119 101 197 415 18 439 263 333 55 173 162 418 322 1 423 351 468 143 205 40 12 91 229 432 218 307 378 442 255 15 116 9 97 271 312 207 132 258 139 425 437 240 297 353 430 99 302 339 445 78 225 232 293 248 301 63 113 10 272 286 352 421 316 170 447 330 104 278 228 89 344 191 114 202 87 466 103 400 165 161 393 326 127 364 190 157 311 215 308 306 265 120 368 131 105 392 21 394 299 54 281 408 358 462 434 47 337 413 156 30 70 435 354 195 249 334 436 385 95 118 266 268 153 93 446 464 181 233 331 372 244 318 287 427 386 138 226 201 371 137 5 381 429 279 24 383 84 441 347 43 216 274 184 13 438 200 37 245 269 399 460 222 159 359 72 362 472 463 374 53 151 86 259 147 320 298 431 155 348 80 76 456 343 342 384 68 27 324 209 125 303 117 39 388 426 283 370 3 261 44 376 241 166 22 52 296 273 164 397 48 60 387 210 0 130 126 325 178 313 247 319 458 256 223 50 208 355 291 295 277 59 25 211 51 406 66 174 305 102 300 341 204 182 186 58 314 193 246 236 260 473 46 152 346 420 177 379 160 38 32 253 251 88 20 214 90 75 220 380 329 238 133 234 150 250 309 31 62 373 323 377 443 148 457 154 411 188 17 461 179 167 176 8 428 203 135 71 36 403 321 424 16 231 194 367 395 459 123 289 7 357 140 42 290 69 183 292 92 107 49 111 172 252 169 416 338 237 365 98 85 23 262 112 29 122 144 275 327 136 198 26 350 375 213 64 264 402 356 448 77 163 471 257 33 145 407 19 168 440 100 310 396 221 14 11 108 180 417 79 4 270 444 224
345
369
146
35
336
189
288
96
82
340
115
67
360
187
304 465
45
332
366
414
412
285
243
390
398
110
57
419
65
280
230
199
94
282
404
81
239
83
363
129
121
141
196