355 406 424 405 223 460 431 130 157 391 274 225 119 254 103 329 338 37 167 132 252 1 123 238 277 267 394 111 202 6 102 79 144 372 118 464 255 440 127 122 41 98 453 421 245 270 318 442 278 357 166 108 100 346 216 426 27 399 53 61 135 195 97 459 349 240 444 248 78 113 319 382 160 241 470 316 326 10 371 339 54 377 362 290 12 92 159 322 293 66 292 407 69 396 315 59 370 137 48 356 84 411 257 308 33 367 147 43 263 296 348 392 310 138 164 71 358 271 148 50 402 344 149 150 207 179 451 284 420 365 139 219 46 450 210 433 168 62 469 301 174 443 352 151 437 328 42 7 3 133 114 409 200 457 317 218 298 381 342 193 38 156 456 386 209 295 14 334 279 105 249 417 163 143 91 184 176 99 281 73 314 55 18 16 471 124 246 93 415 447 116 85 351 34 31 297 106 376 56 9 468 32 74 186 272 172 44 49 393 142 231 251 436 228 403 428 306 213 312 152 63 276 303 80 128 227 256 234 323 283 341 429 247 439 214 237 324 400 375 26 435 359 311 353 418 449 90 302 368 188 28 454 466 273 262 30 47 354 107 2 244 384 117 178 430 445 217 261 327 467 153 190 13 313 361 204 383 51 380 395 259 109 155 350 19 226 432 76 389 441 224 72 194 89 253 125 177 68 212 70 39 331 221 126 95 258 215 266 299 185 182 448 287 154 233 8 171 175 438 165 60 289 235 101 474 11 446 265 410 173 20 211 422 161 333 413 401 300 21 408 191 264 86 275 140 203 169 183 378 232 269 463 291 131 423 321 416 205 337 36 294 320 427 364 305 197 77 208 104 22 220 222 385 192 473 112 374 242 120 17 309 87 379 325 397 455 170 452 15 23 236 181 158 4 64 88 145 347 472 268 25 24 40 330 206 260 58 462 250 307 387 335 343 52 180 286 461 0 134 201 162 388 136 29 229 373 458 198
345
369
146
35
336
189
288
96
82
340
115
67
360
187
5
465 304
45
434
332
366
414
412
285
243
390
398
75 425
110
57
419
65
280
230
199
94
282
404
81
239
83
363
129
121
141
196