84 106 255 21 28 389 410 125 417 362 183 350 451 438 130 160 292 191 184 254 12 107 86 444 352 266 300 307 397 457 418 251 453 232 467 272 74 80 192 424 242 364 155 127 93 212 208 284 311 378 147 213 63 392 403 244 407 128 338 442 358 222 327 447 118 339 422 168 49 104 43 18 148 443 3 143 156 151 190 59 60 40 270 119 405 337 70 334 23 365 473 413 229 89 166 53 195 7 185 150 51 131 13 416 34 394 0 16 320 370 181 221 149 15 102 98 361 335 39 30 47 393 441 108 142 202 286 359 471 329 256 470 460 261 76 85 26 95 368 303 374 123 246 188 17 4 349 250 176 162 257 330 138 62 348 399 376 377 14 464 388 71 238 324 402 290 179 344 278 79 305 204 312 459 241 269 112 205 379 355 371 207 145 203 346 427 351 247 395 315 29 22 249 294 253 319 456 452 144 32 172 200 462 347 167 194 354 99 433 313 217 423 281 302 225 283 100 263 201 274 66 271 333 54 140 122 198 126 326 343 159 430 375 56 279 322 97 245 214 161 178 73 437 431 449 193 391 91 446 273 466 210 353 223 10 306 454 234 27 258 314 37 426 396 275 132 318 103 299 387 41 173 323 445 124 50 264 289 180 429 52 432 224 308 48 252 113 301 408 293 206 31 226 386 268 235 137 231 44 11 415 385 158 463 165 367 36 380 237 309 157 448 295 78 357 197 154 296 174 472 170 77 1 88 177 469 440 297 236 260 317 450 342 117 227 233 276 171 373 458 383 152 116 135 468 316 310 114 218 400 46 461 381 262 120 58 455 186 133 267 19 169 331 24 325 111 33 384 182 409 136 90 109 87 105 101 25 298 356 55 228 420 240 38 42 72 8 216 439 328 411 215 474 64 435 291 265 9 92 372 248 277 406 2 209 61 259 164 163 382 139 421 220 321 341 6 287 153 428 68 20 134 436 401 175 69 219
345
369
146
35
336
189
288
96
82
340
115
67
360
187
5
304 465
45
434
332
366
414
412
285
211
243
390
398
425 75
110
57
419
65
280
230
199
94
282
404
81
239
83
363
129
121
141
196