331 335 343 137 399 391 247 163 349 271 66 218 0 317 27 106 15 47 318 408 439 435 103 359 384 418 348 202 105 473 312 231 4 260 431 156 132 430 403 292 310 12 88 160 78 174 143 462 69 459 372 33 97 333 215 59 114 49 153 467 161 350 246 424 268 344 148 342 32 327 128 200 427 149 389 224 264 267 352 95 85 186 326 457 48 353 383 255 109 58 284 221 297 3 346 422 329 463 250 177 92 77 296 464 179 145 382 192 269 25 175 330 257 374 242 438 19 376 136 130 209 356 68 108 413 325 226 283 432 1 436 13 125 53 313 266 6 301 447 99 253 173 290 119 380 54 421 208 152 233 294 417 144 168 328 281 14 406 8 428 373 263 470 387 61 322 140 74 180 306 227 440 181 437 392 229 299 355 72 162 474 150 251 357 416 451 87 385 46 394 123 207 184 274 370 228 42 454 347 393 466 191 64 223 23 361 423 405 323 261 236 84 36 386 315 197 113 375 409 194 111 62 21 324 101 225 232 420 287 79 411 193 234 314 147 311 402 219 248 300 338 11 400 37 220 320 213 262 216 469 151 17 91 308 30 453 44 351 70 34 10 167 316 201 273 259 442 20 198 395 222 249 71 276 458 303 126 107 31 241 182 471 277 426 456 307 450 429 309 446 176 155 237 214 76 171 165 26 124 286 337 29 40 142 278 2 472 138 334 55 24 100 190 122 170 319 116 63 468 381 56 443 18 135 445 93 178 118 407 455 258 112 60 120 16 73 377 265 415 210 166 204 396 159 139 298 203 254 169 378 339 134 302 133 50 388 80 117 433 38 52 449 293 275 188 157 270 401 22 158 410 104 371 460 183 90 41 379 364 321 217 452 172 238 43 131 28 89 444 441 252 98 368 51 205 240 185 397 9 291 365 102 86 39 358 127 195 289 206 154 244 448 235 367 305 256 354 164 341 295 245 279 272 362 212 461
345
369
146
35
336
189
288
96
82
340
115
67
360
187
5
465 304
45
434
332
366
414
412
285
211
243
390
398
75 425
110
57
7
419
65
280
230
199
94
282
404
81
239
83
363
129
121
141
196