361 145 348 415 100 468 289 433 320 281 19 99 70 185 137 326 460 225 321 400 297 394 339 352 351 151 157 461 233 61 158 260 257 379 227 328 155 1 371 447 247 250 73 451 294 327 194 217 276 78 269 473 49 87 209 114 131 329 317 274 22 177 467 27 256 385 79 270 92 104 6 381 4 50 112 284 267 303 143 251 426 307 458 56 105 305 411 224 173 103 449 463 218 197 98 296 373 315 163 43 111 325 472 387 380 193 154 133 181 453 275 423 408 159 261 106 470 44 464 252 186 248 427 132 213 11 266 362 40 403 364 238 436 311 76 440 355 86 226 389 235 95 232 147 448 203 308 354 8 424 120 142 344 91 368 221 231 122 84 174 374 168 420 34 118 55 26 63 9 33 134 125 28 471 74 60 214 101 393 201 10 38 236 161 126 175 314 68 117 432 454 162 457 89 347 367 160 192 264 413 116 265 334 290 359 392 97 430 316 127 124 418 324 259 341 0 244 268 152 164 24 71 335 474 417 262 182 205 445 47 407 301 375 228 184 36 378 292 171 331 330 399 338 249 54 59 140 210 310 410 466 208 42 165 156 20 279 234 342 90 388 53 204 283 277 353 391 377 446 153 32 349 130 66 23 456 179 178 443 77 216 41 64 245 39 109 319 397 298 14 136 372 195 149 69 386 357 139 62 402 312 85 80 286 416 428 135 278 128 13 439 358 48 17 306 452 150 2 322 176 469 287 183 309 107 356 93 202 435 300 166 459 123 37 384 255 18 318 113 246 365 170 429 406 396 444 376 29 273 241 46 437 190 313 343 167 51 431 102 229 302 16 237 144 148 212 422 200 350 441 438 455 395 198 207 15 3 191 258 242 222 254 421 450 442 172 206 31 215 180 25 240 383 30 409 223 346 272 405 88 263 119 72 299 382 370 138 21 169 295 401 271 188 293 52 12 333 108 219 58 220 291 323 462 337
345
369
146
35
336
189
288
96
82
340
115
67
360
187
5
304 465
45
434
332
366
414
412
285
211
243
390
398
425 75
110
57
7
419
65
280
230
199
94
282
404
81
239
83
363
129
253
121
141
196