234 104 181 12 158 344 385 312 422 214 172 209 262 70 251 226 236 92 216 444 140 281 468 438 283 405 308 396 176 90 297 84 208 131 91 105 78 289 240 37 432 397 457 264 370 367 278 101 53 279 324 371 443 143 466 462 27 343 118 142 401 456 428 235 168 231 206 102 170 89 250 193 455 195 20 464 232 417 350 258 322 163 11 238 381 125 60 383 237 122 440 433 270 315 190 320 453 151 305 54 435 153 423 2 247 388 148 50 474 34 387 467 430 301 361 349 221 175 439 357 9 362 327 284 302 194 205 188 204 171 220 321 260 180 441 254 337 272 267 169 408 275 212 107 313 353 460 155 386 263 219 88 31 268 406 127 442 40 177 117 355 245 25 331 197 139 342 32 159 3 384 86 323 446 149 334 201 124 316 85 200 165 144 411 132 410 359 10 380 133 73 112 150 303 326 74 276 379 59 6 207 317 354 378 223 391 28 382 137 364 271 47 130 375 402 222 36 450 372 215 178 224 298 69 376 156 325 259 48 56 416 244 424 120 15 63 44 296 1 52 93 166 182 399 173 77 471 277 64 407 184 290 286 183 103 213 395 447 23 415 192 377 426 292 299 136 46 79 469 97 21 198 249 329 41 218 307 300 123 138 409 0 19 311 109 257 451 368 126 203 293 51 128 134 29 26 111 418 393 352 16 452 427 374 33 95 403 43 291 295 100 191 389 252 145 459 394 154 174 58 241 135 266 162 71 400 310 472 319 113 185 49 157 470 164 255 87 454 80 167 147 365 179 274 437 116 17 265 306 62 420 461 339 227 458 248 202 161 106 348 318 356 373 328 261 347 330 217 114 22 38 186 76 429 72 24 445 98 256 431 119 108 30 314 99 18 210 421 152 449 463 13 68 225 269 341 61 8 246 242 55 228 473 436 448 229 14 160 392 333 338 346 335 39 4 66 351 287 273 233 294 309
345
369
146
35
336
189
42
288
96
82
340
115
413
67
360
187
5
304 465
45
434
332
366
414
412
285
211
243
390
398
75 425
110
57
7
419
65
280
358
230
199
94
282
404
81
239
83
363
129
253
121
141
196