223 356 221 267 2 23 226 327 232 177 277 361 257 77 314 395 149 126 208 173 270 228 249 128 373 380 231 147 0 122 448 48 431 167 84 426 318 247 104 255 144 283 433 202 190 116 63 28 165 350 229 452 214 462 325 291 209 310 276 415 371 124 3 160 289 311 315 90 103 6 471 317 292 89 210 59 4 377 200 135 79 416 245 406 233 348 171 250 68 44 80 312 256 66 60 262 381 459 88 435 405 64 445 428 125 352 193 409 338 36 328 69 152 300 21 180 127 98 265 102 114 74 148 259 438 346 113 447 154 429 203 278 132 421 22 130 453 347 123 78 248 427 463 29 344 384 18 192 237 301 172 408 387 145 357 153 473 326 279 442 175 19 303 85 470 179 26 324 32 474 181 402 410 86 423 370 260 14 461 238 164 263 417 206 118 120 365 56 43 376 108 105 454 97 455 52 168 178 111 87 309 109 254 258 219 337 393 342 47 157 391 354 224 95 46 392 252 297 323 287 400 117 99 25 403 302 194 451 281 331 112 50 293 271 100 290 92 307 343 217 359 51 188 362 207 31 24 436 397 33 236 93 469 49 299 150 313 466 16 264 286 349 40 91 368 396 140 422 441 372 191 205 464 401 10 185 364 15 101 138 133 375 61 388 136 38 235 334 34 430 41 374 386 72 195 472 182 446 382 367 272 119 8 268 456 244 204 341 225 55 294 216 234 389 329 227 378 379 458 269 30 73 439 306 295 9 137 58 12 163 131 220 158 420 321 139 261 330 273 176 20 198 319 107 450 53 339 241 13 443 467 71 242 106 186 322 424 37 266 399 274 333 156 215 407 355 411 54 440 39 437 383 62 218 142 460 161 222 174 246 17 351 394 27 449 468 212 169 335 298 275 308 76 432 418 1 134 162 70 197 184 159 353 11 155 296 166 444 251 284 385 170 457 143 305 183 151
345
369
146
35
336
189
42
288
96
201
82
340
115
413
213 240
67
360
187
5
304 465
45
434
332
366
414
412
285
211
243
390
316
398
425 75
110
57
7
419
65
280
358
230
199
94
282
404
81
239
83
363
129
253
320
121
141
196