334 451 19 237 139 312 246 20 182 263 10 279 85 346 309 223 188 351 469 307 103 271 441 300 38 410 418 88 291 396 113 429 171 177 352 112 264 15 416 408 9 371 241 394 193 261 117 385 435 284 58 224 181 165 365 154 450 314 22 134 2 149 176 1 137 313 383 205 393 266 315 448 71 258 151 101 153 36 91 40 420 449 319 296 13 218 381 26 339 269 172 70 378 63 80 104 249 248 349 157 118 421 214 472 116 473 355 335 348 442 202 195 328 69 327 290 302 457 281 293 447 159 329 403 256 255 98 52 357 33 251 30 87 471 125 124 203 452 93 73 317 417 131 179 97 297 367 147 219 77 39 200 166 322 217 207 130 47 206 79 120 158 183 119 409 51 364 254 370 111 145 92 60 464 44 11 324 136 216 233 415 454 14 90 108 462 386 152 259 16 236 411 468 8 163 102 150 178 194 286 100 299 432 267 389 423 474 59 311 382 424 470 375 191 53 174 342 244 430 273 287 95 323 31 18 265 56 384 190 123 272 180 456 122 354 50 48 427 446 330 126 295 76 461 148 347 192 128 455 245 368 72 24 185 226 54 262 143 208 99 392 377 361 21 463 388 162 161 466 292 431 27 250 170 433 86 283 198 84 350 3 132 109 156 169 257 436 326 353 140 439 343 114 260 221 252 376 168 227 459 460 46 32 29 175 391 373 127 406 303 387 428 204 225 17 400 210 374 372 344 173 242 34 37 359 66 212 231 49 184 155 443 331 68 6 301 0 426 305 306 4 133 62 308 362 379 276 220 186 399 274 234 41 275 397 229 338 235 444 445 337 105 78 405 232 247 107 395 228 277 64 341 438 142 197 321 160 135 298 270 268 440 380 215 164 422 222 278 74 401 458 28 238 407 453 89 23 356 25 55 333 325 402 294 138 167 437 318 467 209 310 106 12 43 61 144
345
369
146
35
336
189
42
288
96
201
82
340
115
413
240 213
67
360
187
5
465 304
45
434
332
366
414
412
285
211
243
390
316
398
425 75
110
57
7
419
65
280
358
230
199
94
282
404
81
239
83
363
129
253
320
121
141
196
289