69 64 241 209 271 248 456 238 133 387 246 111 382 128 140 327 181 108 396 263 114 122 312 245 432 8 273 206 264 233 438 330 268 408 6 218 232 155 194 130 300 123 11 374 401 331 471 255 290 72 138 88 136 98 380 142 89 472 428 323 184 343 274 399 202 125 277 191 228 24 30 16 458 120 431 314 59 394 166 334 160 418 190 73 349 423 179 368 266 267 126 329 52 318 147 105 311 457 459 249 198 137 77 10 427 347 60 353 350 379 204 118 339 261 442 117 357 348 259 225 149 333 307 87 326 439 328 186 292 203 294 175 281 99 303 462 405 46 61 237 424 50 322 91 215 74 283 441 49 183 151 373 26 448 169 287 443 469 436 252 231 293 447 41 102 270 352 207 109 95 235 388 43 444 47 407 197 39 154 54 393 346 171 474 445 381 242 62 272 188 417 192 205 176 467 455 131 80 51 20 296 18 351 170 48 44 58 132 466 90 36 164 23 375 256 9 71 430 177 158 446 306 341 13 113 19 135 76 104 302 356 12 63 429 25 112 85 180 299 391 182 452 298 66 139 463 385 163 410 278 174 378 22 53 406 354 178 56 470 217 161 159 461 384 262 276 420 226 156 310 421 127 286 251 2 27 229 449 361 416 68 37 295 437 392 168 152 167 324 134 227 319 55 32 364 79 371 376 208 473 219 143 305 403 409 21 372 100 435 221 422 212 14 355 301 28 309 236 145 33 116 172 223 92 15 284 97 101 367 157 450 411 344 308 40 315 451 93 254 260 365 210 150 389 342 468 148 279 17 386 453 84 338 275 400 214 325 257 250 244 426 185 216 86 383 402 173 377 395 415 78 144 359 103 265 106 70 454 313 3 165 234 335 337 269 460 1 321 440 258 370 464 291 0 433 31 119 153 124 195 362 193 34 107 220 297 247 200 4 38 397 162 222 29
345
369
146
35
336
189
42
288
96
201
82
340
115
413
213 240
67
360
187
5
465 304
45
434
332
366
414
412
285
211
243
390
316
398
425 75
110
57
7
419
65
280
358
230
199
94
282
317
404
81
239
83
363
129
253
224
320
121
141
196
289