328 40 284 444 356 442 431 176 276 439 37 197 342 393 422 343 249 168 319 64 195 397 361 473 183 218 41 279 437 452 418 430 441 421 202 123 244 221 207 191 349 251 156 210 420 427 261 298 423 2 368 392 405 281 245 11 237 208 78 223 335 410 10 325 112 451 355 51 406 291 256 12 4 77 372 302 292 214 133 111 175 162 327 105 330 387 262 417 120 33 232 455 294 152 326 391 194 258 305 375 186 416 459 198 472 172 407 29 14 457 131 100 433 454 181 257 170 388 310 269 127 138 303 61 323 48 90 203 180 128 93 254 9 179 346 270 60 435 466 63 238 215 135 157 91 20 165 55 92 315 174 400 164 188 220 329 260 0 154 351 268 267 456 331 401 47 382 247 58 415 71 311 25 171 429 277 161 295 124 97 28 134 139 344 233 449 367 117 173 50 377 450 72 263 313 297 216 440 182 192 373 13 205 354 296 275 177 394 468 15 225 99 299 307 461 27 447 381 409 274 62 236 109 324 21 140 113 384 102 217 185 231 147 389 137 56 73 229 68 3 46 309 70 283 103 436 438 374 321 445 379 22 23 38 17 98 287 248 347 246 462 200 149 219 470 365 242 428 116 312 52 59 264 380 8 126 130 293 250 166 85 84 104 1 193 32 252 153 54 144 453 364 403 167 142 79 300 184 88 463 178 150 259 339 424 80 76 24 204 255 95 408 471 143 119 278 359 411 209 49 448 266 106 122 107 190 306 101 159 69 290 206 155 402 235 308 458 446 86 286 53 89 148 385 222 19 108 460 376 26 399 432 272 337 322 378 227 118 241 163 396 6 66 370 125 469 265 443 352 474 226 169 16 158 151 301 212 30 341 350 348 31 44 114 273 87 338 314 333 132 228 34 334 357 39 136 362 145 271 160 464 467 386
345
318
369
146
35
336
189
36 43
42
288
96
201
82
340
115
413
240 213
67
360
187
5
304 465
45
434
332
74 18
371
366
414
412
285
211
353
243
390
316
395
398
425
110
57
7
419
75
383
65
280
358
230
234
199
94
282
317
404
81
239
83
363
426
129
253
224
320
121
141
196
289