354 323 10 372 244 379 333 184 374 385 143 220 261 275 77 455 68 88 3 396 174 349 402 467 308 182 90 361 376 85 393 387 440 339 194 104 87 0 64 262 291 325 283 466 392 154 381 437 433 276 92 69 130 301 33 195 102 343 293 50 297 447 330 17 227 299 452 56 185 2 409 209 22 15 435 8 310 89 114 19 172 403 203 337 1 79 420 72 70 63 247 152 178 350 473 417 266 177 250 442 226 137 32 38 309 416 342 29 341 331 294 106 471 352 408 326 351 62 254 388 223 28 314 169 20 292 78 186 149 400 267 300 163 200 238 93 389 264 44 346 401 406 450 228 286 147 208 460 148 271 217 60 150 167 270 334 124 368 464 86 136 274 391 423 255 313 84 80 246 188 156 365 155 23 407 52 405 4 139 112 298 380 438 30 257 441 278 272 397 162 221 415 249 307 127 470 125 191 268 216 175 212 134 46 214 120 252 205 394 99 170 439 329 27 418 378 202 26 47 459 347 448 25 382 9 12 198 145 312 348 207 113 218 344 58 232 153 229 355 451 51 446 166 251 236 53 472 279 303 157 315 210 357 277 206 430 55 359 231 421 6 386 13 111 305 123 107 295 322 373 126 375 144 37 204 445 422 367 31 429 424 140 468 76 41 118 443 160 428 319 48 260 176 168 287 193 321 296 233 135 97 158 165 73 197 399 122 91 215 324 258 338 444 411 151 225 21 461 101 335 39 219 241 133 377 457 61 59 117 128 116 364 273 40 456 142 183 302 11 242 463 131 54 119 248 469 192 449 179 171 173 432 159 109 427 164 161 263 190 362 14 16 431 222 311 259 454 132 256 98 66 105 356 328 436 138 265 370 474 34 281 290 458 24 245 462 71 49 306 95 453 181 235 100 384 327 108 284 410 237 103 269
345
318
369
146
35
336
189
43 36
42
288
180
96
201
82
340
115
413
240 213
67
360
187
5
465 304
45
434
332
18 74
371
366
414
412
285
211
353
243
390
316
395
398
425
110
57
7
419
75
383
65
280
358
230
234
199
94
282
317
404
81
239
83
363
426
129
253
224
320
121
141
196
289