377 266 238 325 350 379 301 402 205 389 286 183 424 102 401 235 391 257 103 421 303 472 335 143 428 458 119 105 367 222 250 287 323 122 127 270 179 450 278 228 68 455 283 432 227 299 218 276 77 269 30 28 248 112 61 310 467 267 427 44 268 463 470 382 438 356 307 190 444 246 451 342 456 160 293 237 91 214 375 302 453 178 182 200 461 344 264 236 460 297 219 191 392 249 464 123 226 56 359 216 436 0 354 393 117 114 145 153 108 135 12 258 210 275 10 351 378 330 422 223 373 155 79 314 207 204 262 195 447 13 22 385 291 380 231 466 408 38 25 469 151 429 399 86 21 113 446 58 245 423 281 405 109 64 99 338 229 326 170 111 192 348 406 95 292 388 209 415 186 449 130 284 116 165 212 256 261 208 462 343 294 473 125 49 279 128 308 309 217 53 4 265 140 97 197 247 319 54 374 162 144 255 69 78 403 241 126 27 328 372 51 88 215 138 101 457 131 104 306 80 418 352 156 134 176 296 387 198 106 396 420 20 471 254 93 60 15 98 364 66 132 92 203 34 177 133 361 263 168 19 439 333 474 334 365 32 346 386 357 90 305 55 70 166 73 433 206 407 362 39 154 188 85 124 311 312 159 139 194 184 315 62 150 47 157 2 63 220 290 14 384 23 225 71 400 232 437 327 37 409 259 411 175 137 147 136 100 417 152 161 337 313 271 149 431 171 355 410 120 347 185 158 329 370 233 50 376 40 416 181 452 173 41 277 272 260 454 331 29 430 221 341 381 164 274 251 459 167 252 163 298 442 193 3 295 435 448 202 445 244 142 368 84 6 394 443 148 17 440 169 242 321 273 322 16 118 87 9 468 31 76 72 59 11 48 172 24 324 8 349 46 107 174 52
345
318
369
146
35
336
189
43 36
42
288
180
96
201
82
340
115
413
213 240
26 1 89
67
300
360
187
5
304 465
45
434
332
18 74
371
366
414
412
285
397
211
353
243
390
316
395
398
425
110
57
7
419
75
383
65
280
358
230
234
199
94
282
317
404
81
239
83
363
426
129
253
224
320
441
121
141
339
196
289
33