139 428 112 49 149 255 2 252 191 431 93 198 29 364 408 15 411 219 21 424 41 348 50 284 466 151 301 73 126 315 28 272 278 244 175 279 107 394 354 326 334 291 468 118 379 463 462 405 9 303 321 378 392 13 238 166 88 437 116 443 167 171 123 80 296 86 448 381 223 286 152 145 351 56 310 105 435 154 247 324 454 246 137 269 135 251 229 370 373 330 128 361 416 297 133 333 460 242 72 100 440 458 182 185 222 233 372 172 23 415 386 436 259 176 174 451 267 306 344 77 232 20 420 457 52 446 97 203 292 103 71 432 130 456 270 92 248 268 237 346 48 10 455 228 85 217 271 430 422 257 325 98 162 453 202 127 299 236 418 197 169 447 69 427 295 350 207 195 37 140 338 314 387 216 161 147 343 262 111 469 14 406 34 352 192 347 90 309 124 218 293 439 39 402 323 188 305 76 117 349 208 452 204 168 51 461 122 407 384 449 368 298 393 12 53 106 464 102 46 312 389 120 403 254 66 54 194 114 95 274 158 134 212 70 374 19 421 263 220 445 266 148 104 396 55 193 433 160 261 417 367 108 63 409 32 179 302 17 380 341 399 365 355 357 4 249 6 3 170 264 150 328 429 30 109 44 276 144 214 377 423 119 226 241 183 444 265 401 209 459 125 157 329 382 313 24 136 38 184 335 131 256 25 356 91 470 31 260 442 101 225 210 277 385 173 22 165 68 163 16 294 59 311 281 337 331 8 273 362 84 87 376 206 471 231 64 47 186 327 177 359 473 153 156 61 27 62 58 275 474 132 155 60 227 221 250 235 40 308 99 400 410 78 375 283 319 113 138 142 388 178 391 467 164 215 438 79 0 290 143 245 181 450 472 205 11 307 159 190 342 258
345
318
369
146
35
336
189
36 43
42
288
180
96
201
82
340
115
413
240 213
89 26 1
67
300
360
187
5
304 465
45
434
332
18 74
371
366
414
412
285
397
211
353
243
390
316
395
398
322 200
425
110
57
7
419
75
287
383
65
280
358
230
234
199
94
282
317
404
81
239
83
363
426
129
253
224
320
441
121
141
339
196
289
33