207 44 302 453 298 136 137 191 212 374 179 467 170 375 9 291 329 142 103 56 455 359 161 49 391 205 438 102 29 464 173 373 122 386 403 470 356 155 19 410 198 278 153 344 2 306 216 393 274 231 305 132 113 311 138 71 107 411 195 157 294 175 238 241 459 156 401 299 417 151 354 163 233 92 72 135 22 392 260 261 271 84 333 376 387 190 188 159 368 218 167 421 197 182 437 165 86 164 343 445 334 174 415 258 281 436 139 367 183 245 451 327 134 185 277 30 449 50 6 442 265 111 149 116 418 16 262 394 184 255 69 325 435 40 399 46 32 388 68 106 145 209 257 259 193 14 251 120 133 381 346 61 73 177 472 47 456 460 10 430 279 4 424 214 338 380 474 237 100 439 232 293 272 91 105 466 28 150 52 39 308 221 37 286 295 131 351 38 128 364 309 440 252 143 186 88 370 362 269 242 206 31 248 114 20 217 352 249 292 443 275 80 140 192 276 348 422 227 235 109 406 382 365 447 337 222 384 458 328 27 473 154 389 130 0 379 256 203 119 420 444 220 194 58 25 236 93 34 462 246 361 301 125 324 450 408 24 215 112 104 429 181 469 461 315 263 204 85 66 331 341 228 169 448 166 90 21 12 53 377 144 372 273 97 357 468 335 117 126 385 171 310 244 178 264 330 48 219 307 55 247 17 313 101 432 312 148 400 160 284 266 127 59 202 405 457 254 226 23 321 427 267 64 268 378 409 463 319 454 3 297 416 208 303 11 95 78 342 433 13 446 168 70 428 223 77 79 99 402 152 323 62 98 158 87 283 15 431 51 8 41 290 270 314 250 347 296 229 225 63 118 108 162 396 76 172 54 147 355 423 124 350 471 210 349 176 407 60 326 452
345
318
369
146
35
336
189
36 43
42
288
180
96
123
201
82
340
115
413
213 240
26 1 89
67
300
360
187
5
304 465
45
434
332
18 74
371
366
414
412
285
397
211
353
243
390
316
395
398
200 322
425
110
57
7
419
75
287
383
65
280
358
230
234
199
94
282
317
404
81
239
83
363
426
129
253
224
320
441
121
141
339
196
289
33