376 381 6 276 49 44 338 446 91 126 140 157 208 430 275 464 39 431 428 127 411 9 272 408 47 323 160 269 22 27 432 349 11 186 154 403 265 242 238 252 330 152 433 268 159 468 166 153 308 38 356 220 46 114 454 462 263 205 171 12 90 155 319 176 278 347 447 98 415 10 410 178 386 370 247 148 380 164 244 135 313 449 142 438 259 107 337 86 451 311 271 132 334 221 258 399 116 333 104 379 149 471 53 306 237 453 302 327 257 50 467 229 87 251 326 193 85 255 377 293 225 354 232 295 362 184 312 382 392 23 422 402 197 361 183 315 273 274 226 248 270 374 59 341 348 261 299 420 378 394 444 162 144 331 188 436 373 283 294 427 78 71 156 41 307 29 435 459 218 452 103 19 324 177 133 461 168 335 455 63 418 241 163 37 54 34 389 355 214 76 439 231 61 48 108 72 151 325 458 30 167 469 119 173 216 106 417 346 97 227 303 179 182 120 134 28 350 174 233 40 118 384 466 195 51 191 138 111 77 105 130 388 2 309 101 450 31 198 372 16 437 122 277 175 405 474 150 80 169 367 296 391 69 260 472 228 222 145 284 456 58 409 407 357 212 204 297 112 281 424 0 84 24 256 128 131 100 463 368 17 161 170 286 202 215 310 14 473 62 245 266 249 406 8 292 291 185 448 93 13 267 3 359 375 401 66 158 32 136 203 125 137 393 206 301 442 423 236 181 314 457 400 172 139 88 290 352 219 207 95 254 109 235 262 321 20 429 143 342 298 4 70 21 52 102 117 443 190 73 217 68 64 223 440 385 192 329 124 92 305 460 210 55 343 250 387 351 421 246 194 113 99 364 344 416 209 470 328 147 279 445 165 396 56 264 365
345
318
369
146
35
336
189
36 43
42
288
180
25 15 60 79
96
123
201
82
340
115
413
240 213
1 89 26
67
300
360
187
5
304 465
45
434
332
18 74
371
366
414
412
285
397
211
353
243
390
316
395
398
322 200
425
110
57
7
419
75
287
383
65
280
358
230
234
199
94
282
317
404
81
239
83
363
426
129
253
224
320
441
121
141
339
196
289
33