264 190 204 31 272 222 454 61 310 72 452 267 469 84 247 155 290 127 0 228 284 154 292 47 445 259 34 162 389 166 158 137 261 407 56 8 150 279 346 373 460 327 217 30 250 4 22 106 467 160 116 447 354 376 301 276 216 205 342 49 338 242 374 20 306 91 302 269 399 165 347 92 13 406 473 277 252 64 87 134 227 241 270 443 207 396 281 206 226 405 103 297 417 464 117 98 435 144 136 305 455 401 450 27 130 135 90 70 274 161 109 39 429 423 348 235 119 356 120 29 231 422 328 186 362 71 319 291 430 50 326 459 238 19 112 10 159 125 456 128 192 438 462 48 262 131 232 122 38 329 223 379 133 236 384 410 440 294 37 377 174 436 203 97 409 170 245 198 411 173 78 132 157 104 139 298 323 44 156 184 334 68 24 271 303 145 215 147 99 273 85 248 175 197 80 457 176 218 111 433 101 402 308 403 446 375 107 283 351 394 209 172 51 263 337 268 181 260 102 431 471 315 105 424 448 40 32 54 468 255 126 16 178 331 246 254 393 335 214 311 349 350 385 333 278 229 3 386 69 28 324 188 313 182 17 76 388 95 193 321 21 472 444 168 309 370 418 195 312 307 266 427 93 53 437 52 118 237 249 41 55 164 382 453 257 357 341 12 421 392 296 470 432 210 391 138 202 177 364 466 194 442 463 23 58 368 265 148 233 365 258 408 286 171 149 458 415 381 256 86 185 461 63 325 378 77 11 420 163 428 179 46 251 449 221 330 355 66 124 167 151 169 212 275 59 372 114 183 143 220 9 108 2 380 142 225 140 474 295 191 314 152 416 153 359 208 367 344 361 293 100 88 113 244 219 400 299 439 6 387 343
345
318
369
146
35
336
189
36 43
42
288
180
60 15 79 25
96
123
201
82
340
115
413
240 213
26 1 89
67
300
360
187
5
304 465
45
434
352
62
332
74 18
371
451
366
414
412
285
397
211
353
243
390
316
395
398
200 322
425
110
57
7
419
75
287
383
65
280
14
358
230
234
199
94
282
317
404
73
81
239
83
363
426
129
253
224
320
441
121
141
339
196
289
33