171 314 296 144 103 469 251 202 410 362 266 374 242 70 276 462 430 284 216 458 72 418 238 147 191 411 64 447 97 429 84 32 250 93 460 59 364 268 255 124 449 55 194 184 95 311 328 40 208 319 16 139 71 56 87 286 161 27 406 152 48 69 22 421 344 222 305 173 109 297 126 376 118 209 215 386 68 31 422 291 331 241 323 281 472 227 159 168 44 372 210 207 327 138 136 177 473 384 375 12 226 454 9 313 235 127 351 23 3 399 182 39 111 140 379 448 407 415 205 427 153 456 80 346 347 170 457 463 17 387 76 309 273 143 154 41 393 51 298 100 47 119 237 158 334 179 277 452 50 453 112 299 206 174 440 394 301 338 461 46 389 120 54 188 58 380 367 122 78 102 423 450 134 401 236 169 370 408 274 321 190 157 20 293 231 269 400 471 164 165 302 130 445 435 270 348 343 0 30 467 178 247 315 256 444 218 405 204 325 246 249 303 437 391 175 133 212 312 265 263 28 428 53 443 6 92 197 306 192 228 156 128 19 183 217 330 272 4 439 10 283 329 181 359 295 455 225 176 349 98 420 262 356 214 378 105 117 11 37 162 106 107 77 474 150 333 151 373 355 88 442 2 221 86 417 21 470 436 260 396 402 275 8 368 468 385 392 167 91 267 388 203 432 163 148 244 132 229 464 34 382 264 172 233 223 108 195 145 24 259 125 354 326 308 278 254 252 361 166 433 261 135 431 131 142 381 310 198 113 155 114 99 137 350 63 220 49 245 104 232 13 85 116 38 193 307 279 101 324 335 248 446 342 149 403 61 365 292 90 294 29 258 271 341 52 337 416 377 257 459 409 466 290 357 219 160 438 424
345
318
369
146
35
336
189
36 43
42
288
180
60 79 15 25
96
123
201
82
340
115
413
240 213
1 26 89
67
300
360
187
5
304 465
45
434
352
62
332
18 74
371
451
366
414
412
285
397
211
353
243
66 185
390
316
395
398
200 322
425
110
57
7
419
75
287
383
65
280
14
358
230
234
199
94
282
317
404
73
81
239
83
363
426
129
253
224
186
320
441
121
141
339
196
289
33