349 125 120 85 291 184 437 331 443 245 44 444 273 344 29 342 263 446 471 22 474 54 249 218 467 93 197 27 32 456 377 261 311 314 370 128 164 0 77 188 222 100 69 51 246 190 229 242 181 355 258 403 305 394 21 53 440 448 376 90 275 367 298 415 427 228 255 217 325 310 198 453 343 452 183 80 405 6 151 11 232 277 8 195 171 410 147 133 362 114 463 140 436 281 17 341 154 408 231 225 204 286 28 149 109 407 219 447 396 108 450 348 319 364 63 460 375 131 12 101 313 294 46 254 118 212 251 38 235 19 417 266 170 433 455 458 47 302 384 207 205 210 350 469 104 429 87 454 307 393 113 347 4 265 122 91 416 260 269 252 107 315 449 378 276 270 330 34 50 244 257 335 163 55 179 473 278 165 354 283 306 137 169 256 293 58 2 176 145 16 421 155 372 174 70 168 297 221 420 220 175 368 385 117 290 264 172 148 153 430 64 9 438 158 400 435 52 292 160 268 267 92 215 136 156 177 296 157 10 23 445 373 387 127 20 392 178 202 203 329 284 105 3 333 382 30 365 13 167 59 321 192 323 466 279 24 84 116 388 247 124 102 68 98 37 470 209 439 374 431 472 391 461 468 357 159 40 308 381 409 462 334 99 238 152 401 380 274 399 241 324 86 143 39 214 327 134 56 423 233 223 206 459 132 295 173 138 351 72 49 406 309 326 41 303 88 191 61 162 144 216 103 208 111 236 272 301 389 337 386 126 95 130 71 106 237 422 442 194 48 259 76 150 248 250 31 312 161 428 424 328 356 457 299 227 182 379 418 166 119 226 271 142 78 411 338 135 361 402 139 464 432 112 97 346 262
345
318
369
146
35
336
189
36 43
42
288
180
79 15 60 25
96
123
201
82
340
115
413
240 213
26 1 89
67
300
360
187
5
304 465
45
434
352
62
332
18 74
371
451
366
414
412
285
397
211
353
243
66 185
390
316
395
398
200 322
425
110
57
7
419
75
287
383
65
280
14
358
230
234
199
94
282
317
404
73
81
239
83
363
426
129
253
224
186
320
441
193
121
141
359
339
196
289
33