406 464 272 227 459 135 440 418 101 166 273 181 88 468 379 216 429 3 242 350 53 335 158 23 302 392 98 47 347 20 173 127 91 160 156 277 214 349 111 456 171 32 342 61 448 38 310 263 114 328 403 231 112 119 267 449 142 394 235 192 177 298 217 152 105 50 274 447 355 24 10 387 162 278 470 432 261 246 153 281 157 315 257 346 284 294 462 324 104 338 376 271 420 138 238 128 41 190 409 248 467 415 71 402 122 106 221 116 155 295 422 69 410 80 314 150 37 208 228 428 472 245 378 283 179 229 117 452 197 308 443 144 100 327 249 407 12 329 319 405 331 361 435 86 8 417 381 222 305 90 134 330 457 51 70 442 223 194 11 241 370 58 348 136 269 373 92 174 303 54 210 341 266 265 126 2 133 364 131 301 337 453 220 145 184 29 72 255 388 258 140 256 130 247 365 176 424 463 13 163 292 132 64 400 354 21 30 39 391 151 103 401 212 325 343 461 44 218 93 276 34 97 17 139 450 175 118 385 458 203 326 148 252 313 357 28 375 437 172 87 312 59 423 99 63 78 169 444 382 226 22 264 195 40 260 262 362 4 356 251 421 259 16 143 202 408 466 321 279 454 270 233 207 125 188 154 165 411 107 147 377 31 474 430 368 268 232 286 206 460 120 333 254 386 469 149 168 296 293 334 161 416 68 46 225 396 236 55 297 399 124 299 159 323 306 438 109 433 108 291 204 76 250 0 167 137 473 178 439 290 309 311 209 198 344 170 351 436 182 427 84 237 77 471 183 372 431 307 446 384 393 85 113 19 9 374 56 367 95 455 389 102 48 205 275 49 215 380 6 191 164 27 52 244 445
345
318
369
146
35
336
189
36 43
42
288
180
60 15 25 79
96
123
201
82
340
115
413
240 213
1 89 26
67
300
360
187
5
465 304
45
434
352
62
332
18 74
371
451
366
414
412
285
397
211
353
243
66 185
390
316
395
398
200 322
425
110
57
7
419
75
287
383
65
280
14
358
230
234
199
94
282
317
404
73
81
239
83
363
426
129
253
224
186
320
441
193
121
141
359
339
196
289
219
33