46 331 275 158 182 181 169 341 437 393 16 448 302 118 128 305 379 223 142 469 38 165 384 422 315 86 119 364 256 218 228 167 309 442 386 147 162 176 69 264 166 202 355 373 247 130 402 401 330 217 372 173 409 296 221 454 22 382 439 429 467 157 231 432 220 334 139 267 468 37 90 297 462 51 192 28 277 337 411 261 134 278 93 232 163 405 206 263 34 229 236 2 27 457 131 389 138 190 172 160 449 20 298 362 301 49 250 377 357 388 295 326 24 351 127 108 11 209 101 137 52 140 8 205 238 97 458 54 350 294 144 120 164 335 9 266 255 430 13 258 338 124 77 260 400 64 194 406 299 17 380 136 152 259 53 284 249 254 460 408 31 416 327 116 47 281 283 114 235 19 183 328 80 246 214 361 29 109 63 443 461 252 438 145 0 156 446 356 403 453 325 292 459 349 106 174 342 132 155 375 150 222 133 170 269 40 428 215 444 244 471 423 396 433 268 290 271 440 171 257 216 452 70 308 56 447 151 329 420 126 72 208 100 135 122 226 103 376 273 333 153 378 107 30 85 237 279 227 276 105 177 117 374 293 88 99 394 367 321 179 50 265 3 370 188 431 368 421 91 324 347 59 270 464 148 392 312 381 78 348 41 154 450 92 418 12 149 455 323 466 262 391 191 87 311 111 168 445 71 175 195 98 424 427 291 95 197 242 125 198 248 310 184 233 456 210 68 21 417 203 102 204 44 387 473 113 307 399 6 470 313 407 410 212 354 306 251 10 4 272 436 104 365 474 55 58 178 161 76 303 245 344 32 48 415 61 319 23 143 435 343 225 241 472 286 207 84 314 112 159 274 346 385 39
345
318
369
146
35
336
189
43 36
42
288
180
60 25 15 79
96
123
201
82
340
115
413
240 213
1 89 26
67
300
360
187
5
304 465
45
434
352
62
332
74 18
371
451
366
414
412
285
397
211
353
243
66 185
390
316
395
398
200 322
425
110
57
7
463
419
75
287
383
65
280
14
358
230
234
199
94
282
317
404
73
81
239
83
363
426
129
253
224
186
320
441
193
121
141
359
339
196
289
219
33