165 245 197 361 2 226 461 22 409 118 168 133 384 387 210 70 252 90 411 158 208 349 403 424 169 257 181 138 473 347 205 402 301 97 174 399 268 310 207 175 254 266 184 149 250 151 10 108 272 206 333 325 46 311 216 364 170 91 71 227 354 137 251 130 142 376 444 368 452 93 27 474 166 225 329 379 407 24 131 154 167 303 56 256 176 34 114 145 356 470 296 122 0 313 446 241 144 305 405 292 105 435 147 415 54 217 17 104 220 271 393 453 438 40 120 32 437 202 258 12 44 4 136 119 350 385 440 299 204 235 139 116 344 276 6 178 152 275 85 101 416 16 261 41 307 472 143 357 456 436 78 28 113 84 328 450 177 58 69 269 23 422 156 306 171 298 284 460 77 229 38 125 214 362 244 469 246 400 179 394 458 278 373 291 212 21 124 39 150 459 433 277 222 29 367 267 341 448 297 95 107 102 464 408 418 274 462 160 86 335 161 191 454 223 80 51 236 92 471 218 162 378 342 228 314 432 47 248 9 293 195 273 455 429 148 153 37 68 439 134 100 442 135 20 111 87 263 330 11 112 117 55 265 172 381 190 164 279 334 99 370 109 159 427 48 19 445 326 338 221 377 242 49 132 140 431 421 348 290 312 173 52 106 103 182 423 183 198 343 259 388 237 466 72 417 321 128 249 428 238 308 231 331 294 309 88 53 401 337 64 323 281 365 192 468 203 157 188 155 374 396 126 467 63 457 209 420 389 98 262 76 8 247 233 50 355 295 61 324 327 315 163 382 270 127 372 260 194 286 283 30 406 386 380 410 232 3 13 430 31 449 392 351 264 375 443 302 59 215 346 391 319 255
345
318
369
146
35
336
189
43 36
42
288
180
15 25 60 79
96
123
201
82
340
115
413
240 213
1 89 26
67
300
360
187
5
465 304
45
434
352
62
332
18 74
371
447
451
366
414
412
285
397
211
353
243
185 66
390
316
395
398
322 200
425
110
57
7
463
419
75
287
383
65
280
14
358
230
234
199
94
282
317
404
73
81
239
83
363
426
129
253
224
186
320
441
193
121
141
359
339
196
289
219
33