423 172 459 400 97 256 321 195 305 324 396 59 23 443 297 77 301 270 108 295 225 348 238 127 165 197 415 84 406 254 328 387 156 399 364 235 474 368 101 259 20 455 385 290 188 174 237 179 37 357 245 30 168 216 135 204 16 351 198 91 337 169 157 370 145 207 41 284 130 470 93 246 142 347 53 310 44 223 279 143 229 440 373 438 133 384 241 257 275 194 161 334 103 87 449 367 158 114 461 273 70 132 160 341 128 167 13 102 34 140 448 0 95 69 232 248 416 122 356 269 98 164 155 338 181 266 4 402 407 144 460 311 263 118 380 192 464 418 411 48 349 271 64 28 382 31 170 422 136 163 286 148 315 215 76 439 244 137 454 361 374 427 251 329 309 56 236 429 149 431 299 388 150 432 293 92 178 152 312 272 61 377 38 350 458 6 162 58 323 453 294 68 436 55 63 435 190 49 29 233 24 471 420 410 125 51 421 40 32 182 268 344 325 468 116 249 291 467 139 120 90 46 220 386 218 71 99 21 405 222 372 176 376 177 462 362 394 330 147 107 154 314 78 12 450 80 307 221 217 191 8 327 117 281 206 124 267 378 242 227 203 247 472 331 424 446 346 296 85 430 39 151 119 433 126 437 111 408 138 202 452 100 88 252 375 212 258 326 306 106 457 173 166 47 277 264 134 72 112 131 456 205 3 298 171 17 403 313 11 381 10 442 231 342 113 208 255 105 409 302 355 365 466 319 260 22 389 210 292 392 183 278 54 469 228 428 104 19 214 184 52 354 393 283 27 226 9 274 250 86 261 262 50 391 2 417 335 401 473 333 175 209 265 444 379 159 276 343 308 109 153 303
345
318
369
146
35
336
189
36 43
42
288
180
60 25 79 15
96
123
201
82
340
115
413
240 213
1 89 26
67
300
360
187
5
304 465
45
434
352
62
332
74 18
371
447
451
366
414
412
285
397
211
353
243
185 66
390
316
395
398
322 200
425
110
57
7
463
419
75
287
383
65
280
14
358
230
234
199
94
282
317
404
445
73
81
239
83
363
426
129
253
224
186
320
441
193
121
141
359
339
196
289
219
33