343 70 291 370 104 77 148 376 313 269 130 321 273 454 150 131 428 460 324 467 144 217 90 175 179 134 63 46 140 49 222 120 452 256 145 461 0 276 106 439 327 53 69 333 97 223 367 154 279 133 170 171 381 373 266 10 87 52 111 226 16 51 55 275 12 437 248 247 257 169 64 202 385 209 56 221 88 23 206 298 167 407 429 259 458 13 207 400 402 410 174 364 387 357 238 265 374 108 172 40 295 408 212 469 102 9 166 270 149 361 335 72 277 11 241 365 354 153 124 284 440 433 307 227 152 261 348 432 372 68 309 93 392 168 472 448 205 338 424 181 48 132 264 268 235 118 283 302 229 109 462 444 103 350 197 236 105 220 107 37 281 127 403 386 396 231 61 384 84 255 263 450 183 8 449 76 362 328 420 99 329 2 98 116 182 155 21 128 29 389 456 117 218 136 399 401 125 292 466 294 346 311 337 176 161 30 380 301 28 151 306 430 446 267 100 416 331 24 165 251 272 314 319 158 438 290 92 423 278 375 59 258 101 394 147 192 388 422 347 325 417 356 274 349 286 377 216 323 262 164 249 368 204 184 4 271 114 191 459 126 162 215 119 453 203 47 85 214 41 210 442 177 159 473 22 228 427 342 308 250 163 471 351 344 50 188 20 58 39 86 305 391 293 252 31 379 178 330 470 137 194 160 378 44 242 95 297 122 143 225 91 246 237 443 6 113 232 455 409 71 198 38 418 233 299 341 3 435 334 27 78 474 157 382 195 431 112 457 208 156 80 19 406 190 254 355 34 326 464 468 173 245 415 260 139 405 310 436 32 303 411 138 393 421 315 17 296 244 312 135
345
318
369
146
35
336
189
36 43
42
288
180
79 25 15 60
96
123
201
82
340
115
413
240 213
1 26 89
67
300
360
187
5
304 465
45
434
352
62
332
18 74
371
447
451
366
414
412
285
397
211
353
243
66 185
390
316
395
398
322 200
425
110
57
7
463
419
75
287
383
65
280
14
358
230
234
199
94
282
317
404
445
73
81
142
239
83
363
426
129
253
224
186
320
441
193
121
141
359
339
196
289
219
33
54